0 0.7444731593132019 0.15860651433467865 0.021717505012121465 0.039189482728640236
0 0.6718288064002991 0.15900489687919617 0.021717505012121465 0.039189482728640236
0 0.599239706993103 0.1594029814004898 0.021717505012121465 0.039189482728640236
0 0.526705801486969 0.15980076789855957 0.021717505012121465 0.039189482728640236
0 0.4542269706726074 0.16019824147224426 0.021717505012121465 0.039189482728640236
0 0.3818031847476959 0.16059541702270508 0.021717505012121465 0.039189482728640236
0 0.3094343841075897 0.16099229454994202 0.021717505012121465 0.039189482728640236
0 0.7545059323310852 0.23588337004184723 0.021717505012121465 0.039189482728640236
0 0.6776451468467712 0.23627376556396484 0.021717505012121465 0.039189482728640236
0 0.6008461713790894 0.2366638481616974 0.021717505012121465 0.039189482728640236
0 0.5241089463233948 0.23705361783504486 0.021717505012121465 0.039189482728640236
0 0.44743338227272034 0.23744307458400726 0.021717505012121465 0.039189482728640236
0 0.37081944942474365 0.2378322184085846 0.021717505012121465 0.039189482728640236
0 0.29426705837249756 0.23822104930877686 0.021717505012121465 0.039189482728640236
0 0.7657743692398071 0.3226780593395233 0.021717505012121465 0.039189482728640236
0 0.6841774582862854 0.3230554163455963 0.021717505012121465 0.039189482728640236
0 0.6026502847671509 0.32343244552612305 0.021717505012121465 0.039189482728640236
0 0.5211926698684692 0.3238091766834259 0.021717505012121465 0.039189482728640236
0 0.4398045241832733 0.3241855502128601 0.021717505012121465 0.039189482728640236
0 0.35848578810691833 0.32456162571907043 0.021717505012121465 0.039189482728640236
0 0.2772364020347595 0.3249373733997345 0.021717505012121465 0.039189482728640236
0 0.7785217761993408 0.42086440324783325 0.021717505012121465 0.039189482728640236
0 0.6915668249130249 0.4212218225002289 0.021717505012121465 0.039189482728640236
0 0.6046909689903259 0.42157891392707825 0.021717505012121465 0.039189482728640236
0 0.5178940892219543 0.42193567752838135 0.021717505012121465 0.039189482728640236
0 0.43117618560791016 0.4222921133041382 0.021717505012121465 0.039189482728640236
0 0.34453704953193665 0.42264825105667114 0.021717505012121465 0.039189482728640236
0 0.25797659158706665 0.42300403118133545 0.021717505012121465 0.039189482728640236
0 0.793059766292572 0.5328425765037537 0.021717505012121465 0.039189482728640236
0 0.6999935507774353 0.5331705212593079 0.021717505012121465 0.039189482728640236
0 0.607017993927002 0.5334981679916382 0.021717505012121465 0.039189482728640236
0 0.5141329169273376 0.5338255167007446 0.021717505012121465 0.039189482728640236
0 0.42133820056915283 0.5341525077819824 0.021717505012121465 0.039189482728640236
0 0.32863372564315796 0.5344792008399963 0.021717505012121465 0.039189482728640236
0 0.2360193282365799 0.5348055958747864 0.021717505012121465 0.039189482728640236
0 0.8097940683364868 0.6617380380630493 0.021717505012121465 0.039189482728640236
0 0.7096927762031555 0.6620232462882996 0.021717505012121465 0.039189482728640236
0 0.6096962690353394 0.6623081564903259 0.021717505012121465 0.039189482728640236
0 0.5098044276237488 0.6625927686691284 0.021717505012121465 0.039189482728640236
0 0.41001707315444946 0.6628770232200623 0.021717505012121465 0.039189482728640236
0 0.31033405661582947 0.663161039352417 0.021717505012121465 0.039189482728640236
0 0.21075522899627686 0.6634447574615479 0.021717505012121465 0.039189482728640236
0 0.8292631506919861 0.8116977214813232 0.021717505012121465 0.039189482728640236
0 0.7209761142730713 0.811921238899231 0.021717505012121465 0.039189482728640236
0 0.6128116846084595 0.8121445178985596 0.021717505012121465 0.039189482728640236
0 0.5047697424888611 0.8123674988746643 0.021717505012121465 0.039189482728640236
0 0.39684998989105225 0.8125902414321899 0.021717505012121465 0.039189482728640236
0 0.2890523076057434 0.8128127455711365 0.021717505012121465 0.039189482728640236
0 0.18137644231319427 0.8130350112915039 0.021717505012121465 0.039189482728640236