0 0.1684577316045761 0.7639033198356628 0.02420954338999258 0.04007096836964289
0 0.27502182126045227 0.770790696144104 0.02420954338999258 0.04007096836964289
0 0.3828093707561493 0.7777571082115173 0.02420954338999258 0.04007096836964289
0 0.491841584444046 0.7848039269447327 0.02420954338999258 0.04007096836964289
0 0.6021401286125183 0.7919326424598694 0.02420954338999258 0.04007096836964289
0 0.7137272357940674 0.7991446256637573 0.02420954338999258 0.04007096836964289
0 0.8266255259513855 0.8064413666725159 0.02420954338999258 0.04007096836964289
0 0.20475226640701294 0.6252820491790771 0.02420954338999258 0.04007096836964289
0 0.3032133877277374 0.6309036612510681 0.02420954338999258 0.04007096836964289
0 0.4027164876461029 0.6365848183631897 0.02420954338999258 0.04007096836964289
0 0.5032781958580017 0.6423264145851135 0.02420954338999258 0.04007096836964289
0 0.6049154996871948 0.648129403591156 0.02420954338999258 0.04007096836964289
0 0.7076457738876343 0.6539948582649231 0.02420954338999258 0.04007096836964289
0 0.8114867210388184 0.6599236726760864 0.02420954338999258 0.04007096836964289
0 0.23583056032657623 0.5065833926200867 0.02420954338999258 0.04007096836964289
0 0.3273334801197052 0.5112194418907166 0.02420954338999258 0.04007096836964289
0 0.4197344481945038 0.5159009695053101 0.02420954338999258 0.04007096836964289
0 0.5130468010902405 0.5206287503242493 0.02420954338999258 0.04007096836964289
0 0.6072841286659241 0.5254033207893372 0.02420954338999258 0.04007096836964289
0 0.7024601101875305 0.5302254557609558 0.02420954338999258 0.04007096836964289
0 0.7985889911651611 0.5350959300994873 0.02420954338999258 0.04007096836964289
0 0.26274171471595764 0.4038003981113434 0.02420954338999258 0.04007096836964289
0 0.34820470213890076 0.40765610337257385 0.02420954338999258 0.04007096836964289
0 0.434449702501297 0.41154709458351135 0.02420954338999258 0.04007096836964289
0 0.5214875340461731 0.4154738485813141 0.02420954338999258 0.04007096836964289
0 0.6093292236328125 0.41943684220314026 0.02420954338999258 0.04007096836964289
0 0.6979858875274658 0.42343664169311523 0.02420954338999258 0.04007096836964289
0 0.7874689698219299 0.42747369408607483 0.02420954338999258 0.04007096836964289
0 0.28627121448516846 0.3139331638813019 0.02420954338999258 0.04007096836964289
0 0.3664420247077942 0.31716209650039673 0.02420954338999258 0.04007096836964289
0 0.447299987077713 0.32041871547698975 0.02420954338999258 0.04007096836964289
0 0.5288539528846741 0.3237033486366272 0.02420954338999258 0.04007096836964289
0 0.6111129522323608 0.3270163834095001 0.02420954338999258 0.04007096836964289
0 0.6940861344337463 0.3303581774234772 0.02420954338999258 0.04007096836964289
0 0.7777829170227051 0.3337291181087494 0.02420954338999258 0.04007096836964289
0 0.30701878666877747 0.2346910685300827 0.02420954338999258 0.04007096836964289
0 0.38251450657844543 0.2374102771282196 0.02420954338999258 0.04007096836964289
0 0.458618700504303 0.24015142023563385 0.02420954338999258 0.04007096836964289
0 0.535338819026947 0.24291473627090454 0.02420954338999258 0.04007096836964289
0 0.6126823425292969 0.24570050835609436 0.02420954338999258 0.04007096836964289
0 0.690656840801239 0.2485090047121048 0.02420954338999258 0.04007096836964289
0 0.769270122051239 0.25134050846099854 0.02420954338999258 0.04007096836964289
0 0.32545027136802673 0.16429495811462402 0.02420954338999258 0.04007096836964289
0 0.3967859447002411 0.16659508645534515 0.02420954338999258 0.04007096836964289
0 0.468664288520813 0.16891272366046906 0.02420954338999258 0.04007096836964289
0 0.5410914421081543 0.17124804854393005 0.02420954338999258 0.04007096836964289
0 0.6140738129615784 0.17360128462314606 0.02420954338999258 0.04007096836964289
0 0.6876177191734314 0.17597262561321259 0.02420954338999258 0.04007096836964289
0 0.7617297172546387 0.17836228013038635 0.02420954338999258 0.04007096836964289