0 0.6746388077735901 0.15314212441444397 0.021290986612439156 0.04055426021416982
0 0.6165009140968323 0.15290619432926178 0.021290986612439156 0.04055426021416982
0 0.5601137280464172 0.15267737209796906 0.021290986612439156 0.04055426021416982
0 0.5053993463516235 0.15245534479618073 0.021290986612439156 0.04055426021416982
0 0.45228445529937744 0.1522398144006729 0.021290986612439156 0.04055426021416982
0 0.4006999135017395 0.15203048288822174 0.021290986612439156 0.04055426021416982
0 0.35058051347732544 0.15182709693908691 0.021290986612439156 0.04055426021416982
0 0.6850585341453552 0.20704859495162964 0.021290986612439156 0.04055426021416982
0 0.621650218963623 0.20589567720890045 0.021290986612439156 0.04055426021416982
0 0.5603159666061401 0.2047804743051529 0.021290986612439156 0.04055426021416982
0 0.5009557008743286 0.2037011682987213 0.021290986612439156 0.04055426021416982
0 0.4434756636619568 0.20265603065490723 0.021290986612439156 0.04055426021416982
0 0.3877878785133362 0.20164349675178528 0.021290986612439156 0.04055426021416982
0 0.33380982279777527 0.2006620466709137 0.021290986612439156 0.04055426021416982
0 0.6975181102752686 0.271508127450943 0.021290986612439156 0.04055426021416982
0 0.6277891993522644 0.269069641828537 0.021290986612439156 0.04055426021416982
0 0.5605564117431641 0.26671844720840454 0.021290986612439156 0.04055426021416982
0 0.4956880807876587 0.26444995403289795 0.021290986612439156 0.04055426021416982
0 0.4330616295337677 0.262259840965271 0.021290986612439156 0.04055426021416982
0 0.37256282567977905 0.2601441442966461 0.021290986612439156 0.04055426021416982
0 0.3140850365161896 0.25809910893440247 0.021290986612439156 0.04055426021416982
0 0.7126814723014832 0.34995585680007935 0.021290986612439156 0.04055426021416982
0 0.6352335214614868 0.34567639231681824 0.021290986612439156 0.04055426021416982
0 0.5608469843864441 0.3415661156177521 0.021290986612439156 0.04055426021416982
0 0.4893437922000885 0.33761516213417053 0.021290986612439156 0.04055426021416982
0 0.4205595552921295 0.333814412355423 0.021290986612439156 0.04055426021416982
0 0.3543420433998108 0.33015552163124084 0.021290986612439156 0.04055426021416982
0 0.29055023193359375 0.3266306519508362 0.021290986612439156 0.04055426021416982
0 0.7315358519554138 0.44749927520751953 0.021290986612439156 0.04055426021416982
0 0.6444490551948547 0.44051000475883484 0.021290986612439156 0.04055426021416982
0 0.5612051486968994 0.4338291883468628 0.021290986612439156 0.04055426021416982
0 0.48155519366264343 0.4274367690086365 0.021290986612439156 0.04055426021416982
0 0.4052714407444 0.421314537525177 0.021290986612439156 0.04055426021416982
0 0.3321448862552643 0.4154456853866577 0.021290986612439156 0.04055426021416982
0 0.2619834840297699 0.4098148047924042 0.021290986612439156 0.04055426021416982
0 0.755615770816803 0.5720769166946411 0.021290986612439156 0.04055426021416982
0 0.6561532616615295 0.5609537959098816 0.021290986612439156 0.04055426021416982
0 0.5616576075553894 0.5503861308097839 0.021290986612439156 0.04055426021416982
0 0.47176575660705566 0.5403333306312561 0.021290986612439156 0.04055426021416982
0 0.3861492872238159 0.5307586193084717 0.021290986612439156 0.04055426021416982
0 0.3045102655887604 0.521628737449646 0.021290986612439156 0.04055426021416982
0 0.22657783329486847 0.5129133462905884 0.021290986612439156 0.04055426021416982
0 0.7874431014060974 0.7367357015609741 0.021290986612439156 0.04055426021416982
0 0.671511709690094 0.7190014719963074 0.021290986612439156 0.04055426021416982
0 0.5622472763061523 0.7022870779037476 0.021290986612439156 0.04055426021416982
0 0.4590907692909241 0.6865070462226868 0.021290986612439156 0.04055426021416982
0 0.3615439534187317 0.6715850830078125 0.021290986612439156 0.04055426021416982
0 0.2691613435745239 0.657453179359436 0.021290986612439156 0.04055426021416982
0 0.18154343962669373 0.6440500617027283 0.021290986612439156 0.04055426021416982