0 0.6423859596252441 0.15679870545864105 0.022645363025367262 0.039383240044116974
0 0.5854200720787048 0.15771380066871643 0.022645363025367262 0.039383240044116974
0 0.5276166796684265 0.15864233672618866 0.022645363025367262 0.039383240044116974
0 0.4689570963382721 0.159584641456604 0.022645363025367262 0.039383240044116974
0 0.40942221879959106 0.16054099798202515 0.022645363025367262 0.039383240044116974
0 0.3489922881126404 0.16151173412799835 0.022645363025367262 0.039383240044116974
0 0.28764697909355164 0.16249717772006989 0.022645363025367262 0.039383240044116974
0 0.6598026156425476 0.2148338109254837 0.022645363025367262 0.039383240044116974
0 0.5986735224723816 0.2162734568119049 0.022645363025367262 0.039383240044116974
0 0.5365773439407349 0.2177358865737915 0.022645363025367262 0.039383240044116974
0 0.473490834236145 0.21922163665294647 0.022645363025367262 0.039383240044116974
0 0.40939024090766907 0.22073125839233398 0.022645363025367262 0.039383240044116974
0 0.3442508280277252 0.222265362739563 0.022645363025367262 0.039383240044116974
0 0.2780471742153168 0.22382451593875885 0.022645363025367262 0.039383240044116974
0 0.6800392866134644 0.28226566314697266 0.022645363025367262 0.039383240044116974
0 0.614091157913208 0.284395307302475 0.022645363025367262 0.039383240044116974
0 0.5470137000083923 0.28656139969825745 0.022645363025367262 0.039383240044116974
0 0.478777676820755 0.28876492381095886 0.022645363025367262 0.039383240044116974
0 0.4093528687953949 0.29100683331489563 0.022645363025367262 0.039383240044116974
0 0.33870789408683777 0.29328814148902893 0.022645363025367262 0.039383240044116974
0 0.2668102979660034 0.29560989141464233 0.022645363025367262 0.039383240044116974
0 0.7038412690162659 0.361577570438385 0.022645363025367262 0.039383240044116974
0 0.6322500705718994 0.36462968587875366 0.022645363025367262 0.039383240044116974
0 0.5593230128288269 0.3677387833595276 0.022645363025367262 0.039383240044116974
0 0.48502227663993835 0.37090641260147095 0.022645363025367262 0.039383240044116974
0 0.40930867195129395 0.37413427233695984 0.022645363025367262 0.039383240044116974
0 0.33214154839515686 0.37742412090301514 0.022645363025367262 0.039383240044116974
0 0.25347864627838135 0.3807777464389801 0.022645363025367262 0.039383240044116974
0 0.732241690158844 0.45621225237846375 0.022645363025367262 0.039383240044116974
0 0.6539528965950012 0.4605223536491394 0.022645363025367262 0.039383240044116974
0 0.574059247970581 0.4649208188056946 0.022645363025367262 0.039383240044116974
0 0.49251076579093933 0.46941038966178894 0.022645363025367262 0.039383240044116974
0 0.40925559401512146 0.4739939272403717 0.022645363025367262 0.039383240044116974
0 0.3242395520210266 0.47867438197135925 0.022645363025367262 0.039383240044116974
0 0.2374061644077301 0.4834549129009247 0.022645363025367262 0.039383240044116974
0 0.7667156457901001 0.5710850358009338 0.022645363025367262 0.039383240044116974
0 0.6803491115570068 0.577152669429779 0.022645363025367262 0.039383240044116974
0 0.5920184850692749 0.5833583474159241 0.022645363025367262 0.039383240044116974
0 0.5016559958457947 0.5897067785263062 0.022645363025367262 0.039383240044116974
0 0.4091906249523163 0.5962029099464417 0.022645363025367262 0.039383240044116974
0 0.31454819440841675 0.6028520464897156 0.022645363025367262 0.039383240044116974
0 0.21765083074569702 0.6096595525741577 0.022645363025367262 0.039383240044116974
0 0.8094447255134583 0.71346515417099 0.022645363025367262 0.039383240044116974
0 0.713145911693573 0.7220633625984192 0.022645363025367262 0.039383240044116974
0 0.614388108253479 0.7308810949325562 0.022645363025367262 0.039383240044116974
0 0.5130760669708252 0.7399268746376038 0.022645363025367262 0.039383240044116974
0 0.40910929441452026 0.7492097020149231 0.022645363025367262 0.039383240044116974
0 0.30238208174705505 0.7587389945983887 0.022645363025367262 0.039383240044116974
0 0.19278302788734436 0.768524706363678 0.022645363025367262 0.039383240044116974