0 0.20540963113307953 0.7401267886161804 0.02083346270956099 0.03921592980623245
0 0.3105579614639282 0.7474101185798645 0.02083346270956099 0.03921592980623245
0 0.41412463784217834 0.7545838356018066 0.02083346270956099 0.03921592980623245
0 0.5161451101303101 0.7616505026817322 0.02083346270956099 0.03921592980623245
0 0.6166536808013916 0.7686124444007874 0.02083346270956099 0.03921592980623245
0 0.7156836986541748 0.7754719257354736 0.02083346270956099 0.03921592980623245
0 0.8132676482200623 0.782231330871582 0.02083346270956099 0.03921592980623245
0 0.2435174584388733 0.5861079692840576 0.02083346270956099 0.03921592980623245
0 0.3355734050273895 0.5935266017913818 0.02083346270956099 0.03921592980623245
0 0.42641255259513855 0.6008472442626953 0.02083346270956099 0.03921592980623245
0 0.5160589218139648 0.6080716848373413 0.02083346270956099 0.03921592980623245
0 0.6045358777046204 0.6152019500732422 0.02083346270956099 0.03921592980623245
0 0.6918660402297974 0.6222397685050964 0.02083346270956099 0.03921592980623245
0 0.7780717015266418 0.6291869282722473 0.02083346270956099 0.03921592980623245
0 0.27328234910964966 0.4658084511756897 0.02083346270956099 0.03921592980623245
0 0.3551446795463562 0.4731330871582031 0.02083346270956099 0.03921592980623245
0 0.4360419809818268 0.4803713858127594 0.02083346270956099 0.03921592980623245
0 0.5159913301467896 0.4875248372554779 0.02083346270956099 0.03921592980623245
0 0.5950091481208801 0.4945949614048004 0.02083346270956099 0.03921592980623245
0 0.6731117963790894 0.5015832185745239 0.02083346270956099 0.03921592980623245
0 0.7503149509429932 0.5084909200668335 0.02083346270956099 0.03921592980623245
0 0.29717376828193665 0.36924758553504944 0.02083346270956099 0.03921592980623245
0 0.3708746135234833 0.3763696849346161 0.02083346270956099 0.03921592980623245
0 0.4437914788722992 0.3834160566329956 0.02083346270956099 0.03921592980623245
0 0.5159367918968201 0.3903878629207611 0.02083346270956099 0.03921592980623245
0 0.5873228311538696 0.3972862958908081 0.02083346270956099 0.03921592980623245
0 0.6579614281654358 0.40411248803138733 0.02083346270956099 0.03921592980623245
0 0.7278642654418945 0.4108676016330719 0.02083346270956099 0.03921592980623245
0 0.31677407026290894 0.2900297939777374 0.02083346270956099 0.03921592980623245
0 0.38379305601119995 0.2969011664390564 0.02083346270956099 0.03921592980623245
0 0.4501625597476959 0.30370596051216125 0.02083346270956099 0.03921592980623245
0 0.515891969203949 0.310445100069046 0.02083346270956099 0.03921592980623245
0 0.5809904932975769 0.3171195685863495 0.02083346270956099 0.03921592980623245
0 0.6454671621322632 0.3237302601337433 0.02083346270956099 0.03921592980623245
0 0.7093308568000793 0.3302781283855438 0.02083346270956099 0.03921592980623245
0 0.3331441283226013 0.2238677442073822 0.02083346270956099 0.03921592980623245
0 0.3945919871330261 0.2304711490869522 0.02083346270956099 0.03921592980623245
0 0.4554930031299591 0.2370157688856125 0.02083346270956099 0.03921592980623245
0 0.5158544182777405 0.2435024082660675 0.02083346270956099 0.03921592980623245
0 0.5756833553314209 0.24993182718753815 0.02083346270956099 0.03921592980623245
0 0.6349868774414062 0.2563048005104065 0.02083346270956099 0.03921592980623245
0 0.6937718391418457 0.26262202858924866 0.02083346270956099 0.03921592980623245
0 0.3470216393470764 0.1677795946598053 0.02083346270956099 0.03921592980623245
0 0.40375345945358276 0.17411403357982635 0.02083346270956099 0.03921592980623245
0 0.46001848578453064 0.18039636313915253 0.02083346270956099 0.03921592980623245
0 0.5158225297927856 0.18662720918655396 0.02083346270956099 0.03921592980623245
0 0.5711711049079895 0.19280721247196198 0.02083346270956099 0.03921592980623245
0 0.6260699033737183 0.19893698394298553 0.02083346270956099 0.03921592980623245
0 0.6805242896080017 0.20501713454723358 0.02083346270956099 0.03921592980623245