0 0.7183846235275269 0.246138334274292 0.024819147990395623 0.04052105794350306
0 0.6581293940544128 0.23175035417079926 0.024819147990395623 0.04052105794350306
0 0.5984851717948914 0.21750828623771667 0.024819147990395623 0.04052105794350306
0 0.5394426584243774 0.20340988039970398 0.024819147990395623 0.04052105794350306
0 0.48099279403686523 0.18945300579071045 0.024819147990395623 0.04052105794350306
0 0.423126757144928 0.17563553154468536 0.024819147990395623 0.04052105794350306
0 0.3658358156681061 0.16195537149906158 0.024819147990395623 0.04052105794350306
0 0.7277438044548035 0.29989349842071533 0.024819147990395623 0.04052105794350306
0 0.6627733111381531 0.28409674763679504 0.024819147990395623 0.04052105794350306
0 0.5985122919082642 0.26847249269485474 0.024819147990395623 0.04052105794350306
0 0.5349493026733398 0.25301793217658997 0.024819147990395623 0.04052105794350306
0 0.47207286953926086 0.23773033916950226 0.024819147990395623 0.04052105794350306
0 0.40987202525138855 0.22260698676109314 0.024819147990395623 0.04052105794350306
0 0.3483359217643738 0.2076452523469925 0.024819147990395623 0.04052105794350306
0 0.738682746887207 0.36272236704826355 0.024819147990395623 0.04052105794350306
0 0.668196439743042 0.3452264368534088 0.024819147990395623 0.04052105794350306
0 0.5985440015792847 0.327937513589859 0.024819147990395623 0.04052105794350306
0 0.5297108292579651 0.31085193157196045 0.024819147990395623 0.04052105794350306
0 0.4616824984550476 0.293966144323349 0.024819147990395623 0.04052105794350306
0 0.3944449722766876 0.2772766351699829 0.024819147990395623 0.04052105794350306
0 0.3279845416545868 0.26078000664711 0.024819147990395623 0.04052105794350306
0 0.7516384124755859 0.4371340572834015 0.024819147990395623 0.04052105794350306
0 0.674612820148468 0.41755253076553345 0.024819147990395623 0.04052105794350306
0 0.5985814929008484 0.39822375774383545 0.024819147990395623 0.04052105794350306
0 0.5235252380371094 0.3791428506374359 0.024819147990395623 0.04052105794350306
0 0.4494253993034363 0.3603051006793976 0.024819147990395623 0.04052105794350306
0 0.3762638568878174 0.34170588850975037 0.024819147990395623 0.04052105794350306
0 0.3040229082107544 0.32334068417549133 0.024819147990395623 0.04052105794350306
0 0.7672250270843506 0.5266569256782532 0.024819147990395623 0.04052105794350306
0 0.6823229193687439 0.5044611692428589 0.024819147990395623 0.04052105794350306
0 0.598626434803009 0.48258066177368164 0.024819147990395623 0.04052105794350306
0 0.5161100029945374 0.46100860834121704 0.024819147990395623 0.04052105794350306
0 0.43474891781806946 0.43973860144615173 0.024819147990395623 0.04052105794350306
0 0.35451897978782654 0.41876429319381714 0.024819147990395623 0.04052105794350306
0 0.27539682388305664 0.39807960391044617 0.024819147990395623 0.04052105794350306
0 0.7863345742225647 0.636414110660553 0.024819147990395623 0.04052105794350306
0 0.69176185131073 0.6108571290969849 0.024819147990395623 0.04052105794350306
0 0.5986813902854919 0.585703432559967 0.024819147990395623 0.04052105794350306
0 0.5070582032203674 0.5609435439109802 0.024819147990395623 0.04052105794350306
0 0.4168582260608673 0.5365682244300842 0.024819147990395623 0.04052105794350306
0 0.32804861664772034 0.5125686526298523 0.024819147990395623 0.04052105794350306
0 0.24059747159481049 0.4889361560344696 0.024819147990395623 0.04052105794350306
0 0.8103137016296387 0.7741400003433228 0.024819147990395623 0.04052105794350306
0 0.7035844922065735 0.7441223859786987 0.024819147990395623 0.04052105794350306
0 0.598750114440918 0.7146376967430115 0.024819147990395623 0.04052105794350306
0 0.49576061964035034 0.6856719255447388 0.024819147990395623 0.04052105794350306
0 0.3945676386356354 0.6572113633155823 0.024819147990395623 0.04052105794350306
0 0.2951246201992035 0.629243016242981 0.024819147990395623 0.04052105794350306
0 0.19738654792308807 0.6017541885375977 0.024819147990395623 0.04052105794350306