0 0.6939382553100586 0.23502662777900696 0.021872675310199458 0.03932166347901026
0 0.6360188722610474 0.22517666220664978 0.021872675310199458 0.03932166347901026
0 0.577930748462677 0.21529799699783325 0.021872675310199458 0.03932166347901026
0 0.5196731686592102 0.20539052784442902 0.021872675310199458 0.03932166347901026
0 0.46124541759490967 0.19545410573482513 0.021872675310199458 0.03932166347901026
0 0.4026467204093933 0.18548861145973206 0.021872675310199458 0.03932166347901026
0 0.34387633204460144 0.17549391090869904 0.021872675310199458 0.03932166347901026
0 0.7061746120452881 0.29188844561576843 0.021872675310199458 0.03932166347901026
0 0.6438379287719727 0.2813730537891388 0.021872675310199458 0.03932166347901026
0 0.581305742263794 0.2708246409893036 0.021872675310199458 0.03932166347901026
0 0.5185770988464355 0.26024311780929565 0.021872675310199458 0.03932166347901026
0 0.4556511342525482 0.24962830543518066 0.021872675310199458 0.03932166347901026
0 0.3925268352031708 0.23898003995418549 0.021872675310199458 0.03932166347901026
0 0.329203337430954 0.228298157453537 0.021872675310199458 0.03932166347901026
0 0.7204375267028809 0.35816776752471924 0.021872675310199458 0.03932166347901026
0 0.6529541611671448 0.34689247608184814 0.021872675310199458 0.03932166347901026
0 0.5852416157722473 0.33557888865470886 0.021872675310199458 0.03932166347901026
0 0.5172985792160034 0.32422682642936707 0.021872675310199458 0.03932166347901026
0 0.44912397861480713 0.31283602118492126 0.021872675310199458 0.03932166347901026
0 0.38071659207344055 0.3014063537120819 0.021872675310199458 0.03932166347901026
0 0.3120752274990082 0.2899375855922699 0.021872675310199458 0.03932166347901026
0 0.737276017665863 0.4364154040813446 0.021872675310199458 0.03932166347901026
0 0.663719654083252 0.42426490783691406 0.021872675310199458 0.03932166347901026
0 0.5898907780647278 0.4120693802833557 0.021872675310199458 0.03932166347901026
0 0.5157878994941711 0.39982861280441284 0.021872675310199458 0.03932166347901026
0 0.4414094090461731 0.3875423073768616 0.021872675310199458 0.03932166347901026
0 0.36675384640693665 0.3752102553844452 0.021872675310199458 0.03932166347901026
0 0.29181960225105286 0.36283212900161743 0.021872675310199458 0.03932166347901026
0 0.7574568390846252 0.5301948189735413 0.021872675310199458 0.03932166347901026
0 0.6766263842582703 0.5170266032218933 0.021872675310199458 0.03932166347901026
0 0.5954666137695312 0.5038047432899475 0.021872675310199458 0.03932166347901026
0 0.5139755010604858 0.4905289113521576 0.021872675310199458 0.03932166347901026
0 0.43215101957321167 0.4771987795829773 0.021872675310199458 0.03932166347901026
0 0.34999117255210876 0.46381399035453796 0.021872675310199458 0.03932166347901026
0 0.2674938142299652 0.45037421584129333 0.021872675310199458 0.03932166347901026
0 0.7820848226547241 0.6446400284767151 0.021872675310199458 0.03932166347901026
0 0.6923837065696716 0.6302760243415833 0.021872675310199458 0.03932166347901026
0 0.6022766828536987 0.6158469319343567 0.021872675310199458 0.03932166347901026
0 0.5117610096931458 0.6013524532318115 0.021872675310199458 0.03932166347901026
0 0.42083385586738586 0.5867921113967896 0.021872675310199458 0.03932166347901026
0 0.3294924795627594 0.5721653699874878 0.021872675310199458 0.03932166347901026
0 0.23773398995399475 0.5574718713760376 0.021872675310199458 0.03932166347901026
0 0.8128120303153992 0.7874280214309692 0.021872675310199458 0.03932166347901026
0 0.7120532989501953 0.7716431617736816 0.021872675310199458 0.03932166347901026
0 0.6107819080352783 0.7557779550552368 0.021872675310199458 0.03932166347901026
0 0.5089938640594482 0.7398318648338318 0.021872675310199458 0.03932166347901026
0 0.4066852927207947 0.7238041758537292 0.021872675310199458 0.03932166347901026
0 0.3038521409034729 0.7076943516731262 0.021872675310199458 0.03932166347901026
0 0.20049038529396057 0.6915016770362854 0.021872675310199458 0.03932166347901026