0 0.2024422287940979 0.6486440300941467 0.02383831761673921 0.039868963261445366
0 0.30288541316986084 0.669869601726532 0.02383831761673921 0.039868963261445366
0 0.4040045142173767 0.6912379860877991 0.02383831761673921 0.039868963261445366
0 0.5058063268661499 0.7127506136894226 0.02383831761673921 0.039868963261445366
0 0.6082978844642639 0.7344090342521667 0.02383831761673921 0.039868963261445366
0 0.7114861011505127 0.7562146782875061 0.02383831761673921 0.039868963261445366
0 0.8153781890869141 0.7781690359115601 0.02383831761673921 0.039868963261445366
0 0.2461671233177185 0.5225175023078918 0.02383831761673921 0.039868963261445366
0 0.3355477750301361 0.5410019755363464 0.02383831761673921 0.039868963261445366
0 0.42546266317367554 0.5595969557762146 0.02383831761673921 0.039868963261445366
0 0.5159165859222412 0.5783033967018127 0.02383831761673921 0.039868963261445366
0 0.6069144010543823 0.597122311592102 0.02383831761673921 0.039868963261445366
0 0.6984610557556152 0.6160547733306885 0.02383831761673921 0.039868963261445366
0 0.7905614972114563 0.6351017355918884 0.02383831761673921 0.039868963261445366
0 0.2811475992202759 0.42161470651626587 0.02383831761673921 0.039868963261445366
0 0.36166054010391235 0.43797537684440613 0.02383831761673921 0.039868963261445366
0 0.4426063597202301 0.45442402362823486 0.02383831761673921 0.039868963261445366
0 0.5239885449409485 0.4709613621234894 0.02383831761673921 0.039868963261445366
0 0.6058105826377869 0.4875880479812622 0.02383831761673921 0.039868963261445366
0 0.6880761384963989 0.5043048858642578 0.02383831761673921 0.039868963261445366
0 0.7707887291908264 0.5211125612258911 0.02383831761673921 0.039868963261445366
0 0.30976834893226624 0.3390568196773529 0.02383831761673921 0.039868963261445366
0 0.3830142617225647 0.35372546315193176 0.02383831761673921 0.039868963261445366
0 0.45661798119544983 0.368465781211853 0.02383831761673921 0.039868963261445366
0 0.5305821895599365 0.3832782804965973 0.02383831761673921 0.039868963261445366
0 0.6049094200134277 0.39816349744796753 0.02383831761673921 0.039868963261445366
0 0.6796025037765503 0.41312193870544434 0.02383831761673921 0.039868963261445366
0 0.7546640038490295 0.42815420031547546 0.02383831761673921 0.039868963261445366
0 0.33361920714378357 0.270257830619812 0.02383831761673921 0.039868963261445366
0 0.40080124139785767 0.2835478186607361 0.02383831761673921 0.039868963261445366
0 0.468284010887146 0.2968972623348236 0.02383831761673921 0.039868963261445366
0 0.5360695123672485 0.3103066086769104 0.02383831761673921 0.039868963261445366
0 0.6041598320007324 0.3237762451171875 0.02383831761673921 0.039868963261445366
0 0.6725569367408752 0.33730658888816833 0.02383831761673921 0.039868963261445366
0 0.7412630319595337 0.35089802742004395 0.02383831761673921 0.039868963261445366
0 0.353800892829895 0.21204282343387604 0.02383831761673921 0.039868963261445366
0 0.4158462882041931 0.22418846189975739 0.02383831761673921 0.039868963261445366
0 0.478147953748703 0.23638424277305603 0.02383831761673921 0.039868963261445366
0 0.5407074689865112 0.24863052368164062 0.02383831761673921 0.039868963261445366
0 0.6035264730453491 0.26092758774757385 0.02383831761673921 0.039868963261445366
0 0.6666065454483032 0.273275762796402 0.02383831761673921 0.039868963261445366
0 0.729949414730072 0.2856753468513489 0.02383831761673921 0.039868963261445366
0 0.371099591255188 0.16214387118816376 0.02383831761673921 0.039868963261445366
0 0.428737998008728 0.173324853181839 0.02383831761673921 0.039868963261445366
0 0.4865973889827728 0.18454870581626892 0.02383831761673921 0.039868963261445366
0 0.5446790456771851 0.19581566751003265 0.02383831761673921 0.039868963261445366
0 0.6029843091964722 0.20712600648403168 0.02383831761673921 0.039868963261445366
0 0.661514401435852 0.2184799611568451 0.02383831761673921 0.039868963261445366
0 0.7202706336975098 0.2298777848482132 0.02383831761673921 0.039868963261445366