0 0.21061764657497406 0.7170711755752563 0.02145415892203649 0.03930532932281494
0 0.31563425064086914 0.72828209400177 0.02145415892203649 0.03930532932281494
0 0.41909974813461304 0.7393274307250977 0.02145415892203649 0.03930532932281494
0 0.5210482478141785 0.7502107620239258 0.02145415892203649 0.03930532932281494
0 0.6215128302574158 0.7609357237815857 0.02145415892203649 0.03930532932281494
0 0.7205256819725037 0.7715057134628296 0.02145415892203649 0.03930532932281494
0 0.8181180953979492 0.7819240689277649 0.02145415892203649 0.03930532932281494
0 0.2526497542858124 0.5688251256942749 0.02145415892203649 0.03930532932281494
0 0.34459108114242554 0.5796380639076233 0.02145415892203649 0.03930532932281494
0 0.4353388547897339 0.5903105735778809 0.02145415892203649 0.03930532932281494
0 0.5249161720275879 0.600845456123352 0.02145415892203649 0.03930532932281494
0 0.6133455634117126 0.611245334148407 0.02145415892203649 0.03930532932281494
0 0.7006489038467407 0.621512770652771 0.02145415892203649 0.03930532932281494
0 0.7868476510047913 0.6316503286361694 0.02145415892203649 0.03930532932281494
0 0.2854948937892914 0.45298123359680176 0.02145415892203649 0.03930532932281494
0 0.36725565791130066 0.4632939100265503 0.02145415892203649 0.03930532932281494
0 0.44806969165802 0.4734871983528137 0.02145415892203649 0.03930532932281494
0 0.5279533267021179 0.4835631549358368 0.02145415892203649 0.03930532932281494
0 0.6069225668907166 0.4935237467288971 0.02145415892203649 0.03930532932281494
0 0.6849930286407471 0.503371000289917 0.02145415892203649 0.03930532932281494
0 0.7621799111366272 0.5131067633628845 0.02145415892203649 0.03930532932281494
0 0.3118683397769928 0.3599628210067749 0.02145415892203649 0.03930532932281494
0 0.3854779303073883 0.3697534501552582 0.02145415892203649 0.03930532932281494
0 0.458318293094635 0.3794417977333069 0.02145415892203649 0.03930532932281494
0 0.5304014086723328 0.3890293836593628 0.02145415892203649 0.03930532932281494
0 0.6017389893531799 0.3985178470611572 0.02145415892203649 0.03930532932281494
0 0.6723425388336182 0.4079086482524872 0.02145415892203649 0.03930532932281494
0 0.7422233819961548 0.4172033369541168 0.02145415892203649 0.03930532932281494
0 0.3335112929344177 0.2836287319660187 0.02145415892203649 0.03930532932281494
0 0.40044739842414856 0.29291069507598877 0.02145415892203649 0.03930532932281494
0 0.46674615144729614 0.30210429430007935 0.02145415892203649 0.03930532932281494
0 0.532416582107544 0.3112107217311859 0.02145415892203649 0.03930532932281494
0 0.5974676012992859 0.32023128867149353 0.02145415892203649 0.03930532932281494
0 0.6619079113006592 0.3291671574115753 0.02145415892203649 0.03930532932281494
0 0.7257460355758667 0.3380195200443268 0.02145415892203649 0.03930532932281494
0 0.35159170627593994 0.2198595553636551 0.02145415892203649 0.03930532932281494
0 0.4129636585712433 0.22866100072860718 0.02145415892203649 0.03930532932281494
0 0.47379887104034424 0.23738549649715424 0.02145415892203649 0.03930532932281494
0 0.5341044068336487 0.24603401124477386 0.02145415892203649 0.03930532932281494
0 0.5938870906829834 0.25460755825042725 0.02145415892203649 0.03930532932281494
0 0.6531537771224976 0.2631070911884308 0.02145415892203649 0.03930532932281494
0 0.7119110226631165 0.2715335786342621 0.02145415892203649 0.03930532932281494
0 0.3669223487377167 0.16578879952430725 0.02145415892203649 0.03930532932281494
0 0.42358407378196716 0.17414316534996033 0.02145415892203649 0.03930532932281494
0 0.4797876477241516 0.1824299842119217 0.02145415892203649 0.03930532932281494
0 0.5355386137962341 0.190650075674057 0.02145415892203649 0.03930532932281494
0 0.5908424258232117 0.19880421459674835 0.02145415892203649 0.03930532932281494
0 0.6457043886184692 0.20689323544502258 0.02145415892203649 0.03930532932281494
0 0.7001298666000366 0.2149178683757782 0.02145415892203649 0.03930532932281494