0 0.6827852129936218 0.2077539712190628 0.0204180082720187 0.0392025758822759
0 0.6280566453933716 0.20166608691215515 0.0204180082720187 0.0392025758822759
0 0.5727829933166504 0.19551756978034973 0.0204180082720187 0.0392025758822759
0 0.5169559717178345 0.18930749595165253 0.0204180082720187 0.0392025758822759
0 0.4605672359466553 0.18303494155406952 0.0204180082720187 0.0392025758822759
0 0.4036082625389099 0.1766989529132843 0.0204180082720187 0.0392025758822759
0 0.34607040882110596 0.17029857635498047 0.0204180082720187 0.0392025758822759
0 0.6961268186569214 0.26590585708618164 0.0204180082720187 0.0392025758822759
0 0.6371086835861206 0.2596440315246582 0.0204180082720187 0.0392025758822759
0 0.5774555206298828 0.2533148229122162 0.0204180082720187 0.0392025758822759
0 0.5171570181846619 0.24691717326641083 0.0204180082720187 0.0392025758822759
0 0.45620274543762207 0.240449920296669 0.0204180082720187 0.0392025758822759
0 0.3945818841457367 0.23391194641590118 0.0204180082720187 0.0392025758822759
0 0.3322834372520447 0.22730207443237305 0.0204180082720187 0.0392025758822759
0 0.711765468120575 0.3340696692466736 0.0204180082720187 0.0392025758822759
0 0.6477282047271729 0.32766199111938477 0.0204180082720187 0.0392025758822759
0 0.5829418897628784 0.3211793303489685 0.0204180082720187 0.0392025758822759
0 0.5173933506011963 0.3146204352378845 0.0204180082720187 0.0392025758822759
0 0.45106905698776245 0.3079839050769806 0.0204180082720187 0.0392025758822759
0 0.383955180644989 0.3012683689594269 0.0204180082720187 0.0392025758822759
0 0.31603750586509705 0.2944723963737488 0.0204180082720187 0.0392025758822759
0 0.7303502559661865 0.41507452726364136 0.0204180082720187 0.0392025758822759
0 0.6603609919548035 0.40857505798339844 0.0204180082720187 0.0392025758822759
0 0.5894750356674194 0.4019923210144043 0.0204180082720187 0.0392025758822759
0 0.51767498254776 0.3953246772289276 0.0204180082720187 0.0392025758822759
0 0.4449431300163269 0.38857051730155945 0.0204180082720187 0.0392025758822759
0 0.3712611496448517 0.3817281126976013 0.0204180082720187 0.0392025758822759
0 0.2966103255748749 0.3747957646846771 0.0204180082720187 0.0392025758822759
0 0.7528001666069031 0.5129263401031494 0.0204180082720187 0.0392025758822759
0 0.6756395697593689 0.5064343214035034 0.0204180082720187 0.0392025758822759
0 0.5973861813545227 0.49985039234161377 0.0204180082720187 0.0392025758822759
0 0.518016517162323 0.4931725263595581 0.0204180082720187 0.0392025758822759
0 0.4375065863132477 0.48639869689941406 0.0204180082720187 0.0392025758822759
0 0.3558316230773926 0.4795268774032593 0.0204180082720187 0.0392025758822759
0 0.2729661464691162 0.47255486249923706 0.0204180082720187 0.0392025758822759
0 0.7804609537124634 0.6334907412528992 0.0204180082720187 0.0392025758822759
0 0.6944923400878906 0.6271862983703613 0.0204180082720187 0.0392025758822759
0 0.6071626543998718 0.6207820773124695 0.0204180082720187 0.0392025758822759
0 0.5184391736984253 0.6142756342887878 0.0204180082720187 0.0392025758822759
0 0.42828837037086487 0.6076645255088806 0.0204180082720187 0.0392025758822759
0 0.3366754949092865 0.6009461879730225 0.0204180082720187 0.0392025758822759
0 0.2435646504163742 0.594118058681488 0.0204180082720187 0.0392025758822759
0 0.8153850436210632 0.7857136130332947 0.0204180082720187 0.0392025758822759
0 0.7183396816253662 0.7799280881881714 0.0204180082720187 0.0392025758822759
0 0.6195523738861084 0.7740387320518494 0.0204180082720187 0.0392025758822759
0 0.5189758539199829 0.7680427432060242 0.0204180082720187 0.0392025758822759
0 0.4165611267089844 0.7619370818138123 0.0204180082720187 0.0392025758822759
0 0.3122572600841522 0.7557188868522644 0.0204180082720187 0.0392025758822759
0 0.20601151883602142 0.749384880065918 0.0204180082720187 0.0392025758822759