0 0.1700267493724823 0.5199616551399231 0.03005634254465501 0.03588817020257314
0 0.2449314445257187 0.5577609539031982 0.03005634254465501 0.03588817020257314
0 0.32490837574005127 0.598119854927063 0.03005634254465501 0.03588817020257314
0 0.41049081087112427 0.6413074731826782 0.03005634254465501 0.03588817020257314
0 0.5022894740104675 0.6876319646835327 0.03005634254465501 0.03588817020257314
0 0.6010071635246277 0.7374480962753296 0.03005634254465501 0.03588817020257314
0 0.7074567675590515 0.7911659479141235 0.03005634254465501 0.03588817020257314
0 0.22235555946826935 0.43791383504867554 0.03005634254465501 0.03588817020257314
0 0.29519304633140564 0.4712934195995331 0.03005634254465501 0.03588817020257314
0 0.3727115988731384 0.5068182349205017 0.03005634254465501 0.03588817020257314
0 0.45537739992141724 0.544701874256134 0.03005634254465501 0.03588817020257314
0 0.5437207818031311 0.5851874351501465 0.03005634254465501 0.03588817020257314
0 0.6383474469184875 0.6285524368286133 0.03005634254465501 0.03588817020257314
0 0.7399523854255676 0.6751154661178589 0.03005634254465501 0.03588817020257314
0 0.2699044644832611 0.36336058378219604 0.03005634254465501 0.03588817020257314
0 0.34072738885879517 0.39295852184295654 0.03005634254465501 0.03588817020257314
0 0.41588127613067627 0.42436644434928894 0.03005634254465501 0.03588817020257314
0 0.4957759380340576 0.45775559544563293 0.03005634254465501 0.03588817020257314
0 0.5808745622634888 0.493319571018219 0.03005634254465501 0.03588817020257314
0 0.6717027425765991 0.5312780141830444 0.03005634254465501 0.03588817020257314
0 0.7688592672348022 0.5718811750411987 0.03005634254465501 0.03588817020257314
0 0.3132998049259186 0.2953198254108429 0.03005634254465501 0.03588817020257314
0 0.3821713924407959 0.3216603696346283 0.03005634254465501 0.03588817020257314
0 0.4550599455833435 0.3495372235774994 0.03005634254465501 0.03588817020257314
0 0.5323274731636047 0.3790888488292694 0.03005634254465501 0.03588817020257314
0 0.6143808364868164 0.4104708433151245 0.03005634254465501 0.03588817020257314
0 0.7016788125038147 0.44385868310928345 0.03005634254465501 0.03588817020257314
0 0.7947408556938171 0.47945109009742737 0.03005634254465501 0.03588817020257314
0 0.35306301712989807 0.23297399282455444 0.03005634254465501 0.03588817020257314
0 0.42005252838134766 0.2564915716648102 0.03005634254465501 0.03588817020257314
0 0.4907766282558441 0.2813202440738678 0.03005634254465501 0.03588817020257314
0 0.5655565857887268 0.30757275223731995 0.03005634254465501 0.03588817020257314
0 0.6447514891624451 0.33537518978118896 0.03005634254465501 0.03588817020257314
0 0.7287642955780029 0.36486902832984924 0.03005634254465501 0.03588817020257314
0 0.8180484771728516 0.39621347188949585 0.03005634254465501 0.03588817020257314
0 0.38963180780410767 0.17563676834106445 0.03005634254465501 0.03588817020257314
0 0.45481133460998535 0.19669432938098907 0.03005634254465501 0.03588817020257314
0 0.5234708189964294 0.21887613832950592 0.03005634254465501 0.03588817020257314
0 0.5958964824676514 0.2422747015953064 0.03005634254465501 0.03588817020257314
0 0.6724070906639099 0.26699298620224 0.03005634254465501 0.03588817020257314
0 0.7533581256866455 0.2931458353996277 0.03005634254465501 0.03588817020257314
0 0.8391478657722473 0.32086193561553955 0.03005634254465501 0.03588817020257314
0 0.4233762323856354 0.12272793054580688 0.03005634254465501 0.03588817020257314
0 0.4868185520172119 0.14163078367710114 0.03005634254465501 0.03588817020257314
0 0.5535104870796204 0.16150186955928802 0.03005634254465501 0.03588817020257314
0 0.6237083673477173 0.18241757154464722 0.03005634254465501 0.03588817020257314
0 0.6976960897445679 0.2044624537229538 0.03005634254465501 0.03588817020257314
0 0.7757890224456787 0.22773051261901855 0.03005634254465501 0.03588817020257314
0 0.8583386540412903 0.25232645869255066 0.03005634254465501 0.03588817020257314