0 0.32168516516685486 0.7907452583312988 0.017519656196236612 0.035937756299972534
0 0.3944835364818573 0.7941716909408569 0.017519656196236612 0.035937756299972534
0 0.4672982394695282 0.7975989580154419 0.017519656196236612 0.035937756299972534
0 0.5401293039321899 0.8010269403457642 0.017519656196236612 0.035937756299972534
0 0.6129766702651978 0.8044557571411133 0.017519656196236612 0.035937756299972534
0 0.6858404278755188 0.8078852891921997 0.017519656196236612 0.035937756299972534
0 0.7587205767631531 0.811315655708313 0.017519656196236612 0.035937756299972534
0 0.333932489156723 0.6514586210250854 0.017519656196236612 0.035937756299972534
0 0.4012987017631531 0.6546148657798767 0.017519656196236612 0.035937756299972534
0 0.46867892146110535 0.6577718257904053 0.017519656196236612 0.035937756299972534
0 0.5360730886459351 0.6609293818473816 0.017519656196236612 0.035937756299972534
0 0.6034812927246094 0.6640876531600952 0.017519656196236612 0.035937756299972534
0 0.6709035038948059 0.6672465205192566 0.017519656196236612 0.035937756299972534
0 0.7383397221565247 0.6704061031341553 0.017519656196236612 0.035937756299972534
0 0.3444787561893463 0.5315178036689758 0.017519656196236612 0.035937756299972534
0 0.4071671962738037 0.5344432592391968 0.017519656196236612 0.035937756299972534
0 0.4698677957057953 0.5373693108558655 0.017519656196236612 0.035937756299972534
0 0.5325804948806763 0.5402959585189819 0.017519656196236612 0.035937756299972534
0 0.5953052639961243 0.5432231426239014 0.017519656196236612 0.035937756299972534
0 0.6580421924591064 0.5461508631706238 0.017519656196236612 0.035937756299972534
0 0.7207912802696228 0.549079179763794 0.017519656196236612 0.035937756299972534
0 0.3536553382873535 0.4271541237831116 0.017519656196236612 0.035937756299972534
0 0.41227349638938904 0.42988017201423645 0.017519656196236612 0.035937756299972534
0 0.4709022343158722 0.4326067268848419 0.017519656196236612 0.035937756299972534
0 0.529541552066803 0.435333788394928 0.017519656196236612 0.035937756299972534
0 0.5881914496421814 0.43806132674217224 0.017519656196236612 0.035937756299972534
0 0.6468520164489746 0.4407893717288971 0.017519656196236612 0.035937756299972534
0 0.7055231332778931 0.44351789355278015 0.017519656196236612 0.035937756299972534
0 0.36171281337738037 0.3355179727077484 0.017519656196236612 0.035937756299972534
0 0.4167569875717163 0.3380700349807739 0.017519656196236612 0.035937756299972534
0 0.4718104898929596 0.34062251448631287 0.017519656196236612 0.035937756299972534
0 0.5268733501434326 0.3431754410266876 0.017519656196236612 0.035937756299972534
0 0.581945538520813 0.3457287847995758 0.017519656196236612 0.035937756299972534
0 0.6370270848274231 0.3482825756072998 0.017519656196236612 0.035937756299972534
0 0.6921179294586182 0.35083678364753723 0.017519656196236612 0.035937756299972534
0 0.3688441216945648 0.25441497564315796 0.017519656196236612 0.035937756299972534
0 0.4207250773906708 0.2568138539791107 0.017519656196236612 0.035937756299972534
0 0.4726143181324005 0.2592131197452545 0.017519656196236612 0.035937756299972534
0 0.5245118737220764 0.26161277294158936 0.017519656196236612 0.035937756299972534
0 0.5764177441596985 0.26401278376579285 0.017519656196236612 0.035937756299972534
0 0.6283318996429443 0.26641321182250977 0.017519656196236612 0.035937756299972534
0 0.680254340171814 0.2688140273094177 0.017519656196236612 0.035937756299972534
0 0.3752002418041229 0.18212765455245972 0.017519656196236612 0.035937756299972534
0 0.42426180839538574 0.18439069390296936 0.017519656196236612 0.035937756299972534
0 0.4733307957649231 0.18665406107902527 0.017519656196236612 0.035937756299972534
0 0.5224071741104126 0.18891778588294983 0.017519656196236612 0.035937756299972534
0 0.571491003036499 0.19118183851242065 0.017519656196236612 0.035937756299972534
0 0.6205822229385376 0.19344624876976013 0.017519656196236612 0.035937756299972534
0 0.6696808934211731 0.19571098685264587 0.017519656196236612 0.035937756299972534