0 0.6269451379776001 0.23109100759029388 0.01732172816991806 0.030794183413187664
0 0.5800214409828186 0.22956782579421997 0.01732172816991806 0.030794183413187664
0 0.5326255559921265 0.22802932560443878 0.01732172816991806 0.030794183413187664
0 0.4847503900527954 0.22647526860237122 0.01732172816991806 0.030794183413187664
0 0.4363885819911957 0.22490540146827698 0.01732172816991806 0.030794183413187664
0 0.38753271102905273 0.22331951558589935 0.01732172816991806 0.030794183413187664
0 0.3381751477718353 0.22171732783317566 0.01732172816991806 0.030794183413187664
0 0.6364579200744629 0.29047536849975586 0.01732172816991806 0.030794183413187664
0 0.5868131518363953 0.2891770601272583 0.01732172816991806 0.030794183413187664
0 0.5366392135620117 0.28786492347717285 0.01732172816991806 0.030794183413187664
0 0.485927551984787 0.2865387201309204 0.01732172816991806 0.030794183413187664
0 0.43466949462890625 0.2851982116699219 0.01732172816991806 0.030794183413187664
0 0.382856160402298 0.28384318947792053 0.01732172816991806 0.030794183413187664
0 0.3304784893989563 0.2824734151363373 0.01732172816991806 0.030794183413187664
0 0.6471583247184753 0.35727328062057495 0.01732172816991806 0.030794183413187664
0 0.5944575667381287 0.35626983642578125 0.01732172816991806 0.030794183413187664
0 0.5411596298217773 0.35525500774383545 0.01732172816991806 0.030794183413187664
0 0.48725417256355286 0.3542286455631256 0.01732172816991806 0.030794183413187664
0 0.43273085355758667 0.35319048166275024 0.01732172816991806 0.030794183413187664
0 0.3775789439678192 0.3521403968334198 0.01732172816991806 0.030794183413187664
0 0.3217875361442566 0.3510780930519104 0.01732172816991806 0.030794183413187664
0 0.6592835187911987 0.43296536803245544 0.01732172816991806 0.030794183413187664
0 0.6031259894371033 0.4323497414588928 0.01732172816991806 0.030794183413187664
0 0.5462892055511475 0.43172669410705566 0.01732172816991806 0.030794183413187664
0 0.48876067996025085 0.43109607696533203 0.01732172816991806 0.030794183413187664
0 0.43052777647972107 0.4304577112197876 0.01732172816991806 0.030794183413187664
0 0.3715774416923523 0.4298114776611328 0.01732172816991806 0.030794183413187664
0 0.3118963837623596 0.4291572570800781 0.01732172816991806 0.030794183413187664
0 0.6731383204460144 0.5194547176361084 0.01732172816991806 0.030794183413187664
0 0.6130388975143433 0.5193521976470947 0.01732172816991806 0.030794183413187664
0 0.5521599650382996 0.519248366355896 0.01732172816991806 0.030794183413187664
0 0.4904862642288208 0.5191431641578674 0.01732172816991806 0.030794183413187664
0 0.42800214886665344 0.519036591053009 0.01732172816991806 0.030794183413187664
0 0.36469152569770813 0.518928587436676 0.01732172816991806 0.030794183413187664
0 0.3005378842353821 0.5188191533088684 0.01732172816991806 0.030794183413187664
0 0.6891212463378906 0.6192291975021362 0.01732172816991806 0.030794183413187664
0 0.6244850158691406 0.6198112964630127 0.01732172816991806 0.030794183413187664
0 0.5589451193809509 0.6204016208648682 0.01732172816991806 0.030794183413187664
0 0.4924825131893158 0.6210002303123474 0.01732172816991806 0.030794183413187664
0 0.4250775873661041 0.6216073036193848 0.01732172816991806 0.030794183413187664
0 0.35671016573905945 0.6222230195999146 0.01732172816991806 0.030794183413187664
0 0.28735941648483276 0.6228476166725159 0.01732172816991806 0.030794183413187664
0 0.7077634334564209 0.7356042265892029 0.01732172816991806 0.030794183413187664
0 0.6378498673439026 0.7371107339859009 0.01732172816991806 0.030794183413187664
0 0.5668762922286987 0.7386400103569031 0.01732172816991806 0.030794183413187664
0 0.4948185384273529 0.740192711353302 0.01732172816991806 0.030794183413187664
0 0.4216514825820923 0.7417693138122559 0.01732172816991806 0.030794183413187664
0 0.3473493158817291 0.7433703541755676 0.01732172816991806 0.030794183413187664
0 0.2718854546546936 0.7449964284896851 0.01732172816991806 0.030794183413187664