0 0.8245989680290222 0.8280925154685974 0.028752476546085547 0.0385508065422376
0 0.8053079843521118 0.6864352822303772 0.028752476546085547 0.0385508065422376
0 0.7882255911827087 0.560995876789093 0.028752476546085547 0.0385508065422376
0 0.7729929685592651 0.4491400122642517 0.028752476546085547 0.0385508065422376
0 0.7593251466751099 0.34877464175224304 0.028752476546085547 0.0385508065422376
0 0.7469927668571472 0.25821569561958313 0.028752476546085547 0.0385508065422376
0 0.7358092069625854 0.17609287798404694 0.028752476546085547 0.0385508065422376
0 0.7161669135093689 0.8275778293609619 0.028752476546085547 0.0385508065422376
0 0.7034652829170227 0.6860126256942749 0.028752476546085547 0.0385508065422376
0 0.692217230796814 0.5606481432914734 0.028752476546085547 0.0385508065422376
0 0.6821867227554321 0.4488539397716522 0.028752476546085547 0.0385508065422376
0 0.6731862425804138 0.34853971004486084 0.028752476546085547 0.0385508065422376
0 0.6650648713111877 0.2580235004425049 0.028752476546085547 0.0385508065422376
0 0.6576998233795166 0.17593668401241302 0.028752476546085547 0.0385508065422376
0 0.607833981513977 0.8270635604858398 0.028752476546085547 0.0385508065422376
0 0.6017100214958191 0.6855903267860413 0.028752476546085547 0.0385508065422376
0 0.5962865948677063 0.5603007078170776 0.028752476546085547 0.0385508065422376
0 0.591450035572052 0.44856807589530945 0.028752476546085547 0.0385508065422376
0 0.5871099233627319 0.3483049273490906 0.028752476546085547 0.0385508065422376
0 0.5831936001777649 0.2578314542770386 0.028752476546085547 0.0385508065422376
0 0.5796418786048889 0.17578059434890747 0.028752476546085547 0.0385508065422376
0 0.4995999038219452 0.8265498280525208 0.028752476546085547 0.0385508065422376
0 0.5000420212745667 0.6851683855056763 0.028752476546085547 0.0385508065422376
0 0.5004335045814514 0.5599535703659058 0.028752476546085547 0.0385508065422376
0 0.5007826685905457 0.4482824504375458 0.028752476546085547 0.0385508065422376
0 0.5010960698127747 0.34807032346725464 0.028752476546085547 0.0385508065422376
0 0.5013788342475891 0.2576395273208618 0.028752476546085547 0.0385508065422376
0 0.5016352534294128 0.17562460899353027 0.028752476546085547 0.0385508065422376
0 0.3914646506309509 0.8260365128517151 0.028752476546085547 0.0385508065422376
0 0.39846116304397583 0.6847468018531799 0.028752476546085547 0.0385508065422376
0 0.40465793013572693 0.5596067309379578 0.028752476546085547 0.0385508065422376
0 0.41018471121788025 0.4479970335960388 0.028752476546085547 0.0385508065422376
0 0.41514456272125244 0.347835898399353 0.028752476546085547 0.0385508065422376
0 0.41962048411369324 0.257447749376297 0.028752476546085547 0.0385508065422376
0 0.42367997765541077 0.17546872794628143 0.028752476546085547 0.0385508065422376
0 0.2834280729293823 0.8255236744880676 0.028752476546085547 0.0385508065422376
0 0.29696738719940186 0.6843255758285522 0.028752476546085547 0.0385508065422376
0 0.3089597523212433 0.5592601299285889 0.028752476546085547 0.0385508065422376
0 0.31965598464012146 0.4477118253707886 0.028752476546085547 0.0385508065422376
0 0.32925543189048767 0.34760165214538574 0.028752476546085547 0.0385508065422376
0 0.33791857957839966 0.25725609064102173 0.028752476546085547 0.0385508065422376
0 0.3457759916782379 0.17531295120716095 0.028752476546085547 0.0385508065422376
0 0.17548999190330505 0.8250113129615784 0.028752476546085547 0.0385508065422376
0 0.19556055963039398 0.6839047074317932 0.028752476546085547 0.0385508065422376
0 0.21333888173103333 0.5589138269424438 0.028752476546085547 0.0385508065422376
0 0.2291964441537857 0.44742685556411743 0.028752476546085547 0.0385508065422376
0 0.243428573012352 0.3473675549030304 0.028752476546085547 0.0385508065422376
0 0.2562730014324188 0.2570645809173584 0.028752476546085547 0.0385508065422376
0 0.2679232358932495 0.17515727877616882 0.028752476546085547 0.0385508065422376