0 0.32185184955596924 0.7908672094345093 0.017553158011287453 0.036006477971871696
0 0.3941884934902191 0.7942957878112793 0.017553158011287453 0.036006477971871696
0 0.4666372537612915 0.7977297306060791 0.017553158011287453 0.036006477971871696
0 0.5391983389854431 0.8011689782142639 0.017553158011287453 0.036006477971871696
0 0.6118720769882202 0.8046135306358337 0.017553158011287453 0.036006477971871696
0 0.6846586465835571 0.8080634474754333 0.017553158011287453 0.036006477971871696
0 0.7575584053993225 0.8115187287330627 0.017553158011287453 0.036006477971871696
0 0.33399802446365356 0.6521136164665222 0.017553158011287453 0.036006477971871696
0 0.4010147452354431 0.6551901698112488 0.017553158011287453 0.036006477971871696
0 0.46812766790390015 0.658271074295044 0.017553158011287453 0.036006477971871696
0 0.5353370308876038 0.6613564491271973 0.017553158011287453 0.036006477971871696
0 0.6026429533958435 0.664446234703064 0.017553158011287453 0.036006477971871696
0 0.6700456738471985 0.6675404906272888 0.017553158011287453 0.036006477971871696
0 0.7375454902648926 0.670639157295227 0.017553158011287453 0.036006477971871696
0 0.3444786071777344 0.5323871970176697 0.017553158011287453 0.036006477971871696
0 0.40690430998802185 0.5351726412773132 0.017553158011287453 0.036006477971871696
0 0.4694134593009949 0.5379618406295776 0.017553158011287453 0.036006477971871696
0 0.5320062041282654 0.5407547354698181 0.017553158011287453 0.036006477971871696
0 0.5946828126907349 0.5435514450073242 0.017553158011287453 0.036006477971871696
0 0.6574432849884033 0.5463518500328064 0.017553158011287453 0.036006477971871696
0 0.7202879190444946 0.5491560101509094 0.017553158011287453 0.036006477971871696
0 0.3536142110824585 0.4280252158641815 0.017553158011287453 0.036006477971871696
0 0.41203758120536804 0.43056660890579224 0.017553158011287453 0.036006477971871696
0 0.4705340266227722 0.43311119079589844 0.017553158011287453 0.036006477971871696
0 0.529103696346283 0.43565893173217773 0.017553158011287453 0.036006477971871696
0 0.5877467393875122 0.4382098913192749 0.017553158011287453 0.036006477971871696
0 0.6464632153511047 0.44076403975486755 0.017553158011287453 0.036006477971871696
0 0.7052533626556396 0.4433213770389557 0.017553158011287453 0.036006477971871696
0 0.3616481423377991 0.336248517036438 0.017553158011287453 0.036006477971871696
0 0.4165514409542084 0.3385826647281647 0.017553158011287453 0.036006477971871696
0 0.4715192914009094 0.3409195840358734 0.017553158011287453 0.036006477971871696
0 0.5265517830848694 0.34325921535491943 0.017553158011287453 0.036006477971871696
0 0.5816490650177002 0.3456016182899475 0.017553158011287453 0.036006477971871696
0 0.6368111968040466 0.34794679284095764 0.017553158011287453 0.036006477971871696
0 0.6920382976531982 0.35029470920562744 0.017553158011287453 0.036006477971871696
0 0.3687683343887329 0.2549099624156952 0.017553158011287453 0.036006477971871696
0 0.4205516576766968 0.2570662498474121 0.017553158011287453 0.036006477971871696
0 0.47239238023757935 0.25922495126724243 0.017553158011287453 0.036006477971871696
0 0.5242906212806702 0.2613860070705414 0.017553158011287453 0.036006477971871696
0 0.576246440410614 0.2635495066642761 0.017553158011287453 0.036006477971871696
0 0.6282599568367004 0.2657153606414795 0.017553158011287453 0.036006477971871696
0 0.6803312301635742 0.26788365840911865 0.017553158011287453 0.036006477971871696
0 0.3751222789287567 0.18232466280460358 0.017553158011287453 0.036006477971871696
0 0.4241211712360382 0.18432681262493134 0.017553158011287453 0.036006477971871696
0 0.4731714129447937 0.18633107841014862 0.017553158011287453 0.036006477971871696
0 0.5222731232643127 0.18833744525909424 0.017553158011287453 0.036006477971871696
0 0.5714264512062073 0.1903459131717682 0.017553158011287453 0.036006477971871696
0 0.6206313371658325 0.19235649704933167 0.017553158011287453 0.036006477971871696
0 0.6698879599571228 0.19436919689178467 0.017553158011287453 0.036006477971871696