0 0.7465709447860718 0.20274794101715088 0.03015941128445168 0.0381966158747673
0 0.6660517454147339 0.19933152198791504 0.03015941128445168 0.0381966158747673
0 0.5860757827758789 0.19593815505504608 0.03015941128445168 0.0381966158747673
0 0.5066376328468323 0.1925676017999649 0.03015941128445168 0.0381966158747673
0 0.42773187160491943 0.1892196387052536 0.03015941128445168 0.0381966158747673
0 0.349353164434433 0.18589402735233307 0.03015941128445168 0.0381966158747673
0 0.2714962065219879 0.1825905740261078 0.03015941128445168 0.0381966158747673
0 0.756084680557251 0.28289279341697693 0.03015941128445168 0.0381966158747673
0 0.6718077659606934 0.2790345251560211 0.03015941128445168 0.0381966158747673
0 0.5881257057189941 0.27520349621772766 0.03015941128445168 0.0381966158747673
0 0.5050321817398071 0.2713994085788727 0.03015941128445168 0.0381966158747673
0 0.42252105474472046 0.2676219940185547 0.03015941128445168 0.0381966158747673
0 0.34058618545532227 0.2638709247112274 0.03015941128445168 0.0381966158747673
0 0.25922152400016785 0.26014599204063416 0.03015941128445168 0.0381966158747673
0 0.7665244936943054 0.3708394169807434 0.03015941128445168 0.0381966158747673
0 0.6781220436096191 0.36646750569343567 0.03015941128445168 0.0381966158747673
0 0.590373694896698 0.3621279299259186 0.03015941128445168 0.0381966158747673
0 0.5032722353935242 0.3578203320503235 0.03015941128445168 0.0381966158747673
0 0.41681042313575745 0.3535443842411041 0.03015941128445168 0.0381966158747673
0 0.33098137378692627 0.34929972887039185 0.03015941128445168 0.0381966158747673
0 0.24577809870243073 0.3450860381126404 0.03015941128445168 0.0381966158747673
0 0.7780326008796692 0.46778538823127747 0.03015941128445168 0.0381966158747673
0 0.6850799322128296 0.46281230449676514 0.03015941128445168 0.0381966158747673
0 0.5928499102592468 0.45787790417671204 0.03015941128445168 0.0381966158747673
0 0.5013341903686523 0.45298174023628235 0.03015941128445168 0.0381966158747673
0 0.41052448749542236 0.44812333583831787 0.03015941128445168 0.0381966158747673
0 0.32041263580322266 0.4433022439479828 0.03015941128445168 0.0381966158747673
0 0.23099063336849213 0.43851807713508606 0.03015941128445168 0.0381966158747673
0 0.7907817959785461 0.5751864314079285 0.03015941128445168 0.0381966158747673
0 0.6927850842475891 0.5695046782493591 0.03015941128445168 0.0381966158747673
0 0.5955910086631775 0.5638694763183594 0.03015941128445168 0.0381966158747673
0 0.4991897642612457 0.5582801699638367 0.03015941128445168 0.0381966158747673
0 0.40357163548469543 0.5527363419532776 0.03015941128445168 0.0381966158747673
0 0.3087271451950073 0.5472373366355896 0.03015941128445168 0.0381966158747673
0 0.21464696526527405 0.5417826771736145 0.03015941128445168 0.0381966158747673
0 0.8049842715263367 0.6948302388191223 0.03015941128445168 0.0381966158747673
0 0.7013647556304932 0.6883061528205872 0.03015941128445168 0.0381966158747673
0 0.5986418724060059 0.6818385124206543 0.03015941128445168 0.0381966158747673
0 0.49680399894714355 0.6754266619682312 0.03015941128445168 0.0381966158747673
0 0.3958398103713989 0.669069766998291 0.03015941128445168 0.0381966158747673
0 0.2957381010055542 0.6627671718597412 0.03015941128445168 0.0381966158747673
0 0.19648781418800354 0.6565181612968445 0.03015941128445168 0.0381966158747673
0 0.8209035992622375 0.8289366960525513 0.03015941128445168 0.0381966158747673
0 0.710976779460907 0.8214023113250732 0.03015941128445168 0.0381966158747673
0 0.6020581126213074 0.8139370679855347 0.03015941128445168 0.0381966158747673
0 0.4941338300704956 0.8065399527549744 0.03015941128445168 0.0381966158747673
0 0.3871903717517853 0.7992100119590759 0.03015941128445168 0.0381966158747673
0 0.2812144160270691 0.7919464111328125 0.03015941128445168 0.0381966158747673
0 0.17619287967681885 0.7847482562065125 0.03015941128445168 0.0381966158747673