0 0.6819259524345398 0.27869370579719543 0.017292144242674112 0.03074158976475398
0 0.6365820169448853 0.27378401160240173 0.017292144242674112 0.03074158976475398
0 0.5905585885047913 0.2688007354736328 0.017292144242674112 0.03074158976475398
0 0.543840229511261 0.26374220848083496 0.017292144242674112 0.03074158976475398
0 0.4964110553264618 0.2586067318916321 0.017292144242674112 0.03074158976475398
0 0.4482547640800476 0.2533925175666809 0.017292144242674112 0.03074158976475398
0 0.3993544578552246 0.2480977326631546 0.017292144242674112 0.03074158976475398
0 0.6934128403663635 0.33803823590278625 0.017292144242674112 0.03074158976475398
0 0.6454681158065796 0.3333047032356262 0.017292144242674112 0.03074158976475398
0 0.59676194190979 0.32849597930908203 0.017292144242674112 0.03074158976475398
0 0.547275960445404 0.3236102759838104 0.017292144242674112 0.03074158976475398
0 0.49699127674102783 0.318645715713501 0.017292144242674112 0.03074158976475398
0 0.4458884596824646 0.3136003911495209 0.017292144242674112 0.03074158976475398
0 0.3939473628997803 0.30847230553627014 0.017292144242674112 0.03074158976475398
0 0.7063372731208801 0.4048096239566803 0.017292144242674112 0.03074158976475398
0 0.6554756164550781 0.40033668279647827 0.017292144242674112 0.03074158976475398
0 0.6037546992301941 0.39578819274902344 0.017292144242674112 0.03074158976475398
0 0.5511526465415955 0.3911622166633606 0.017292144242674112 0.03074158976475398
0 0.49764662981033325 0.3864567279815674 0.017292144242674112 0.03074158976475398
0 0.44321322441101074 0.38166967034339905 0.017292144242674112 0.03074158976475398
0 0.3878280818462372 0.37679892778396606 0.017292144242674112 0.03074158976475398
0 0.7209872007369995 0.4804951250553131 0.017292144242674112 0.03074158976475398
0 0.6668310761451721 0.4763975739479065 0.017292144242674112 0.03074158976475398
0 0.6116979122161865 0.4722261130809784 0.017292144242674112 0.03074158976475398
0 0.5555610060691833 0.46797871589660645 0.017292144242674112 0.03074158976475398
0 0.49839267134666443 0.4636532664299011 0.017292144242674112 0.03074158976475398
0 0.4401642680168152 0.4592476189136505 0.017292144242674112 0.03074158976475398
0 0.3808459937572479 0.45475950837135315 0.017292144242674112 0.03074158976475398
0 0.7377327680587769 0.5670074820518494 0.017292144242674112 0.03074158976475398
0 0.6798264980316162 0.5634433031082153 0.017292144242674112 0.03074158976475398
0 0.6207993626594543 0.559810221195221 0.017292144242674112 0.03074158976475398
0 0.5606184601783752 0.5561060905456543 0.017292144242674112 0.03074158976475398
0 0.499249666929245 0.5523288249969482 0.017292144242674112 0.03074158976475398
0 0.4366573989391327 0.5484762191772461 0.017292144242674112 0.03074158976475398
0 0.37280476093292236 0.5445461273193359 0.017292144242674112 0.03074158976475398
0 0.7570583820343018 0.6668488383293152 0.017292144242674112 0.03074158976475398
0 0.6948448419570923 0.6640388369560242 0.017292144242674112 0.03074158976475398
0 0.6313323974609375 0.6611701846122742 0.017292144242674112 0.03074158976475398
0 0.5664798021316528 0.6582409739494324 0.017292144242674112 0.03074158976475398
0 0.5002443194389343 0.655249297618866 0.017292144242674112 0.03074158976475398
0 0.4325811266899109 0.6521931886672974 0.017292144242674112 0.03074158976475398
0 0.36344364285469055 0.6490704417228699 0.017292144242674112 0.03074158976475398
0 0.7796099781990051 0.7833567261695862 0.017292144242674112 0.03074158976475398
0 0.7123982906341553 0.7816148996353149 0.017292144242674112 0.03074158976475398
0 0.6436635255813599 0.7798336148262024 0.017292144242674112 0.03074158976475398
0 0.5733532309532166 0.7780114412307739 0.017292144242674112 0.03074158976475398
0 0.5014126896858215 0.7761470675468445 0.017292144242674112 0.03074158976475398
0 0.4277845025062561 0.7742389440536499 0.017292144242674112 0.03074158976475398
0 0.35240858793258667 0.772285521030426 0.017292144242674112 0.03074158976475398