0 0.5039871335029602 0.8415380120277405 0.026215716627322964 0.03091779847939809
0 0.5668553709983826 0.771440327167511 0.026215716627322964 0.03091779847939809
0 0.6269294619560242 0.7044580578804016 0.026215716627322964 0.03091779847939809
0 0.6843916177749634 0.6403880715370178 0.026215716627322964 0.03091779847939809
0 0.7394086122512817 0.5790444016456604 0.026215716627322964 0.03091779847939809
0 0.7921332716941833 0.5202566981315613 0.026215716627322964 0.03091779847939809
0 0.8427059054374695 0.46386852860450745 0.026215716627322964 0.03091779847939809
0 0.43744224309921265 0.7640580534934998 0.026215716627322964 0.03091779847939809
0 0.5001481175422668 0.6974988579750061 0.026215716627322964 0.03091779847939809
0 0.5601379871368408 0.6338226199150085 0.026215716627322964 0.03091779847939809
0 0.6175845861434937 0.5728458762168884 0.026215716627322964 0.03091779847939809
0 0.6726462841033936 0.5144006013870239 0.026215716627322964 0.03091779847939809
0 0.7254685759544373 0.4583323299884796 0.026215716627322964 0.03091779847939809
0 0.7761853933334351 0.4044989347457886 0.026215716627322964 0.03091779847939809
0 0.3743460476398468 0.690593421459198 0.026215716627322964 0.03091779847939809
0 0.43682336807250977 0.6273067593574524 0.026215716627322964 0.03091779847939809
0 0.4966617822647095 0.5666931867599487 0.026215716627322964 0.03091779847939809
0 0.5540249943733215 0.5085868835449219 0.026215716627322964 0.03091779847939809
0 0.609063446521759 0.45283541083335876 0.026215716627322964 0.03091779847939809
0 0.6619157195091248 0.39929845929145813 0.026215716627322964 0.03091779847939809
0 0.7127095460891724 0.3478466868400574 0.026215716627322964 0.03091779847939809
0 0.31443724036216736 0.6208400130271912 0.026215716627322964 0.03091779847939809
0 0.3766302764415741 0.5605858564376831 0.026215716627322964 0.03091779847939809
0 0.4362599849700928 0.5028151273727417 0.026215716627322964 0.03091779847939809
0 0.49348166584968567 0.44737738370895386 0.026215716627322964 0.03091779847939809
0 0.548438310623169 0.3941340446472168 0.026215716627322964 0.03091779847939809
0 0.6012617945671082 0.34295740723609924 0.026215716627322964 0.03091779847939809
0 0.6520739197731018 0.29372936487197876 0.026215716627322964 0.03091779847939809
0 0.2574802339076996 0.5545234084129333 0.026215716627322964 0.03091779847939809
0 0.3193420469760895 0.49708494544029236 0.026215716627322964 0.03091779847939809
0 0.37871453166007996 0.44195783138275146 0.026215716627322964 0.03091779847939809
0 0.4357449412345886 0.3890053331851959 0.026215716627322964 0.03091779847939809
0 0.49056917428970337 0.33810123801231384 0.026215716627322964 0.03091779847939809
0 0.5433127880096436 0.28912895917892456 0.026215716627322964 0.03091779847939809
0 0.5940921306610107 0.24198056757450104 0.026215716627322964 0.03091779847939809
0 0.2032620906829834 0.4913957715034485 0.026215716627322964 0.03091779847939809
0 0.26475343108177185 0.43657633662223816 0.026215716627322964 0.03091779847939809
0 0.32382747530937195 0.3839119076728821 0.026215716627322964 0.03091779847939809
0 0.380623996257782 0.3332778811454773 0.026215716627322964 0.03091779847939809
0 0.4352722465991974 0.284559041261673 0.026215716627322964 0.03091779847939809
0 0.48789182305336 0.23764874041080475 0.026215716627322964 0.03091779847939809
0 0.5385936498641968 0.19244813919067383 0.026215716627322964 0.03091779847939809
0 0.15158993005752563 0.4312325119972229 0.026215716627322964 0.03091779847939809
0 0.2126779705286026 0.378853440284729 0.026215716627322964 0.03091779847939809
0 0.2714187800884247 0.32848694920539856 0.026215716627322964 0.03091779847939809
0 0.3279450833797455 0.28001928329467773 0.026215716627322964 0.03091779847939809
0 0.38237980008125305 0.23334498703479767 0.026215716627322964 0.03091779847939809
0 0.4348369240760803 0.1883663684129715 0.026215716627322964 0.03091779847939809
0 0.485422283411026 0.1449926644563675 0.026215716627322964 0.03091779847939809