0 0.787618100643158 0.3522016406059265 0.03909899059476124 0.040534590681393944
0 0.6983179450035095 0.3511892855167389 0.03909899059476124 0.040534590681393944
0 0.6088001132011414 0.3501744866371155 0.03909899059476124 0.040534590681393944
0 0.5190637111663818 0.3491571843624115 0.03909899059476124 0.040534590681393944
0 0.4291079342365265 0.34813737869262695 0.03909899059476124 0.040534590681393944
0 0.3389320373535156 0.34711509943008423 0.03909899059476124 0.040534590681393944
0 0.24853515625 0.34609031677246094 0.03909899059476124 0.040534590681393944
0 0.7977367043495178 0.42018190026283264 0.03909899059476124 0.040534590681393944
0 0.7049981951713562 0.4192163944244385 0.03909899059476124 0.040534590681393944
0 0.6120247840881348 0.4182484447956085 0.03909899059476124 0.040534590681393944
0 0.5188156366348267 0.4172780513763428 0.03909899059476124 0.040534590681393944
0 0.4253697693347931 0.41630518436431885 0.03909899059476124 0.040534590681393944
0 0.3316863477230072 0.41532984375953674 0.03909899059476124 0.040534590681393944
0 0.23776443302631378 0.41435202956199646 0.03909899059476124 0.040534590681393944
0 0.8086678385734558 0.4936206638813019 0.03909899059476124 0.040534590681393944
0 0.7122155427932739 0.49271297454833984 0.03909899059476124 0.040534590681393944
0 0.6155090928077698 0.4918029010295868 0.03909899059476124 0.040534590681393944
0 0.518547534942627 0.49089041352272034 0.03909899059476124 0.040534590681393944
0 0.4213298559188843 0.4899755120277405 0.03909899059476124 0.040534590681393944
0 0.3238550126552582 0.4890581965446472 0.03909899059476124 0.040534590681393944
0 0.22612197697162628 0.48813846707344055 0.03909899059476124 0.040534590681393944
0 0.8205133676528931 0.5732029676437378 0.03909899059476124 0.040534590681393944
0 0.7200374603271484 0.5723663568496704 0.03909899059476124 0.040534590681393944
0 0.6192857027053833 0.5715274214744568 0.03909899059476124 0.040534590681393944
0 0.5182569622993469 0.5706861615180969 0.03909899059476124 0.040534590681393944
0 0.4169501066207886 0.5698426365852356 0.03909899059476124 0.040534590681393944
0 0.3153640329837799 0.568996787071228 0.03909899059476124 0.040534590681393944
0 0.21349751949310303 0.5681485533714294 0.03909899059476124 0.040534590681393944
0 0.8333931565284729 0.6597332954406738 0.03909899059476124 0.040534590681393944
0 0.7285432815551758 0.6589838862419128 0.03909899059476124 0.040534590681393944
0 0.6233929395675659 0.6582323312759399 0.03909899059476124 0.040534590681393944
0 0.517940878868103 0.6574786305427551 0.03909899059476124 0.040534590681393944
0 0.41218581795692444 0.6567227244377136 0.03909899059476124 0.040534590681393944
0 0.3061263859272003 0.6559646725654602 0.03909899059476124 0.040534590681393944
0 0.19976133108139038 0.6552044749259949 0.03909899059476124 0.040534590681393944
0 0.8474487066268921 0.7541631460189819 0.03909899059476124 0.040534590681393944
0 0.7378267645835876 0.7535207271575928 0.03909899059476124 0.040534590681393944
0 0.6278762817382812 0.7528764009475708 0.03909899059476124 0.040534590681393944
0 0.5175958275794983 0.752230167388916 0.03909899059476124 0.040534590681393944
0 0.4069839417934418 0.7515819668769836 0.03909899059476124 0.040534590681393944
0 0.2960391044616699 0.7509317994117737 0.03909899059476124 0.040534590681393944
0 0.18475981056690216 0.7502797245979309 0.03909899059476124 0.040534590681393944
0 0.8628488183021545 0.8576259016990662 0.03909899059476124 0.040534590681393944
0 0.7479996681213379 0.8571149706840515 0.03909899059476124 0.040534590681393944
0 0.6327897906303406 0.8566023707389832 0.03909899059476124 0.040534590681393944
0 0.5172176361083984 0.8560882210731506 0.03909899059476124 0.040534590681393944
0 0.40128135681152344 0.8555724024772644 0.03909899059476124 0.040534590681393944
0 0.28497928380966187 0.8550549745559692 0.03909899059476124 0.040534590681393944
0 0.16830965876579285 0.8545358777046204 0.03909899059476124 0.040534590681393944