0 0.18029524385929108 0.7838222980499268 0.026720006277577743 0.03794557104508082
0 0.28904297947883606 0.7954663634300232 0.026720006277577743 0.03794557104508082
0 0.39804866909980774 0.8071380853652954 0.026720006277577743 0.03794557104508082
0 0.5073133111000061 0.8188374638557434 0.026720006277577743 0.03794557104508082
0 0.6168376803398132 0.8305647373199463 0.026720006277577743 0.03794557104508082
0 0.7266228795051575 0.842319905757904 0.026720006277577743 0.03794557104508082
0 0.8366697430610657 0.8541030883789062 0.026720006277577743 0.03794557104508082
0 0.19974054396152496 0.6745828986167908 0.026720006277577743 0.03794557104508082
0 0.3049963116645813 0.6857254505157471 0.026720006277577743 0.03794557104508082
0 0.4104937016963959 0.696893572807312 0.026720006277577743 0.03794557104508082
0 0.516233503818512 0.7080873847007751 0.026720006277577743 0.03794557104508082
0 0.6222166419029236 0.7193069458007812 0.026720006277577743 0.03794557104508082
0 0.7284438610076904 0.7305523753166199 0.026720006277577743 0.03794557104508082
0 0.8349161148071289 0.741823673248291 0.026720006277577743 0.03794557104508082
0 0.21796976029872894 0.5721752047538757 0.026720006277577743 0.03794557104508082
0 0.3199508488178253 0.582855224609375 0.026720006277577743 0.03794557104508082
0 0.42215868830680847 0.5935590267181396 0.026720006277577743 0.03794557104508082
0 0.5245940685272217 0.6042866110801697 0.026720006277577743 0.03794557104508082
0 0.6272577047348022 0.6150380969047546 0.026720006277577743 0.03794557104508082
0 0.7301503419876099 0.6258136034011841 0.026720006277577743 0.03794557104508082
0 0.8332728743553162 0.636613130569458 0.026720006277577743 0.03794557104508082
0 0.23509350419044495 0.47597774863243103 0.026720006277577743 0.03794557104508082
0 0.333997517824173 0.4862300157546997 0.026720006277577743 0.03794557104508082
0 0.4331147372722626 0.49650436639785767 0.026720006277577743 0.03794557104508082
0 0.5324459075927734 0.5068008899688721 0.026720006277577743 0.03794557104508082
0 0.6319916844367981 0.5171197056770325 0.026720006277577743 0.03794557104508082
0 0.7317528128623962 0.5274608135223389 0.026720006277577743 0.03794557104508082
0 0.8317299485206604 0.537824273109436 0.026720006277577743 0.03794557104508082
0 0.25120940804481506 0.3854422867298126 0.026720006277577743 0.03794557104508082
0 0.34721657633781433 0.3952978849411011 0.026720006277577743 0.03794557104508082
0 0.44342461228370667 0.4051741361618042 0.026720006277577743 0.03794557104508082
0 0.539834201335907 0.415071040391922 0.026720006277577743 0.03794557104508082
0 0.636445939540863 0.424988716840744 0.026720006277577743 0.03794557104508082
0 0.733260452747345 0.43492719531059265 0.026720006277577743 0.03794557104508082
0 0.8302783966064453 0.44488656520843506 0.026720006277577743 0.03794557104508082
0 0.26640385389328003 0.300083190202713 0.026720006277577743 0.03794557104508082
0 0.35967904329299927 0.3095701038837433 0.026720006277577743 0.03794557104508082
0 0.453143835067749 0.3190762996673584 0.026720006277577743 0.03794557104508082
0 0.5467987656593323 0.3286018371582031 0.026720006277577743 0.03794557104508082
0 0.6406444311141968 0.33814677596092224 0.026720006277577743 0.03794557104508082
0 0.7346814274787903 0.3477111756801605 0.026720006277577743 0.03794557104508082
0 0.8289103507995605 0.35729509592056274 0.026720006277577743 0.03794557104508082
0 0.2807537019252777 0.2194688618183136 0.026720006277577743 0.03794557104508082
0 0.3714480996131897 0.2286122888326645 0.026720006277577743 0.03794557104508082
0 0.4623216986656189 0.23777377605438232 0.026720006277577743 0.03794557104508082
0 0.5533750653266907 0.24695338308811188 0.026720006277577743 0.03794557104508082
0 0.6446086168289185 0.2561511695384979 0.026720006277577743 0.03794557104508082
0 0.7360230088233948 0.26536718010902405 0.026720006277577743 0.03794557104508082
0 0.8276187777519226 0.27460145950317383 0.026720006277577743 0.03794557104508082