0 0.8138973116874695 0.8510633111000061 0.029419348963225882 0.03765676667292913
0 0.7919489145278931 0.725546658039093 0.029419348963225882 0.03765676667292913
0 0.7714769244194031 0.6084732413291931 0.029419348963225882 0.03765676667292913
0 0.7523372769355774 0.4990187883377075 0.029419348963225882 0.03765676667292913
0 0.7344039082527161 0.39646297693252563 0.029419348963225882 0.03765676667292913
0 0.7175663113594055 0.3001735806465149 0.029419348963225882 0.03765676667292913
0 0.7017270922660828 0.20959323644638062 0.029419348963225882 0.03765676667292913
0 0.7040960788726807 0.8496440649032593 0.029419348963225882 0.03765676667292913
0 0.6859987378120422 0.7243809700012207 0.029419348963225882 0.03765676667292913
0 0.6691168546676636 0.6075307726860046 0.029419348963225882 0.03765676667292913
0 0.6533319354057312 0.49827346205711365 0.029419348963225882 0.03765676667292913
0 0.6385404467582703 0.39589226245880127 0.029419348963225882 0.03765676667292913
0 0.6246514916419983 0.29975780844688416 0.029419348963225882 0.03765676667292913
0 0.6115848422050476 0.20931532979011536 0.029419348963225882 0.03765676667292913
0 0.5946643948554993 0.8482295870780945 0.029419348963225882 0.03765676667292913
0 0.5803927779197693 0.723219096660614 0.029419348963225882 0.03765676667292913
0 0.567078173160553 0.6065912842750549 0.029419348963225882 0.03765676667292913
0 0.5546274185180664 0.49753043055534363 0.029419348963225882 0.03765676667292913
0 0.5429590940475464 0.3953231871128082 0.029419348963225882 0.03765676667292913
0 0.5320017337799072 0.29934319853782654 0.029419348963225882 0.03765676667292913
0 0.5216922163963318 0.20903821289539337 0.029419348963225882 0.03765676667292913
0 0.48560038208961487 0.8468199372291565 0.029419348963225882 0.03765676667292913
0 0.4751293361186981 0.7220609784126282 0.029419348963225882 0.03765676667292913
0 0.4653593599796295 0.605654776096344 0.029419348963225882 0.03765676667292913
0 0.4562222957611084 0.4967896342277527 0.029419348963225882 0.03765676667292913
0 0.44765856862068176 0.3947558104991913 0.029419348963225882 0.03765676667292913
0 0.4396158754825592 0.2989298105239868 0.029419348963225882 0.03765676667292913
0 0.43204808235168457 0.20876184105873108 0.029419348963225882 0.03765676667292913
0 0.3769022226333618 0.845414936542511 0.029419348963225882 0.03765676667292913
0 0.3702068030834198 0.7209066152572632 0.029419348963225882 0.03765676667292913
0 0.3639589548110962 0.6047211289405823 0.029419348963225882 0.03765676667292913
0 0.35811522603034973 0.4960511028766632 0.029419348963225882 0.03765676667292913
0 0.3526376783847809 0.39419007301330566 0.029419348963225882 0.03765676667292913
0 0.34749290347099304 0.2985175848007202 0.029419348963225882 0.03765676667292913
0 0.34265148639678955 0.20848624408245087 0.029419348963225882 0.03765676667292913
0 0.2685680687427521 0.8440147042274475 0.029419348963225882 0.03765676667292913
0 0.2656234800815582 0.7197559475898743 0.029419348963225882 0.03765676667292913
0 0.26287543773651123 0.6037904620170593 0.029419348963225882 0.03765676667292913
0 0.26030486822128296 0.4953147768974304 0.029419348963225882 0.03765676667292913
0 0.2578951418399811 0.39362600445747375 0.029419348963225882 0.03765676667292913
0 0.25563159584999084 0.29810652136802673 0.029419348963225882 0.03765676667292913
0 0.25350135564804077 0.20821140706539154 0.029419348963225882 0.03765676667292913
0 0.1605960726737976 0.8426191210746765 0.029419348963225882 0.03765676667292913
0 0.16137775778770447 0.7186090350151062 0.029419348963225882 0.03765676667292913
0 0.16210734844207764 0.6028626561164856 0.029419348963225882 0.03765676667292913
0 0.16278988122940063 0.4945806860923767 0.029419348963225882 0.03765676667292913
0 0.16342978179454803 0.39306360483169556 0.029419348963225882 0.03765676667292913
0 0.16403090953826904 0.29769662022590637 0.029419348963225882 0.03765676667292913
0 0.16459669172763824 0.2079373151063919 0.029419348963225882 0.03765676667292913