0 0.8292189836502075 0.8266125917434692 0.0319843085637937 0.038477363685766854
0 0.8224952816963196 0.6980201601982117 0.0319843085637937 0.038477363685766854
0 0.8164997696876526 0.5833547711372375 0.0319843085637937 0.038477363685766854
0 0.8111202716827393 0.48047009110450745 0.0319843085637937 0.038477363685766854
0 0.8062664270401001 0.3876393437385559 0.0319843085637937 0.038477363685766854
0 0.8018648028373718 0.30345746874809265 0.0319843085637937 0.038477363685766854
0 0.797855019569397 0.22676953673362732 0.0319843085637937 0.038477363685766854
0 0.7181788086891174 0.8111359477043152 0.0319843085637937 0.038477363685766854
0 0.7178146839141846 0.6842377185821533 0.0319843085637937 0.038477363685766854
0 0.7174897789955139 0.5710006952285767 0.0319843085637937 0.038477363685766854
0 0.7171980738639832 0.46933162212371826 0.0319843085637937 0.038477363685766854
0 0.7169347405433655 0.37754395604133606 0.0319843085637937 0.038477363685766854
0 0.7166957855224609 0.2942638695240021 0.0319843085637937 0.038477363685766854
0 0.7164779901504517 0.21836094558238983 0.0319843085637937 0.038477363685766854
0 0.6086187362670898 0.7958655953407288 0.0319843085637937 0.038477363685766854
0 0.6144506335258484 0.6706286072731018 0.0319843085637937 0.038477363685766854
0 0.619658350944519 0.5587937235832214 0.0319843085637937 0.038477363685766854
0 0.6243371367454529 0.4583190083503723 0.0319843085637937 0.038477363685766854
0 0.6285635828971863 0.3675571084022522 0.0319843085637937 0.038477363685766854
0 0.6324003338813782 0.28516459465026855 0.0319843085637937 0.038477363685766854
0 0.6358988881111145 0.2100348174571991 0.0319843085637937 0.038477363685766854
0 0.50050950050354 0.7807974815368652 0.0319843085637937 0.038477363685766854
0 0.5123783349990845 0.6571895480155945 0.0319843085637937 0.038477363685766854
0 0.5229845643043518 0.5467312335968018 0.0319843085637937 0.038477363685766854
0 0.532519519329071 0.4474301040172577 0.0319843085637937 0.038477363685766854
0 0.5411376357078552 0.35767707228660583 0.0319843085637937 0.038477363685766854
0 0.5489650964736938 0.2761581540107727 0.0319843085637937 0.038477363685766854
0 0.5561059713363647 0.20178991556167603 0.0319843085637937 0.038477363685766854
0 0.3938223123550415 0.7659275531768799 0.0319843085637937 0.038477363685766854
0 0.4115738272666931 0.643917441368103 0.0319843085637937 0.038477363685766854
0 0.42744800448417664 0.5348105430603027 0.0319843085637937 0.038477363685766854
0 0.44172772765159607 0.436662882566452 0.0319843085637937 0.038477363685766854
0 0.4546416997909546 0.3479021489620209 0.0319843085637937 0.038477363685766854
0 0.4663769602775574 0.2672431468963623 0.0319843085637937 0.038477363685766854
0 0.4770877957344055 0.1936250776052475 0.0319843085637937 0.038477363685766854
0 0.2885294258594513 0.7512519359588623 0.0319843085637937 0.038477363685766854
0 0.3120135962963104 0.6308091282844543 0.0319843085637937 0.038477363685766854
0 0.3330287039279938 0.5230293273925781 0.0319843085637937 0.038477363685766854
0 0.3519446849822998 0.42601528763771057 0.0319843085637937 0.038477363685766854
0 0.36906108260154724 0.3382306694984436 0.0319843085637937 0.038477363685766854
0 0.38462308049201965 0.2584182024002075 0.0319843085637937 0.038477363685766854
0 0.39883318543434143 0.1855391263961792 0.0319843085637937 0.038477363685766854
0 0.18460363149642944 0.7367668747901917 0.0319843085637937 0.038477363685766854
0 0.21367475390434265 0.6178616285324097 0.0319843085637937 0.038477363685766854
0 0.23970717191696167 0.5113850831985474 0.0319843085637937 0.038477363685766854
0 0.26315367221832275 0.41548532247543335 0.0319843085637937 0.038477363685766854
0 0.28438133001327515 0.3286609649658203 0.0319843085637937 0.038477363685766854
0 0.30369091033935547 0.2496819794178009 0.0319843085637937 0.038477363685766854
0 0.32133108377456665 0.1775309294462204 0.0319843085637937 0.038477363685766854