0 0.16908328235149384 0.8492315411567688 0.030564414544237983 0.03781164685885111
0 0.27812865376472473 0.847872257232666 0.030564414544237983 0.03781164685885111
0 0.3871491849422455 0.8465133309364319 0.030564414544237983 0.03781164685885111
0 0.4961448609828949 0.8451547026634216 0.030564414544237983 0.03781164685885111
0 0.6051157116889954 0.8437963724136353 0.030564414544237983 0.03781164685885111
0 0.7140616774559021 0.8424383401870728 0.030564414544237983 0.03781164685885111
0 0.8229828476905823 0.8410806059837341 0.030564414544237983 0.03781164685885111
0 0.17765125632286072 0.7217355966567993 0.030564414544237983 0.03781164685885111
0 0.2825842797756195 0.7204415798187256 0.030564414544237983 0.03781164685885111
0 0.387494295835495 0.719147801399231 0.030564414544237983 0.03781164685885111
0 0.4923813045024872 0.7178543210029602 0.030564414544237983 0.03781164685885111
0 0.5972453355789185 0.7165611982345581 0.030564414544237983 0.03781164685885111
0 0.702086329460144 0.7152682542800903 0.030564414544237983 0.03781164685885111
0 0.8069043159484863 0.7139756679534912 0.030564414544237983 0.03781164685885111
0 0.1855965554714203 0.6035054326057434 0.030564414544237983 0.03781164685885111
0 0.28671613335609436 0.6022709012031555 0.030564414544237983 0.03781164685885111
0 0.38781434297561646 0.6010366678237915 0.030564414544237983 0.03781164685885111
0 0.4888911843299866 0.5998026728630066 0.030564414544237983 0.03781164685885111
0 0.5899466872215271 0.5985689163208008 0.030564414544237983 0.03781164685885111
0 0.6909807920455933 0.5973354578018188 0.030564414544237983 0.03781164685885111
0 0.7919935584068298 0.596102237701416 0.030564414544237983 0.03781164685885111
0 0.1929846853017807 0.4935663640499115 0.030564414544237983 0.03781164685885111
0 0.2905582785606384 0.4923863410949707 0.030564414544237983 0.03781164685885111
0 0.38811197876930237 0.491206556558609 0.030564414544237983 0.03781164685885111
0 0.48564574122428894 0.4900270104408264 0.030564414544237983 0.03781164685885111
0 0.5831596255302429 0.4888477325439453 0.030564414544237983 0.03781164685885111
0 0.6806536912918091 0.4876686632633209 0.030564414544237983 0.03781164685885111
0 0.7781277894973755 0.486489862203598 0.030564414544237983 0.03781164685885111
0 0.1998722404241562 0.3910757899284363 0.030564414544237983 0.03781164685885111
0 0.29414013028144836 0.3899458646774292 0.030564414544237983 0.03781164685885111
0 0.3883894085884094 0.38881614804267883 0.030564414544237983 0.03781164685885111
0 0.48262012004852295 0.3876866400241852 0.030564414544237983 0.03781164685885111
0 0.5768322944641113 0.38655734062194824 0.030564414544237983 0.03781164685885111
0 0.6710258722305298 0.3854283094406128 0.030564414544237983 0.03781164685885111
0 0.7652009129524231 0.38429945707321167 0.030564414544237983 0.03781164685885111
0 0.20630845427513123 0.295301616191864 0.030564414544237983 0.03781164685885111
0 0.2974872589111328 0.2942177951335907 0.030564414544237983 0.03781164685885111
0 0.3886486887931824 0.2931342124938965 0.030564414544237983 0.03781164685885111
0 0.4797927439212799 0.292050838470459 0.030564414544237983 0.03781164685885111
0 0.570919394493103 0.2909676432609558 0.030564414544237983 0.03781164685885111
0 0.6620287299156189 0.28988468647003174 0.030564414544237983 0.03781164685885111
0 0.7531206607818604 0.288801908493042 0.030564414544237983 0.03781164685885111
0 0.21233628690242767 0.20560449361801147 0.030564414544237983 0.03781164685885111
0 0.30062204599380493 0.20456336438655853 0.030564414544237983 0.03781164685885111
0 0.3888915181159973 0.20352241396903992 0.030564414544237983 0.03781164685885111
0 0.47714468836784363 0.20248165726661682 0.030564414544237983 0.03781164685885111
0 0.5653815865516663 0.20144110918045044 0.030564414544237983 0.03781164685885111
0 0.6536021828651428 0.20040073990821838 0.030564414544237983 0.03781164685885111
0 0.7418065071105957 0.19936056435108185 0.030564414544237983 0.03781164685885111