0 0.7575223445892334 0.19393998384475708 0.029454553391163547 0.03852366656064987
0 0.6775052547454834 0.19083888828754425 0.029454553391163547 0.03852366656064987
0 0.597854733467102 0.18775199353694916 0.029454553391163547 0.03852366656064987
0 0.518568217754364 0.18467921018600464 0.029454553391163547 0.03852366656064987
0 0.4396432936191559 0.18162044882774353 0.029454553391163547 0.03852366656064987
0 0.3610773980617523 0.17857559025287628 0.029454553391163547 0.03852366656064987
0 0.2828681468963623 0.17554455995559692 0.029454553391163547 0.03852366656064987
0 0.7662959098815918 0.2745717167854309 0.029454553391163547 0.03852366656064987
0 0.6824740767478943 0.27113011479377747 0.029454553391163547 0.03852366656064987
0 0.5990542769432068 0.2677050530910492 0.029454553391163547 0.03852366656064987
0 0.5160337686538696 0.26429635286331177 0.029454553391163547 0.03852366656064987
0 0.43340951204299927 0.260903924703598 0.029454553391163547 0.03852366656064987
0 0.3511787950992584 0.2575276792049408 0.029454553391163547 0.03852366656064987
0 0.26933881640434265 0.25416746735572815 0.029454553391163547 0.03852366656064987
0 0.7759425640106201 0.3632276654243469 0.029454553391163547 0.03852366656064987
0 0.6879360675811768 0.35939154028892517 0.029454553391163547 0.03852366656064987
0 0.6003726124763489 0.35557472705841064 0.029454553391163547 0.03852366656064987
0 0.5132489204406738 0.3517770767211914 0.029454553391163547 0.03852366656064987
0 0.4265615940093994 0.3479984402656555 0.029454553391163547 0.03852366656064987
0 0.34030744433403015 0.3442386984825134 0.029454553391163547 0.03852366656064987
0 0.2544831931591034 0.3404976725578308 0.029454553391163547 0.03852366656064987
0 0.7865995764732361 0.4611683785915375 0.029454553391163547 0.03852366656064987
0 0.6939685940742493 0.4568718373775482 0.029454553391163547 0.03852366656064987
0 0.6018283367156982 0.45259806513786316 0.029454553391163547 0.03852366656064987
0 0.5101747512817383 0.4483468532562256 0.029454553391163547 0.03852366656064987
0 0.41900405287742615 0.44411805272102356 0.029454553391163547 0.03852366656064987
0 0.328312486410141 0.43991145491600037 0.029454553391163547 0.03852366656064987
0 0.238096222281456 0.43572691082954407 0.029454553391163547 0.03852366656064987
0 0.798434317111969 0.5699330568313599 0.029454553391163547 0.03852366656064987
0 0.7006659507751465 0.5650950074195862 0.029454553391163547 0.03852366656064987
0 0.60344398021698 0.5602840185165405 0.029454553391163547 0.03852366656064987
0 0.5067636966705322 0.5554998517036438 0.029454553391163547 0.03852366656064987
0 0.4106205999851227 0.5507422685623169 0.029454553391163547 0.03852366656064987
0 0.31501027941703796 0.5460110306739807 0.029454553391163547 0.03852366656064987
0 0.21992827951908112 0.5413059592247009 0.029454553391163547 0.03852366656064987
0 0.8116534352302551 0.69142085313797 0.029454553391163547 0.03852366656064987
0 0.70814448595047 0.6859405040740967 0.029454553391163547 0.03852366656064987
0 0.6052474975585938 0.6804925203323364 0.029454553391163547 0.03852366656064987
0 0.5029571056365967 0.6750766634941101 0.029454553391163547 0.03852366656064987
0 0.40126797556877136 0.6696926355361938 0.029454553391163547 0.03852366656064987
0 0.3001747727394104 0.6643401980400085 0.029454553391163547 0.03852366656064987
0 0.19967232644557953 0.6590190529823303 0.029454553391163547 0.03852366656064987
0 0.8265150189399719 0.8280030488967896 0.029454553391163547 0.03852366656064987
0 0.7165491580963135 0.8217532634735107 0.029454553391163547 0.03852366656064987
0 0.6072736978530884 0.8155426979064941 0.029454553391163547 0.03852366656064987
0 0.49868202209472656 0.8093709945678711 0.029454553391163547 0.03852366656064987
0 0.39076781272888184 0.803237795829773 0.029454553391163547 0.03852366656064987
0 0.28352469205856323 0.797142744064331 0.029454553391163547 0.03852366656064987
0 0.1769464612007141 0.7910854816436768 0.029454553391163547 0.03852366656064987