0 0.17942561209201813 0.7414530515670776 0.029831846865514912 0.03870077431201935
0 0.2799002528190613 0.7529122829437256 0.029831846865514912 0.03870077431201935
0 0.3830775022506714 0.7646797895431519 0.029831846865514912 0.03870077431201935
0 0.48906782269477844 0.7767680883407593 0.029831846865514912 0.03870077431201935
0 0.5979878902435303 0.7891905307769775 0.029831846865514912 0.03870077431201935
0 0.7099608778953552 0.8019611835479736 0.029831846865514912 0.03870077431201935
0 0.8251169919967651 0.8150948286056519 0.029831846865514912 0.03870077431201935
0 0.21113178133964539 0.6183841228485107 0.029831846865514912 0.03870077431201935
0 0.30600613355636597 0.6276237964630127 0.029831846865514912 0.03870077431201935
0 0.4032782018184662 0.6370969414710999 0.029831846865514912 0.03870077431201935
0 0.503040075302124 0.6468126177787781 0.029831846865514912 0.03870077431201935
0 0.6053885817527771 0.6567801237106323 0.029831846865514912 0.03870077431201935
0 0.7104255557060242 0.6670095324516296 0.029831846865514912 0.03870077431201935
0 0.8182584643363953 0.6775112152099609 0.029831846865514912 0.03870077431201935
0 0.2393084168434143 0.5090152025222778 0.029831846865514912 0.03870077431201935
0 0.32917168736457825 0.516446590423584 0.029831846865514912 0.03870077431201935
0 0.42117661237716675 0.5240551233291626 0.029831846865514912 0.03870077431201935
0 0.5154006481170654 0.5318471789360046 0.029831846865514912 0.03870077431201935
0 0.6119251847267151 0.539829432964325 0.029831846865514912 0.03870077431201935
0 0.710835337638855 0.5480089783668518 0.029831846865514912 0.03870077431201935
0 0.8122208118438721 0.5563932657241821 0.029831846865514912 0.03870077431201935
0 0.2645137906074524 0.4111793041229248 0.029831846865514912 0.03870077431201935
0 0.34986716508865356 0.41712385416030884 0.029831846865514912 0.03870077431201935
0 0.43714502453804016 0.42320242524147034 0.029831846865514912 0.03870077431201935
0 0.5264132618904114 0.429419606924057 0.029831846865514912 0.03870077431201935
0 0.6177406907081604 0.43578019738197327 0.029831846865514912 0.03870077431201935
0 0.7111994028091431 0.442289263010025 0.029831846865514912 0.03870077431201935
0 0.806864857673645 0.44895198941230774 0.029831846865514912 0.03870077431201935
0 0.2871943712234497 0.3231435716152191 0.029831846865514912 0.03870077431201935
0 0.36846765875816345 0.3278554677963257 0.029831846865514912 0.03870077431201935
0 0.4514797031879425 0.33266815543174744 0.029831846865514912 0.03870077431201935
0 0.5362869501113892 0.3375849425792694 0.029831846865514912 0.03870077431201935
0 0.622948169708252 0.3426092267036438 0.029831846865514912 0.03870077431201935
0 0.7115249633789062 0.34774455428123474 0.029831846865514912 0.03870077431201935
0 0.8020814061164856 0.3529946506023407 0.029831846865514912 0.03870077431201935
0 0.3077114224433899 0.24350568652153015 0.029831846865514912 0.03870077431201935
0 0.3852759599685669 0.24718831479549408 0.029831846865514912 0.03870077431201935
0 0.4644191265106201 0.25094589591026306 0.029831846865514912 0.03870077431201935
0 0.5451896786689758 0.25478073954582214 0.029831846865514912 0.03870077431201935
0 0.6276382803916931 0.2586952745914459 0.029831846865514912 0.03870077431201935
0 0.7118178009986877 0.2626919746398926 0.029831846865514912 0.03870077431201935
0 0.7977833151817322 0.2667734622955322 0.029831846865514912 0.03870077431201935
0 0.32636040449142456 0.17111875116825104 0.029831846865514912 0.03870077431201935
0 0.4005391597747803 0.1739364117383957 0.029831846865514912 0.03870077431201935
0 0.4761575758457184 0.17680877447128296 0.029831846865514912 0.03870077431201935
0 0.5532580018043518 0.1797374188899994 0.029831846865514912 0.03870077431201935
0 0.6318844556808472 0.1827240288257599 0.029831846865514912 0.03870077431201935
0 0.7120826840400696 0.18577034771442413 0.029831846865514912 0.03870077431201935
0 0.7939003109931946 0.1888781636953354 0.029831846865514912 0.03870077431201935