0 0.6309592723846436 0.28131091594696045 0.018409532960504297 0.03272805859645208
0 0.5865886807441711 0.2734018862247467 0.018409532960504297 0.03272805859645208
0 0.5407337546348572 0.2652282416820526 0.018409532960504297 0.03272805859645208
0 0.4933186173439026 0.25677651166915894 0.018409532960504297 0.03272805859645208
0 0.4442623257637024 0.24803222715854645 0.018409532960504297 0.03272805859645208
0 0.3934781551361084 0.23897995054721832 0.018409532960504297 0.03272805859645208
0 0.34087318181991577 0.2296031266450882 0.018409532960504297 0.03272805859645208
0 0.6414092779159546 0.33968475461006165 0.018409532960504297 0.03272805859645208
0 0.5946146845817566 0.3323279619216919 0.018409532960504297 0.03272805859645208
0 0.5461609363555908 0.32471033930778503 0.018409532960504297 0.03272805859645208
0 0.4959583580493927 0.3168177604675293 0.018409532960504297 0.03272805859645208
0 0.4439104199409485 0.30863508582115173 0.018409532960504297 0.03272805859645208
0 0.38991352915763855 0.3001459836959839 0.018409532960504297 0.03272805859645208
0 0.33385607600212097 0.2913329303264618 0.018409532960504297 0.03272805859645208
0 0.6531397700309753 0.4052112400531769 0.018409532960504297 0.03272805859645208
0 0.6036422252655029 0.3986079692840576 0.018409532960504297 0.03272805859645208
0 0.5522782802581787 0.39175570011138916 0.018409532960504297 0.03272805859645208
0 0.49894022941589355 0.384640097618103 0.018409532960504297 0.03272805859645208
0 0.44351205229759216 0.37724563479423523 0.018409532960504297 0.03272805859645208
0 0.38586845993995667 0.36955562233924866 0.018409532960504297 0.03272805859645208
0 0.3258739113807678 0.36155200004577637 0.018409532960504297 0.03272805859645208
0 0.6664013862609863 0.47929075360298157 0.018409532960504297 0.03272805859645208
0 0.6138714551925659 0.4737101197242737 0.018409532960504297 0.03272805859645208
0 0.5592262148857117 0.4679047763347626 0.018409532960504297 0.03272805859645208
0 0.5023353099822998 0.46186086535453796 0.018409532960504297 0.03272805859645208
0 0.4430573284626007 0.45556333661079407 0.018409532960504297 0.03272805859645208
0 0.3812388479709625 0.4489959180355072 0.018409532960504297 0.03272805859645208
0 0.31671297550201416 0.4421408772468567 0.018409532960504297 0.03272805859645208
0 0.6815148591995239 0.563714861869812 0.018409532960504297 0.03272805859645208
0 0.6255592703819275 0.5595214366912842 0.018409532960504297 0.03272805859645208
0 0.5671862959861755 0.5551468133926392 0.018409532960504297 0.03272805859645208
0 0.5062358379364014 0.5505790710449219 0.018409532960504297 0.03272805859645208
0 0.44253334403038025 0.5458050966262817 0.018409532960504297 0.03272805859645208
0 0.37588807940483093 0.5408105254173279 0.018409532960504297 0.03272805859645208
0 0.30609130859375 0.5355798006057739 0.018409532960504297 0.03272805859645208
0 0.6988972425460815 0.66081303358078 0.018409532960504297 0.03272805859645208
0 0.6390416622161865 0.65850830078125 0.018409532960504297 0.03272805859645208
0 0.5763970613479614 0.6560962200164795 0.018409532960504297 0.03272805859645208
0 0.5107638835906982 0.6535691022872925 0.018409532960504297 0.03272805859645208
0 0.44192302227020264 0.6509184241294861 0.018409532960504297 0.03272805859645208
0 0.36963340640068054 0.6481349468231201 0.018409532960504297 0.03272805859645208
0 0.2936292886734009 0.645208477973938 0.018409532960504297 0.03272805859645208
0 0.7191009521484375 0.7736708521842957 0.018409532960504297 0.03272805859645208
0 0.654766321182251 0.7739576697349548 0.018409532960504297 0.03272805859645208
0 0.5871784090995789 0.7742589712142944 0.018409532960504297 0.03272805859645208
0 0.5160840153694153 0.7745758891105652 0.018409532960504297 0.03272805859645208
0 0.4412030875682831 0.7749096751213074 0.018409532960504297 0.03272805859645208
0 0.3622247278690338 0.7752617597579956 0.018409532960504297 0.03272805859645208
0 0.2788032293319702 0.7756336331367493 0.018409532960504297 0.03272805859645208