0 0.7318690419197083 0.1541348099708557 0.02031968118002017 0.03410296142101288
0 0.6593921184539795 0.1543678343296051 0.02031968118002017 0.03410296142101288
0 0.5871619582176208 0.15460006892681122 0.02031968118002017 0.03410296142101288
0 0.5151771903038025 0.15483151376247406 0.02031968118002017 0.03410296142101288
0 0.44343671202659607 0.15506216883659363 0.02031968118002017 0.03410296142101288
0 0.37193918228149414 0.15529203414916992 0.02031968118002017 0.03410296142101288
0 0.3006834089756012 0.15552113950252533 0.02031968118002017 0.03410296142101288
0 0.7402753233909607 0.23412562906742096 0.02031968118002017 0.03410296142101288
0 0.6649167537689209 0.2342260777950287 0.02031968118002017 0.03410296142101288
0 0.5898248553276062 0.23432618379592896 0.02031968118002017 0.03410296142101288
0 0.514998197555542 0.23442594707012177 0.02031968118002017 0.03410296142101288
0 0.44043537974357605 0.23452533781528473 0.02031968118002017 0.03410296142101288
0 0.36613500118255615 0.23462438583374023 0.02031968118002017 0.03410296142101288
0 0.29209572076797485 0.23472309112548828 0.02031968118002017 0.03410296142101288
0 0.7493752837181091 0.3207171559333801 0.02031968118002017 0.03410296142101288
0 0.6708964109420776 0.3206619620323181 0.02031968118002017 0.03410296142101288
0 0.5927066802978516 0.32060694694519043 0.02031968118002017 0.03410296142101288
0 0.514804482460022 0.32055217027664185 0.02031968118002017 0.03410296142101288
0 0.43718817830085754 0.3204975724220276 0.02031968118002017 0.03410296142101288
0 0.3598562777042389 0.32044315338134766 0.02031968118002017 0.03410296142101288
0 0.2828071713447571 0.3203889727592468 0.02031968118002017 0.03410296142101288
0 0.759258508682251 0.41476157307624817 0.02031968118002017 0.03410296142101288
0 0.6773898005485535 0.41452300548553467 0.02031968118002017 0.03410296142101288
0 0.5958356261253357 0.4142853319644928 0.02031968118002017 0.03410296142101288
0 0.5145941376686096 0.41404858231544495 0.02031968118002017 0.03410296142101288
0 0.43366363644599915 0.4138127267360687 0.02031968118002017 0.03410296142101288
0 0.35304227471351624 0.4135777950286865 0.02031968118002017 0.03410296142101288
0 0.2727283239364624 0.41334372758865356 0.02031968118002017 0.03410296142101288
0 0.7700306177139282 0.5172643661499023 0.02031968118002017 0.03410296142101288
0 0.6844659447669983 0.5168089866638184 0.02031968118002017 0.03410296142101288
0 0.5992448329925537 0.5163553357124329 0.02031968118002017 0.03410296142101288
0 0.5143650770187378 0.5159035921096802 0.02031968118002017 0.03410296142101288
0 0.4298246502876282 0.515453577041626 0.02031968118002017 0.03410296142101288
0 0.3456215560436249 0.5150054097175598 0.02031968118002017 0.03410296142101288
0 0.26175379753112793 0.5145590305328369 0.02031968118002017 0.03410296142101288
0 0.7818171381950378 0.6294204592704773 0.02031968118002017 0.03410296142101288
0 0.6922071576118469 0.6287074685096741 0.02031968118002017 0.03410296142101288
0 0.6029737591743469 0.6279974579811096 0.02031968118002017 0.03410296142101288
0 0.514114499092102 0.6272904276847839 0.02031968118002017 0.03410296142101288
0 0.4256271421909332 0.626586377620697 0.02031968118002017 0.03410296142101288
0 0.33750927448272705 0.6258852481842041 0.02031968118002017 0.03410296142101288
0 0.24975866079330444 0.62518709897995 0.02031968118002017 0.03410296142101288
0 0.7947685718536377 0.7526607513427734 0.02031968118002017 0.03410296142101288
0 0.700711727142334 0.7516403198242188 0.02031968118002017 0.03410296142101288
0 0.6070695519447327 0.7506243586540222 0.02031968118002017 0.03410296142101288
0 0.5138393640518188 0.7496129274368286 0.02031968118002017 0.03410296142101288
0 0.42101842164993286 0.7486059069633484 0.02031968118002017 0.03410296142101288
0 0.3286040723323822 0.7476032972335815 0.02031968118002017 0.03410296142101288
0 0.2365935891866684 0.7466050386428833 0.02031968118002017 0.03410296142101288