0 0.29522034525871277 0.6467477679252625 0.02049112506210804 0.02732150008281072
0 0.37177717685699463 0.64567631483078 0.02049112506210804 0.02732150008281072
0 0.4489242732524872 0.6445965766906738 0.02049112506210804 0.02732150008281072
0 0.5266685485839844 0.6435085535049438 0.02049112506210804 0.02732150008281072
0 0.6050169467926025 0.642412006855011 0.02049112506210804 0.02732150008281072
0 0.6839765310287476 0.6413069367408752 0.02049112506210804 0.02732150008281072
0 0.7635545134544373 0.6401932239532471 0.02049112506210804 0.02732150008281072
0 0.3047538697719574 0.5584127306938171 0.02049112506210804 0.02732150008281072
0 0.3779008090496063 0.5570655465126038 0.02049112506210804 0.02732150008281072
0 0.4515863060951233 0.5557084083557129 0.02049112506210804 0.02732150008281072
0 0.5258163213729858 0.554341197013855 0.02049112506210804 0.02732150008281072
0 0.6005969047546387 0.55296391248703 0.02049112506210804 0.02732150008281072
0 0.6759341955184937 0.5515763163566589 0.02049112506210804 0.02732150008281072
0 0.7518344521522522 0.5501784086227417 0.02049112506210804 0.02732150008281072
0 0.3134692311286926 0.4776584506034851 0.02049112506210804 0.02732150008281072
0 0.38349711894989014 0.4760858118534088 0.02049112506210804 0.02732150008281072
0 0.4540182948112488 0.4745020866394043 0.02049112506210804 0.02732150008281072
0 0.5250380039215088 0.472907155752182 0.02049112506210804 0.02732150008281072
0 0.5965615510940552 0.4713009297847748 0.02049112506210804 0.02732150008281072
0 0.6685943007469177 0.4696832597255707 0.02049112506210804 0.02732150008281072
0 0.741141676902771 0.46805405616760254 0.02049112506210804 0.02732150008281072
0 0.32146742939949036 0.4035491645336151 0.02049112506210804 0.02732150008281072
0 0.38863134384155273 0.40179207921028137 0.02049112506210804 0.02732150008281072
0 0.45624879002571106 0.40002310276031494 0.02049112506210804 0.02732150008281072
0 0.524324357509613 0.39824217557907104 0.02049112506210804 0.02732150008281072
0 0.5928627252578735 0.39644911885261536 0.02049112506210804 0.02732150008281072
0 0.6618686318397522 0.3946438431739807 0.02049112506210804 0.02732150008281072
0 0.7313469052314758 0.3928261995315552 0.02049112506210804 0.02732150008281072
0 0.32883352041244507 0.3352971076965332 0.02049112506210804 0.02732150008281072
0 0.3933584988117218 0.33338913321495056 0.02049112506210804 0.02732150008281072
0 0.458301842212677 0.33146876096725464 0.02049112506210804 0.02732150008281072
0 0.5236676931381226 0.32953590154647827 0.02049112506210804 0.02732150008281072
0 0.5894600749015808 0.3275904357433319 0.02049112506210804 0.02732150008281072
0 0.6556832790374756 0.325632244348526 0.02049112506210804 0.02732150008281072
0 0.7223415374755859 0.3236611783504486 0.02049112506210804 0.02732150008281072
0 0.3356395363807678 0.2722342908382416 0.02049112506210804 0.02732150008281072
0 0.39772510528564453 0.2702030539512634 0.02049112506210804 0.02732150008281072
0 0.4601978659629822 0.2681591212749481 0.02049112506210804 0.02732150008281072
0 0.5230613946914673 0.2661024332046509 0.02049112506210804 0.02732150008281072
0 0.5863193869590759 0.26403284072875977 0.02049112506210804 0.02732150008281072
0 0.649975597858429 0.26195019483566284 0.02049112506210804 0.02732150008281072
0 0.7140337824821472 0.25985440611839294 0.02049112506210804 0.02732150008281072
0 0.3419470489025116 0.21379058063030243 0.02049112506210804 0.02732150008281072
0 0.4017709493637085 0.21165895462036133 0.02049112506210804 0.02732150008281072
0 0.46195414662361145 0.2095145434141159 0.02049112506210804 0.02732150008281072
0 0.5224999189376831 0.20735719799995422 0.02049112506210804 0.02732150008281072
0 0.5834115147590637 0.20518682897090912 0.02049112506210804 0.02732150008281072
0 0.6446923017501831 0.20300330221652985 0.02049112506210804 0.02732150008281072
0 0.7063456177711487 0.20080649852752686 0.02049112506210804 0.02732150008281072