0 0.16113196313381195 0.6560263633728027 0.029591619968414307 0.029591619968414307
0 0.24304285645484924 0.6620250344276428 0.029591619968414307 0.029591619968414307
0 0.32663488388061523 0.6681468486785889 0.029591619968414307 0.029591619968414307
0 0.4119603633880615 0.6743956208229065 0.029591619968414307 0.029591619968414307
0 0.4990737736225128 0.6807753443717957 0.029591619968414307 0.029591619968414307
0 0.5880318880081177 0.6872901320457458 0.029591619968414307 0.029591619968414307
0 0.6788939833641052 0.6939443945884705 0.029591619968414307 0.029591619968414307
0 0.17598827183246613 0.572710394859314 0.029591619968414307 0.029591619968414307
0 0.2561017870903015 0.5777404308319092 0.029591619968414307 0.029591619968414307
0 0.3378201127052307 0.5828712582588196 0.029591619968414307 0.029591619968414307
0 0.4211919903755188 0.5881059169769287 0.029591619968414307 0.029591619968414307
0 0.5062681436538696 0.5934475660324097 0.029591619968414307 0.029591619968414307
0 0.5931012630462646 0.5988995432853699 0.029591619968414307 0.029591619968414307
0 0.6817464828491211 0.6044652462005615 0.029591619968414307 0.029591619968414307
0 0.19016212224960327 0.4932217001914978 0.029591619968414307 0.029591619968414307
0 0.2685549855232239 0.4973651170730591 0.029591619968414307 0.029591619968414307
0 0.3484814763069153 0.5015895962715149 0.029591619968414307 0.029591619968414307
0 0.42998698353767395 0.5058975219726562 0.029591619968414307 0.029591619968414307
0 0.5131187438964844 0.5102914571762085 0.029591619968414307 0.029591619968414307
0 0.5979260206222534 0.5147739052772522 0.029591619968414307 0.029591619968414307
0 0.684459924697876 0.519347608089447 0.029591619968414307 0.029591619968414307
0 0.20369946956634521 0.41730251908302307 0.029591619968414307 0.029591619968414307
0 0.2804436981678009 0.4206332862377167 0.029591619968414307 0.029591619968414307
0 0.3586549162864685 0.4240277409553528 0.029591619968414307 0.029591619968414307
0 0.4383755624294281 0.42748770117759705 0.029591619968414307 0.029591619968414307
0 0.5196498036384583 0.43101510405540466 0.029591619968414307 0.029591619968414307
0 0.6025234460830688 0.43461188673973083 0.029591619968414307 0.029591619968414307
0 0.6870442628860474 0.4382801949977875 0.029591619968414307 0.029591619968414307
0 0.21664227545261383 0.34471771121025085 0.029591619968414307 0.029591619968414307
0 0.2918054163455963 0.34730273485183716 0.029591619968414307 0.029591619968414307
0 0.36837318539619446 0.34993603825569153 0.029591619968414307 0.029591619968414307
0 0.44638532400131226 0.3526190519332886 0.029591619968414307 0.029591619968414307
0 0.5258830785751343 0.35535314679145813 0.029591619968414307 0.029591619968414307
0 0.6069092750549316 0.3581398129463196 0.029591619968414307 0.029591619968414307
0 0.6895084977149963 0.3609805703163147 0.029591619968414307 0.029591619968414307
0 0.2290288507938385 0.2752522826194763 0.029591619968414307 0.029591619968414307
0 0.30267444252967834 0.2771521508693695 0.029591619968414307 0.029591619968414307
0 0.377666175365448 0.279086709022522 0.029591619968414307 0.029591619968414307
0 0.4540413022041321 0.2810569703578949 0.029591619968414307 0.029591619968414307
0 0.5318384766578674 0.2830639183521271 0.029591619968414307 0.029591619968414307
0 0.6110977530479431 0.2851085960865021 0.029591619968414307 0.029591619968414307
0 0.6918607950210571 0.28719204664230347 0.029591619968414307 0.029591619968414307
0 0.24089428782463074 0.20870943367481232 0.029591619968414307 0.029591619968414307
0 0.31308212876319885 0.2099791020154953 0.029591619968414307 0.029591619968414307
0 0.38656118512153625 0.2112714797258377 0.029591619968414307 0.029591619968414307
0 0.4613664746284485 0.2125871777534485 0.029591619968414307 0.029591619968414307
0 0.5375341773033142 0.21392685174942017 0.029591619968414307 0.029591619968414307
0 0.6151019334793091 0.21529114246368408 0.029591619968414307 0.029591619968414307
0 0.6941086053848267 0.21668073534965515 0.029591619968414307 0.029591619968414307