0 0.6751004457473755 0.15432795882225037 0.025115858763456345 0.03348781168460846
0 0.6074590682983398 0.15799584984779358 0.025115858763456345 0.03348781168460846
0 0.5397753715515137 0.16166602075099945 0.025115858763456345 0.03348781168460846
0 0.4720492660999298 0.16533850133419037 0.025115858763456345 0.03348781168460846
0 0.40428081154823303 0.16901327669620514 0.025115858763456345 0.03348781168460846
0 0.3364698886871338 0.17269034683704376 0.025115858763456345 0.03348781168460846
0 0.2686164975166321 0.17636972665786743 0.025115858763456345 0.03348781168460846
0 0.6868056654930115 0.21908870339393616 0.025115858763456345 0.03348781168460846
0 0.615881085395813 0.22295606136322021 0.025115858763456345 0.03348781168460846
0 0.5449099540710449 0.22682595252990723 0.025115858763456345 0.03348781168460846
0 0.4738922417163849 0.2306983917951584 0.025115858763456345 0.03348781168460846
0 0.4028278887271881 0.2345733791589737 0.025115858763456345 0.03348781168460846
0 0.331716924905777 0.23845089972019196 0.025115858763456345 0.03348781168460846
0 0.26055920124053955 0.24233096837997437 0.025115858763456345 0.03348781168460846
0 0.6997061967849731 0.29046276211738586 0.025115858763456345 0.03348781168460846
0 0.6251633763313293 0.2945522367954254 0.025115858763456345 0.03348781168460846
0 0.5505692362785339 0.2986445426940918 0.025115858763456345 0.03348781168460846
0 0.4759235680103302 0.302739679813385 0.025115858763456345 0.03348781168460846
0 0.4012264311313629 0.30683764815330505 0.025115858763456345 0.03348781168460846
0 0.3264777362346649 0.31093844771385193 0.025115858763456345 0.03348781168460846
0 0.25167742371559143 0.31504207849502563 0.025115858763456345 0.03348781168460846
0 0.7139949798583984 0.36951762437820435 0.025115858763456345 0.03348781168460846
0 0.6354449987411499 0.37385594844818115 0.025115858763456345 0.03348781168460846
0 0.5568379759788513 0.37819743156433105 0.025115858763456345 0.03348781168460846
0 0.47817376255989075 0.38254207372665405 0.025115858763456345 0.03348781168460846
0 0.3994523584842682 0.38688987493515015 0.025115858763456345 0.03348781168460846
0 0.32067370414733887 0.39124083518981934 0.025115858763456345 0.03348781168460846
0 0.24183772504329681 0.3955949544906616 0.025115858763456345 0.03348781168460846
0 0.7299088835716248 0.45756369829177856 0.025115858763456345 0.03348781168460846
0 0.6468964219093323 0.4621826410293579 0.025115858763456345 0.03348781168460846
0 0.5638202428817749 0.466805100440979 0.025115858763456345 0.03348781168460846
0 0.4806801676750183 0.4714311361312866 0.025115858763456345 0.03348781168460846
0 0.3974762260913849 0.4760607182979584 0.025115858763456345 0.03348781168460846
0 0.3142082989215851 0.48069387674331665 0.025115858763456345 0.03348781168460846
0 0.23087634146213531 0.48533058166503906 0.025115858763456345 0.03348781168460846
0 0.7477418780326843 0.5562273263931274 0.025115858763456345 0.03348781168460846
0 0.6597293615341187 0.5611650347709656 0.025115858763456345 0.03348781168460846
0 0.5716451406478882 0.5661067962646484 0.025115858763456345 0.03348781168460846
0 0.4834892153739929 0.5710524916648865 0.025115858763456345 0.03348781168460846
0 0.39526140689849854 0.576002299785614 0.025115858763456345 0.03348781168460846
0 0.30696165561676025 0.5809561014175415 0.025115858763456345 0.03348781168460846
0 0.2185898870229721 0.5859139561653137 0.025115858763456345 0.03348781168460846
0 0.7678633332252502 0.6675523519515991 0.025115858763456345 0.03348781168460846
0 0.6742098331451416 0.6728552579879761 0.025115858763456345 0.03348781168460846
0 0.5804751515388489 0.6781627535820007 0.025115858763456345 0.03348781168460846
0 0.4866591691970825 0.6834748387336731 0.025115858763456345 0.03348781168460846
0 0.39276185631752014 0.6887915134429932 0.025115858763456345 0.03348781168460846
0 0.2987830340862274 0.6941127777099609 0.025115858763456345 0.03348781168460846
0 0.20472262799739838 0.699438750743866 0.025115858763456345 0.03348781168460846