0 0.30968770384788513 0.6475001573562622 0.020398231223225594 0.027197641630967457
0 0.3852451741695404 0.6479834318161011 0.020398231223225594 0.027197641630967457
0 0.46149906516075134 0.6484711766242981 0.020398231223225594 0.027197641630967457
0 0.5384590029716492 0.648963451385498 0.020398231223225594 0.027197641630967457
0 0.6161348819732666 0.6494602560997009 0.020398231223225594 0.027197641630967457
0 0.6945366859436035 0.6499617099761963 0.020398231223225594 0.027197641630967457
0 0.773674726486206 0.6504679322242737 0.020398231223225594 0.027197641630967457
0 0.3207761347293854 0.5608819723129272 0.020398231223225594 0.027197641630967457
0 0.3926812708377838 0.5609636902809143 0.020398231223225594 0.027197641630967457
0 0.46521657705307007 0.5610461831092834 0.020398231223225594 0.027197641630967457
0 0.5383903384208679 0.5611293315887451 0.020398231223225594 0.027197641630967457
0 0.6122109889984131 0.5612132549285889 0.020398231223225594 0.027197641630967457
0 0.686687171459198 0.5612978935241699 0.020398231223225594 0.027197641630967457
0 0.7618276476860046 0.5613833069801331 0.020398231223225594 0.027197641630967457
0 0.3308333456516266 0.4823189973831177 0.020398231223225594 0.027197641630967457
0 0.3994229733943939 0.4820701777935028 0.020398231223225594 0.027197641630967457
0 0.4685854911804199 0.4818192720413208 0.020398231223225594 0.027197641630967457
0 0.5383281111717224 0.48156628012657166 0.020398231223225594 0.027197641630967457
0 0.6086581349372864 0.4813111424446106 0.020398231223225594 0.027197641630967457
0 0.6795830726623535 0.4810538589954376 0.020398231223225594 0.027197641630967457
0 0.7511104345321655 0.48079437017440796 0.020398231223225594 0.027197641630967457
0 0.339996874332428 0.41073745489120483 0.020398231223225594 0.027197641630967457
0 0.4055631756782532 0.4102153182029724 0.020398231223225594 0.027197641630967457
0 0.471652626991272 0.4096890091896057 0.020398231223225594 0.027197641630967457
0 0.5382714867591858 0.40915849804878235 0.020398231223225594 0.027197641630967457
0 0.6054260730743408 0.40862372517585754 0.020398231223225594 0.027197641630967457
0 0.6731230020523071 0.40808460116386414 0.020398231223225594 0.027197641630967457
0 0.7413687705993652 0.4075411260128021 0.020398231223225594 0.027197641630967457
0 0.3483807146549225 0.3452463746070862 0.020398231223225594 0.027197641630967457
0 0.41117897629737854 0.3444974422454834 0.020398231223225594 0.027197641630967457
0 0.4744568169116974 0.3437427580356598 0.020398231223225594 0.027197641630967457
0 0.538219690322876 0.34298232197761536 0.020398231223225594 0.027197641630967457
0 0.602473258972168 0.34221601486206055 0.020398231223225594 0.027197641630967457
0 0.6672232151031494 0.3414437770843506 0.020398231223225594 0.027197641630967457
0 0.732475221157074 0.3406655788421631 0.020398231223225594 0.027197641630967457
0 0.3560803234577179 0.28510016202926636 0.020398231223225594 0.027197641630967457
0 0.41633477807044983 0.2841624915599823 0.020398231223225594 0.027197641630967457
0 0.4770304560661316 0.2832179367542267 0.020398231223225594 0.027197641630967457
0 0.5381722450256348 0.28226643800735474 0.020398231223225594 0.027197641630967457
0 0.5997650027275085 0.2813079357147217 0.020398231223225594 0.027197641630967457
0 0.6618137955665588 0.28034234046936035 0.020398231223225594 0.027197641630967457
0 0.7243236899375916 0.2793695628643036 0.020398231223225594 0.027197641630967457
0 0.3631761968135834 0.22967015206813812 0.020398231223225594 0.027197641630967457
0 0.4210848808288574 0.22857511043548584 0.020398231223225594 0.027197641630967457
0 0.4794009029865265 0.22747237980365753 0.020398231223225594 0.027197641630967457
0 0.5381284952163696 0.22636185586452484 0.020398231223225594 0.027197641630967457
0 0.5972720980644226 0.2252434641122818 0.020398231223225594 0.027197641630967457
0 0.6568360924720764 0.22411713004112244 0.020398231223225594 0.027197641630967457
0 0.716825008392334 0.2229827642440796 0.020398231223225594 0.027197641630967457