0 0.7131379842758179 0.2307649701833725 0.03637829174598058 0.03637829174598058
0 0.6353687047958374 0.23052193224430084 0.03637829174598058 0.03637829174598058
0 0.5575776696205139 0.23027881979942322 0.03637829174598058 0.03637829174598058
0 0.4797648787498474 0.23003563284873962 0.03637829174598058 0.03637829174598058
0 0.4019303023815155 0.22979238629341125 0.03637829174598058 0.03637829174598058
0 0.3240739703178406 0.2295490801334381 0.03637829174598058 0.03637829174598058
0 0.24619582295417786 0.229305699467659 0.03637829174598058 0.03637829174598058
0 0.7207990884780884 0.28529247641563416 0.03637829174598058 0.03637829174598058
0 0.6397085785865784 0.2850469946861267 0.03637829174598058 0.03637829174598058
0 0.5585943460464478 0.2848014533519745 0.03637829174598058 0.03637829174598058
0 0.47745653986930847 0.2845558226108551 0.03637829174598058 0.03637829174598058
0 0.3962950110435486 0.28431013226509094 0.03637829174598058 0.03637829174598058
0 0.31510981917381287 0.284064382314682 0.03637829174598058 0.03637829174598058
0 0.23390091955661774 0.2838185429573059 0.03637829174598058 0.03637829174598058
0 0.7291438579559326 0.3446860611438751 0.03637829174598058 0.03637829174598058
0 0.6444357633590698 0.34443867206573486 0.03637829174598058 0.03637829174598058
0 0.5597018003463745 0.34419122338294983 0.03637829174598058 0.03637829174598058
0 0.47494208812713623 0.34394368529319763 0.03637829174598058 0.03637829174598058
0 0.39015650749206543 0.34369605779647827 0.03637829174598058 0.03637829174598058
0 0.3053450882434845 0.34344837069511414 0.03637829174598058 0.03637829174598058
0 0.22050780057907104 0.3432006239891052 0.03637829174598058 0.03637829174598058
0 0.7382680773735046 0.4096275269985199 0.03637829174598058 0.03637829174598058
0 0.6496045589447021 0.40937894582748413 0.03637829174598058 0.03637829174598058
0 0.5609127283096313 0.4091302752494812 0.03637829174598058 0.03637829174598058
0 0.472192645072937 0.4088815450668335 0.03637829174598058 0.03637829174598058
0 0.383444219827652 0.40863272547721863 0.03637829174598058 0.03637829174598058
0 0.294667512178421 0.4083838164806366 0.03637829174598058 0.03637829174598058
0 0.20586246252059937 0.4081348180770874 0.03637829174598058 0.03637829174598058
0 0.7482863664627075 0.4809323251247406 0.03637829174598058 0.03637829174598058
0 0.6552799344062805 0.48068347573280334 0.03637829174598058 0.03637829174598058
0 0.562242329120636 0.4804345667362213 0.03637829174598058 0.03637829174598058
0 0.4691736698150635 0.48018553853034973 0.03637829174598058 0.03637829174598058
0 0.37607380747795105 0.4799364507198334 0.03637829174598058 0.03637829174598058
0 0.28294283151626587 0.47968727350234985 0.03637829174598058 0.03637829174598058
0 0.18978063762187958 0.47943803668022156 0.03637829174598058 0.03637829174598058
0 0.7593368887901306 0.559583842754364 0.03637829174598058 0.03637829174598058
0 0.661540150642395 0.5593360066413879 0.03637829174598058 0.03637829174598058
0 0.563709020614624 0.5590881109237671 0.03637829174598058 0.03637829174598058
0 0.46584346890449524 0.5588400959968567 0.03637829174598058 0.03637829174598058
0 0.36794349551200867 0.5585920214653015 0.03637829174598058 0.03637829174598058
0 0.27000904083251953 0.5583438277244568 0.03637829174598058 0.03637829174598058
0 0.17204011976718903 0.5580955743789673 0.03637829174598058 0.03637829174598058
0 0.7715877890586853 0.6467792987823486 0.03637829174598058 0.03637829174598058
0 0.6684805154800415 0.6465341448783875 0.03637829174598058 0.03637829174598058
0 0.5653350353240967 0.6462889313697815 0.03637829174598058 0.03637829174598058
0 0.46215131878852844 0.646043598651886 0.03637829174598058 0.03637829174598058
0 0.35892927646636963 0.6457982063293457 0.03637829174598058 0.03637829174598058
0 0.255668967962265 0.6455527544021606 0.03637829174598058 0.03637829174598058
0 0.15237030386924744 0.6453071236610413 0.03637829174598058 0.03637829174598058