0 0.7537001371383667 0.26710519194602966 0.031420476734638214 0.031420476734638214
0 0.6820360422134399 0.26189905405044556 0.031420476734638214 0.031420476734638214
0 0.6084845066070557 0.25655579566955566 0.031420476734638214 0.031420476734638214
0 0.5329700112342834 0.25106993317604065 0.031420476734638214 0.031420476734638214
0 0.455412894487381 0.2454356998205185 0.031420476734638214 0.031420476734638214
0 0.37572911381721497 0.23964695632457733 0.031420476734638214 0.031420476734638214
0 0.2938300371170044 0.23369728028774261 0.031420476734638214 0.031420476734638214
0 0.7646362781524658 0.33166950941085815 0.031420476734638214 0.031420476734638214
0 0.6911657452583313 0.3271835744380951 0.031420476734638214 0.031420476734638214
0 0.615706741809845 0.3225761950016022 0.031420476734638214 0.031420476734638214
0 0.5381774306297302 0.3178424537181854 0.031420476734638214 0.031420476734638214
0 0.4584915339946747 0.31297698616981506 0.031420476734638214 0.031420476734638214
0 0.37655773758888245 0.30797430872917175 0.031420476734638214 0.031420476734638214
0 0.29227951169013977 0.30282846093177795 0.031420476734638214 0.031420476734638214
0 0.7761767506599426 0.3998015224933624 0.031420476734638214 0.031420476734638214
0 0.7008067965507507 0.39612507820129395 0.031420476734638214 0.031420476734638214
0 0.6233391165733337 0.3923462927341461 0.031420476734638214 0.031420476734638214
0 0.5436848402023315 0.38846084475517273 0.031420476734638214 0.031420476734638214
0 0.4617500603199005 0.38446417450904846 0.031420476734638214 0.031420476734638214
0 0.37743544578552246 0.3803514242172241 0.031420476734638214 0.031420476734638214
0 0.29063576459884644 0.37611743807792664 0.031420476734638214 0.031420476734638214
0 0.7883730530738831 0.47180530428886414 0.031420476734638214 0.031420476734638214
0 0.7110035419464111 0.4690396785736084 0.031420476734638214 0.031420476734638214
0 0.6314176321029663 0.46619483828544617 0.031420476734638214 0.031420476734638214
0 0.5495188236236572 0.4632672965526581 0.031420476734638214 0.031420476734638214
0 0.465204656124115 0.46025344729423523 0.031420476734638214 0.031420476734638214
0 0.37836676836013794 0.45714935660362244 0.031420476734638214 0.031420476734638214
0 0.2888900935649872 0.4539509415626526 0.031420476734638214 0.031420476734638214
0 0.8012827038764954 0.548020601272583 0.031420476734638214 0.031420476734638214
0 0.7218053340911865 0.546281099319458 0.031420476734638214 0.031420476734638214
0 0.6399826407432556 0.5444902181625366 0.031420476734638214 0.031420476734638214
0 0.5557093620300293 0.5426457524299622 0.031420476734638214 0.031420476734638214
0 0.4688735902309418 0.540745198726654 0.031420476734638214 0.031420476734638214
0 0.3793567419052124 0.5387859344482422 0.031420476734638214 0.031420476734638214
0 0.28703269362449646 0.5367652177810669 0.031420476734638214 0.031420476734638214
0 0.8149701952934265 0.6288279891014099 0.031420476734638214 0.031420476734638214
0 0.7332677245140076 0.6282461285591125 0.031420476734638214 0.031420476734638214
0 0.649079442024231 0.6276466250419617 0.031420476734638214 0.031420476734638214
0 0.5622901916503906 0.6270285248756409 0.031420476734638214 0.031420476734638214
0 0.47277748584747314 0.6263910531997681 0.031420476734638214 0.031420476734638214
0 0.38041114807128906 0.6257332563400269 0.031420476734638214 0.031420476734638214
0 0.28505250811576843 0.6250541806221008 0.031420476734638214 0.031420476734638214
0 0.8295080065727234 0.7146553993225098 0.031420476734638214 0.031420476734638214
0 0.7454531788825989 0.7153818607330322 0.031420476734638214 0.031420476734638214
0 0.6587590575218201 0.7161311507225037 0.031420476734638214 0.031420476734638214
0 0.5692993998527527 0.7169042825698853 0.031420476734638214 0.031420476734638214
0 0.4769396185874939 0.7177025079727173 0.031420476734638214 0.031420476734638214
0 0.38153645396232605 0.7185270190238953 0.031420476734638214 0.031420476734638214
0 0.2829369306564331 0.719379186630249 0.031420476734638214 0.031420476734638214