0 0.7031153440475464 0.19298513233661652 0.02502814680337906 0.03337086240450541
0 0.6353501677513123 0.1932106912136078 0.02502814680337906 0.03337086240450541
0 0.5676683783531189 0.19343596696853638 0.02502814680337906 0.03337086240450541
0 0.500069797039032 0.19366097450256348 0.02502814680337906 0.03337086240450541
0 0.43255430459976196 0.1938856989145279 0.02502814680337906 0.03337086240450541
0 0.3651216924190521 0.19411015510559082 0.02502814680337906 0.03337086240450541
0 0.2977718710899353 0.19433432817459106 0.02502814680337906 0.03337086240450541
0 0.7129473686218262 0.25774726271629333 0.02502814680337906 0.03337086240450541
0 0.6418702602386475 0.2579420208930969 0.02502814680337906 0.03337086240450541
0 0.5708848237991333 0.2581365406513214 0.02502814680337906 0.03337086240450541
0 0.49999091029167175 0.2583307921886444 0.02502814680337906 0.03337086240450541
0 0.4291883409023285 0.2585247755050659 0.02502814680337906 0.03337086240450541
0 0.3584769666194916 0.2587185502052307 0.02502814680337906 0.03337086240450541
0 0.2878565788269043 0.258912056684494 0.02502814680337906 0.03337086240450541
0 0.7237885594367981 0.3291562497615814 0.02502814680337906 0.03337086240450541
0 0.6490590572357178 0.3293125331401825 0.02502814680337906 0.03337086240450541
0 0.5744309425354004 0.32946857810020447 0.02502814680337906 0.03337086240450541
0 0.49990391731262207 0.3296244442462921 0.02502814680337906 0.03337086240450541
0 0.42547786235809326 0.32978010177612305 0.02502814680337906 0.03337086240450541
0 0.35115256905555725 0.32993555068969727 0.02502814680337906 0.03337086240450541
0 0.27692779898643494 0.3300907611846924 0.02502814680337906 0.03337086240450541
0 0.7358025908470154 0.40829068422317505 0.02502814680337906 0.03337086240450541
0 0.6570250391960144 0.4083988070487976 0.02502814680337906 0.03337086240450541
0 0.5783600807189941 0.4085067808628082 0.02502814680337906 0.03337086240450541
0 0.49980753660202026 0.4086146056652069 0.02502814680337906 0.03337086240450541
0 0.4213671088218689 0.40872225165367126 0.02502814680337906 0.03337086240450541
0 0.3430385887622833 0.40882977843284607 0.02502814680337906 0.03337086240450541
0 0.26482170820236206 0.40893712639808655 0.02502814680337906 0.03337086240450541
0 0.7491907477378845 0.4964759945869446 0.02502814680337906 0.03337086240450541
0 0.6659014225006104 0.4965236186981201 0.02502814680337906 0.03337086240450541
0 0.5827379822731018 0.4965711534023285 0.02502814680337906 0.03337086240450541
0 0.4997001588344574 0.4966186285018921 0.02502814680337906 0.03337086240450541
0 0.41678762435913086 0.4966660439968109 0.02502814680337906 0.03337086240450541
0 0.3340000808238983 0.4967133700847626 0.02502814680337906 0.03337086240450541
0 0.25133728981018066 0.49676063656806946 0.02502814680337906 0.03337086240450541
0 0.7642030119895935 0.5953590869903564 0.02502814680337906 0.03337086240450541
0 0.6758537888526917 0.5953302979469299 0.02502814680337906 0.03337086240450541
0 0.5876461267471313 0.5953015685081482 0.02502814680337906 0.03337086240450541
0 0.4995797872543335 0.5952728390693665 0.02502814680337906 0.03337086240450541
0 0.41165435314178467 0.5952441692352295 0.02502814680337906 0.03337086240450541
0 0.3238694965839386 0.5952155590057373 0.02502814680337906 0.03337086240450541
0 0.23622487485408783 0.5951870083808899 0.02502814680337906 0.03337086240450541
0 0.7811539769172668 0.7070123553276062 0.02502814680337906 0.03337086240450541
0 0.687090277671814 0.706886351108551 0.02502814680337906 0.03337086240450541
0 0.5931870341300964 0.706760585308075 0.02502814680337906 0.03337086240450541
0 0.499443918466568 0.706635057926178 0.02502814680337906 0.03337086240450541
0 0.40586042404174805 0.7065097093582153 0.02502814680337906 0.03337086240450541
0 0.31243616342544556 0.7063845992088318 0.02502814680337906 0.03337086240450541
0 0.21917076408863068 0.7062596678733826 0.02502814680337906 0.03337086240450541