0 0.7287316918373108 0.18302932381629944 0.025086019188165665 0.033448025584220886
0 0.661351203918457 0.18001513183116913 0.025086019188165665 0.033448025584220886
0 0.5937541723251343 0.17699125409126282 0.025086019188165665 0.033448025584220886
0 0.5259395837783813 0.17395764589309692 0.025086019188165665 0.033448025584220886
0 0.4579063653945923 0.17091424763202667 0.025086019188165665 0.033448025584220886
0 0.3896534740924835 0.16786104440689087 0.025086019188165665 0.033448025584220886
0 0.3211798369884491 0.16479794681072235 0.025086019188165665 0.033448025584220886
0 0.7397316098213196 0.24688170850276947 0.025086019188165665 0.033448025584220886
0 0.6691218018531799 0.24382959306240082 0.025086019188165665 0.033448025584220886
0 0.5982741117477417 0.2407671958208084 0.025086019188165665 0.033448025584220886
0 0.5271874070167542 0.23769447207450867 0.025086019188165665 0.033448025584220886
0 0.455860435962677 0.23461134731769562 0.025086019188165665 0.033448025584220886
0 0.38429194688796997 0.23151780664920807 0.025086019188165665 0.033448025584220886
0 0.31248077750205994 0.22841376066207886 0.025086019188165665 0.033448025584220886
0 0.7518436908721924 0.31718990206718445 0.025086019188165665 0.033448025584220886
0 0.6776794195175171 0.31410741806030273 0.025086019188165665 0.033448025584220886
0 0.6032527089118958 0.3110140264034271 0.025086019188165665 0.033448025584220886
0 0.5285621285438538 0.30790966749191284 0.025086019188165665 0.033448025584220886
0 0.45360618829727173 0.3047943115234375 0.025086019188165665 0.033448025584220886
0 0.3783835470676422 0.30166783928871155 0.025086019188165665 0.033448025584220886
0 0.3028927743434906 0.2985302209854126 0.025086019188165665 0.033448025584220886
0 0.7652454972267151 0.3949850797653198 0.025086019188165665 0.033448025584220886
0 0.6871500611305237 0.39188292622566223 0.025086019188165665 0.033448025584220886
0 0.6087634563446045 0.3887692093849182 0.025086019188165665 0.033448025584220886
0 0.5300840139389038 0.3856438994407654 0.025086019188165665 0.033448025584220886
0 0.4511100947856903 0.3825068473815918 0.025086019188165665 0.033448025584220886
0 0.37184005975723267 0.37935805320739746 0.025086019188165665 0.033448025584220886
0 0.2922722399234772 0.3761974275112152 0.025086019188165665 0.033448025584220886
0 0.7801547646522522 0.48153042793273926 0.025086019188165665 0.033448025584220886
0 0.6976880431175232 0.4784235954284668 0.025086019188165665 0.033448025584220886
0 0.6148964166641235 0.4753045439720154 0.025086019188165665 0.033448025584220886
0 0.53177809715271 0.47217318415641785 0.025086019188165665 0.033448025584220886
0 0.44833099842071533 0.46902942657470703 0.025086019188165665 0.033448025584220886
0 0.364553302526474 0.46587321162223816 0.025086019188165665 0.033448025584220886
0 0.2804429531097412 0.46270444989204407 0.025086019188165665 0.033448025584220886
0 0.7968409061431885 0.5783902406692505 0.025086019188165665 0.033448025584220886
0 0.7094845175743103 0.5752996206283569 0.025086019188165665 0.033448025584220886
0 0.6217634081840515 0.5721961259841919 0.025086019188165665 0.033448025584220886
0 0.5336753129959106 0.5690796971321106 0.025086019188165665 0.033448025584220886
0 0.44521793723106384 0.5659501552581787 0.025086019188165665 0.033448025584220886
0 0.35638895630836487 0.5628075003623962 0.025086019188165665 0.033448025584220886
0 0.2671860158443451 0.5596515536308289 0.025086019188165665 0.033448025584220886
0 0.8156417012214661 0.68752521276474 0.025086019188165665 0.033448025584220886
0 0.7227792739868164 0.6844801306724548 0.025086019188165665 0.033448025584220886
0 0.6295045018196106 0.6814215183258057 0.025086019188165665 0.033448025584220886
0 0.5358145833015442 0.6783493161201477 0.025086019188165665 0.033448025584220886
0 0.4417068362236023 0.6752633452415466 0.025086019188165665 0.033448025584220886
0 0.3471783995628357 0.6721636652946472 0.025086019188165665 0.033448025584220886
0 0.25222644209861755 0.6690500378608704 0.025086019188165665 0.033448025584220886