0 0.7033925652503967 0.19120046496391296 0.02502814680337906 0.03337086240450541
0 0.6357371211051941 0.19121472537517548 0.02502814680337906 0.03337086240450541
0 0.5680491924285889 0.191228985786438 0.02502814680337906 0.03337086240450541
0 0.5003288388252258 0.1912432610988617 0.02502814680337906 0.03337086240450541
0 0.4325759708881378 0.1912575513124466 0.02502814680337906 0.03337086240450541
0 0.36479055881500244 0.1912718266248703 0.02502814680337906 0.03337086240450541
0 0.2969726026058197 0.1912861317396164 0.02502814680337906 0.03337086240450541
0 0.7133209109306335 0.2564205527305603 0.02502814680337906 0.03337086240450541
0 0.642392635345459 0.25645190477371216 0.02502814680337906 0.03337086240450541
0 0.571428656578064 0.256483256816864 0.02502814680337906 0.03337086240450541
0 0.5004289150238037 0.25651463866233826 0.02502814680337906 0.03337086240450541
0 0.4293935000896454 0.2565460503101349 0.02502814680337906 0.03337086240450541
0 0.3583223223686218 0.2565774619579315 0.02502814680337906 0.03337086240450541
0 0.28721538186073303 0.25660887360572815 0.02502814680337906 0.03337086240450541
0 0.7242592573165894 0.3282751142978668 0.02502814680337906 0.03337086240450541
0 0.6497253179550171 0.3283270299434662 0.02502814680337906 0.03337086240450541
0 0.5751519799232483 0.3283790051937103 0.02502814680337906 0.03337086240450541
0 0.500539243221283 0.32843098044395447 0.02502814680337906 0.03337086240450541
0 0.42588698863983154 0.328482985496521 0.02502814680337906 0.03337086240450541
0 0.3511952757835388 0.3285350501537323 0.02502814680337906 0.03337086240450541
0 0.2764640152454376 0.3285871148109436 0.02502814680337906 0.03337086240450541
0 0.7363699674606323 0.40783071517944336 0.02502814680337906 0.03337086240450541
0 0.6578441262245178 0.4079075753688812 0.02502814680337906 0.03337086240450541
0 0.5792746543884277 0.40798449516296387 0.02502814680337906 0.03337086240450541
0 0.500661313533783 0.4080614447593689 0.02502814680337906 0.03337086240450541
0 0.42200422286987305 0.4081384241580963 0.02502814680337906 0.03337086240450541
0 0.34330329298973083 0.4082154631614685 0.02502814680337906 0.03337086240450541
0 0.26455846428871155 0.4082925319671631 0.02502814680337906 0.03337086240450541
0 0.7498520612716675 0.4963955283164978 0.02502814680337906 0.03337086240450541
0 0.6668826341629028 0.4965028166770935 0.02502814680337906 0.03337086240450541
0 0.5838643908500671 0.4966101348400116 0.02502814680337906 0.03337086240450541
0 0.5007972717285156 0.49671751260757446 0.02502814680337906 0.03337086240450541
0 0.4176812469959259 0.4968249797821045 0.02502814680337906 0.03337086240450541
0 0.3345162570476532 0.4969325065612793 0.02502814680337906 0.03337086240450541
0 0.2513022720813751 0.4970400631427765 0.02502814680337906 0.03337086240450541
0 0.7649526000022888 0.5955917835235596 0.02502814680337906 0.03337086240450541
0 0.6770064830780029 0.5957363843917847 0.02502814680337906 0.03337086240450541
0 0.5890054702758789 0.5958811044692993 0.02502814680337906 0.03337086240450541
0 0.5009495615959167 0.5960259437561035 0.02502814680337906 0.03337086240450541
0 0.4128386974334717 0.5961708426475525 0.02502814680337906 0.03337086240450541
0 0.32467278838157654 0.596315860748291 0.02502814680337906 0.03337086240450541
0 0.23645183444023132 0.5964609384536743 0.02502814680337906 0.03337086240450541
0 0.7819815874099731 0.7074559330940247 0.02502814680337906 0.03337086240450541
0 0.6884236335754395 0.707646906375885 0.02502814680337906 0.03337086240450541
0 0.5948035717010498 0.7078379988670349 0.02502814680337906 0.03337086240450541
0 0.5011213421821594 0.7080292701721191 0.02502814680337906 0.03337086240450541
0 0.40737688541412354 0.7082206010818481 0.02502814680337906 0.03337086240450541
0 0.31357017159461975 0.7084121108055115 0.02502814680337906 0.03337086240450541
0 0.2197011113166809 0.7086037397384644 0.02502814680337906 0.03337086240450541