0 0.2852286994457245 0.6653965711593628 0.021193459630012516 0.028257946173350017
0 0.3621259331703186 0.6636082530021667 0.021193459630012516 0.028257946173350017
0 0.4403933882713318 0.6617881059646606 0.021193459630012516 0.028257946173350017
0 0.5200679898262024 0.6599352359771729 0.021193459630012516 0.028257946173350017
0 0.6011880040168762 0.6580487489700317 0.021193459630012516 0.028257946173350017
0 0.6837931871414185 0.6561277508735657 0.021193459630012516 0.028257946173350017
0 0.7679247260093689 0.6541712284088135 0.021193459630012516 0.028257946173350017
0 0.2968401610851288 0.5746200680732727 0.021193459630012516 0.028257946173350017
0 0.37021082639694214 0.5721522569656372 0.021193459630012516 0.028257946173350017
0 0.44482675194740295 0.5696425437927246 0.021193459630012516 0.028257946173350017
0 0.5207198858261108 0.567089855670929 0.021193459630012516 0.028257946173350017
0 0.597923219203949 0.5644931197166443 0.021193459630012516 0.028257946173350017
0 0.6764711141586304 0.5618511438369751 0.021193459630012516 0.028257946173350017
0 0.7563989162445068 0.5591627955436707 0.021193459630012516 0.028257946173350017
0 0.3074146807193756 0.491950124502182 0.021193459630012516 0.028257946173350017
0 0.37756794691085815 0.48892906308174133 0.021193459630012516 0.028257946173350017
0 0.44885778427124023 0.4858590364456177 0.021193459630012516 0.028257946173350017
0 0.5213121175765991 0.4827388823032379 0.021193459630012516 0.028257946173350017
0 0.5949596166610718 0.47956734895706177 0.021193459630012516 0.028257946173350017
0 0.6698300242424011 0.47634315490722656 0.021193459630012516 0.028257946173350017
0 0.7459540963172913 0.47306495904922485 0.021193459630012516 0.028257946173350017
0 0.31708523631095886 0.4163472056388855 0.021193459630012516 0.028257946173350017
0 0.38429129123687744 0.41287490725517273 0.021193459630012516 0.028257946173350017
0 0.4525389075279236 0.40934881567955017 0.021193459630012516 0.028257946173350017
0 0.5218524932861328 0.40576761960983276 0.021193459630012516 0.028257946173350017
0 0.5922572612762451 0.40213003754615784 0.021193459630012516 0.028257946173350017
0 0.6637791991233826 0.39843475818634033 0.021193459630012516 0.028257946173350017
0 0.7364450097084045 0.394680380821228 0.021193459630012516 0.028257946173350017
0 0.32596302032470703 0.34694230556488037 0.021193459630012516 0.028257946173350017
0 0.3904593884944916 0.34310173988342285 0.021193459630012516 0.028257946173350017
0 0.4559137523174286 0.3392041027545929 0.021193459630012516 0.028257946173350017
0 0.522347629070282 0.3352481424808502 0.021193459630012516 0.028257946173350017
0 0.5897831916809082 0.33123254776000977 0.021193459630012516 0.028257946173350017
0 0.6582432389259338 0.3271559476852417 0.021193459630012516 0.028257946173350017
0 0.7277513146400452 0.3230169415473938 0.021193459630012516 0.028257946173350017
0 0.3341416120529175 0.2830032408237457 0.021193459630012516 0.028257946173350017
0 0.3961382806301117 0.27886226773262024 0.021193459630012516 0.028257946173350017
0 0.4590190351009369 0.2746622860431671 0.021193459630012516 0.028257946173350017
0 0.5228029489517212 0.2704019546508789 0.021193459630012516 0.028257946173350017
0 0.5875095725059509 0.26607999205589294 0.021193459630012516 0.028257946173350017
0 0.6531591415405273 0.2616950571537018 0.021193459630012516 0.028257946173350017
0 0.7197723984718323 0.2572457492351532 0.021193459630012516 0.028257946173350017
0 0.34170055389404297 0.22390876710414886 0.021193459630012516 0.028257946173350017
0 0.4013839662075043 0.2195233553647995 0.021193459630012516 0.028257946173350017
0 0.46188580989837646 0.21507780253887177 0.021193459630012516 0.028257946173350017
0 0.5232230424880981 0.21057085692882538 0.021193459630012516 0.028257946173350017
0 0.5854130387306213 0.20600126683712006 0.021193459630012516 0.028257946173350017
0 0.6484737396240234 0.20136769115924835 0.021193459630012516 0.028257946173350017
0 0.71242356300354 0.19666878879070282 0.021193459630012516 0.028257946173350017