0 0.33615419268608093 0.3862721621990204 0.01948978565633297 0.025986380875110626
0 0.33068931102752686 0.44358310103416443 0.01948978565633297 0.025986380875110626
0 0.3248865306377411 0.5044374465942383 0.01948978565633297 0.025986380875110626
0 0.31871354579925537 0.5691742300987244 0.01948978565633297 0.025986380875110626
0 0.3121337294578552 0.6381773352622986 0.01948978565633297 0.025986380875110626
0 0.3051055371761322 0.7118827700614929 0.01948978565633297 0.025986380875110626
0 0.2975814938545227 0.7907882928848267 0.01948978565633297 0.025986380875110626
0 0.3979146480560303 0.3877931833267212 0.01948978565633297 0.025986380875110626
0 0.39429882168769836 0.4451960027217865 0.01948978565633297 0.025986380875110626
0 0.390459269285202 0.5061508417129517 0.01948978565633297 0.025986380875110626
0 0.3863745331764221 0.5709978938102722 0.01948978565633297 0.025986380875110626
0 0.38202035427093506 0.6401222944259644 0.01948978565633297 0.025986380875110626
0 0.3773691952228546 0.713961660861969 0.01948978565633297 0.025986380875110626
0 0.3723895847797394 0.7930154800415039 0.01948978565633297 0.025986380875110626
0 0.45977190136909485 0.389316588640213 0.01948978565633297 0.025986380875110626
0 0.45801106095314026 0.4468114972114563 0.01948978565633297 0.025986380875110626
0 0.4561411440372467 0.5078670978546143 0.01948978565633297 0.025986380875110626
0 0.4541517496109009 0.5728247165679932 0.01948978565633297 0.025986380875110626
0 0.4520310163497925 0.6420707106590271 0.01948978565633297 0.025986380875110626
0 0.44976547360420227 0.7160443663597107 0.01948978565633297 0.025986380875110626
0 0.447339802980423 0.7952468991279602 0.01948978565633297 0.025986380875110626
0 0.5217261910438538 0.39084237813949585 0.01948978565633297 0.025986380875110626
0 0.5218262076377869 0.4484296143054962 0.01948978565633297 0.025986380875110626
0 0.5219324827194214 0.5095862150192261 0.01948978565633297 0.025986380875110626
0 0.5220454931259155 0.5746546387672424 0.01948978565633297 0.025986380875110626
0 0.5221660137176514 0.6440226435661316 0.01948978565633297 0.025986380875110626
0 0.5222947001457214 0.718130886554718 0.01948978565633297 0.025986380875110626
0 0.5224325656890869 0.7974825501441956 0.01948978565633297 0.025986380875110626
0 0.5837777853012085 0.3923705518245697 0.01948978565633297 0.025986380875110626
0 0.5857446193695068 0.45005035400390625 0.01948978565633297 0.025986380875110626
0 0.5878334641456604 0.5113081932067871 0.01948978565633297 0.025986380875110626
0 0.5900560617446899 0.5764877200126648 0.01948978565633297 0.025986380875110626
0 0.5924256443977356 0.6459780335426331 0.01948978565633297 0.025986380875110626
0 0.5949573516845703 0.7202212810516357 0.01948978565633297 0.025986380875110626
0 0.5976682901382446 0.79972243309021 0.01948978565633297 0.025986380875110626
0 0.645926833152771 0.39390113949775696 0.01948978565633297 0.025986380875110626
0 0.6497664451599121 0.451673686504364 0.01948978565633297 0.025986380875110626
0 0.6538444757461548 0.5130330324172974 0.01948978565633297 0.025986380875110626
0 0.6581838130950928 0.578324019908905 0.01948978565633297 0.025986380875110626
0 0.6628103256225586 0.6479368805885315 0.01948978565633297 0.025986380875110626
0 0.6677536368370056 0.7223154902458191 0.01948978565633297 0.025986380875110626
0 0.6730473637580872 0.8019666075706482 0.01948978565633297 0.025986380875110626
0 0.7081736326217651 0.3954341411590576 0.01948978565633297 0.025986380875110626
0 0.7138920426368713 0.4532996714115143 0.01948978565633297 0.025986380875110626
0 0.7199657559394836 0.5147607922554016 0.01948978565633297 0.025986380875110626
0 0.7264289855957031 0.5801634192466736 0.01948978565633297 0.025986380875110626
0 0.733320415019989 0.6498991847038269 0.01948978565633297 0.025986380875110626
0 0.7406840324401855 0.7244135737419128 0.01948978565633297 0.025986380875110626
0 0.7485702037811279 0.8042150735855103 0.01948978565633297 0.025986380875110626