0 0.7062505483627319 0.15980073809623718 0.0227850914777567 0.03407116482655207
0 0.6304943561553955 0.15934747457504272 0.0227850914777567 0.03407116482655207
0 0.5543464422225952 0.15889188647270203 0.0227850914777567 0.03407116482655207
0 0.47780370712280273 0.1584339141845703 0.0227850914777567 0.03407116482655207
0 0.4008631408214569 0.15797357261180878 0.0227850914777567 0.03407116482655207
0 0.32352161407470703 0.15751083195209503 0.0227850914777567 0.03407116482655207
0 0.2457759976387024 0.1570456624031067 0.0227850914777567 0.03407116482655207
0 0.717514157295227 0.2398330718278885 0.0227850914777567 0.03407116482655207
0 0.6390019655227661 0.23957712948322296 0.0227850914777567 0.03407116482655207
0 0.5600687861442566 0.2393198013305664 0.0227850914777567 0.03407116482655207
0 0.4807112514972687 0.23906110227108002 0.0227850914777567 0.03407116482655207
0 0.40092596411705017 0.2388010025024414 0.0227850914777567 0.03407116482655207
0 0.3207094073295593 0.23853948712348938 0.0227850914777567 0.03407116482655207
0 0.24005810916423798 0.23827657103538513 0.0227850914777567 0.03407116482655207
0 0.7296355366706848 0.32596006989479065 0.0227850914777567 0.03407116482655207
0 0.6481592059135437 0.32593342661857605 0.0227850914777567 0.03407116482655207
0 0.5662293434143066 0.3259066045284271 0.0227850914777567 0.03407116482655207
0 0.48384207487106323 0.32587966322898865 0.0227850914777567 0.03407116482655207
0 0.40099358558654785 0.32585254311561584 0.0227850914777567 0.03407116482655207
0 0.3176800310611725 0.3258252739906311 0.0227850914777567 0.03407116482655207
0 0.23389744758605957 0.3257978856563568 0.0227850914777567 0.03407116482655207
0 0.7427165508270264 0.41890546679496765 0.0227850914777567 0.03407116482655207
0 0.6580435633659363 0.41914600133895874 0.0227850914777567 0.03407116482655207
0 0.5728804469108582 0.41938790678977966 0.0227850914777567 0.03407116482655207
0 0.48722290992736816 0.4196312129497528 0.0227850914777567 0.03407116482655207
0 0.4010666608810425 0.41987594962120056 0.0227850914777567 0.03407116482655207
0 0.3144073188304901 0.42012208700180054 0.0227850914777567 0.03407116482655207
0 0.22724048793315887 0.4203697144985199 0.0227850914777567 0.03407116482655207
0 0.7568758130073547 0.5195123553276062 0.0227850914777567 0.03407116482655207
0 0.6687451004981995 0.5200651288032532 0.0227850914777567 0.03407116482655207
0 0.5800830721855164 0.5206212997436523 0.0227850914777567 0.03407116482655207
0 0.490884929895401 0.5211808085441589 0.0227850914777567 0.03407116482655207
0 0.4011458158493042 0.521743655204773 0.0227850914777567 0.03407116482655207
0 0.3108607530593872 0.5223100185394287 0.0227850914777567 0.03407116482655207
0 0.22002474963665009 0.5228797793388367 0.0227850914777567 0.03407116482655207
0 0.7722523808479309 0.6287686824798584 0.0227850914777567 0.03407116482655207
0 0.6803695559501648 0.6296878457069397 0.0227850914777567 0.03407116482655207
0 0.5879088640213013 0.6306127309799194 0.0227850914777567 0.03407116482655207
0 0.4948647916316986 0.6315435171127319 0.0227850914777567 0.03407116482655207
0 0.4012318551540375 0.6324801445007324 0.0227850914777567 0.03407116482655207
0 0.3070044219493866 0.6334227323532104 0.0227850914777567 0.03407116482655207
0 0.21217681467533112 0.6343713402748108 0.0227850914777567 0.03407116482655207
0 0.7890102863311768 0.7478400468826294 0.0227850914777567 0.03407116482655207
0 0.6930417418479919 0.7491906881332397 0.0227850914777567 0.03407116482655207
0 0.5964422821998596 0.7505502104759216 0.0227850914777567 0.03407116482655207
0 0.49920570850372314 0.7519187331199646 0.0227850914777567 0.03407116482655207
0 0.4013257324695587 0.7532962560653687 0.0227850914777567 0.03407116482655207
0 0.3027959167957306 0.7546829581260681 0.0227850914777567 0.03407116482655207
0 0.20360974967479706 0.7560788989067078 0.0227850914777567 0.03407116482655207