0 0.7510361075401306 0.16331909596920013 0.03662735720475515 0.03662735720475515
0 0.6707607507705688 0.16201914846897125 0.03662735720475515 0.03662735720475515
0 0.5906290411949158 0.16072151064872742 0.03662735720475515 0.03662735720475515
0 0.5106407403945923 0.15942619740962982 0.03662735720475515 0.03662735720475515
0 0.4307954013347626 0.15813320875167847 0.03662735720475515 0.03662735720475515
0 0.3510926365852356 0.15684251487255096 0.03662735720475515 0.03662735720475515
0 0.2715320587158203 0.1555541306734085 0.03662735720475515 0.03662735720475515
0 0.7588972449302673 0.2185368537902832 0.03662735720475515 0.03662735720475515
0 0.6753548979759216 0.21713262796401978 0.03662735720475515 0.03662735720475515
0 0.5919682383537292 0.21573100984096527 0.03662735720475515 0.03662735720475515
0 0.508736789226532 0.2143319994211197 0.03662735720475515 0.03662735720475515
0 0.4256601333618164 0.21293559670448303 0.03662735720475515 0.03662735720475515
0 0.3427378237247467 0.2115417867898941 0.03662735720475515 0.03662735720475515
0 0.25996944308280945 0.2101505696773529 0.03662735720475515 0.03662735720475515
0 0.7674244046211243 0.2784332036972046 0.03662735720475515 0.03662735720475515
0 0.6803379654884338 0.27691131830215454 0.03662735720475515 0.03662735720475515
0 0.593420684337616 0.2753923833370209 0.03662735720475515 0.03662735720475515
0 0.5066720247268677 0.273876428604126 0.03662735720475515 0.03662735720475515
0 0.420091450214386 0.2723633944988251 0.03662735720475515 0.03662735720475515
0 0.33367854356765747 0.27085328102111816 0.03662735720475515 0.03662735720475515
0 0.24743281304836273 0.26934608817100525 0.03662735720475515 0.03662735720475515
0 0.7767060399055481 0.34362903237342834 0.03662735720475515 0.03662735720475515
0 0.6857615113258362 0.3419737219810486 0.03662735720475515 0.03662735720475515
0 0.5950013399124146 0.34032177925109863 0.03662735720475515 0.03662735720475515
0 0.504425048828125 0.3386732041835785 0.03662735720475515 0.03662735720475515
0 0.41403207182884216 0.3370279371738434 0.03662735720475515 0.03662735720475515
0 0.3238217830657959 0.3353860080242157 0.03662735720475515 0.03662735720475515
0 0.2337936908006668 0.33374738693237305 0.03662735720475515 0.03662735720475515
0 0.786846935749054 0.41486024856567383 0.03662735720475515 0.03662735720475515
0 0.6916865706443787 0.4130527973175049 0.03662735720475515 0.03662735720475515
0 0.5967280864715576 0.41124916076660156 0.03662735720475515 0.03662735720475515
0 0.5019708275794983 0.40944933891296387 0.03662735720475515 0.03662735720475515
0 0.40741410851478577 0.4076533615589142 0.03662735720475515 0.03662735720475515
0 0.3130573630332947 0.40586113929748535 0.03662735720475515 0.03662735720475515
0 0.2188999503850937 0.40407273173332214 0.03662735720475515 0.03662735720475515
0 0.7979721426963806 0.493005633354187 0.03662735720475515 0.03662735720475515
0 0.6981860995292664 0.49102354049682617 0.03662735720475515 0.03662735720475515
0 0.5986220240592957 0.4890458881855011 0.03662735720475515 0.03662735720475515
0 0.49927908182144165 0.48707258701324463 0.03662735720475515 0.03662735720475515
0 0.4001566469669342 0.48510369658470154 0.03662735720475515 0.03662735720475515
0 0.30125388503074646 0.48313915729522705 0.03662735720475515 0.03662735720475515
0 0.2025701403617859 0.4811789393424988 0.03662735720475515 0.03662735720475515
0 0.8102322816848755 0.5791231989860535 0.03662735720475515 0.03662735720475515
0 0.7053479552268982 0.5769394040107727 0.03662735720475515 0.03662735720475515
0 0.6007087230682373 0.5747606754302979 0.03662735720475515 0.03662735720475515
0 0.49631375074386597 0.5725870132446289 0.03662735720475515 0.03662735720475515
0 0.3921622037887573 0.5704184770584106 0.03662735720475515 0.03662735720475515
0 0.2882532477378845 0.5682549476623535 0.03662735720475515 0.03662735720475515
0 0.18458601832389832 0.5660964250564575 0.03662735720475515 0.03662735720475515