0 0.693554699420929 0.1553158313035965 0.02289562493873139 0.03423644850651423
0 0.6182835102081299 0.15528565645217896 0.02289562493873139 0.03423644850651423
0 0.5424519181251526 0.1552552580833435 0.02289562493873139 0.03423644850651423
0 0.4660535156726837 0.15522462129592896 0.02289562493873139 0.03423644850651423
0 0.3890819847583771 0.1551937609910965 0.02289562493873139 0.03423644850651423
0 0.3115308880805969 0.15516267716884613 0.02289562493873139 0.03423644850651423
0 0.233393594622612 0.15513135492801666 0.02289562493873139 0.03423644850651423
0 0.7057229280471802 0.23488083481788635 0.02289562493873139 0.03423644850651423
0 0.6276975870132446 0.2351556420326233 0.02289562493873139 0.03423644850651423
0 0.5490695834159851 0.23543256521224976 0.02289562493873139 0.03423644850651423
0 0.4698318839073181 0.23571163415908813 0.02289562493873139 0.03423644850651423
0 0.3899773955345154 0.23599287867546082 0.02289562493873139 0.03423644850651423
0 0.3094988465309143 0.23627632856369019 0.02289562493873139 0.03423644850651423
0 0.2283889353275299 0.23656199872493744 0.02289562493873139 0.03423644850651423
0 0.718828022480011 0.32057175040245056 0.02289562493873139 0.03423644850651423
0 0.6378393769264221 0.32119956612586975 0.02289562493873139 0.03423644850651423
0 0.5562008619308472 0.32183244824409485 0.02289562493873139 0.03423644850651423
0 0.47390469908714294 0.32247042655944824 0.02289562493873139 0.03423644850651423
0 0.39094284176826477 0.3231135606765747 0.02289562493873139 0.03423644850651423
0 0.3073071837425232 0.323761910200119 0.02289562493873139 0.03423644850651423
0 0.2229895293712616 0.32441556453704834 0.02289562493873139 0.03423644850651423
0 0.7329824566841125 0.41312435269355774 0.02289562493873139 0.03423644850651423
0 0.6487966179847717 0.41416212916374207 0.02289562493873139 0.03423644850651423
0 0.5639079809188843 0.4152085781097412 0.02289562493873139 0.03423644850651423
0 0.47830772399902344 0.41626378893852234 0.02289562493873139 0.03423644850651423
0 0.3919869065284729 0.417327880859375 0.02289562493873139 0.03423644850651423
0 0.30493634939193726 0.41840097308158875 0.02289562493873139 0.03423644850651423
0 0.21714675426483154 0.4194831848144531 0.02289562493873139 0.03423644850651423
0 0.7483176589012146 0.513397216796875 0.02289562493873139 0.03423644850651423
0 0.6606718301773071 0.5149127244949341 0.02289562493873139 0.03423644850651423
0 0.5722635388374329 0.5164414048194885 0.02289562493873139 0.03423644850651423
0 0.4830828607082367 0.5179834365844727 0.02289562493873139 0.03423644850651423
0 0.39311957359313965 0.5195389986038208 0.02289562493873139 0.03423644850651423
0 0.3023633360862732 0.5211082696914673 0.02289562493873139 0.03423644850651423
0 0.21080365777015686 0.5226914286613464 0.02289562493873139 0.03423644850651423
0 0.7649876475334167 0.622398316860199 0.02289562493873139 0.03423644850651423
0 0.6735853552818298 0.6244727969169617 0.02289562493873139 0.03423644850651423
0 0.5813530087471008 0.6265660524368286 0.02289562493873139 0.03423644850651423
0 0.4882793128490448 0.6286784410476685 0.02289562493873139 0.03423644850651423
0 0.39435264468193054 0.6308101415634155 0.02289562493873139 0.03423644850651423
0 0.2995612323284149 0.6329615116119385 0.02289562493873139 0.03423644850651423
0 0.20389311015605927 0.6351327896118164 0.02289562493873139 0.03423644850651423
0 0.7831747531890869 0.7413192391395569 0.02289562493873139 0.03423644850651423
0 0.6876797080039978 0.7440506219863892 0.02289562493873139 0.03423644850651423
0 0.5912775993347168 0.7468079328536987 0.02289562493873139 0.03423644850651423
0 0.49395546317100525 0.7495915293693542 0.02289562493873139 0.03423644850651423
0 0.3957000970840454 0.7524018883705139 0.02289562493873139 0.03423644850651423
0 0.29649800062179565 0.7552393078804016 0.02289562493873139 0.03423644850651423
0 0.19633540511131287 0.758104145526886 0.02289562493873139 0.03423644850651423