0 0.7073715329170227 0.16191664338111877 0.02286313190124929 0.034187860786914825
0 0.6320786476135254 0.16127221286296844 0.02286313190124929 0.034187860786914825
0 0.5562337040901184 0.16062304377555847 0.02286313190124929 0.034187860786914825
0 0.47983047366142273 0.15996910631656647 0.02286313190124929 0.034187860786914825
0 0.4028628170490265 0.15931034088134766 0.02286313190124929 0.034187860786914825
0 0.32532447576522827 0.15864668786525726 0.02286313190124929 0.034187860786914825
0 0.2472090870141983 0.1579780876636505 0.02286313190124929 0.034187860786914825
0 0.7188929319381714 0.24146835505962372 0.02286313190124929 0.034187860786914825
0 0.6408442258834839 0.24110138416290283 0.02286313190124929 0.034187860786914825
0 0.5622017979621887 0.2407316267490387 0.02286313190124929 0.034187860786914825
0 0.4829588532447815 0.24035903811454773 0.02286313190124929 0.034187860786914825
0 0.40310850739479065 0.23998358845710754 0.02286313190124929 0.034187860786914825
0 0.3226437568664551 0.23960526287555695 0.02286313190124929 0.034187860786914825
0 0.24155743420124054 0.23922400176525116 0.02286313190124929 0.034187860786914825
0 0.7313007116317749 0.3271401822566986 0.02286313190124929 0.034187860786914825
0 0.6502867341041565 0.32709619402885437 0.02286313190124929 0.034187860786914825
0 0.5686326622962952 0.3270518481731415 0.02286313190124929 0.034187860786914825
0 0.4863308072090149 0.32700714468955994 0.02286313190124929 0.034187860786914825
0 0.4033734202384949 0.32696208357810974 0.02286313190124929 0.034187860786914825
0 0.31975266337394714 0.3269166946411133 0.02286313190124929 0.034187860786914825
0 0.23546051979064941 0.3268709182739258 0.02286313190124929 0.034187860786914825
0 0.7447012066841125 0.419666588306427 0.02286313190124929 0.034187860786914825
0 0.6604878902435303 0.4199995994567871 0.02286313190124929 0.034187860786914825
0 0.5755823254585266 0.4203353226184845 0.02286313190124929 0.034187860786914825
0 0.48997586965560913 0.42067381739616394 0.02286313190124929 0.034187860786914825
0 0.403659850358963 0.4210151135921478 0.02286313190124929 0.034187860786914825
0 0.3166254162788391 0.42135927081108093 0.02286313190124929 0.034187860786914825
0 0.22886356711387634 0.42170628905296326 0.02286313190124929 0.034187860786914825
0 0.7592185735702515 0.5199045538902283 0.02286313190124929 0.034187860786914825
0 0.6715428829193115 0.5206789970397949 0.02286313190124929 0.034187860786914825
0 0.5831161141395569 0.5214600563049316 0.02286313190124929 0.034187860786914825
0 0.4939286410808563 0.5222477912902832 0.02286313190124929 0.034187860786914825
0 0.4039705693721771 0.5230423808097839 0.02286313190124929 0.034187860786914825
0 0.3132319152355194 0.5238438844680786 0.02286313190124929 0.034187860786914825
0 0.22170241177082062 0.5246523022651672 0.02286313190124929 0.034187860786914825
0 0.7749984860420227 0.6288601160049438 0.02286313190124929 0.034187860786914825
0 0.6835635304450989 0.6301532983779907 0.02286313190124929 0.034187860786914825
0 0.591310977935791 0.631458044052124 0.02286313190124929 0.034187860786914825
0 0.4982298016548157 0.6327745318412781 0.02286313190124929 0.034187860786914825
0 0.40430882573127747 0.6341029405593872 0.02286313190124929 0.034187860786914825
0 0.30953657627105713 0.6354433298110962 0.02286313190124929 0.034187860786914825
0 0.21390144526958466 0.6367959380149841 0.02286313190124929 0.034187860786914825
0 0.7922131419181824 0.7477220892906189 0.02286313190124929 0.034187860786914825
0 0.6966822743415833 0.7496275901794434 0.02286313190124929 0.034187860786914825
0 0.600257933139801 0.7515508532524109 0.02286313190124929 0.034187860786914825
0 0.5029276013374329 0.7534922361373901 0.02286313190124929 0.034187860786914825
0 0.4046783745288849 0.7554519772529602 0.02286313190124929 0.034187860786914825
0 0.30549728870391846 0.7574302554130554 0.02286313190124929 0.034187860786914825
0 0.2053709328174591 0.7594274282455444 0.02286313190124929 0.034187860786914825