0 0.2924686670303345 0.6510194540023804 0.020780323073267937 0.027707097431023914
0 0.3698699474334717 0.6483091115951538 0.020780323073267937 0.027707097431023914
0 0.44787880778312683 0.6455775499343872 0.020780323073267937 0.027707097431023914
0 0.5265024304389954 0.6428244709968567 0.020780323073267937 0.027707097431023914
0 0.6057481169700623 0.6400495767593384 0.020780323073267937 0.027707097431023914
0 0.6856232285499573 0.637252688407898 0.020780323073267937 0.027707097431023914
0 0.7661353349685669 0.6344334483146667 0.020780323073267937 0.027707097431023914
0 0.3025917112827301 0.5612335205078125 0.020780323073267937 0.027707097431023914
0 0.3763968348503113 0.5583159327507019 0.020780323073267937 0.027707097431023914
0 0.45075398683547974 0.5553765296936035 0.020780323073267937 0.027707097431023914
0 0.5256693959236145 0.5524150729179382 0.020780323073267937 0.027707097431023914
0 0.6011494398117065 0.5494312644004822 0.020780323073267937 0.027707097431023914
0 0.6772003769874573 0.546424925327301 0.020780323073267937 0.027707097431023914
0 0.7538288235664368 0.5433956980705261 0.020780323073267937 0.027707097431023914
0 0.31181007623672485 0.47947168350219727 0.020780323073267937 0.027707097431023914
0 0.3823383152484894 0.4763939380645752 0.020780323073267937 0.027707097431023914
0 0.4533703923225403 0.4732942283153534 0.020780323073267937 0.027707097431023914
0 0.524911642074585 0.47017228603363037 0.020780323073267937 0.027707097431023914
0 0.5969676375389099 0.4670279026031494 0.020780323073267937 0.027707097431023914
0 0.6695438623428345 0.46386080980300903 0.020780323073267937 0.027707097431023914
0 0.7426460981369019 0.46067073941230774 0.020780323073267937 0.027707097431023914
0 0.3202398419380188 0.404704213142395 0.020780323073267937 0.027707097431023914
0 0.38776981830596924 0.40150392055511475 0.020780323073267937 0.027707097431023914
0 0.4557614326477051 0.3982817232608795 0.020780323073267937 0.027707097431023914
0 0.5242193937301636 0.395037442445755 0.020780323073267937 0.027707097431023914
0 0.5931484699249268 0.3917708396911621 0.020780323073267937 0.027707097431023914
0 0.6625536680221558 0.38848164677619934 0.020780323073267937 0.027707097431023914
0 0.7324398159980774 0.3851696848869324 0.020780323073267937 0.027707097431023914
0 0.3279780447483063 0.3360704481601715 0.020780323073267937 0.027707097431023914
0 0.39275428652763367 0.3327776789665222 0.020780323073267937 0.027707097431023914
0 0.4579550325870514 0.3294633626937866 0.020780323073267937 0.027707097431023914
0 0.5235844254493713 0.32612723112106323 0.020780323073267937 0.027707097431023914
0 0.5896468162536621 0.32276907563209534 0.020780323073267937 0.027707097431023914
0 0.6561464071273804 0.3193887174129486 0.020780323073267937 0.027707097431023914
0 0.7230875492095947 0.31598591804504395 0.020780323073267937 0.027707097431023914
0 0.33510643243789673 0.2728453278541565 0.020780323073267937 0.027707097431023914
0 0.397344708442688 0.26948440074920654 0.020780323073267937 0.027707097431023914
0 0.4599746763706207 0.26610231399536133 0.020780323073267937 0.027707097431023914
0 0.5230000615119934 0.26269885897636414 0.020780323073267937 0.027707097431023914
0 0.5864245295524597 0.25927385687828064 0.020780323073267937 0.027707097431023914
0 0.6502520442008972 0.2558270990848541 0.020780323073267937 0.027707097431023914
0 0.7144863605499268 0.2523583769798279 0.020780323073267937 0.027707097431023914
0 0.3416943848133087 0.21441377699375153 0.020780323073267937 0.027707097431023914
0 0.40158605575561523 0.21100430190563202 0.020780323073267937 0.027707097431023914
0 0.46184027194976807 0.20757418870925903 0.020780323073267937 0.027707097431023914
0 0.5224603414535522 0.20412325859069824 0.020780323073267937 0.027707097431023914
0 0.5834496021270752 0.20065130293369293 0.020780323073267937 0.027707097431023914
0 0.6448114514350891 0.19715814292430878 0.020780323073267937 0.027707097431023914
0 0.7065492868423462 0.19364356994628906 0.020780323073267937 0.027707097431023914