0 0.7318639159202576 0.15385271608829498 0.020252149003661343 0.03398962070544561
0 0.659412145614624 0.1544596254825592 0.020252149003661343 0.03398962070544561
0 0.5871800780296326 0.15506471693515778 0.020252149003661343 0.03398962070544561
0 0.5151668190956116 0.1556679606437683 0.020252149003661343 0.03398962070544561
0 0.44337138533592224 0.1562693864107132 0.020252149003661343 0.03398962070544561
0 0.371792733669281 0.15686897933483124 0.020252149003661343 0.03398962070544561
0 0.30042991042137146 0.15746678411960602 0.020252149003661343 0.03398962070544561
0 0.7401799559593201 0.23325729370117188 0.020252149003661343 0.03398962070544561
0 0.6648033261299133 0.23376312851905823 0.020252149003661343 0.03398962070544561
0 0.5896644592285156 0.23426738381385803 0.020252149003661343 0.03398962070544561
0 0.5147623419761658 0.2347700297832489 0.020252149003661343 0.03398962070544561
0 0.44009584188461304 0.23527111113071442 0.020252149003661343 0.03398962070544561
0 0.3656637966632843 0.23577061295509338 0.020252149003661343 0.03398962070544561
0 0.291465163230896 0.236268550157547 0.020252149003661343 0.03398962070544561
0 0.7491934895515442 0.31932225823402405 0.020252149003661343 0.03398962070544561
0 0.6706459522247314 0.31970760226249695 0.020252149003661343 0.03398962070544561
0 0.5923565626144409 0.3200916647911072 0.020252149003661343 0.03398962070544561
0 0.5143241286277771 0.3204744756221771 0.020252149003661343 0.03398962070544561
0 0.4365473687648773 0.3208560347557068 0.020252149003661343 0.03398962070544561
0 0.3590250015258789 0.32123634219169617 0.020252149003661343 0.03398962070544561
0 0.28175580501556396 0.32161539793014526 0.020252149003661343 0.03398962070544561
0 0.7589961886405945 0.41292232275009155 0.020252149003661343 0.03398962070544561
0 0.6769992113113403 0.4131636917591095 0.020252149003661343 0.03398962070544561
0 0.595283567905426 0.4134041965007782 0.020252149003661343 0.03398962070544561
0 0.5138477683067322 0.41364389657974243 0.020252149003661343 0.03398962070544561
0 0.4326903522014618 0.4138827919960022 0.020252149003661343 0.03398962070544561
0 0.35180994868278503 0.4141208529472351 0.020252149003661343 0.03398962070544561
0 0.2712050974369049 0.41435810923576355 0.020252149003661343 0.03398962070544561
0 0.7696964144706726 0.5150923728942871 0.020252149003661343 0.03398962070544561
0 0.6839331984519958 0.5151611566543579 0.020252149003661343 0.03398962070544561
0 0.5984776020050049 0.5152297019958496 0.020252149003661343 0.03398962070544561
0 0.513327956199646 0.5152980089187622 0.020252149003661343 0.03398962070544561
0 0.42848271131515503 0.5153660774230957 0.020252149003661343 0.03398962070544561
0 0.3439401686191559 0.5154339075088501 0.020252149003661343 0.03398962070544561
0 0.25969868898391724 0.5155014991760254 0.020252149003661343 0.03398962070544561
0 0.7814233303070068 0.6270657777786255 0.020252149003661343 0.03398962070544561
0 0.6915311813354492 0.6269270777702332 0.020252149003661343 0.03398962070544561
0 0.6019769310951233 0.626788854598999 0.020252149003661343 0.03398962070544561
0 0.5127586126327515 0.6266511678695679 0.020252149003661343 0.03398962070544561
0 0.4238743484020233 0.6265140175819397 0.020252149003661343 0.03398962070544561
0 0.3353222906589508 0.6263773441314697 0.020252149003661343 0.03398962070544561
0 0.2471005767583847 0.6262412071228027 0.020252149003661343 0.03398962070544561
0 0.7943322062492371 0.7503247261047363 0.020252149003661343 0.03398962070544561
0 0.6998934745788574 0.7499352693557739 0.020252149003661343 0.03398962070544561
0 0.6058275699615479 0.7495473623275757 0.020252149003661343 0.03398962070544561
0 0.5121321678161621 0.7491610050201416 0.020252149003661343 0.03398962070544561
0 0.41880518198013306 0.7487761378288269 0.020252149003661343 0.03398962070544561
0 0.325844407081604 0.7483928203582764 0.020252149003661343 0.03398962070544561
0 0.23324766755104065 0.7480109930038452 0.020252149003661343 0.03398962070544561