0 0.33779051899909973 0.38901233673095703 0.019168255850672722 0.02555767446756363
0 0.33210310339927673 0.4454970061779022 0.019168255850672722 0.02555767446756363
0 0.32605254650115967 0.5055879950523376 0.019168255850672722 0.02555767446756363
0 0.31960296630859375 0.5696420669555664 0.019168255850672722 0.02555767446756363
0 0.31271350383758545 0.6380646228790283 0.019168255850672722 0.02555767446756363
0 0.3053376078605652 0.7113183736801147 0.019168255850672722 0.02555767446756363
0 0.2974218428134918 0.7899336814880371 0.019168255850672722 0.02555767446756363
0 0.3984116315841675 0.39024171233177185 0.019168255850672722 0.02555767446756363
0 0.3946002721786499 0.44675377011299133 0.019168255850672722 0.02555767446756363
0 0.3905456066131592 0.5068731904029846 0.019168255850672722 0.02555767446756363
0 0.38622358441352844 0.5709567666053772 0.019168255850672722 0.02555767446756363
0 0.3816068768501282 0.6394099593162537 0.019168255850672722 0.02555767446756363
0 0.37666425108909607 0.7126954197883606 0.019168255850672722 0.02555767446756363
0 0.3713599443435669 0.791343629360199 0.019168255850672722 0.02555767446756363
0 0.45901063084602356 0.39147061109542847 0.019168255850672722 0.02555767446756363
0 0.4570739269256592 0.44801005721092224 0.019168255850672722 0.02555767446756363
0 0.455013632774353 0.5081579089164734 0.019168255850672722 0.02555767446756363
0 0.45281749963760376 0.5722709894180298 0.019168255850672722 0.02555767446756363
0 0.4504716396331787 0.640754759311676 0.019168255850672722 0.02555767446756363
0 0.44796022772789 0.7140719294548035 0.019168255850672722 0.02555767446756363
0 0.4452650845050812 0.7927529811859131 0.019168255850672722 0.02555767446756363
0 0.519587516784668 0.39269909262657166 0.019168255850672722 0.02555767446756363
0 0.519524097442627 0.44926586747169495 0.019168255850672722 0.02555767446756363
0 0.5194566249847412 0.5094420909881592 0.019168255850672722 0.02555767446756363
0 0.5193846821784973 0.5735846161842346 0.019168255850672722 0.02555767446756363
0 0.5193078517913818 0.6420989632606506 0.019168255850672722 0.02555767446756363
0 0.5192255973815918 0.7154478430747986 0.019168255850672722 0.02555767446756363
0 0.5191373229026794 0.7941616773605347 0.019168255850672722 0.02555767446756363
0 0.5801422595977783 0.39392712712287903 0.019168255850672722 0.02555767446756363
0 0.5819507241249084 0.45052120089530945 0.019168255850672722 0.02555767446756363
0 0.583874523639679 0.5107257962226868 0.019168255850672722 0.02555767446756363
0 0.5859251618385315 0.5748977661132812 0.019168255850672722 0.02555767446756363
0 0.5881155133247375 0.6434426307678223 0.019168255850672722 0.02555767446756363
0 0.5904603600502014 0.716823160648346 0.019168255850672722 0.02555767446756363
0 0.5929767489433289 0.7955697774887085 0.019168255850672722 0.02555767446756363
0 0.6406749486923218 0.3951546847820282 0.019168255850672722 0.02555767446756363
0 0.6443538665771484 0.45177608728408813 0.019168255850672722 0.02555767446756363
0 0.6482675075531006 0.5120090246200562 0.019168255850672722 0.02555767446756363
0 0.6524389982223511 0.5762103796005249 0.019168255850672722 0.02555767446756363
0 0.6568946242332458 0.6447857618331909 0.019168255850672722 0.02555767446756363
0 0.661664605140686 0.7181978821754456 0.019168255850672722 0.02555767446756363
0 0.6667832732200623 0.7969772815704346 0.019168255850672722 0.02555767446756363
0 0.7011855244636536 0.39638182520866394 0.019168255850672722 0.02555767446756363
0 0.7067335844039917 0.45303046703338623 0.019168255850672722 0.02555767446756363
0 0.7126354575157166 0.5132917165756226 0.019168255850672722 0.02555767446756363
0 0.7189261317253113 0.5775224566459656 0.019168255850672722 0.02555767446756363
0 0.7256452441215515 0.6461282968521118 0.019168255850672722 0.02555767446756363
0 0.7328382134437561 0.7195720672607422 0.019168255850672722 0.02555767446756363
0 0.7405569553375244 0.7983841300010681 0.019168255850672722 0.02555767446756363