0 0.18391019105911255 0.6720942258834839 0.031625782450040184 0.031625782450040184
0 0.2718522548675537 0.6816903352737427 0.031625782450040184 0.031625782450040184
0 0.3611510694026947 0.6914345026016235 0.031625782450040184 0.031625782450040184
0 0.4518382251262665 0.7013301849365234 0.031625782450040184 0.031625782450040184
0 0.543946385383606 0.7113808989524841 0.031625782450040184 0.031625782450040184
0 0.6375091671943665 0.7215903401374817 0.031625782450040184 0.031625782450040184
0 0.7325614094734192 0.7319623231887817 0.031625782450040184 0.031625782450040184
0 0.2026177942752838 0.5851625800132751 0.031625782450040184 0.031625782450040184
0 0.28816601634025574 0.5938360691070557 0.031625782450040184 0.031625782450040184
0 0.37499576807022095 0.6026394367218018 0.031625782450040184 0.031625782450040184
0 0.4631360173225403 0.6115756630897522 0.031625782450040184 0.031625782450040184
0 0.5526166558265686 0.6206478476524353 0.031625782450040184 0.031625782450040184
0 0.6434684991836548 0.6298590302467346 0.031625782450040184 0.031625782450040184
0 0.7357233166694641 0.639212429523468 0.031625782450040184 0.031625782450040184
0 0.22028544545173645 0.503063440322876 0.031625782450040184 0.031625782450040184
0 0.3035663664340973 0.5109007954597473 0.031625782450040184 0.031625782450040184
0 0.3880596458911896 0.5188522934913635 0.031625782450040184 0.031625782450040184
0 0.4737919270992279 0.5269203782081604 0.031625782450040184 0.031625782450040184
0 0.5607907176017761 0.5351076126098633 0.031625782450040184 0.031625782450040184
0 0.649084210395813 0.5434167385101318 0.031625782450040184 0.031625782450040184
0 0.738701581954956 0.551850438117981 0.031625782450040184 0.031625782450040184
0 0.23699751496315002 0.42540472745895386 0.031625782450040184 0.031625782450040184
0 0.31812790036201477 0.4324827790260315 0.031625782450040184 0.031625782450040184
0 0.40040692687034607 0.43966105580329895 0.031625782450040184 0.031625782450040184
0 0.48385918140411377 0.44694167375564575 0.031625782450040184 0.031625782450040184
0 0.5685099363327026 0.454326868057251 0.031625782450040184 0.031625782450040184
0 0.6543852090835571 0.4618188738822937 0.031625782450040184 0.031625782450040184
0 0.7415117025375366 0.46942007541656494 0.031625782450040184 0.031625782450040184
0 0.25282949209213257 0.351835697889328 0.031625782450040184 0.031625782450040184
0 0.33191734552383423 0.3582226634025574 0.031625782450040184 0.031625782450040184
0 0.4120950400829315 0.36469766497612 0.031625782450040184 0.031625782450040184
0 0.4933852553367615 0.3712625205516815 0.031625782450040184 0.031625782450040184
0 0.5758113265037537 0.37791907787323 0.031625782450040184 0.031625782450040184
0 0.6593972444534302 0.38466933369636536 0.031625782450040184 0.031625782450040184
0 0.7441675662994385 0.39151522517204285 0.031625782450040184 0.031625782450040184
0 0.2678491175174713 0.2820415794849396 0.031625782450040184 0.031625782450040184
0 0.34499451518058777 0.28779834508895874 0.031625782450040184 0.031625782450040184
0 0.4231753349304199 0.2936323881149292 0.031625782450040184 0.031625782450040184
0 0.5024126172065735 0.2995452284812927 0.031625782450040184 0.031625782450040184
0 0.58272784948349 0.3055385649204254 0.031625782450040184 0.031625782450040184
0 0.6641432642936707 0.31161394715309143 0.031625782450040184 0.031625782450040184
0 0.7466815114021301 0.31777316331863403 0.031625782450040184 0.031625782450040184
0 0.2821173369884491 0.21573910117149353 0.031625782450040184 0.031625782450040184
0 0.3574132025241852 0.22092007100582123 0.031625782450040184 0.031625782450040184
0 0.43369409441947937 0.22616882622241974 0.031625782450040184 0.031625782450040184
0 0.510979413986206 0.23148669302463531 0.031625782450040184 0.031625782450040184
0 0.5892891883850098 0.2368750423192978 0.031625782450040184 0.031625782450040184
0 0.6686439514160156 0.24233528971672058 0.031625782450040184 0.031625782450040184
0 0.7490646243095398 0.24786889553070068 0.031625782450040184 0.031625782450040184