0 0.7026861310005188 0.13573840260505676 0.02224731210929652 0.03326700876156489
0 0.6288937330245972 0.13328704237937927 0.02224731210929652 0.03326700876156489
0 0.55437171459198 0.13081145286560059 0.02224731210929652 0.03326700876156489
0 0.4791091978549957 0.12831126153469086 0.02224731210929652 0.03326700876156489
0 0.4030950963497162 0.12578609585762024 0.02224731210929652 0.03326700876156489
0 0.32631808519363403 0.12323559075593948 0.02224731210929652 0.03326700876156489
0 0.24876663088798523 0.12065935879945755 0.02224731210929652 0.03326700876156489
0 0.7131437659263611 0.21257203817367554 0.02224731210929652 0.03326700876156489
0 0.6367812752723694 0.21042494475841522 0.02224731210929652 0.03326700876156489
0 0.5596367716789246 0.2082558572292328 0.02224731210929652 0.03326700876156489
0 0.481698215007782 0.20606446266174316 0.02224731210929652 0.03326700876156489
0 0.40295323729515076 0.2038503736257553 0.02224731210929652 0.03326700876156489
0 0.3233892321586609 0.20161327719688416 0.02224731210929652 0.03326700876156489
0 0.24299342930316925 0.19935278594493866 0.02224731210929652 0.03326700876156489
0 0.7243683338165283 0.29504022002220154 0.02224731210929652 0.03326700876156489
0 0.6452503204345703 0.29324957728385925 0.02224731210929652 0.03326700876156489
0 0.5652921199798584 0.291439950466156 0.02224731210929652 0.03326700876156489
0 0.4844801425933838 0.28961098194122314 0.02224731210929652 0.03326700876156489
0 0.4028007388114929 0.2877623736858368 0.02224731210929652 0.03326700876156489
0 0.3202398419380188 0.28589382767677307 0.02224731210929652 0.03326700876156489
0 0.23678307235240936 0.28400498628616333 0.02224731210929652 0.03326700876156489
0 0.7364473342895508 0.3837863504886627 0.02224731210929652 0.03326700876156489
0 0.6543676257133484 0.3824138939380646 0.02224731210929652 0.03326700876156489
0 0.5713826417922974 0.38102632761001587 0.02224731210929652 0.03326700876156489
0 0.4874773621559143 0.37962332367897034 0.02224731210929652 0.03326700876156489
0 0.4026363790035248 0.37820470333099365 0.02224731210929652 0.03326700876156489
0 0.3168439269065857 0.37677016854286194 0.02224731210929652 0.03326700876156489
0 0.23008395731449127 0.3753194510936737 0.02224731210929652 0.03326700876156489
0 0.749482274055481 0.4795556962490082 0.02224731210929652 0.03326700876156489
0 0.6642105579376221 0.4786747694015503 0.02224731210929652 0.03326700876156489
0 0.577960729598999 0.4777837097644806 0.02224731210929652 0.03326700876156489
0 0.490715891122818 0.47688236832618713 0.02224731210929652 0.03326700876156489
0 0.40245869755744934 0.4759705662727356 0.02224731210929652 0.03326700876156489
0 0.3131714463233948 0.47504815459251404 0.02224731210929652 0.03326700876156489
0 0.22283600270748138 0.47411489486694336 0.02224731210929652 0.03326700876156489
0 0.7635912895202637 0.5832163095474243 0.02224731210929652 0.03326700876156489
0 0.6748693585395813 0.5829144716262817 0.02224731210929652 0.03326700876156489
0 0.5850872993469238 0.5826089978218079 0.02224731210929652 0.03326700876156489
0 0.4942260682582855 0.5822998881340027 0.02224731210929652 0.03326700876156489
0 0.4022660553455353 0.5819870233535767 0.02224731210929652 0.03326700876156489
0 0.3091871738433838 0.5816704034805298 0.02224731210929652 0.03326700876156489
0 0.21496890485286713 0.5813498497009277 0.02224731210929652 0.03326700876156489
0 0.7789127826690674 0.695785403251648 0.02224731210929652 0.03326700876156489
0 0.6864498257637024 0.6961679458618164 0.02224731210929652 0.03326700876156489
0 0.5928339958190918 0.6965552568435669 0.02224731210929652 0.03326700876156489
0 0.49804359674453735 0.6969473958015442 0.02224731210929652 0.03326700876156489
0 0.40205639600753784 0.6973445415496826 0.02224731210929652 0.03326700876156489
0 0.3048495948314667 0.6977466940879822 0.02224731210929652 0.03326700876156489
0 0.20639976859092712 0.6981540322303772 0.02224731210929652 0.03326700876156489