0 0.2717094123363495 0.21527738869190216 0.03389508277177811 0.03389508277177811
0 0.34515300393104553 0.2148754745721817 0.03389508277177811 0.03389508277177811
0 0.41887831687927246 0.21447202563285828 0.03389508277177811 0.03389508277177811
0 0.4928869903087616 0.2140670120716095 0.03389508277177811 0.03389508277177811
0 0.5671806335449219 0.21366044878959656 0.03389508277177811 0.03389508277177811
0 0.6417609453201294 0.21325232088565826 0.03389508277177811 0.03389508277177811
0 0.7166295647621155 0.21284259855747223 0.03389508277177811 0.03389508277177811
0 0.264736145734787 0.26759085059165955 0.03389508277177811 0.03389508277177811
0 0.3411045968532562 0.2672770023345947 0.03389508277177811 0.03389508277177811
0 0.4177777171134949 0.2669619023799896 0.03389508277177811 0.03389508277177811
0 0.49475741386413574 0.26664555072784424 0.03389508277177811 0.03389508277177811
0 0.5720454454421997 0.2663279175758362 0.03389508277177811 0.03389508277177811
0 0.6496437191963196 0.26600903272628784 0.03389508277177811 0.03389508277177811
0 0.7275540828704834 0.26568883657455444 0.03389508277177811 0.03389508277177811
0 0.2571827173233032 0.3242562711238861 0.03389508277177811 0.03389508277177811
0 0.33671867847442627 0.32404688000679016 0.03389508277177811 0.03389508277177811
0 0.41658520698547363 0.3238365948200226 0.03389508277177811 0.03389508277177811
0 0.49678438901901245 0.32362544536590576 0.03389508277177811 0.03389508277177811
0 0.5773183107376099 0.3234134018421173 0.03389508277177811 0.03389508277177811
0 0.658189058303833 0.3232004940509796 0.03389508277177811 0.03389508277177811
0 0.7393987774848938 0.3229866921901703 0.03389508277177811 0.03389508277177811
0 0.24897368252277374 0.3858403265476227 0.03389508277177811 0.03389508277177811
0 0.33195123076438904 0.38575509190559387 0.03389508277177811 0.03389508277177811
0 0.4152887165546417 0.3856694996356964 0.03389508277177811 0.03389508277177811
0 0.49898847937583923 0.3855835199356079 0.03389508277177811 0.03389508277177811
0 0.5830528736114502 0.38549718260765076 0.03389508277177811 0.03389508277177811
0 0.6674842834472656 0.3854104280471802 0.03389508277177811 0.03389508277177811
0 0.7522851824760437 0.38532334566116333 0.03389508277177811 0.03389508277177811
0 0.24001973867416382 0.45301249623298645 0.03389508277177811 0.03389508277177811
0 0.3267502188682556 0.4530753791332245 0.03389508277177811 0.03389508277177811
0 0.4138740599155426 0.453138530254364 0.03389508277177811 0.03389508277177811
0 0.5013939142227173 0.45320194959640503 0.03389508277177811 0.03389508277177811
0 0.5893124938011169 0.4532656967639923 0.03389508277177811 0.03389508277177811
0 0.6776326298713684 0.4533297121524811 0.03389508277177811 0.03389508277177811
0 0.7663569450378418 0.4533940255641937 0.03389508277177811 0.03389508277177811
0 0.23021471500396729 0.5265694856643677 0.03389508277177811 0.03389508277177811
0 0.3210536539554596 0.5268096923828125 0.03389508277177811 0.03389508277177811
0 0.41232427954673767 0.5270510911941528 0.03389508277177811 0.03389508277177811
0 0.5040296316146851 0.5272935628890991 0.03389508277177811 0.03389508277177811
0 0.5961728692054749 0.5275372266769409 0.03389508277177811 0.03389508277177811
0 0.688757061958313 0.5277820825576782 0.03389508277177811 0.03389508277177811
0 0.7817854285240173 0.5280280709266663 0.03389508277177811 0.03389508277177811
0 0.21943120658397675 0.6074670553207397 0.03389508277177811 0.03389508277177811
0 0.31478720903396606 0.6079206466674805 0.03389508277177811 0.03389508277177811
0 0.4106190800666809 0.6083765029907227 0.03389508277177811 0.03389508277177811
0 0.5069303512573242 0.6088346242904663 0.03389508277177811 0.03389508277177811
0 0.6037246584892273 0.6092950701713562 0.03389508277177811 0.03389508277177811
0 0.7010056376457214 0.6097577810287476 0.03389508277177811 0.03389508277177811
0 0.7987769246101379 0.6102228760719299 0.03389508277177811 0.03389508277177811