0 0.6929271817207336 0.15625490248203278 0.022779883025214078 0.03406337648630142
0 0.6172140836715698 0.15678218007087708 0.022779883025214078 0.03406337648630142
0 0.5410491228103638 0.15731260180473328 0.022779883025214078 0.03406337648630142
0 0.4644283056259155 0.15784619748592377 0.022779883025214078 0.03406337648630142
0 0.3873474895954132 0.15838298201560974 0.022779883025214078 0.03406337648630142
0 0.30980250239372253 0.15892301499843597 0.022779883025214078 0.03406337648630142
0 0.23178917169570923 0.15946631133556366 0.022779883025214078 0.03406337648630142
0 0.705009400844574 0.23610523343086243 0.022779883025214078 0.03406337648630142
0 0.6265662312507629 0.2368980199098587 0.022779883025214078 0.03406337648630142
0 0.5476377010345459 0.23769569396972656 0.022779883025214078 0.03406337648630142
0 0.46821942925453186 0.23849833011627197 0.022779883025214078 0.03406337648630142
0 0.38830673694610596 0.23930597305297852 0.022779883025214078 0.03406337648630142
0 0.3078950345516205 0.24011863768100739 0.022779883025214078 0.03406337648630142
0 0.22697964310646057 0.24093641340732574 0.022779883025214078 0.03406337648630142
0 0.7180054783821106 0.3219948410987854 0.022779883025214078 0.03406337648630142
0 0.6366279721260071 0.32309260964393616 0.022779883025214078 0.03406337648630142
0 0.5547277927398682 0.3241974115371704 0.022779883025214078 0.03406337648630142
0 0.4723000228404999 0.3253093361854553 0.022779883025214078 0.03406337648630142
0 0.38933947682380676 0.32642847299575806 0.022779883025214078 0.03406337648630142
0 0.30584096908569336 0.327554851770401 0.022779883025214078 0.03406337648630142
0 0.22179923951625824 0.3286885619163513 0.022779883025214078 0.03406337648630142
0 0.7320230603218079 0.4146357774734497 0.022779883025214078 0.03406337648630142
0 0.647483229637146 0.41608506441116333 0.022779883025214078 0.03406337648630142
0 0.5623789429664612 0.4175439774990082 0.022779883025214078 0.03406337648630142
0 0.4767046272754669 0.4190126955509186 0.022779883025214078 0.03406337648630142
0 0.3904544711112976 0.4204912781715393 0.022779883025214078 0.03406337648630142
0 0.30362269282341003 0.4219798445701599 0.022779883025214078 0.03406337648630142
0 0.21620337665081024 0.42347845435142517 0.022779883025214078 0.03406337648630142
0 0.747187614440918 0.5148566961288452 0.022779883025214078 0.03406337648630142
0 0.6592297554016113 0.5167125463485718 0.022779883025214078 0.03406337648630142
0 0.5706604719161987 0.5185813307762146 0.022779883025214078 0.03406337648630142
0 0.4814733564853668 0.5204631686210632 0.022779883025214078 0.03406337648630142
0 0.39166197180747986 0.5223581194877625 0.022779883025214078 0.03406337648630142
0 0.30121973156929016 0.5242664217948914 0.022779883025214078 0.03406337648630142
0 0.21013996005058289 0.5261881947517395 0.022779883025214078 0.03406337648630142
0 0.7636458873748779 0.6236275434494019 0.022779883025214078 0.03406337648630142
0 0.6719819903373718 0.6259557008743286 0.022779883025214078 0.03406337648630142
0 0.5796535611152649 0.6283007860183716 0.022779883025214078 0.03406337648630142
0 0.4866533577442169 0.6306629180908203 0.022779883025214078 0.03406337648630142
0 0.39297401905059814 0.6330422759056091 0.022779883025214078 0.03406337648630142
0 0.29860803484916687 0.6354390978813171 0.022779883025214078 0.03406337648630142
0 0.203547865152359 0.6378535032272339 0.022779883025214078 0.03406337648630142
0 0.7815707325935364 0.7420911192893982 0.022779883025214078 0.03406337648630142
0 0.685874879360199 0.744970440864563 0.022779883025214078 0.03406337648630142
0 0.589454174041748 0.7478715777397156 0.022779883025214078 0.03406337648630142
0 0.49230024218559265 0.7507947683334351 0.022779883025214078 0.03406337648630142
0 0.39440473914146423 0.7537402510643005 0.022779883025214078 0.03406337648630142
0 0.2957591414451599 0.7567083239555359 0.022779883025214078 0.03406337648630142
0 0.19635477662086487 0.7596992254257202 0.022779883025214078 0.03406337648630142