0 0.6919655203819275 0.1560252159833908 0.02479800581932068 0.03306400775909424
0 0.6232161521911621 0.15756134688854218 0.02479800581932068 0.03306400775909424
0 0.5545362234115601 0.15909594297409058 0.02479800581932068 0.03306400775909424
0 0.4859256446361542 0.16062898933887482 0.02479800581932068 0.03306400775909424
0 0.4173842966556549 0.1621604859828949 0.02479800581932068 0.03306400775909424
0 0.34891214966773987 0.16369043290615082 0.02479800581932068 0.03306400775909424
0 0.28050902485847473 0.16521883010864258 0.02479800581932068 0.03306400775909424
0 0.7021969556808472 0.22234289348125458 0.02479800581932068 0.03306400775909424
0 0.6302691698074341 0.22391487658023834 0.02479800581932068 0.03306400775909424
0 0.5584173798561096 0.2254851758480072 0.02479800581932068 0.03306400775909424
0 0.486641526222229 0.22705383598804474 0.02479800581932068 0.03306400775909424
0 0.4149414300918579 0.22862082719802856 0.02479800581932068 0.03306400775909424
0 0.34331703186035156 0.23018616437911987 0.02479800581932068 0.03306400775909424
0 0.271768182516098 0.23174986243247986 0.02479800581932068 0.03306400775909424
0 0.7134190797805786 0.29508185386657715 0.02479800581932068 0.03306400775909424
0 0.638004720211029 0.29668956995010376 0.02479800581932068 0.03306400775909424
0 0.5626739859580994 0.2982954978942871 0.02479800581932068 0.03306400775909424
0 0.48742660880088806 0.2998996675014496 0.02479800581932068 0.03306400775909424
0 0.41226255893707275 0.3015020191669464 0.02479800581932068 0.03306400775909424
0 0.3371816873550415 0.30310264229774475 0.02479800581932068 0.03306400775909424
0 0.2621837854385376 0.30470144748687744 0.02479800581932068 0.03306400775909424
0 0.7257830500602722 0.37522217631340027 0.02479800581932068 0.03306400775909424
0 0.6465269327163696 0.3768649399280548 0.02479800581932068 0.03306400775909424
0 0.5673631429672241 0.37850579619407654 0.02479800581932068 0.03306400775909424
0 0.488291472196579 0.38014474511146545 0.02479800581932068 0.03306400775909424
0 0.4093117415904999 0.38178178668022156 0.02479800581932068 0.03306400775909424
0 0.33042386174201965 0.38341692090034485 0.02479800581932068 0.03306400775909424
0 0.2516275942325592 0.3850501775741577 0.02479800581932068 0.03306400775909424
0 0.739472508430481 0.46395406126976013 0.02479800581932068 0.03306400775909424
0 0.6559622287750244 0.4656303822994232 0.02479800581932068 0.03306400775909424
0 0.5725544095039368 0.46730461716651917 0.02479800581932068 0.03306400775909424
0 0.4892488420009613 0.46897682547569275 0.02479800581932068 0.03306400775909424
0 0.4060453474521637 0.4706469774246216 0.02479800581932068 0.03306400775909424
0 0.3229437470436096 0.47231510281562805 0.02479800581932068 0.03306400775909424
0 0.23994384706020355 0.47398117184638977 0.02479800581932068 0.03306400775909424
0 0.754712700843811 0.5627373456954956 0.02479800581932068 0.03306400775909424
0 0.6664656400680542 0.5644444823265076 0.02479800581932068 0.03306400775909424
0 0.5783329606056213 0.5661494135856628 0.02479800581932068 0.03306400775909424
0 0.4903144836425781 0.5678521394729614 0.02479800581932068 0.03306400775909424
0 0.4024099111557007 0.5695526599884033 0.02479800581932068 0.03306400775909424
0 0.3146190643310547 0.5712509155273438 0.02479800581932068 0.03306400775909424
0 0.22694171965122223 0.5729470252990723 0.02479800581932068 0.03306400775909424
0 0.7717829346656799 0.6733825206756592 0.02479800581932068 0.03306400775909424
0 0.6782294511795044 0.6751160621643066 0.02479800581932068 0.03306400775909424
0 0.5848044753074646 0.6768471598625183 0.02479800581932068 0.03306400775909424
0 0.49150779843330383 0.678575873374939 0.02479800581932068 0.03306400775909424
0 0.3983391225337982 0.6803022623062134 0.02479800581932068 0.03306400775909424
0 0.30529817938804626 0.6820262670516968 0.02479800581932068 0.03306400775909424
0 0.21238471567630768 0.6837478876113892 0.02479800581932068 0.03306400775909424