0 0.7435281872749329 0.20407947897911072 0.03443331768115362 0.03443331768115362
0 0.6559125185012817 0.20688501000404358 0.03443331768115362 0.03443331768115362
0 0.570448637008667 0.20962165296077728 0.03443331768115362 0.03443331768115362
0 0.48705828189849854 0.21229188144207 0.03443331768115362 0.03443331768115362
0 0.40566691756248474 0.21489810943603516 0.03443331768115362 0.03443331768115362
0 0.32620349526405334 0.2174426019191742 0.03443331768115362 0.03443331768115362
0 0.2486003190279007 0.21992751955986023 0.03443331768115362 0.03443331768115362
0 0.7454809546470642 0.27808263897895813 0.03443331768115362 0.03443331768115362
0 0.6551419496536255 0.2800261974334717 0.03443331768115362 0.03443331768115362
0 0.5670890808105469 0.28192055225372314 0.03443331768115362 0.03443331768115362
0 0.4812367260456085 0.28376758098602295 0.03443331768115362 0.03443331768115362
0 0.3975033760070801 0.2855690121650696 0.03443331768115362 0.03443331768115362
0 0.3158115744590759 0.28732651472091675 0.03443331768115362 0.03443331768115362
0 0.23608750104904175 0.2890416979789734 0.03443331768115362 0.03443331768115362
0 0.7475595474243164 0.35685184597969055 0.03443331768115362 0.03443331768115362
0 0.6543224453926086 0.35781559348106384 0.03443331768115362 0.03443331768115362
0 0.5635188221931458 0.3587541878223419 0.03443331768115362 0.03443331768115362
0 0.47505471110343933 0.3596686124801636 0.03443331768115362 0.03443331768115362
0 0.38884082436561584 0.3605597913265228 0.03443331768115362 0.03443331768115362
0 0.3047923743724823 0.36142855882644653 0.03443331768115362 0.03443331768115362
0 0.22282880544662476 0.36227577924728394 0.03443331768115362 0.03443331768115362
0 0.7497764229774475 0.4408628046512604 0.03443331768115362 0.03443331768115362
0 0.6534491181373596 0.4407108724117279 0.03443331768115362 0.03443331768115362
0 0.5597173571586609 0.44056305289268494 0.03443331768115362 0.03443331768115362
0 0.468477725982666 0.44041913747787476 0.03443331768115362 0.03443331768115362
0 0.3796320855617523 0.4402790069580078 0.03443331768115362 0.03443331768115362
0 0.2930873930454254 0.44014251232147217 0.03443331768115362 0.03443331768115362
0 0.2087554782629013 0.4400095045566559 0.03443331768115362 0.03443331768115362
0 0.7521458864212036 0.5306567549705505 0.03443331768115362 0.03443331768115362
0 0.6525165438652039 0.5292317867279053 0.03443331768115362 0.03443331768115362
0 0.5556615591049194 0.5278464555740356 0.03443331768115362 0.03443331768115362
0 0.4614666700363159 0.5264992117881775 0.03443331768115362 0.03443331768115362
0 0.36982378363609314 0.5251884460449219 0.03443331768115362 0.03443331768115362
0 0.28063052892684937 0.5239127278327942 0.03443331768115362 0.03443331768115362
0 0.19379004836082458 0.5226706862449646 0.03443331768115362 0.03443331768115362
0 0.7546842694282532 0.6268521547317505 0.03443331768115362 0.03443331768115362
0 0.6515184044837952 0.6239711046218872 0.03443331768115362 0.03443331768115362
0 0.5513249039649963 0.621173083782196 0.03443331768115362 0.03443331768115362
0 0.4539770781993866 0.6184545159339905 0.03443331768115362 0.03443331768115362
0 0.3593553900718689 0.6158120632171631 0.03443331768115362 0.03443331768115362
0 0.26734694838523865 0.6132426261901855 0.03443331768115362 0.03443331768115362
0 0.17784491181373596 0.6107431650161743 0.03443331768115362 0.03443331768115362
0 0.7574102878570557 0.7301587462425232 0.03443331768115362 0.03443331768115362
0 0.65044766664505 0.7256079316139221 0.03443331768115362 0.03443331768115362
0 0.5466772317886353 0.7211929559707642 0.03443331768115362 0.03443331768115362
0 0.4459582567214966 0.716907799243927 0.03443331768115362 0.03443331768115362
0 0.34815800189971924 0.712746798992157 0.03443331768115362 0.03443331768115362
0 0.25315147638320923 0.7087046504020691 0.03443331768115362 0.03443331768115362
0 0.1608206331729889 0.7047763466835022 0.03443331768115362 0.03443331768115362