0 0.7637766003608704 0.2091708481311798 0.03655110796292623 0.03655110796292623
0 0.6836895942687988 0.2076098769903183 0.03655110796292623 0.03655110796292623
0 0.6037684082984924 0.20605212450027466 0.03655110796292623 0.03655110796292623
0 0.5240124464035034 0.2044975906610489 0.03655110796292623 0.03655110796292623
0 0.44442126154899597 0.202946275472641 0.03655110796292623 0.03655110796292623
0 0.3649943172931671 0.20139816403388977 0.03655110796292623 0.03655110796292623
0 0.28573110699653625 0.19985324144363403 0.03655110796292623 0.03655110796292623
0 0.7748351693153381 0.2664121389389038 0.03655110796292623 0.03655110796292623
0 0.6914789080619812 0.2647259533405304 0.03655110796292623 0.03655110796292623
0 0.608302116394043 0.2630434036254883 0.03655110796292623 0.03655110796292623
0 0.52530437707901 0.2613644599914551 0.03655110796292623 0.03655110796292623
0 0.4424850344657898 0.2596891224384308 0.03655110796292623 0.03655110796292623
0 0.35984349250793457 0.2580173909664154 0.03655110796292623 0.03655110796292623
0 0.27737921476364136 0.25634923577308655 0.03655110796292623 0.03655110796292623
0 0.7868325114250183 0.32851266860961914 0.03655110796292623 0.03655110796292623
0 0.6999286413192749 0.32668519020080566 0.03655110796292623 0.03655110796292623
0 0.6132199168205261 0.3248617947101593 0.03655110796292623 0.03655110796292623
0 0.5267056226730347 0.32304251194000244 0.03655110796292623 0.03655110796292623
0 0.4403851628303528 0.3212273120880127 0.03655110796292623 0.03655110796292623
0 0.35425788164138794 0.3194161653518677 0.03655110796292623 0.03655110796292623
0 0.2683231234550476 0.3176090717315674 0.03655110796292623 0.03655110796292623
0 0.7998934984207153 0.3961185812950134 0.03655110796292623 0.03655110796292623
0 0.7091266512870789 0.3941308557987213 0.03655110796292623 0.03655110796292623
0 0.6185725927352905 0.3921477794647217 0.03655110796292623 0.03655110796292623
0 0.5282306671142578 0.39016932249069214 0.03655110796292623 0.03655110796292623
0 0.43810001015663147 0.3881955146789551 0.03655110796292623 0.03655110796292623
0 0.34817996621131897 0.3862263262271881 0.03655110796292623 0.03655110796292623
0 0.2584697902202606 0.38426172733306885 0.03655110796292623 0.03655110796292623
0 0.8141660094261169 0.46999597549438477 0.03655110796292623 0.03655110796292623
0 0.7191768288612366 0.46782544255256653 0.03655110796292623 0.03655110796292623
0 0.6244206428527832 0.4656602144241333 0.03655110796292623 0.03655110796292623
0 0.52989661693573 0.4635002911090851 0.03655110796292623 0.03655110796292623
0 0.43560391664505005 0.4613456428050995 0.03655110796292623 0.03655110796292623
0 0.34154170751571655 0.4591962993144989 0.03655110796292623 0.03655110796292623
0 0.24770908057689667 0.45705217123031616 0.03655110796292623 0.03655110796292623
0 0.8298269510269165 0.5510599613189697 0.03655110796292623 0.03655110796292623
0 0.73020339012146 0.5486795902252197 0.03655110796292623 0.03655110796292623
0 0.6308360695838928 0.5463053584098816 0.03655110796292623 0.03655110796292623
0 0.5317240357398987 0.5439372062683105 0.03655110796292623 0.03655110796292623
0 0.43286627531051636 0.5415751338005066 0.03655110796292623 0.03655110796292623
0 0.33426180481910706 0.539219081401825 0.03655110796292623 0.03655110796292623
0 0.23590965569019318 0.5368691086769104 0.03655110796292623 0.03655110796292623
0 0.8470892310142517 0.6404127478599548 0.03655110796292623 0.03655110796292623
0 0.7423559427261353 0.6377899050712585 0.03655110796292623 0.03655110796292623
0 0.6379057765007019 0.6351741552352905 0.03655110796292623 0.03655110796292623
0 0.5337375402450562 0.6325654983520508 0.03655110796292623 0.03655110796292623
0 0.42985019087791443 0.6299638152122498 0.03655110796292623 0.03655110796292623
0 0.3262425363063812 0.6273691654205322 0.03655110796292623 0.03655110796292623
0 0.2229134738445282 0.6247814893722534 0.03655110796292623 0.03655110796292623