0 0.7009044289588928 0.3276961147785187 0.03093991180260976 0.03093991180260976
0 0.6343291401863098 0.32823196053504944 0.03093991180260976 0.03093991180260976
0 0.567704439163208 0.32876822352409363 0.03093991180260976 0.03093991180260976
0 0.5010302066802979 0.32930490374565125 0.03093991180260976 0.03093991180260976
0 0.43430638313293457 0.3298419415950775 0.03093991180260976 0.03093991180260976
0 0.3675329089164734 0.3303793966770172 0.03093991180260976 0.03093991180260976
0 0.3007097542285919 0.33091726899147034 0.03093991180260976 0.03093991180260976
0 0.7099843621253967 0.37944915890693665 0.03093991180260976 0.03093991180260976
0 0.6406264305114746 0.3800274729728699 0.03093991180260976 0.03093991180260976
0 0.5712147951126099 0.3806062340736389 0.03093991180260976 0.03093991180260976
0 0.5017493963241577 0.3811854422092438 0.03093991180260976 0.03093991180260976
0 0.4322301745414734 0.38176509737968445 0.03093991180260976 0.03093991180260976
0 0.3626570403575897 0.38234519958496094 0.03093991180260976 0.03093991180260976
0 0.2930299639701843 0.38292574882507324 0.03093991180260976 0.03093991180260976
0 0.7198572158813477 0.43572136759757996 0.03093991180260976 0.03093991180260976
0 0.6474738121032715 0.4363476634025574 0.03093991180260976 0.03093991180260976
0 0.5750319361686707 0.4369744658470154 0.03093991180260976 0.03093991180260976
0 0.5025314688682556 0.437601774930954 0.03093991180260976 0.03093991180260976
0 0.4299723505973816 0.43822962045669556 0.03093991180260976 0.03093991180260976
0 0.3573545515537262 0.43885794281959534 0.03093991180260976 0.03093991180260976
0 0.2846779525279999 0.4394867718219757 0.03093991180260976 0.03093991180260976
0 0.7306315302848816 0.49713170528411865 0.03093991180260976 0.03093991180260976
0 0.6549466848373413 0.49781256914138794 0.03093991180260976 0.03093991180260976
0 0.579197883605957 0.4984939694404602 0.03093991180260976 0.03093991180260976
0 0.5033850073814392 0.4991759657859802 0.03093991180260976 0.03093991180260976
0 0.42750802636146545 0.4998585283756256 0.03093991180260976 0.03093991180260976
0 0.3515668511390686 0.5005416870117188 0.03093991180260976 0.03093991180260976
0 0.2755613923072815 0.5012254118919373 0.03093991180260976 0.03093991180260976
0 0.7424367070198059 0.5644176006317139 0.03093991180260976 0.03093991180260976
0 0.6631348729133606 0.5651608109474182 0.03093991180260976 0.03093991180260976
0 0.5837627649307251 0.5659046769142151 0.03093991180260976 0.03093991180260976
0 0.5043203234672546 0.5666491985321045 0.03093991180260976 0.03093991180260976
0 0.42480751872062683 0.5673943758010864 0.03093991180260976 0.03093991180260976
0 0.34522420167922974 0.5681402087211609 0.03093991180260976 0.03093991180260976
0 0.2655702531337738 0.5688866972923279 0.03093991180260976 0.03093991180260976
0 0.75542813539505 0.638464629650116 0.03093991180260976 0.03093991180260976
0 0.672146201133728 0.6392796039581299 0.03093991180260976 0.03093991180260976
0 0.588786780834198 0.6400953531265259 0.03093991180260976 0.03093991180260976
0 0.5053497552871704 0.6409118175506592 0.03093991180260976 0.03093991180260976
0 0.42183512449264526 0.6417290568351746 0.03093991180260976 0.03093991180260976
0 0.33824270963668823 0.642547070980072 0.03093991180260976 0.03093991180260976
0 0.25457239151000977 0.6433658599853516 0.03093991180260976 0.03093991180260976
0 0.7697940468788147 0.7203457355499268 0.03093991180260976 0.03093991180260976
0 0.682111382484436 0.7212439179420471 0.03093991180260976 0.03093991180260976
0 0.594342827796936 0.7221429944038391 0.03093991180260976 0.03093991180260976
0 0.5064883232116699 0.723042905330658 0.03093991180260976 0.03093991180260976
0 0.418547660112381 0.7239437699317932 0.03093991180260976 0.03093991180260976
0 0.33052077889442444 0.7248454689979553 0.03093991180260976 0.03093991180260976
0 0.24240751564502716 0.7257480621337891 0.03093991180260976 0.03093991180260976