0 0.6755509376525879 0.18821972608566284 0.025127241387963295 0.03350298851728439
0 0.6087340116500854 0.19046512246131897 0.025127241387963295 0.03350298851728439
0 0.541481077671051 0.19272515177726746 0.025127241387963295 0.03350298851728439
0 0.47378793358802795 0.19499997794628143 0.025127241387963295 0.03350298851728439
0 0.40565019845962524 0.19728974997997284 0.025127241387963295 0.03350298851728439
0 0.3370634913444519 0.1995946168899536 0.025127241387963295 0.03350298851728439
0 0.2680233418941498 0.2019147127866745 0.025127241387963295 0.03350298851728439
0 0.6881871819496155 0.2523573338985443 0.025127241387963295 0.03350298851728439
0 0.6181969046592712 0.25492939352989197 0.025127241387963295 0.03350298851728439
0 0.5477279424667358 0.25751906633377075 0.025127241387963295 0.03350298851728439
0 0.47677528858184814 0.2601265013217926 0.025127241387963295 0.03350298851728439
0 0.4053340256214142 0.26275187730789185 0.025127241387963295 0.03350298851728439
0 0.3333989977836609 0.2653954327106476 0.025127241387963295 0.03350298851728439
0 0.26096513867378235 0.26805728673934937 0.025127241387963295 0.03350298851728439
0 0.7020969390869141 0.3229588270187378 0.025127241387963295 0.03350298851728439
0 0.6286169290542603 0.32591378688812256 0.025127241387963295 0.03350298851728439
0 0.5546088814735413 0.32888996601104736 0.025127241387963295 0.03350298851728439
0 0.4800669848918915 0.3318876028060913 0.025127241387963295 0.03350298851728439
0 0.4049854874610901 0.3349069356918335 0.025127241387963295 0.03350298851728439
0 0.3293585181236267 0.3379482328891754 0.025127241387963295 0.03350298851728439
0 0.25318005681037903 0.3410117030143738 0.025127241387963295 0.03350298851728439
0 0.71748286485672 0.4010532796382904 0.025127241387963295 0.03350298851728439
0 0.6401470303535461 0.4044601619243622 0.025127241387963295 0.03350298851728439
0 0.5622256398200989 0.40789279341697693 0.025127241387963295 0.03350298851728439
0 0.48371201753616333 0.4113515615463257 0.025127241387963295 0.03350298851728439
0 0.4045994281768799 0.41483667492866516 0.025127241387963295 0.03350298851728439
0 0.324880987405777 0.418348491191864 0.025127241387963295 0.03350298851728439
0 0.2445496916770935 0.4218873083591461 0.025127241387963295 0.03350298851728439
0 0.7345932722091675 0.48790037631988525 0.025127241387963295 0.03350298851728439
0 0.6529744863510132 0.49184486269950867 0.025127241387963295 0.03350298851728439
0 0.570702850818634 0.49582090973854065 0.025127241387963295 0.03350298851728439
0 0.4877704977989197 0.49982890486717224 0.025127241387963295 0.03350298851728439
0 0.4041694104671478 0.5038691759109497 0.025127241387963295 0.03350298851728439
0 0.31989148259162903 0.5079421997070312 0.025127241387963295 0.03350298851728439
0 0.2349284440279007 0.5120483040809631 0.025127241387963295 0.03350298851728439
0 0.7537351846694946 0.5850589275360107 0.025127241387963295 0.03350298851728439
0 0.6673314571380615 0.5896486639976501 0.025127241387963295 0.03350298851728439
0 0.5801951885223389 0.5942773222923279 0.025127241387963295 0.03350298851728439
0 0.49231699109077454 0.5989454388618469 0.025127241387963295 0.03350298851728439
0 0.403687447309494 0.6036534309387207 0.025127241387963295 0.03350298851728439
0 0.3142968416213989 0.6084018349647522 0.025127241387963295 0.03350298851728439
0 0.22413530945777893 0.6131911873817444 0.025127241387963295 0.03350298851728439
0 0.7752932906150818 0.6944811940193176 0.025127241387963295 0.03350298851728439
0 0.6835086941719055 0.6998531222343445 0.025127241387963295 0.03350298851728439
0 0.5908964276313782 0.705273449420929 0.025127241387963295 0.03350298851728439
0 0.49744516611099243 0.7107428312301636 0.025127241387963295 0.03350298851728439
0 0.4031435549259186 0.7162620425224304 0.025127241387963295 0.03350298851728439
0 0.30797988176345825 0.721831738948822 0.025127241387963295 0.03350298851728439
0 0.21194230020046234 0.7274525165557861 0.025127241387963295 0.03350298851728439