0 0.2926453649997711 0.6455526947975159 0.020725680515170097 0.027634240686893463
0 0.36944693326950073 0.6441657543182373 0.020725680515170097 0.027634240686893463
0 0.44696304202079773 0.6427658796310425 0.020725680515170097 0.027634240686893463
0 0.5252037048339844 0.6413530111312866 0.020725680515170097 0.027634240686893463
0 0.6041790843009949 0.6399267911911011 0.020725680515170097 0.027634240686893463
0 0.6838996410369873 0.6384871602058411 0.020725680515170097 0.027634240686893463
0 0.7643759250640869 0.6370338201522827 0.020725680515170097 0.027634240686893463
0 0.3034585118293762 0.5552035570144653 0.020725680515170097 0.027634240686893463
0 0.3765887916088104 0.5534857511520386 0.020725680515170097 0.027634240686893463
0 0.450366348028183 0.5517526865005493 0.020725680515170097 0.027634240686893463
0 0.5247998237609863 0.5500041842460632 0.020725680515170097 0.027634240686893463
0 0.5998979806900024 0.5482401251792908 0.020725680515170097 0.027634240686893463
0 0.67566978931427 0.5464602112770081 0.020725680515170097 0.027634240686893463
0 0.7521243095397949 0.5446642637252808 0.020725680515170097 0.027634240686893463
0 0.3132769763469696 0.4731653332710266 0.020725680515170097 0.027634240686893463
0 0.3830709159374237 0.47118204832077026 0.020725680515170097 0.027634240686893463
0 0.453453928232193 0.46918201446533203 0.020725680515170097 0.027634240686893463
0 0.5244335532188416 0.4671650230884552 0.020725680515170097 0.027634240686893463
0 0.5960173606872559 0.46513089537620544 0.020725680515170097 0.027634240686893463
0 0.6682131290435791 0.4630793631076813 0.020725680515170097 0.027634240686893463
0 0.7410287261009216 0.461010217666626 0.020725680515170097 0.027634240686893463
0 0.3222320079803467 0.3983415961265564 0.020725680515170097 0.027634240686893463
0 0.3889806866645813 0.3961453139781952 0.020725680515170097 0.027634240686893463
0 0.4562678039073944 0.3939312994480133 0.020725680515170097 0.027634240686893463
0 0.5240998864173889 0.3916993737220764 0.020725680515170097 0.027634240686893463
0 0.5924835801124573 0.38944926857948303 0.020725680515170097 0.027634240686893463
0 0.6614255905151367 0.38718080520629883 0.020725680515170097 0.027634240686893463
0 0.730932891368866 0.3848937451839447 0.020725680515170097 0.027634240686893463
0 0.3304326832294464 0.329820841550827 0.020725680515170097 0.027634240686893463
0 0.394390732049942 0.3274537920951843 0.020725680515170097 0.027634240686893463
0 0.45884281396865845 0.32506847381591797 0.020725680515170097 0.027634240686893463
0 0.5237946510314941 0.32266464829444885 0.020725680515170097 0.027634240686893463
0 0.5892520546913147 0.32024210691452026 0.020725680515170097 0.027634240686893463
0 0.6552210450172424 0.3178006410598755 0.020725680515170097 0.027634240686893463
0 0.7217075228691101 0.3153400123119354 0.020725680515170097 0.027634240686893463
0 0.337970495223999 0.26683878898620605 0.020725680515170097 0.027634240686893463
0 0.39936187863349915 0.2643352746963501 0.020725680515170097 0.027634240686893463
0 0.46120813488960266 0.2618132531642914 0.020725680515170097 0.027634240686893463
0 0.5235143899917603 0.25927242636680603 0.020725680515170097 0.027634240686893463
0 0.5862857103347778 0.2567126750946045 0.020725680515170097 0.027634240686893463
0 0.649527370929718 0.2541337311267853 0.020725680515170097 0.027634240686893463
0 0.7132446765899658 0.2515353858470917 0.020725680515170097 0.027634240686893463
0 0.34492266178131104 0.20874997973442078 0.020725680515170097 0.027634240686893463
0 0.4039454162120819 0.2061380296945572 0.020725680515170097 0.027634240686893463
0 0.4633883833885193 0.20350748300552368 0.020725680515170097 0.027634240686893463
0 0.5232561230659485 0.20085813105106354 0.020725680515170097 0.027634240686893463
0 0.5835530757904053 0.19818979501724243 0.020725680515170097 0.027634240686893463
0 0.6442840099334717 0.19550225138664246 0.020725680515170097 0.027634240686893463
0 0.7054535746574402 0.1927952915430069 0.020725680515170097 0.027634240686893463