0 0.2540753483772278 0.17885272204875946 0.03505643208821615 0.03505643208821615
0 0.3311007022857666 0.18189206719398499 0.03505643208821615 0.03505643208821615
0 0.40833625197410583 0.18493971228599548 0.03505643208821615 0.03505643208821615
0 0.4857828617095947 0.18799568712711334 0.03505643208821615 0.03505643208821615
0 0.5634413957595825 0.19106002151966095 0.03505643208821615 0.03505643208821615
0 0.6413127779960632 0.1941327601671219 0.03505643208821615 0.03505643208821615
0 0.719397783279419 0.19721391797065735 0.03505643208821615 0.03505643208821615
0 0.2449617236852646 0.23172003030776978 0.03505643208821615 0.03505643208821615
0 0.3249574601650238 0.2349519282579422 0.03505643208821615 0.03505643208821615
0 0.4051799476146698 0.23819297552108765 0.03505643208821615 0.03505643208821615
0 0.48563018441200256 0.24144324660301208 0.03505643208821615 0.03505643208821615
0 0.5663091540336609 0.24470274150371552 0.03505643208821615 0.03505643208821615
0 0.6472177505493164 0.2479715198278427 0.03505643208821615 0.03505643208821615
0 0.7283570766448975 0.25124961137771606 0.03505643208821615 0.03505643208821615
0 0.23511479794979095 0.28884127736091614 0.03505643208821615 0.03505643208821615
0 0.318319171667099 0.2922874987125397 0.03505643208821615 0.03505643208821615
0 0.40176892280578613 0.2957438826560974 0.03505643208821615 0.03505643208821615
0 0.4854651689529419 0.29921048879623413 0.03505643208821615 0.03505643208821615
0 0.5694089531898499 0.3026873469352722 0.03505643208821615 0.03505643208821615
0 0.6536014676094055 0.30617448687553406 0.03505643208821615 0.03505643208821615
0 0.7380436658859253 0.30967196822166443 0.03505643208821615 0.03505643208821615
0 0.22444231808185577 0.35075142979621887 0.03505643208821615 0.03505643208821615
0 0.31112349033355713 0.35443732142448425 0.03505643208821615 0.03505643208821615
0 0.3980710506439209 0.35813453793525696 0.03505643208821615 0.03505643208821615
0 0.48528623580932617 0.36184313893318176 0.03505643208821615 0.03505643208821615
0 0.5727702975273132 0.36556318402290344 0.03505643208821615 0.03505643208821615
0 0.6605244278907776 0.3692947030067444 0.03505643208821615 0.03505643208821615
0 0.7485499382019043 0.37303775548934937 0.03505643208821615 0.03505643208821615
0 0.21283595263957977 0.41807907819747925 0.03505643208821615 0.03505643208821615
0 0.30329716205596924 0.4220343232154846 0.03505643208821615 0.03505643208821615
0 0.3940485715866089 0.42600226402282715 0.03505643208821615 0.03505643208821615
0 0.48509159684181213 0.4299829602241516 0.03505643208821615 0.03505643208821615
0 0.5764276385307312 0.4339764416217804 0.03505643208821615 0.03505643208821615
0 0.6680580973625183 0.43798279762268066 0.03505643208821615 0.03505643208821615
0 0.7599844336509705 0.4420021176338196 0.03505643208821615 0.03505643208821615
0 0.2001674771308899 0.49156785011291504 0.03505643208821615 0.03505643208821615
0 0.29475343227386475 0.49582746624946594 0.03505643208821615 0.03505643208821615
0 0.38965675234794617 0.5001013278961182 0.03505643208821615 0.03505643208821615
0 0.4848790466785431 0.5043895840644836 0.03505643208821615 0.03505643208821615
0 0.5804219245910645 0.5086923241615295 0.03505643208821615 0.03505643208821615
0 0.6762869954109192 0.5130095481872559 0.03505643208821615 0.03505643208821615
0 0.7724758982658386 0.5173413157463074 0.03505643208821615 0.03505643208821615
0 0.186284139752388 0.5721039772033691 0.03505643208821615 0.03505643208821615
0 0.2853889465332031 0.5767095685005188 0.03505643208821615 0.03505643208821615
0 0.38484227657318115 0.5813313126564026 0.03505643208821615 0.03505643208821615
0 0.4846459925174713 0.5859693884849548 0.03505643208821615 0.03505643208821615
0 0.5848019123077393 0.5906237959861755 0.03505643208821615 0.03505643208821615
0 0.6853119730949402 0.5952946543693542 0.03505643208821615 0.03505643208821615
0 0.7861780524253845 0.5999820828437805 0.03505643208821615 0.03505643208821615