0 0.23314087092876434 0.6529507637023926 0.03365423033634821 0.03365423033634821
0 0.3310633897781372 0.6535331010818481 0.03365423033634821 0.03365423033634821
0 0.42875775694847107 0.6541141271591187 0.03365423033634821 0.03365423033634821
0 0.5262247920036316 0.6546937227249146 0.03365423033634821 0.03365423033634821
0 0.623465359210968 0.6552720069885254 0.03365423033634821 0.03365423033634821
0 0.7204800844192505 0.6558489799499512 0.03365423033634821 0.03365423033634821
0 0.8172698616981506 0.6564245820045471 0.03365423033634821 0.03365423033634821
0 0.24260665476322174 0.5603771805763245 0.03365423033634821 0.03365423033634821
0 0.33713364601135254 0.5610436201095581 0.03365423033634821 0.03365423033634821
0 0.4314480125904083 0.5617085695266724 0.03365423033634821 0.03365423033634821
0 0.5255504846572876 0.5623720288276672 0.03365423033634821 0.03365423033634821
0 0.6194417476654053 0.5630339980125427 0.03365423033634821 0.03365423033634821
0 0.713122546672821 0.5636944770812988 0.03365423033634821 0.03365423033634821
0 0.8065935969352722 0.5643534660339355 0.03365423033634821 0.03365423033634821
0 0.2514392137527466 0.47399649024009705 0.03365423033634821 0.03365423033634821
0 0.34279826283454895 0.47473469376564026 0.03365423033634821 0.03365423033634821
0 0.43395864963531494 0.47547125816345215 0.03365423033634821 0.03365423033634821
0 0.5249210596084595 0.4762062430381775 0.03365423033634821 0.03365423033634821
0 0.6156861782073975 0.4769396185874939 0.03365423033634821 0.03365423033634821
0 0.7062545418739319 0.47767141461372375 0.03365423033634821 0.03365423033634821
0 0.7966268658638 0.47840163111686707 0.03365423033634821 0.03365423033634821
0 0.2597000300884247 0.3932073414325714 0.03365423033634821 0.03365423033634821
0 0.3480965793132782 0.39400675892829895 0.03365423033634821 0.03365423033634821
0 0.4363071322441101 0.394804447889328 0.03365423033634821 0.03365423033634821
0 0.5243323445320129 0.39560049772262573 0.03365423033634821 0.03365423033634821
0 0.6121726632118225 0.39639484882354736 0.03365423033634821 0.03365423033634821
0 0.6998288035392761 0.39718756079673767 0.03365423033634821 0.03365423033634821
0 0.787301242351532 0.39797860383987427 0.03365423033634821 0.03365423033634821
0 0.26744288206100464 0.3174838423728943 0.03365423033634821 0.03365423033634821
0 0.35306301712989807 0.31833547353744507 0.03365423033634821 0.03365423033634821
0 0.43850865960121155 0.3191853165626526 0.03365423033634821 0.03365423033634821
0 0.523780345916748 0.320033460855484 0.03365423033634821 0.03365423033634821
0 0.6088785529136658 0.32087987661361694 0.03365423033634821 0.03365423033634821
0 0.6938039064407349 0.3217245638370514 0.03365423033634821 0.03365423033634821
0 0.7785568237304688 0.32256755232810974 0.03365423033634821 0.03365423033634821
0 0.27471497654914856 0.2463640421628952 0.03365423033634821 0.03365423033634821
0 0.3577278256416321 0.24726013839244843 0.03365423033634821 0.03365423033634821
0 0.44057661294937134 0.24815446138381958 0.03365423033634821 0.03365423033634821
0 0.5232618451118469 0.24904701113700867 0.03365423033634821 0.03365423033634821
0 0.605783998966217 0.24993780255317688 0.03365423033634821 0.03365423033634821
0 0.6881434917449951 0.2508268356323242 0.03365423033634821 0.03365423033634821
0 0.7703408598899841 0.2517141103744507 0.03365423033634821 0.03365423033634821
0 0.28155800700187683 0.1794404834508896 0.03365423033634821 0.03365423033634821
0 0.3621176481246948 0.180374413728714 0.03365423033634821 0.03365423033634821
0 0.442522794008255 0.18130654096603394 0.03365423033634821 0.03365423033634821
0 0.5227738618850708 0.18223689496517181 0.03365423033634821 0.03365423033634821
0 0.6028712391853333 0.18316546082496643 0.03365423033634821 0.03365423033634821
0 0.6828154921531677 0.18409225344657898 0.03365423033634821 0.03365423033634821
0 0.7626069188117981 0.18501725792884827 0.03365423033634821 0.03365423033634821