0 0.3343453109264374 0.6142305135726929 0.019901277497410778 0.026535036663214367
0 0.40989187359809875 0.610954225063324 0.019901277497410778 0.026535036663214367
0 0.4853701889514923 0.6076808571815491 0.019901277497410778 0.026535036663214367
0 0.5607803463935852 0.6044104695320129 0.019901277497410778 0.026535036663214367
0 0.6361224055290222 0.6011430621147156 0.019901277497410778 0.026535036663214367
0 0.7113965153694153 0.597878634929657 0.019901277497410778 0.026535036663214367
0 0.7866027355194092 0.5946170687675476 0.019901277497410778 0.026535036663214367
0 0.3397921621799469 0.5306182503700256 0.019901277497410778 0.026535036663214367
0 0.41158220171928406 0.5275406837463379 0.019901277497410778 0.026535036663214367
0 0.48331061005592346 0.5244657397270203 0.019901277497410778 0.026535036663214367
0 0.5549774765968323 0.5213934779167175 0.019901277497410778 0.026535036663214367
0 0.6265828013420105 0.5183238387107849 0.019901277497410778 0.026535036663214367
0 0.6981267929077148 0.5152568221092224 0.019901277497410778 0.026535036663214367
0 0.7696093916893005 0.51219242811203 0.019901277497410778 0.026535036663214367
0 0.344723105430603 0.45492586493492126 0.019901277497410778 0.026535036663214367
0 0.41311249136924744 0.4520249664783478 0.019901277497410778 0.026535036663214367
0 0.48144596815109253 0.4491264522075653 0.019901277497410778 0.026535036663214367
0 0.5497235655784607 0.44623029232025146 0.019901277497410778 0.026535036663214367
0 0.6179453134536743 0.44333648681640625 0.019901277497410778 0.026535036663214367
0 0.6861113905906677 0.44044506549835205 0.019901277497410778 0.026535036663214367
0 0.7542217969894409 0.4375559985637665 0.019901277497410778 0.026535036663214367
0 0.3492080867290497 0.38607895374298096 0.019901277497410778 0.026535036663214367
0 0.4145044684410095 0.38333606719970703 0.019901277497410778 0.026535036663214367
0 0.4797498285770416 0.380595326423645 0.019901277497410778 0.026535036663214367
0 0.5449442267417908 0.3778567314147949 0.019901277497410778 0.026535036663214367
0 0.6100878119468689 0.37512028217315674 0.019901277497410778 0.026535036663214367
0 0.6751804947853088 0.3723859488964081 0.019901277497410778 0.026535036663214367
0 0.7402225136756897 0.36965376138687134 0.019901277497410778 0.026535036663214367
0 0.35330501198768616 0.32318902015686035 0.019901277497410778 0.026535036663214367
0 0.41577601432800293 0.32058826088905334 0.019901277497410778 0.026535036663214367
0 0.4782003164291382 0.31798943877220154 0.019901277497410778 0.026535036663214367
0 0.5405780076980591 0.3153925836086273 0.019901277497410778 0.026535036663214367
0 0.6029090881347656 0.3127976655960083 0.019901277497410778 0.026535036663214367
0 0.6651936769485474 0.3102046549320221 0.019901277497410778 0.026535036663214367
0 0.7274317741394043 0.3076136112213135 0.019901277497410778 0.026535036663214367
0 0.3570621609687805 0.265514999628067 0.019901277497410778 0.026535036663214367
0 0.41694214940071106 0.26304271817207336 0.019901277497410778 0.026535036663214367
0 0.4767792522907257 0.260572224855423 0.019901277497410778 0.026535036663214367
0 0.5365734696388245 0.25810348987579346 0.019901277497410778 0.026535036663214367
0 0.5963249802589417 0.2556365132331848 0.019901277497410778 0.026535036663214367
0 0.6560336351394653 0.25317129492759705 0.019901277497410778 0.026535036663214367
0 0.7156996130943298 0.25070786476135254 0.019901277497410778 0.026535036663214367
0 0.3605200946331024 0.212433859705925 0.019901277497410778 0.026535036663214367
0 0.4180154502391815 0.21007823944091797 0.019901277497410778 0.026535036663214367
0 0.47547125816345215 0.20772425830364227 0.019901277497410778 0.026535036663214367
0 0.5328875780105591 0.2053718864917755 0.019901277497410778 0.026535036663214367
0 0.5902643799781799 0.2030211240053177 0.019901277497410778 0.026535036663214367
0 0.647601842880249 0.20067198574543 0.019901277497410778 0.026535036663214367
0 0.7048998475074768 0.19832445681095123 0.019901277497410778 0.026535036663214367