0 0.3089239001274109 0.3763800263404846 0.019390705972909927 0.02585427463054657
0 0.30327460169792175 0.43973103165626526 0.019390705972909927 0.02585427463054657
0 0.29730358719825745 0.5066898465156555 0.019390705972909927 0.02585427463054657
0 0.29098257422447205 0.5775735974311829 0.019390705972909927 0.02585427463054657
0 0.28427982330322266 0.6527378559112549 0.019390705972909927 0.02585427463054657
0 0.27715975046157837 0.7325824499130249 0.019390705972909927 0.02585427463054657
0 0.26958203315734863 0.8175585865974426 0.019390705972909927 0.02585427463054657
0 0.37221765518188477 0.37731146812438965 0.019390705972909927 0.02585427463054657
0 0.36832475662231445 0.4406222999095917 0.019390705972909927 0.02585427463054657
0 0.36421042680740356 0.5075347423553467 0.019390705972909927 0.02585427463054657
0 0.35985517501831055 0.5783650875091553 0.019390705972909927 0.02585427463054657
0 0.35523721575737 0.6534678936004639 0.019390705972909927 0.02585427463054657
0 0.3503320515155792 0.7332417368888855 0.019390705972909927 0.02585427463054657
0 0.34511202573776245 0.8181362748146057 0.019390705972909927 0.02585427463054657
0 0.43538326025009155 0.37824103236198425 0.019390705972909927 0.02585427463054657
0 0.433239609003067 0.44151169061660767 0.019390705972909927 0.02585427463054657
0 0.4309741258621216 0.5083778500556946 0.019390705972909927 0.02585427463054657
0 0.42857611179351807 0.5791548490524292 0.019390705972909927 0.02585427463054657
0 0.4260336458683014 0.6541962623596191 0.019390705972909927 0.02585427463054657
0 0.42333322763442993 0.7338994145393372 0.019390705972909927 0.02585427463054657
0 0.42045968770980835 0.8187126517295837 0.019390705972909927 0.02585427463054657
0 0.49842116236686707 0.3791687488555908 0.019390705972909927 0.02585427463054657
0 0.4980195462703705 0.442399263381958 0.019390705972909927 0.02585427463054657
0 0.4975951313972473 0.5092191100120544 0.019390705972909927 0.02585427463054657
0 0.4971459209918976 0.5799428820610046 0.019390705972909927 0.02585427463054657
0 0.4966696798801422 0.6549230217933655 0.019390705972909927 0.02585427463054657
0 0.49616387486457825 0.7345556020736694 0.019390705972909927 0.02585427463054657
0 0.49562570452690125 0.8192875981330872 0.019390705972909927 0.02585427463054657
0 0.5613316893577576 0.3800945580005646 0.019390705972909927 0.02585427463054657
0 0.5626649856567383 0.4432849586009979 0.019390705972909927 0.02585427463054657
0 0.564073920249939 0.5100586414337158 0.019390705972909927 0.02585427463054657
0 0.5655650496482849 0.5807291865348816 0.019390705972909927 0.02585427463054657
0 0.567145824432373 0.6556481122970581 0.019390705972909927 0.02585427463054657
0 0.5688245892524719 0.7352102398872375 0.019390705972909927 0.02585427463054657
0 0.5706107020378113 0.8198611736297607 0.019390705972909927 0.02585427463054657
0 0.6241152286529541 0.3810185194015503 0.019390705972909927 0.02585427463054657
0 0.6271763443946838 0.4441688358783722 0.019390705972909927 0.02585427463054657
0 0.63041090965271 0.5108963251113892 0.019390705972909927 0.02585427463054657
0 0.6338340044021606 0.5815137624740601 0.019390705972909927 0.02585427463054657
0 0.6374626755714417 0.656371533870697 0.019390705972909927 0.02585427463054657
0 0.6413159370422363 0.7358633875846863 0.019390705972909927 0.02585427463054657
0 0.6454153656959534 0.8204333782196045 0.019390705972909927 0.02585427463054657
0 0.6867721676826477 0.3819406032562256 0.019390705972909927 0.02585427463054657
0 0.6915541291236877 0.4450508952140808 0.019390705972909927 0.02585427463054657
0 0.6966065764427185 0.511732280254364 0.019390705972909927 0.02585427463054657
0 0.7019532918930054 0.58229660987854 0.019390705972909927 0.02585427463054657
0 0.7076207399368286 0.657093346118927 0.019390705972909927 0.02585427463054657
0 0.7136385440826416 0.7365149855613708 0.019390705972909927 0.02585427463054657
0 0.7200403809547424 0.8210041522979736 0.019390705972909927 0.02585427463054657