0 0.705499529838562 0.16236427426338196 0.02281401699098448 0.034114417930444084
0 0.6298995614051819 0.16165606677532196 0.02281401699098448 0.034114417930444084
0 0.5538714528083801 0.16094385087490082 0.02281401699098448 0.034114417930444084
0 0.4774114489555359 0.16022759675979614 0.02281401699098448 0.034114417930444084
0 0.40051594376564026 0.15950725972652435 0.02281401699098448 0.034114417930444084
0 0.3231811821460724 0.15878279507160187 0.02281401699098448 0.034114417930444084
0 0.24540336430072784 0.1580541878938675 0.02281401699098448 0.034114417930444084
0 0.717174232006073 0.24238309264183044 0.02281401699098448 0.034114417930444084
0 0.6388096213340759 0.24188299477100372 0.02281401699098448 0.034114417930444084
0 0.5599846839904785 0.24137996137142181 0.02281401699098448 0.034114417930444084
0 0.4806953966617584 0.24087397754192352 0.02281401699098448 0.034114417930444084
0 0.400937557220459 0.24036499857902527 0.02281401699098448 0.034114417930444084
0 0.3207070529460907 0.23985299468040466 0.02281401699098448 0.034114417930444084
0 0.2399996668100357 0.2393379509449005 0.02281401699098448 0.034114417930444084
0 0.7297438383102417 0.32853585481643677 0.02281401699098448 0.034114417930444084
0 0.6484047770500183 0.3282785415649414 0.02281401699098448 0.034114417930444084
0 0.566569447517395 0.3280196487903595 0.02281401699098448 0.034114417930444084
0 0.48423337936401367 0.32775917649269104 0.02281401699098448 0.034114417930444084
0 0.4013918936252594 0.32749709486961365 0.02281401699098448 0.034114417930444084
0 0.3180403709411621 0.3272334039211273 0.02281401699098448 0.034114417930444084
0 0.23417405784130096 0.32696810364723206 0.02281401699098448 0.034114417930444084
0 0.7433153986930847 0.4215559959411621 0.02281401699098448 0.034114417930444084
0 0.6587671637535095 0.42158257961273193 0.02281401699098448 0.034114417930444084
0 0.573682427406311 0.4216093122959137 0.02281401699098448 0.034114417930444084
0 0.4880560636520386 0.4216362535953522 0.02281401699098448 0.034114417930444084
0 0.40188291668891907 0.4216633439064026 0.02281401699098448 0.034114417930444084
0 0.3151577115058899 0.42169061303138733 0.02281401699098448 0.034114417930444084
0 0.22787512838840485 0.4217180609703064 0.02281401699098448 0.034114417930444084
0 0.7580136656761169 0.5222986936569214 0.02281401699098448 0.034114417930444084
0 0.6699926853179932 0.5226582884788513 0.02281401699098448 0.034114417930444084
0 0.5813897848129272 0.5230202078819275 0.02281401699098448 0.034114417930444084
0 0.49219927191734314 0.5233845710754395 0.02281401699098448 0.034114417930444084
0 0.4024152457714081 0.5237513780593872 0.02281401699098448 0.034114417930444084
0 0.31203174591064453 0.524120569229126 0.02281401699098448 0.034114417930444084
0 0.22104273736476898 0.5244923233985901 0.02281401699098448 0.034114417930444084
0 0.7739850282669067 0.6317673325538635 0.02281401699098448 0.034114417930444084
0 0.6821938157081604 0.6325188279151917 0.02281401699098448 0.034114417930444084
0 0.5897693634033203 0.6332755088806152 0.02281401699098448 0.034114417930444084
0 0.4967050850391388 0.6340374946594238 0.02281401699098448 0.034114417930444084
0 0.402994304895401 0.6348046660423279 0.02281401699098448 0.034114417930444084
0 0.3086302876472473 0.6355772614479065 0.02281401699098448 0.034114417930444084
0 0.21360614895820618 0.6363552212715149 0.02281401699098448 0.034114417930444084
0 0.7914023995399475 0.7511469125747681 0.02281401699098448 0.034114417930444084
0 0.6955036520957947 0.7523615956306458 0.02281401699098448 0.034114417930444084
0 0.5989130735397339 0.7535850405693054 0.02281401699098448 0.034114417930444084
0 0.501623272895813 0.7548173069953918 0.02281401699098448 0.034114417930444084
0 0.40362656116485596 0.7560585141181946 0.02281401699098448 0.034114417930444084
0 0.30491524934768677 0.757308840751648 0.02281401699098448 0.034114417930444084
0 0.20548148453235626 0.758568286895752 0.02281401699098448 0.034114417930444084