0 0.7271499037742615 0.17992033064365387 0.025176141411066055 0.033568188548088074
0 0.6596360802650452 0.17810672521591187 0.025176141411066055 0.033568188548088074
0 0.5920922160148621 0.1762923151254654 0.025176141411066055 0.033568188548088074
0 0.5245181322097778 0.17447710037231445 0.025176141411066055 0.033568188548088074
0 0.45691385865211487 0.17266106605529785 0.025176141411066055 0.033568188548088074
0 0.38927942514419556 0.17084422707557678 0.025176141411066055 0.033568188548088074
0 0.32161474227905273 0.16902656853199005 0.025176141411066055 0.033568188548088074
0 0.7383265495300293 0.24353396892547607 0.025176141411066055 0.033568188548088074
0 0.6674909591674805 0.2416459619998932 0.025176141411066055 0.033568188548088074
0 0.5966221690177917 0.23975706100463867 0.025176141411066055 0.033568188548088074
0 0.5257202386856079 0.23786728084087372 0.025176141411066055 0.033568188548088074
0 0.454785019159317 0.23597662150859833 0.025176141411066055 0.033568188548088074
0 0.38381657004356384 0.2340850681066513 0.025176141411066055 0.033568188548088074
0 0.312814861536026 0.23219263553619385 0.025176141411066055 0.033568188548088074
0 0.7506606578826904 0.3137352168560028 0.025176141411066055 0.033568188548088074
0 0.6761594414710999 0.31176671385765076 0.025176141411066055 0.033568188548088074
0 0.6016215682029724 0.3097972273826599 0.025176141411066055 0.033568188548088074
0 0.5270469188690186 0.30782678723335266 0.025176141411066055 0.033568188548088074
0 0.4524354934692383 0.305855393409729 0.025176141411066055 0.033568188548088074
0 0.377787321805954 0.30388298630714417 0.025176141411066055 0.033568188548088074
0 0.3031023144721985 0.3019096255302429 0.025176141411066055 0.033568188548088074
0 0.7643417716026306 0.3916032612323761 0.025176141411066055 0.033568188548088074
0 0.6857748627662659 0.3895474374294281 0.025176141411066055 0.033568188548088074
0 0.6071671843528748 0.38749057054519653 0.025176141411066055 0.033568188548088074
0 0.528518557548523 0.385432630777359 0.025176141411066055 0.033568188548088074
0 0.4498291015625 0.3833736479282379 0.025176141411066055 0.033568188548088074
0 0.37109875679016113 0.3813135623931885 0.025176141411066055 0.033568188548088074
0 0.2923274338245392 0.3792524039745331 0.025176141411066055 0.033568188548088074
0 0.7796033620834351 0.47846657037734985 0.025176141411066055 0.033568188548088074
0 0.6965013742446899 0.47631585597991943 0.025176141411066055 0.033568188548088074
0 0.6133537292480469 0.4741639494895935 0.025176141411066055 0.033568188548088074
0 0.5301604270935059 0.47201085090637207 0.025176141411066055 0.033568188548088074
0 0.44692131876945496 0.4698565900325775 0.025176141411066055 0.033568188548088074
0 0.36363643407821655 0.46770113706588745 0.025176141411066055 0.033568188548088074
0 0.28030574321746826 0.46554452180862427 0.025176141411066055 0.033568188548088074
0 0.7967360019683838 0.5759793519973755 0.025176141411066055 0.033568188548088074
0 0.7085433602333069 0.5737252235412598 0.025176141411066055 0.033568188548088074
0 0.6202992796897888 0.5714697241783142 0.025176141411066055 0.033568188548088074
0 0.5320037007331848 0.5692129135131836 0.025176141411066055 0.033568188548088074
0 0.4436565935611725 0.5669548511505127 0.025176141411066055 0.033568188548088074
0 0.35525792837142944 0.564695417881012 0.025176141411066055 0.033568188548088074
0 0.2668076455593109 0.5624346733093262 0.025176141411066055 0.033568188548088074
0 0.8161062598228455 0.6862280368804932 0.025176141411066055 0.033568188548088074
0 0.7221585512161255 0.6838608980178833 0.025176141411066055 0.033568188548088074
0 0.6281524896621704 0.681492269039154 0.025176141411066055 0.033568188548088074
0 0.5340879559516907 0.6791221499443054 0.025176141411066055 0.033568188548088074
0 0.43996497988700867 0.6767505407333374 0.025176141411066055 0.033568188548088074
0 0.34578341245651245 0.6743775010108948 0.025176141411066055 0.033568188548088074
0 0.2515432834625244 0.672002911567688 0.025176141411066055 0.033568188548088074