0 0.7301490902900696 0.17790178954601288 0.025266904383897785 0.033689205845197044
0 0.6626734733581543 0.1756524294614792 0.025266904383897785 0.033689205845197044
0 0.5950019955635071 0.1733965426683426 0.025266904383897785 0.033689205845197044
0 0.5271337628364563 0.1711340993642807 0.025266904383897785 0.033689205845197044
0 0.4590679407119751 0.16886506974697113 0.025266904383897785 0.033689205845197044
0 0.39080366492271423 0.1665894240140915 0.025266904383897785 0.033689205845197044
0 0.32234007120132446 0.1643071323633194 0.025266904383897785 0.033689205845197044
0 0.7411503791809082 0.24197423458099365 0.025266904383897785 0.033689205845197044
0 0.6703898906707764 0.23971222341060638 0.025266904383897785 0.033689205845197044
0 0.5994138717651367 0.23744332790374756 0.025266904383897785 0.033689205845197044
0 0.5282214283943176 0.2351675182580948 0.025266904383897785 0.033689205845197044
0 0.4568115472793579 0.2328847497701645 0.025266904383897785 0.033689205845197044
0 0.385183185338974 0.23059499263763428 0.025266904383897785 0.033689205845197044
0 0.3133353888988495 0.22829823195934296 0.025266904383897785 0.033689205845197044
0 0.753281831741333 0.31262892484664917 0.025266904383897785 0.033689205845197044
0 0.6789002418518066 0.3103635013103485 0.025266904383897785 0.033689205845197044
0 0.6042805314064026 0.30809077620506287 0.025266904383897785 0.033689205845197044
0 0.5294214487075806 0.305810809135437 0.025266904383897785 0.033689205845197044
0 0.45432186126708984 0.3035234808921814 0.025266904383897785 0.033689205845197044
0 0.3789806663990021 0.3012288212776184 0.025266904383897785 0.033689205845197044
0 0.30339667201042175 0.29892677068710327 0.025266904383897785 0.033689205845197044
0 0.766727089881897 0.39093509316444397 0.025266904383897785 0.033689205845197044
0 0.6883338093757629 0.38867872953414917 0.025266904383897785 0.033689205845197044
0 0.609675943851471 0.3864147663116455 0.025266904383897785 0.033689205845197044
0 0.5307520031929016 0.3841431438922882 0.025266904383897785 0.033689205845197044
0 0.45156076550483704 0.3818638026714325 0.025266904383897785 0.033689205845197044
0 0.3721007704734802 0.37957677245140076 0.025266904383897785 0.033689205845197044
0 0.2923707067966461 0.37728193402290344 0.025266904383897785 0.033689205845197044
0 0.7817116975784302 0.4782068133354187 0.025266904383897785 0.033689205845197044
0 0.6988494396209717 0.4759765565395355 0.025266904383897785 0.033689205845197044
0 0.6156913042068481 0.47373834252357483 0.025266904383897785 0.033689205845197044
0 0.5322357416152954 0.47149211168289185 0.025266904383897785 0.033689205845197044
0 0.4484812319278717 0.4692378640174866 0.025266904383897785 0.033689205845197044
0 0.3644260764122009 0.46697551012039185 0.025266904383897785 0.033689205845197044
0 0.28006869554519653 0.4647050201892853 0.025266904383897785 0.033689205845197044
0 0.7985161542892456 0.5760772824287415 0.025266904383897785 0.033689205845197044
0 0.7106444835662842 0.5738963484764099 0.025266904383897785 0.033689205845197044
0 0.622439980506897 0.5717071294784546 0.025266904383897785 0.033689205845197044
0 0.5339007377624512 0.5695096850395203 0.025266904383897785 0.033689205845197044
0 0.44502487778663635 0.5673037767410278 0.025266904383897785 0.033689205845197044
0 0.3558104634284973 0.5650895237922668 0.025266904383897785 0.033689205845197044
0 0.26625558733940125 0.5628668069839478 0.025266904383897785 0.033689205845197044
0 0.8174933791160583 0.6866021156311035 0.025266904383897785 0.033689205845197044
0 0.7239676713943481 0.684502363204956 0.025266904383897785 0.033689205845197044
0 0.6300647258758545 0.6823941469192505 0.025266904383897785 0.033689205845197044
0 0.5357822775840759 0.680277407169342 0.025266904383897785 0.033689205845197044
0 0.4411180317401886 0.6781520843505859 0.025266904383897785 0.033689205845197044
0 0.3460696041584015 0.6760181188583374 0.025266904383897785 0.033689205845197044
0 0.25063467025756836 0.6738755106925964 0.025266904383897785 0.033689205845197044