0 0.7239474654197693 0.2153036743402481 0.0334335466225942 0.0334335466225942
0 0.6477378010749817 0.21573907136917114 0.0334335466225942 0.0334335466225942
0 0.5717463493347168 0.2161732316017151 0.0334335466225942 0.0334335466225942
0 0.4959721267223358 0.21660614013671875 0.0334335466225942 0.0334335466225942
0 0.4204142093658447 0.21703781187534332 0.0334335466225942 0.0334335466225942
0 0.3450716435909271 0.21746826171875 0.0334335466225942 0.0334335466225942
0 0.2699435353279114 0.2178974747657776 0.0334335466225942 0.0334335466225942
0 0.7318253517150879 0.2787330448627472 0.0334335466225942 0.0334335466225942
0 0.6528245806694031 0.2790900766849518 0.0334335466225942 0.0334335466225942
0 0.5740581750869751 0.2794460654258728 0.0334335466225942 0.0334335466225942
0 0.4955250918865204 0.27980101108551025 0.0334335466225942 0.0334335466225942
0 0.41722431778907776 0.28015488386154175 0.0334335466225942 0.0334335466225942
0 0.33915483951568604 0.2805077135562897 0.0334335466225942 0.0334335466225942
0 0.26131564378738403 0.28085950016975403 0.0334335466225942 0.0334335466225942
0 0.7403005957603455 0.34697169065475464 0.0334335466225942 0.0334335466225942
0 0.6582964062690735 0.3472370207309723 0.0334335466225942 0.0334335466225942
0 0.5765447020530701 0.3475015461444855 0.0334335466225942 0.0334335466225942
0 0.4950442910194397 0.3477652668952942 0.0334335466225942 0.0334335466225942
0 0.41379407048225403 0.34802818298339844 0.0334335466225942 0.0334335466225942
0 0.33279287815093994 0.34829026460647583 0.0334335466225942 0.0334335466225942
0 0.2520395815372467 0.34855157136917114 0.0334335466225942 0.0334335466225942
0 0.749443769454956 0.4205881357192993 0.0334335466225942 0.0334335466225942
0 0.6641987562179565 0.42074593901634216 0.0334335466225942 0.0334335466225942
0 0.579226553440094 0.4209032654762268 0.0334335466225942 0.0334335466225942
0 0.4945257902145386 0.42106005549430847 0.0334335466225942 0.0334335466225942
0 0.41009521484375 0.42121633887290955 0.0334335466225942 0.0334335466225942
0 0.3259335160255432 0.4213721454143524 0.0334335466225942 0.0334335466225942
0 0.24203944206237793 0.4215274453163147 0.0334335466225942 0.0334335466225942
0 0.7593370676040649 0.5002442002296448 0.0334335466225942 0.0334335466225942
0 0.6705845594406128 0.5002756118774414 0.0334335466225942 0.0334335466225942
0 0.5821276903152466 0.5003068447113037 0.0334335466225942 0.0334335466225942
0 0.4939649701118469 0.500338077545166 0.0334335466225942 0.0334335466225942
0 0.40609490871429443 0.500369131565094 0.0334335466225942 0.0334335466225942
0 0.3185160756111145 0.5004001259803772 0.0334335466225942 0.0334335466225942
0 0.23122702538967133 0.5004309415817261 0.0334335466225942 0.0334335466225942
0 0.7700767517089844 0.5867149233818054 0.0334335466225942 0.0334335466225942
0 0.6775157451629639 0.586597204208374 0.0334335466225942 0.0334335466225942
0 0.585276186466217 0.5864799618721008 0.0334335466225942 0.0334335466225942
0 0.4933564066886902 0.5863630771636963 0.0334335466225942 0.0334335466225942
0 0.4017547369003296 0.5862466096878052 0.0334335466225942 0.0334335466225942
0 0.31046953797340393 0.5861305594444275 0.0334335466225942 0.0334335466225942
0 0.21949917078018188 0.5860149264335632 0.0334335466225942 0.0334335466225942
0 0.7817763090133667 0.6809138059616089 0.0334335466225942 0.0334335466225942
0 0.6850652694702148 0.6806197166442871 0.0334335466225942 0.0334335466225942
0 0.5887050628662109 0.6803267002105713 0.0334335466225942 0.0334335466225942
0 0.4926937520503998 0.6800347566604614 0.0334335466225942 0.0334335466225942
0 0.39702948927879333 0.6797438263893127 0.0334335466225942 0.0334335466225942
0 0.3017103374004364 0.67945396900177 0.0334335466225942 0.0334335466225942
0 0.20673446357250214 0.6791651844978333 0.0334335466225942 0.0334335466225942