0 0.2375967651605606 0.6590861678123474 0.033576108515262604 0.033576108515262604
0 0.33560752868652344 0.6603993773460388 0.033576108515262604 0.033576108515262604
0 0.4333314299583435 0.6617087721824646 0.033576108515262604 0.033576108515262604
0 0.5307697653770447 0.6630143523216248 0.033576108515262604 0.033576108515262604
0 0.6279237866401672 0.6643161177635193 0.033576108515262604 0.033576108515262604
0 0.7247946858406067 0.6656140685081482 0.033576108515262604 0.033576108515262604
0 0.8213837742805481 0.6669082045555115 0.033576108515262604 0.033576108515262604
0 0.24768824875354767 0.5676474571228027 0.033576108515262604 0.033576108515262604
0 0.34245601296424866 0.5690470337867737 0.033576108515262604 0.033576108515262604
0 0.4369555711746216 0.5704426169395447 0.033576108515262604 0.033576108515262604
0 0.5311880111694336 0.5718342661857605 0.033576108515262604 0.033576108515262604
0 0.6251545548439026 0.5732219815254211 0.033576108515262604 0.033576108515262604
0 0.7188562154769897 0.5746057629585266 0.033576108515262604 0.033576108515262604
0 0.8122941255569458 0.5759856700897217 0.033576108515262604 0.033576108515262604
0 0.25713518261909485 0.48204901814460754 0.033576108515262604 0.033576108515262604
0 0.3488677144050598 0.48352137207984924 0.033576108515262604 0.033576108515262604
0 0.44034886360168457 0.4849897027015686 0.033576108515262604 0.033576108515262604
0 0.5315796732902527 0.4864540100097656 0.033576108515262604 0.033576108515262604
0 0.6225611567497253 0.4879143238067627 0.033576108515262604 0.033576108515262604
0 0.7132943868637085 0.4893706440925598 0.033576108515262604 0.033576108515262604
0 0.8037803769111633 0.490822970867157 0.033576108515262604 0.033576108515262604
0 0.26599740982055664 0.4017486274242401 0.033576108515262604 0.033576108515262604
0 0.354883074760437 0.4032822251319885 0.033576108515262604 0.033576108515262604
0 0.44353267550468445 0.4048117697238922 0.033576108515262604 0.033576108515262604
0 0.5319471955299377 0.40633726119995117 0.033576108515262604 0.033576108515262604
0 0.6201274991035461 0.4078587293624878 0.033576108515262604 0.033576108515262604
0 0.7080745697021484 0.4093761444091797 0.033576108515262604 0.033576108515262604
0 0.795789361000061 0.41088956594467163 0.033576108515262604 0.033576108515262604
0 0.2743275761604309 0.32626914978027344 0.033576108515262604 0.033576108515262604
0 0.3605377674102783 0.32785412669181824 0.033576108515262604 0.033576108515262604
0 0.44652584195137024 0.3294350504875183 0.033576108515262604 0.033576108515262604
0 0.5322926640510559 0.33101189136505127 0.033576108515262604 0.033576108515262604
0 0.6178391575813293 0.3325846791267395 0.033576108515262604 0.033576108515262604
0 0.703166127204895 0.3341534435749054 0.033576108515262604 0.033576108515262604
0 0.788274347782135 0.33571815490722656 0.033576108515262604 0.033576108515262604
0 0.28217223286628723 0.25518912076950073 0.033576108515262604 0.033576108515262604
0 0.36586326360702515 0.2568169832229614 0.033576108515262604 0.033576108515262604
0 0.4493449926376343 0.2584407925605774 0.033576108515262604 0.033576108515262604
0 0.5326181650161743 0.26006051898002625 0.033576108515262604 0.033576108515262604
0 0.6156835556030273 0.26167619228363037 0.033576108515262604 0.033576108515262604
0 0.6985419392585754 0.26328787207603455 0.033576108515262604 0.033576108515262604
0 0.7811941504478455 0.2648955285549164 0.033576108515262604 0.033576108515262604
0 0.2895725667476654 0.1881347894668579 0.033576108515262604 0.033576108515262604
0 0.37088751792907715 0.18979820609092712 0.033576108515262604 0.033576108515262604
0 0.4520048499107361 0.1914575695991516 0.033576108515262604 0.033576108515262604
0 0.5329252481460571 0.19311290979385376 0.033576108515262604 0.033576108515262604
0 0.6136494278907776 0.19476422667503357 0.033576108515262604 0.033576108515262604
0 0.6941781044006348 0.19641155004501343 0.033576108515262604 0.033576108515262604
0 0.7745120525360107 0.19805489480495453 0.033576108515262604 0.033576108515262604