0 0.7199054956436157 0.21093347668647766 0.03376621256271998 0.03376621256271998
0 0.6431288123130798 0.21281297504901886 0.03376621256271998 0.03376621256271998
0 0.5669680833816528 0.21467739343643188 0.03376621256271998 0.03376621256271998
0 0.49141591787338257 0.21652692556381226 0.03376621256271998 0.03376621256271998
0 0.41646498441696167 0.2183617353439331 0.03376621256271998 0.03376621256271998
0 0.3421081602573395 0.22018200159072876 0.03376621256271998 0.03376621256271998
0 0.2683384120464325 0.22198790311813354 0.03376621256271998 0.03376621256271998
0 0.7285921573638916 0.2725309729576111 0.03376621256271998 0.03376621256271998
0 0.6488304138183594 0.2742250859737396 0.03376621256271998 0.03376621256271998
0 0.5697330832481384 0.2759050726890564 0.03376621256271998 0.03376621256271998
0 0.49129173159599304 0.2775711119174957 0.03376621256271998 0.03376621256271998
0 0.4134983718395233 0.27922341227531433 0.03376621256271998 0.03376621256271998
0 0.3363449275493622 0.28086209297180176 0.03376621256271998 0.03376621256271998
0 0.2598235607147217 0.2824873626232147 0.03376621256271998 0.03376621256271998
0 0.7379757761955261 0.33907049894332886 0.03376621256271998 0.03376621256271998
0 0.6549875140190125 0.34054288268089294 0.03376621256271998 0.03376621256271998
0 0.5727179050445557 0.3420025110244751 0.03376621256271998 0.03376621256271998
0 0.49115774035453796 0.34344956278800964 0.03376621256271998 0.03376621256271998
0 0.41029781103134155 0.3448841869831085 0.03376621256271998 0.03376621256271998
0 0.3301291763782501 0.34630653262138367 0.03376621256271998 0.03376621256271998
0 0.2506430149078369 0.3477168083190918 0.03376621256271998 0.03376621256271998
0 0.7481436729431152 0.4111716151237488 0.03376621256271998 0.03376621256271998
0 0.6616568565368652 0.4123786389827728 0.03376621256271998 0.03376621256271998
0 0.575950026512146 0.41357478499412537 0.03376621256271998 0.03376621256271998
0 0.49101269245147705 0.41476020216941833 0.03376621256271998 0.03376621256271998
0 0.40683454275131226 0.4159350097179413 0.03376621256271998 0.03376621256271998
0 0.3234054744243622 0.41709935665130615 0.03376621256271998 0.03376621256271998
0 0.24071550369262695 0.41825342178344727 0.03376621256271998 0.03376621256271998
0 0.7591985464096069 0.4895620346069336 0.03376621256271998 0.03376621256271998
0 0.6689051985740662 0.4904509484767914 0.03376621256271998 0.03376621256271998
0 0.579461395740509 0.4913314878940582 0.03376621256271998 0.03376621256271998
0 0.4908551573753357 0.49220380187034607 0.03376621256271998 0.03376621256271998
0 0.40307483077049255 0.49306797981262207 0.03376621256271998 0.03376621256271998
0 0.3161088824272156 0.4939241409301758 0.03376621256271998 0.03376621256271998
0 0.22994601726531982 0.49477240443229675 0.03376621256271998 0.03376621256271998
0 0.7712616920471191 0.5751022100448608 0.03376621256271998 0.03376621256271998
0 0.6768113970756531 0.5756087899208069 0.03376621256271998 0.03376621256271998
0 0.5832898616790771 0.5761104226112366 0.03376621256271998 0.03376621256271998
0 0.49068349599838257 0.5766071081161499 0.03376621256271998 0.03376621256271998
0 0.3989788591861725 0.5770990252494812 0.03376621256271998 0.03376621256271998
0 0.3081628978252411 0.5775861144065857 0.03376621256271998 0.03376621256271998
0 0.2182227075099945 0.5780684947967529 0.03376621256271998 0.03376621256271998
0 0.7844775915145874 0.6688169836997986 0.03376621256271998 0.03376621256271998
0 0.6854692101478577 0.6688625812530518 0.03376621256271998 0.03376621256271998
0 0.5874804854393005 0.6689077615737915 0.03376621256271998 0.03376621256271998
0 0.4904956519603729 0.668952465057373 0.03376621256271998 0.03376621256271998
0 0.39449945092201233 0.6689966917037964 0.03376621256271998 0.03376621256271998
0 0.2994768023490906 0.6690405011177063 0.03376621256271998 0.03376621256271998
0 0.20541296899318695 0.6690838932991028 0.03376621256271998 0.03376621256271998