0 0.801226794719696 0.15411561727523804 0.02035983024785916 0.03417034447193146
0 0.7288890480995178 0.15437111258506775 0.02035983024785916 0.03417034447193146
0 0.6567527055740356 0.15462590754032135 0.02035983024785916 0.03417034447193146
0 0.5848168134689331 0.15487998723983765 0.02035983024785916 0.03417034447193146
0 0.5130806565284729 0.15513335168361664 0.02035983024785916 0.03417034447193146
0 0.441543310880661 0.1553860306739807 0.02035983024785916 0.03417034447193146
0 0.37020400166511536 0.15563799440860748 0.02035983024785916 0.03417034447193146
0 0.8014464974403381 0.23404087126255035 0.02035983024785916 0.03417034447193146
0 0.7262685298919678 0.23419064283370972 0.02035983024785916 0.03417034447193146
0 0.651308000087738 0.23433996737003326 0.02035983024785916 0.03417034447193146
0 0.5765639543533325 0.23448887467384338 0.02035983024785916 0.03417034447193146
0 0.5020355582237244 0.23463734984397888 0.02035983024785916 0.03417034447193146
0 0.42772176861763 0.23478539288043976 0.02035983024785916 0.03417034447193146
0 0.3536216914653778 0.234933003783226 0.02035983024785916 0.03417034447193146
0 0.8016842007637024 0.32050812244415283 0.02035983024785916 0.03417034447193146
0 0.723433792591095 0.3205336332321167 0.02035983024785916 0.03417034447193146
0 0.6454189419746399 0.3205590844154358 0.02035983024785916 0.03417034447193146
0 0.567638635635376 0.3205844759941101 0.02035983024785916 0.03417034447193146
0 0.49009180068969727 0.32060977816581726 0.02035983024785916 0.03417034447193146
0 0.4127773642539978 0.32063499093055725 0.02035983024785916 0.03417034447193146
0 0.335694283246994 0.32066014409065247 0.02035983024785916 0.03417034447193146
0 0.8019422292709351 0.4143548011779785 0.02035983024785916 0.03417034447193146
0 0.7203575372695923 0.414233922958374 0.02035983024785916 0.03417034447193146
0 0.6390289068222046 0.4141134023666382 0.02035983024785916 0.03417034447193146
0 0.5579552054405212 0.4139932692050934 0.02035983024785916 0.03417034447193146
0 0.4771351218223572 0.4138735234737396 0.02035983024785916 0.03417034447193146
0 0.39656752347946167 0.4137541353702545 0.02035983024785916 0.03417034447193146
0 0.3162512183189392 0.41363513469696045 0.02035983024785916 0.03417034447193146
0 0.8022232055664062 0.5165677666664124 0.02035983024785916 0.03417034447193146
0 0.7170074582099915 0.5162736773490906 0.02035983024785916 0.03417034447193146
0 0.6320710778236389 0.51598060131073 0.02035983024785916 0.03417034447193146
0 0.5474126935005188 0.515688419342041 0.02035983024785916 0.03417034447193146
0 0.4630309045314789 0.5153972506523132 0.02035983024785916 0.03417034447193146
0 0.3789243698120117 0.5151069760322571 0.02035983024785916 0.03417034447193146
0 0.29509174823760986 0.5148176550865173 0.02035983024785916 0.03417034447193146
0 0.8025304079055786 0.6283179521560669 0.02035983024785916 0.03417034447193146
0 0.7133454084396362 0.6278181672096252 0.02035983024785916 0.03417034447193146
0 0.6244663000106812 0.6273201107978821 0.02035983024785916 0.03417034447193146
0 0.535891592502594 0.6268237233161926 0.02035983024785916 0.03417034447193146
0 0.4476196765899658 0.6263290643692017 0.02035983024785916 0.03417034447193146
0 0.35964903235435486 0.6258360743522644 0.02035983024785916 0.03417034447193146
0 0.27197813987731934 0.6253447532653809 0.02035983024785916 0.03417034447193146
0 0.8028677105903625 0.7510054707527161 0.02035983024785916 0.03417034447193146
0 0.7093254923820496 0.7502601742744446 0.02035983024785916 0.03417034447193146
0 0.6161198616027832 0.749517560005188 0.02035983024785916 0.03417034447193146
0 0.5232489109039307 0.7487776279449463 0.02035983024785916 0.03417034447193146
0 0.43071091175079346 0.7480403184890747 0.02035983024785916 0.03417034447193146
0 0.33850404620170593 0.747305691242218 0.02035983024785916 0.03417034447193146
0 0.2466265708208084 0.7465736269950867 0.02035983024785916 0.03417034447193146