0 0.3047032356262207 0.3744054138660431 0.019617272540926933 0.026156363387902577
0 0.29925599694252014 0.43802839517593384 0.019617272540926933 0.026156363387902577
0 0.29349231719970703 0.5053476095199585 0.019617272540926933 0.026156363387902577
0 0.2873837351799011 0.5766947865486145 0.019617272540926933 0.026156363387902577
0 0.28089842200279236 0.6524425745010376 0.019617272540926933 0.026156363387902577
0 0.274000346660614 0.7330111861228943 0.019617272540926933 0.026156363387902577
0 0.2666488289833069 0.818875789642334 0.019617272540926933 0.026156363387902577
0 0.3680664002895355 0.37514975666999817 0.019617272540926933 0.026156363387902577
0 0.36440756916999817 0.43879765272140503 0.019617272540926933 0.026156363387902577
0 0.360536128282547 0.5061434507369995 0.019617272540926933 0.026156363387902577
0 0.35643306374549866 0.5775191187858582 0.019617272540926933 0.026156363387902577
0 0.3520768880844116 0.653297483921051 0.019617272540926933 0.026156363387902577
0 0.34744346141815186 0.7338988184928894 0.019617272540926933 0.026156363387902577
0 0.34250542521476746 0.8197988271713257 0.019617272540926933 0.026156363387902577
0 0.4314371645450592 0.3758941888809204 0.019617272540926933 0.026156363387902577
0 0.4295671284198761 0.43956702947616577 0.019617272540926933 0.026156363387902577
0 0.42758846282958984 0.5069394707679749 0.019617272540926933 0.026156363387902577
0 0.4254913926124573 0.5783435702323914 0.019617272540926933 0.026156363387902577
0 0.4232649505138397 0.6541524529457092 0.019617272540926933 0.026156363387902577
0 0.4208967685699463 0.7347866296768188 0.019617272540926933 0.026156363387902577
0 0.4183729290962219 0.8207219243049622 0.019617272540926933 0.026156363387902577
0 0.49481549859046936 0.3766387104988098 0.019617272540926933 0.026156363387902577
0 0.4947347342967987 0.4403364956378937 0.019617272540926933 0.026156363387902577
0 0.4946492910385132 0.507735550403595 0.019617272540926933 0.026156363387902577
0 0.494558721780777 0.5791681408882141 0.019617272540926933 0.026156363387902577
0 0.4944625794887543 0.6550076007843018 0.019617272540926933 0.026156363387902577
0 0.4943602979183197 0.7356745600700378 0.019617272540926933 0.026156363387902577
0 0.4942513108253479 0.821645200252533 0.019617272540926933 0.026156363387902577
0 0.5582014322280884 0.3773833215236664 0.019617272540926933 0.026156363387902577
0 0.5599103569984436 0.44110605120658875 0.019617272540926933 0.026156363387902577
0 0.5617186427116394 0.5085317492485046 0.019617272540926933 0.026156363387902577
0 0.5636351108551025 0.5799928307533264 0.019617272540926933 0.026156363387902577
0 0.5656697750091553 0.6558628082275391 0.019617272540926933 0.026156363387902577
0 0.5678340196609497 0.7365626096725464 0.019617272540926933 0.026156363387902577
0 0.570140540599823 0.8225686550140381 0.019617272540926933 0.026156363387902577
0 0.6215949654579163 0.3781280219554901 0.019617272540926933 0.026156363387902577
0 0.6250940561294556 0.441875696182251 0.019617272540926933 0.026156363387902577
0 0.6287964582443237 0.5093280076980591 0.019617272540926933 0.026156363387902577
0 0.6327204704284668 0.5808176398277283 0.019617272540926933 0.026156363387902577
0 0.6368865966796875 0.6567181348800659 0.019617272540926933 0.026156363387902577
0 0.6413179636001587 0.7374507784843445 0.019617272540926933 0.026156363387902577
0 0.646040678024292 0.823492169380188 0.019617272540926933 0.026156363387902577
0 0.6849961280822754 0.378872811794281 0.019617272540926933 0.026156363387902577
0 0.6902857422828674 0.44264546036720276 0.019617272540926933 0.026156363387902577
0 0.6958827972412109 0.5101244449615479 0.019617272540926933 0.026156363387902577
0 0.7018148899078369 0.5816425085067749 0.019617272540926933 0.026156363387902577
0 0.7081129550933838 0.6575735807418823 0.019617272540926933 0.026156363387902577
0 0.7148120999336243 0.7383390665054321 0.019617272540926933 0.026156363387902577
0 0.7219517230987549 0.8244158625602722 0.019617272540926933 0.026156363387902577