0 0.2385665327310562 0.6452946662902832 0.03357371687889099 0.03357371687889099
0 0.33641907572746277 0.6454359889030457 0.03357371687889099 0.03357371687889099
0 0.433992475271225 0.6455768942832947 0.03357371687889099 0.03357371687889099
0 0.5312879681587219 0.6457173824310303 0.03357371687889099 0.03357371687889099
0 0.6283067464828491 0.6458574533462524 0.03357371687889099 0.03357371687889099
0 0.7250499725341797 0.645997166633606 0.03357371687889099 0.03357371687889099
0 0.8215187788009644 0.646136462688446 0.03357371687889099 0.03357371687889099
0 0.24776574969291687 0.5531455278396606 0.03357371687889099 0.03357371687889099
0 0.3422539234161377 0.5534090995788574 0.03357371687889099 0.03357371687889099
0 0.4364818036556244 0.5536719560623169 0.03357371687889099 0.03357371687889099
0 0.5304504632949829 0.5539340376853943 0.03357371687889099 0.03357371687889099
0 0.6241609454154968 0.5541954636573792 0.03357371687889099 0.03357371687889099
0 0.7176144123077393 0.5544561147689819 0.03357371687889099 0.03357371687889099
0 0.8108117580413818 0.5547161102294922 0.03357371687889099 0.03357371687889099
0 0.25635483860969543 0.4671081006526947 0.03357371687889099 0.03357371687889099
0 0.3477023243904114 0.4674776792526245 0.03357371687889099 0.03357371687889099
0 0.4388064742088318 0.4678462743759155 0.03357371687889099 0.03357371687889099
0 0.5296682715415955 0.46821388602256775 0.03357371687889099 0.03357371687889099
0 0.6202886700630188 0.4685805141925812 0.03357371687889099 0.03357371687889099
0 0.710668683052063 0.4689461886882782 0.03357371687889099 0.03357371687889099
0 0.8008092045783997 0.4693108797073364 0.03357371687889099 0.03357371687889099
0 0.26439255475997925 0.38659387826919556 0.03357371687889099 0.03357371687889099
0 0.3528013825416565 0.38705554604530334 0.03357371687889099 0.03357371687889099
0 0.44098228216171265 0.3875160217285156 0.03357371687889099 0.03357371687889099
0 0.5289360880851746 0.3879753053188324 0.03357371687889099 0.03357371687889099
0 0.6166637539863586 0.38843339681625366 0.03357371687889099 0.03357371687889099
0 0.7041659951210022 0.3888903260231018 0.03357371687889099 0.03357371687889099
0 0.7914438247680664 0.38934609293937683 0.03357371687889099 0.03357371687889099
0 0.2719303071498871 0.31108754873275757 0.03357371687889099 0.03357371687889099
0 0.3575837016105652 0.3116292953491211 0.03357371687889099 0.03357371687889099
0 0.44302311539649963 0.3121697008609772 0.03357371687889099 0.03357371687889099
0 0.5282493233680725 0.3127087652683258 0.03357371687889099 0.03357371687889099
0 0.6132630705833435 0.313246488571167 0.03357371687889099 0.03357371687889099
0 0.6980652809143066 0.31378287076950073 0.03357371687889099 0.03357371687889099
0 0.7826566696166992 0.3143179416656494 0.03357371687889099 0.03357371687889099
0 0.27901339530944824 0.24013595283031464 0.03357371687889099 0.03357371687889099
0 0.36207789182662964 0.24074746668338776 0.03357371687889099 0.03357371687889099
0 0.44494113326072693 0.24135750532150269 0.03357371687889099 0.03357371687889099
0 0.527603805065155 0.24196606874465942 0.03357371687889099 0.03357371687889099
0 0.6100665926933289 0.24257315695285797 0.03357371687889099 0.03357371687889099
0 0.6923303604125977 0.24317876994609833 0.03357371687889099 0.03357371687889099
0 0.7743957042694092 0.24378293752670288 0.03357371687889099 0.03357371687889099
0 0.28568169474601746 0.17333906888961792 0.03357371687889099 0.03357371687889099
0 0.3663092255592346 0.17401136457920074 0.03357371687889099 0.03357371687889099
0 0.4467470943927765 0.17468208074569702 0.03357371687889099 0.03357371687889099
0 0.5269958972930908 0.17535121738910675 0.03357371687889099 0.03357371687889099
0 0.6070564389228821 0.17601878941059113 0.03357371687889099 0.03357371687889099
0 0.6869292855262756 0.17668478190898895 0.03357371687889099 0.03357371687889099
0 0.7666150331497192 0.17734922468662262 0.03357371687889099 0.03357371687889099