0 0.7326299548149109 0.2228667438030243 0.033772354324658714 0.033772354324658714
0 0.6576510071754456 0.22323666512966156 0.033772354324658714 0.033772354324658714
0 0.5823714733123779 0.22360806167125702 0.033772354324658714 0.033772354324658714
0 0.5067894458770752 0.22398096323013306 0.033772354324658714 0.033772354324658714
0 0.4309031367301941 0.22435536980628967 0.033772354324658714 0.033772354324658714
0 0.35471072793006897 0.22473128139972687 0.033772354324658714 0.033772354324658714
0 0.2782103419303894 0.22510869801044464 0.033772354324658714 0.033772354324658714
0 0.743735671043396 0.28405916690826416 0.033772354324658714 0.033772354324658714
0 0.6659826040267944 0.2845698893070221 0.033772354324658714 0.033772354324658714
0 0.5879061818122864 0.28508272767066956 0.033772354324658714 0.033772354324658714
0 0.5095042586326599 0.2855977416038513 0.033772354324658714 0.033772354324658714
0 0.4307749271392822 0.2861148715019226 0.033772354324658714 0.033772354324658714
0 0.351716011762619 0.2866341769695282 0.033772354324658714 0.033772354324658714
0 0.2723254859447479 0.2871556580066681 0.033772354324658714 0.033772354324658714
0 0.7557002305984497 0.34998399019241333 0.033772354324658714 0.033772354324658714
0 0.6749599575996399 0.3506566286087036 0.033772354324658714 0.033772354324658714
0 0.5938707590103149 0.3513321876525879 0.033772354324658714 0.033772354324658714
0 0.5124304294586182 0.35201066732406616 0.033772354324658714 0.033772354324658714
0 0.4306366741657257 0.3526920974254608 0.033772354324658714 0.033772354324658714
0 0.34848716855049133 0.35337647795677185 0.033772354324658714 0.033772354324658714
0 0.2659795880317688 0.35406383872032166 0.033772354324658714 0.033772354324658714
0 0.7686273455619812 0.4212122857570648 0.033772354324658714 0.033772354324658714
0 0.6846610903739929 0.42207181453704834 0.033772354324658714 0.033772354324658714
0 0.6003173589706421 0.4229351878166199 0.033772354324658714 0.033772354324658714
0 0.5155935883522034 0.4238024353981018 0.033772354324658714 0.033772354324658714
0 0.4304872453212738 0.4246736466884613 0.033772354324658714 0.033772354324658714
0 0.3449956476688385 0.4255487620830536 0.033772354324658714 0.033772354324658714
0 0.2591162323951721 0.4264278709888458 0.033772354324658714 0.033772354324658714
0 0.7826380133628845 0.4984108507633209 0.033772354324658714 0.033772354324658714
0 0.6951773166656494 0.49948689341545105 0.033772354324658714 0.033772354324658714
0 0.6073068380355835 0.5005679726600647 0.033772354324658714 0.033772354324658714
0 0.5190237760543823 0.5016540884971619 0.033772354324658714 0.033772354324658714
0 0.43032512068748474 0.5027453899383545 0.033772354324658714 0.033772354324658714
0 0.34120801091194153 0.503841757774353 0.033772354324658714 0.033772354324658714
0 0.25166940689086914 0.5049433708190918 0.033772354324658714 0.033772354324658714
0 0.7978743314743042 0.5823631286621094 0.033772354324658714 0.033772354324658714
0 0.7066157460212708 0.5836911201477051 0.033772354324658714 0.033772354324658714
0 0.6149107813835144 0.5850256681442261 0.033772354324658714 0.033772354324658714
0 0.5227562189102173 0.5863667130470276 0.033772354324658714 0.033772354324658714
0 0.430148720741272 0.5877143740653992 0.033772354324658714 0.033772354324658714
0 0.33708491921424866 0.5890686511993408 0.033772354324658714 0.033772354324658714
0 0.24356146156787872 0.5904296040534973 0.033772354324658714 0.033772354324658714
0 0.8145046234130859 0.6739959716796875 0.033772354324658714 0.033772354324658714
0 0.7191033363342285 0.6756186485290527 0.033772354324658714 0.033772354324658714
0 0.6232139468193054 0.6772496700286865 0.033772354324658714 0.033772354324658714
0 0.5268327593803406 0.6788890361785889 0.033772354324658714 0.033772354324658714
0 0.42995598912239075 0.6805368661880493 0.033772354324658714 0.033772354324658714
0 0.3325797915458679 0.6821931600570679 0.033772354324658714 0.033772354324658714
0 0.2347002476453781 0.6838580369949341 0.033772354324658714 0.033772354324658714