0 0.6830258965492249 0.29846900701522827 0.03278562923272451 0.03278562923272451
0 0.614995002746582 0.3000813126564026 0.03278562923272451 0.03278562923272451
0 0.5467920303344727 0.301697701215744 0.03278562923272451 0.03278562923272451
0 0.4784162640571594 0.30331817269325256 0.03278562923272451 0.03278562923272451
0 0.4098670184612274 0.304942786693573 0.03278562923272451 0.03278562923272451
0 0.3411436378955841 0.30657151341438293 0.03278562923272451 0.03278562923272451
0 0.27224549651145935 0.30820438265800476 0.03278562923272451 0.03278562923272451
0 0.6934561133384705 0.3502422869205475 0.03278562923272451 0.03278562923272451
0 0.6223620772361755 0.35199591517448425 0.03278562923272451 0.03278562923272451
0 0.5510799884796143 0.3537541627883911 0.03278562923272451 0.03278562923272451
0 0.47960910201072693 0.35551705956459045 0.03278562923272451 0.03278562923272451
0 0.40794867277145386 0.35728463530540466 0.03278562923272451 0.03278562923272451
0 0.33609795570373535 0.35905691981315613 0.03278562923272451 0.03278562923272451
0 0.2640562057495117 0.36083391308784485 0.03278562923272451 0.03278562923272451
0 0.7048731446266174 0.40691399574279785 0.03278562923272451 0.03278562923272451
0 0.6304270625114441 0.40882906317710876 0.03278562923272451 0.03278562923272451
0 0.5557746887207031 0.4107494354248047 0.03278562923272451 0.03278562923272451
0 0.48091524839401245 0.412675142288208 0.03278562923272451 0.03278562923272451
0 0.40584784746170044 0.4146062135696411 0.03278562923272451 0.03278562923272451
0 0.33057159185409546 0.416542649269104 0.03278562923272451 0.03278562923272451
0 0.25508561730384827 0.41848447918891907 0.03278562923272451 0.03278562923272451
0 0.7174240350723267 0.4692137539386749 0.03278562923272451 0.03278562923272451
0 0.6392941474914551 0.47131454944610596 0.03278562923272451 0.03278562923272451
0 0.5609370470046997 0.4734214246273041 0.03278562923272451 0.03278562923272451
0 0.48235172033309937 0.47553443908691406 0.03278562923272451 0.03278562923272451
0 0.40353715419769287 0.4776536226272583 0.03278562923272451 0.03278562923272451
0 0.32449236512184143 0.4797790050506592 0.03278562923272451 0.03278562923272451
0 0.24521632492542267 0.4819105863571167 0.03278562923272451 0.03278562923272451
0 0.7312864661216736 0.538023829460144 0.03278562923272451 0.03278562923272451
0 0.6490892767906189 0.5403397083282471 0.03278562923272451 0.03278562923272451
0 0.5666404962539673 0.5426626205444336 0.03278562923272451 0.03278562923272451
0 0.48393896222114563 0.5449926853179932 0.03278562923272451 0.03278562923272451
0 0.4009835124015808 0.5473299026489258 0.03278562923272451 0.03278562923272451
0 0.3177729845046997 0.5496743321418762 0.03278562923272451 0.03278562923272451
0 0.2343061864376068 0.5520259141921997 0.03278562923272451 0.03278562923272451
0 0.7466773986816406 0.6144209504127502 0.03278562923272451 0.03278562923272451
0 0.6599661707878113 0.6169878840446472 0.03278562923272451 0.03278562923272451
0 0.5729748606681824 0.6195630431175232 0.03278562923272451 0.03278562923272451
0 0.4857020676136017 0.6221466064453125 0.03278562923272451 0.03278562923272451
0 0.39814648032188416 0.6247385144233704 0.03278562923272451 0.03278562923272451
0 0.31030669808387756 0.6273388266563416 0.03278562923272451 0.03278562923272451
0 0.22218133509159088 0.6299476623535156 0.03278562923272451 0.03278562923272451
0 0.7638643980026245 0.6997331380844116 0.03278562923272451 0.03278562923272451
0 0.6721144914627075 0.7025956511497498 0.03278562923272451 0.03278562923272451
0 0.5800508856773376 0.7054679989814758 0.03278562923272451 0.03278562923272451
0 0.48767197132110596 0.7083501815795898 0.03278562923272451 0.03278562923272451
0 0.39497610926628113 0.7112422585487366 0.03278562923272451 0.03278562923272451
0 0.30196166038513184 0.714144229888916 0.03278562923272451 0.03278562923272451
0 0.20862700045108795 0.7170562148094177 0.03278562923272451 0.03278562923272451