0 0.7233562469482422 0.18610131740570068 0.02493949793279171 0.03325266391038895
0 0.6577678918838501 0.18315406143665314 0.02493949793279171 0.03325266391038895
0 0.5918360948562622 0.18019136786460876 0.02493949793279171 0.03325266391038895
0 0.5255581736564636 0.1772131323814392 0.02493949793279171 0.03325266391038895
0 0.45893144607543945 0.17421922087669373 0.02493949793279171 0.03325266391038895
0 0.39195314049720764 0.17120951414108276 0.02493949793279171 0.03325266391038895
0 0.32462045550346375 0.16818387806415558 0.02493949793279171 0.03325266391038895
0 0.7346124053001404 0.24910271167755127 0.02493949793279171 0.03325266391038895
0 0.6657871007919312 0.24618130922317505 0.02493949793279171 0.03325266391038895
0 0.5965834259986877 0.24324384331703186 0.02493949793279171 0.03325266391038895
0 0.5269982814788818 0.24029017984867096 0.02493949793279171 0.03325266391038895
0 0.45702850818634033 0.2373201996088028 0.02493949793279171 0.03325266391038895
0 0.38667088747024536 0.23433375358581543 0.02493949793279171 0.03325266391038895
0 0.31592223048210144 0.23133070766925812 0.02493949793279171 0.03325266391038895
0 0.7470455765724182 0.31869205832481384 0.02493949793279171 0.03325266391038895
0 0.6746472716331482 0.3158182203769684 0.02493949793279171 0.03325266391038895
0 0.6018300652503967 0.3129277527332306 0.02493949793279171 0.03325266391038895
0 0.5285902619361877 0.3100205063819885 0.02493949793279171 0.03325266391038895
0 0.45492425560951233 0.30709633231163025 0.02493949793279171 0.03325266391038895
0 0.38082823157310486 0.3041551113128662 0.02493949793279171 0.03325266391038895
0 0.30629846453666687 0.3011966645717621 0.02493949793279171 0.03325266391038895
0 0.7608506083488464 0.39595967531204224 0.02493949793279171 0.03325266391038895
0 0.68448805809021 0.3931620419025421 0.02493949793279171 0.03325266391038895
0 0.607659101486206 0.39034730195999146 0.02493949793279171 0.03325266391038895
0 0.5303595662117004 0.3875153362751007 0.02493949793279171 0.03325266391038895
0 0.4525849521160126 0.38466596603393555 0.02493949793279171 0.03325266391038895
0 0.37433096766471863 0.38179904222488403 0.02493949793279171 0.03325266391038895
0 0.29559317231178284 0.37891438603401184 0.02493949793279171 0.03325266391038895
0 0.7762677669525146 0.4822505712509155 0.02493949793279171 0.03325266391038895
0 0.6954817175865173 0.47956714034080505 0.02493949793279171 0.03325266391038895
0 0.6141732931137085 0.47686636447906494 0.02493949793279171 0.03325266391038895
0 0.5323374271392822 0.47414806485176086 0.02493949793279171 0.03325266391038895
0 0.44996893405914307 0.4714120924472809 0.02493949793279171 0.03325266391038895
0 0.3670625686645508 0.4686582386493683 0.02493949793279171 0.03325266391038895
0 0.2836131155490875 0.46588635444641113 0.02493949793279171 0.03325266391038895
0 0.7935969233512878 0.5792433619499207 0.02493949793279171 0.03325266391038895
0 0.7078434824943542 0.5767250061035156 0.02493949793279171 0.03325266391038895
0 0.6215009689331055 0.574189305305481 0.02493949793279171 0.03325266391038895
0 0.5345631241798401 0.5716361999511719 0.02493949793279171 0.03325266391038895
0 0.4470239579677582 0.5690653920173645 0.02493949793279171 0.03325266391038895
0 0.35887712240219116 0.5664767622947693 0.02493949793279171 0.03325266391038895
0 0.27011623978614807 0.5638700723648071 0.02493949793279171 0.03325266391038895
0 0.8132174015045166 0.6890605688095093 0.02493949793279171 0.03325266391038895
0 0.7218457460403442 0.6867759823799133 0.02493949793279171 0.03325266391038895
0 0.6298045516014099 0.6844746470451355 0.02493949793279171 0.03325266391038895
0 0.5370864272117615 0.6821563839912415 0.02493949793279171 0.03325266391038895
0 0.4436838626861572 0.6798210740089417 0.02493949793279171 0.03325266391038895
0 0.3495893180370331 0.6774684190750122 0.02493949793279171 0.03325266391038895
0 0.25479501485824585 0.6750982403755188 0.02493949793279171 0.03325266391038895