0 0.23987193405628204 0.6925743222236633 0.02852822095155716 0.02852822095155716
0 0.32075437903404236 0.6913765668869019 0.02852822095155716 0.02852822095155716
0 0.402112752199173 0.6901717185974121 0.02852822095155716 0.02852822095155716
0 0.48395127058029175 0.6889598369598389 0.02852822095155716 0.02852822095155716
0 0.5662741661071777 0.687740683555603 0.02852822095155716 0.02852822095155716
0 0.6490858197212219 0.6865143775939941 0.02852822095155716 0.02852822095155716
0 0.7323905825614929 0.6852807402610779 0.02852822095155716 0.02852822095155716
0 0.2494741529226303 0.6124320030212402 0.02852822095155716 0.02852822095155716
0 0.32723507285118103 0.6110548973083496 0.02852822095155716 0.02852822095155716
0 0.4054356813430786 0.6096699833869934 0.02852822095155716 0.02852822095155716
0 0.4840797483921051 0.6082772612571716 0.02852822095155716 0.02852822095155716
0 0.5631710290908813 0.6068766117095947 0.02852822095155716 0.02852822095155716
0 0.6427133679389954 0.6054679751396179 0.02852822095155716 0.02852822095155716
0 0.7227106094360352 0.6040512919425964 0.02852822095155716 0.02852822095155716
0 0.25835874676704407 0.5382791757583618 0.02852822095155716 0.02852822095155716
0 0.3332301080226898 0.536752462387085 0.02852822095155716 0.02852822095155716
0 0.40850892663002014 0.5352174043655396 0.02852822095155716 0.02852822095155716
0 0.48419854044914246 0.5336740016937256 0.02852822095155716 0.02852822095155716
0 0.5603023171424866 0.5321221351623535 0.02852822095155716 0.02852822095155716
0 0.6368236541748047 0.5305618047714233 0.02852822095155716 0.02852822095155716
0 0.7137660384178162 0.5289928317070007 0.02852822095155716 0.02852822095155716
0 0.2666032612323761 0.4694685935974121 0.02852822095155716 0.02852822095155716
0 0.3387921154499054 0.4678170382976532 0.02852822095155716 0.02852822095155716
0 0.411359578371048 0.46615681052207947 0.02852822095155716 0.02852822095155716
0 0.4843086898326874 0.46448785066604614 0.02852822095155716 0.02852822095155716
0 0.5576424598693848 0.46281009912490845 0.02852822095155716 0.02852822095155716
0 0.6313639283180237 0.4611234664916992 0.02852822095155716 0.02852822095155716
0 0.7054761052131653 0.4594278931617737 0.02852822095155716 0.02852822095155716
0 0.27427443861961365 0.4054430425167084 0.02852822095155716 0.02852822095155716
0 0.3439663350582123 0.40368741750717163 0.02852822095155716 0.02852822095155716
0 0.41401103138923645 0.40192291140556335 0.02852822095155716 0.02852822095155716
0 0.4844111502170563 0.4001494348049164 0.02852822095155716 0.02852822095155716
0 0.5551694631576538 0.3983669579029083 0.02852822095155716 0.02852822095155716
0 0.626288652420044 0.39657536149024963 0.02852822095155716 0.02852822095155716
0 0.6977714896202087 0.3947746157646179 0.02852822095155716 0.02852822095155716
0 0.28143009543418884 0.34572017192840576 0.02852822095155716 0.02852822095155716
0 0.34879201650619507 0.34387800097465515 0.02852822095155716 0.02852822095155716
0 0.41648340225219727 0.34202679991722107 0.02852822095155716 0.02852822095155716
0 0.48450666666030884 0.34016653895378113 0.02852822095155716 0.02852822095155716
0 0.5528642535209656 0.33829712867736816 0.02852822095155716 0.02852822095155716
0 0.621558666229248 0.336418479681015 0.02852822095155716 0.02852822095155716
0 0.690592348575592 0.3345305919647217 0.02852822095155716 0.02852822095155716
0 0.2881205379962921 0.2898803651332855 0.02852822095155716 0.02852822095155716
0 0.3533032238483429 0.28796643018722534 0.02852822095155716 0.02852822095155716
0 0.41879427433013916 0.2860434353351593 0.02852822095155716 0.02852822095155716
0 0.48459592461586 0.2841113209724426 0.02852822095155716 0.02852822095155716
0 0.5507103800773621 0.28217002749443054 0.02852822095155716 0.02852822095155716
0 0.6171398758888245 0.2802194654941559 0.02852822095155716 0.02852822095155716
0 0.6838866472244263 0.27825960516929626 0.02852822095155716 0.02852822095155716