0 0.7516059279441833 0.2336326539516449 0.036459741493066154 0.036459741493066154
0 0.672069251537323 0.23506969213485718 0.036459741493066154 0.036459741493066154
0 0.5927579998970032 0.23650266230106354 0.036459741493066154 0.036459741493066154
0 0.5136712193489075 0.23793157935142517 0.036459741493066154 0.036459741493066154
0 0.4348079562187195 0.23935644328594208 0.036459741493066154 0.036459741493066154
0 0.3561672568321228 0.24077729880809784 0.036459741493066154 0.036459741493066154
0 0.2777481973171234 0.24219416081905365 0.036459741493066154 0.036459741493066154
0 0.7593398690223694 0.2893134355545044 0.036459741493066154 0.036459741493066154
0 0.6764906644821167 0.290727823972702 0.036459741493066154 0.036459741493066154
0 0.5938860177993774 0.2921380400657654 0.036459741493066154 0.036459741493066154
0 0.5115249156951904 0.29354411363601685 0.036459741493066154 0.036459741493066154
0 0.42940613627433777 0.29494601488113403 0.036459741493066154 0.036459741493066154
0 0.34752869606018066 0.2963438034057617 0.036459741493066154 0.036459741493066154
0 0.26589152216911316 0.2977375090122223 0.036459741493066154 0.036459741493066154
0 0.7677446007728577 0.3498237431049347 0.036459741493066154 0.036459741493066154
0 0.6812949776649475 0.35120606422424316 0.036459741493066154 0.036459741493066154
0 0.5951116681098938 0.3525841236114502 0.036459741493066154 0.036459741493066154
0 0.5091933012008667 0.3539579510688782 0.036459741493066154 0.036459741493066154
0 0.4235386550426483 0.3553275465965271 0.036459741493066154 0.036459741493066154
0 0.3381465971469879 0.35669296979904175 0.036459741493066154 0.036459741493066154
0 0.2530158758163452 0.35805419087409973 0.036459741493066154 0.036459741493066154
0 0.7769113183021545 0.41582033038139343 0.036459741493066154 0.036459741493066154
0 0.6865342259407043 0.417158842086792 0.036459741493066154 0.036459741493066154
0 0.5964480042457581 0.41849303245544434 0.036459741493066154 0.036459741493066154
0 0.5066512823104858 0.41982293128967285 0.036459741493066154 0.036459741493066154
0 0.4171426296234131 0.4211485683917999 0.036459741493066154 0.036459741493066154
0 0.32792067527770996 0.42246997356414795 0.036459741493066154 0.036459741493066154
0 0.23898404836654663 0.4237871468067169 0.036459741493066154 0.036459741493066154
0 0.7869486808776855 0.4880847930908203 0.036459741493066154 0.036459741493066154
0 0.6922702193260193 0.48936474323272705 0.036459741493066154 0.036459741493066154
0 0.5979108810424805 0.4906403720378876 0.036459741493066154 0.036459741493066154
0 0.5038690567016602 0.49191173911094666 0.036459741493066154 0.036459741493066154
0 0.4101432263851166 0.4931788146495819 0.036459741493066154 0.036459741493066154
0 0.31673169136047363 0.4944416284561157 0.036459741493066154 0.036459741493066154
0 0.22363296151161194 0.49570024013519287 0.036459741493066154 0.036459741493066154
0 0.7979868054389954 0.5675545334815979 0.036459741493066154 0.036459741493066154
0 0.6985770463943481 0.5687573552131653 0.036459741493066154 0.036459741493066154
0 0.5995190739631653 0.5699558854103088 0.036459741493066154 0.036459741493066154
0 0.5008109211921692 0.5711502432823181 0.036459741493066154 0.036459741493066154
0 0.402450829744339 0.5723403692245483 0.036459741493066154 0.036459741493066154
0 0.30443692207336426 0.5735262632369995 0.036459741493066154 0.036459741493066154
0 0.20676738023757935 0.5747080445289612 0.036459741493066154 0.036459741493066154
0 0.8101832866668701 0.6553637981414795 0.036459741493066154 0.036459741493066154
0 0.7055445313453674 0.6564658284187317 0.036459741493066154 0.036459741493066154
0 0.6012954115867615 0.6575637459754944 0.036459741493066154 0.036459741493066154
0 0.4974336624145508 0.6586576104164124 0.036459741493066154 0.036459741493066154
0 0.3939571976661682 0.6597473621368408 0.036459741493066154 0.036459741493066154
0 0.29086390137672424 0.6608331203460693 0.036459741493066154 0.036459741493066154
0 0.18815158307552338 0.6619148850440979 0.036459741493066154 0.036459741493066154