0 0.3070673644542694 0.6501709818840027 0.020117564126849178 0.0268234188357989
0 0.3813927471637726 0.6505544781684875 0.020117564126849178 0.0268234188357989
0 0.45656144618988037 0.650942325592041 0.020117564126849178 0.0268234188357989
0 0.5325879454612732 0.6513345837593079 0.020117564126849178 0.0268234188357989
0 0.6094869375228882 0.6517313122749329 0.020117564126849178 0.0268234188357989
0 0.6872736215591431 0.6521326899528503 0.020117564126849178 0.0268234188357989
0 0.7659633755683899 0.6525386571884155 0.020117564126849178 0.0268234188357989
0 0.31737953424453735 0.5636689066886902 0.020117564126849178 0.0268234188357989
0 0.38831230998039246 0.5635692477226257 0.020117564126849178 0.0268234188357989
0 0.46001240611076355 0.5634685158729553 0.020117564126849178 0.0268234188357989
0 0.5324922800064087 0.563366711139679 0.020117564126849178 0.0268234188357989
0 0.6057648062705994 0.5632637739181519 0.020117564126849178 0.0268234188357989
0 0.6798429489135742 0.563159704208374 0.020117564126849178 0.0268234188357989
0 0.7547401785850525 0.5630544424057007 0.020117564126849178 0.0268234188357989
0 0.3267820179462433 0.4847976565361023 0.020117564126849178 0.0268234188357989
0 0.39461833238601685 0.4842969477176666 0.020117564126849178 0.0268234188357989
0 0.46315574645996094 0.4837910532951355 0.020117564126849178 0.0268234188357989
0 0.5324051976203918 0.48327991366386414 0.020117564126849178 0.0268234188357989
0 0.6023778319358826 0.4827634394168854 0.020117564126849178 0.0268234188357989
0 0.6730850338935852 0.48224154114723206 0.020117564126849178 0.0268234188357989
0 0.744538426399231 0.481714129447937 0.020117564126849178 0.0268234188357989
0 0.3353900909423828 0.41259023547172546 0.020117564126849178 0.0268234188357989
0 0.4003889560699463 0.4117553234100342 0.020117564126849178 0.0268234188357989
0 0.46603092551231384 0.4109121263027191 0.020117564126849178 0.0268234188357989
0 0.5323256254196167 0.4100605845451355 0.020117564126849178 0.0268234188357989
0 0.5992827415466309 0.409200519323349 0.020117564126849178 0.0268234188357989
0 0.6669124364852905 0.40833181142807007 0.020117564126849178 0.0268234188357989
0 0.735224723815918 0.40745431184768677 0.020117564126849178 0.0268234188357989
0 0.34330034255981445 0.34623628854751587 0.020117564126849178 0.0268234188357989
0 0.405689537525177 0.3451220393180847 0.020117564126849178 0.0268234188357989
0 0.4686707854270935 0.34399721026420593 0.020117564126849178 0.0268234188357989
0 0.5322525501251221 0.3428616523742676 0.020117564126849178 0.0268234188357989
0 0.5964434146881104 0.3417152166366577 0.020117564126849178 0.0268234188357989
0 0.6612522006034851 0.3405577540397644 0.020117564126849178 0.0268234188357989
0 0.7266879081726074 0.3393890857696533 0.020117564126849178 0.0268234188357989
0 0.35059434175491333 0.2850518226623535 0.020117564126849178 0.0268234188357989
0 0.41057533025741577 0.2837035357952118 0.020117564126849178 0.0268234188357989
0 0.47110313177108765 0.28234297037124634 0.020117564126849178 0.0268234188357989
0 0.5321852564811707 0.28096991777420044 0.020117564126849178 0.0268234188357989
0 0.593829333782196 0.27958425879478455 0.020117564126849178 0.0268234188357989
0 0.6560431718826294 0.27818578481674194 0.020117564126849178 0.0268234188357989
0 0.7188347578048706 0.2767743468284607 0.020117564126849178 0.0268234188357989
0 0.35734137892723083 0.2284553349018097 0.020117564126849178 0.0268234188357989
0 0.4150931239128113 0.22691068053245544 0.020117564126849178 0.0268234188357989
0 0.47335144877433777 0.22535249590873718 0.020117564126849178 0.0268234188357989
0 0.5321230292320251 0.2237805724143982 0.020117564126849178 0.0268234188357989
0 0.591414749622345 0.22219474613666534 0.020117564126849178 0.0268234188357989
0 0.651233434677124 0.22059480845928192 0.020117564126849178 0.0268234188357989
0 0.7115861773490906 0.2189805954694748 0.020117564126849178 0.0268234188357989