0 0.2953208386898041 0.18663662672042847 0.01900401106104255 0.03378490855296453
0 0.28979071974754333 0.2691405415534973 0.01900401106104255 0.03378490855296453
0 0.28386592864990234 0.3575320541858673 0.01900401106104255 0.03378490855296453
0 0.27750271558761597 0.4524647295475006 0.01900401106104255 0.03378490855296453
0 0.2706505358219147 0.5546925663948059 0.01900401106104255 0.03378490855296453
0 0.2632507085800171 0.665090024471283 0.01900401106104255 0.03378490855296453
0 0.255234956741333 0.7846772074699402 0.01900401106104255 0.03378490855296453
0 0.3566659688949585 0.1882852166891098 0.01900401106104255 0.03378490855296453
0 0.3532586097717285 0.27062010765075684 0.01900401106104255 0.03378490855296453
0 0.34960880875587463 0.35881391167640686 0.01900401106104255 0.03378490855296453
0 0.34568968415260315 0.45351508259773254 0.01900401106104255 0.03378490855296453
0 0.341470330953598 0.5554714202880859 0.01900401106104255 0.03378490855296453
0 0.3369148373603821 0.6655498743057251 0.01900401106104255 0.03378490855296453
0 0.3319813907146454 0.7847611904144287 0.01900401106104255 0.03378490855296453
0 0.4176875352859497 0.18992508947849274 0.01900401106104255 0.03378490855296453
0 0.4163803160190582 0.2720915973186493 0.01900401106104255 0.03378490855296453
0 0.41498032212257385 0.3600885272026062 0.01900401106104255 0.03378490855296453
0 0.4134773313999176 0.4545592665672302 0.01900401106104255 0.03378490855296453
0 0.41185954213142395 0.5562455058097839 0.01900401106104255 0.03378490855296453
0 0.41011327505111694 0.6660067439079285 0.01900401106104255 0.03378490855296453
0 0.40822261571884155 0.7848446369171143 0.01900401106104255 0.03378490855296453
0 0.47838810086250305 0.19155634939670563 0.01900401106104255 0.03378490855296453
0 0.47915858030319214 0.27355509996414185 0.01900401106104255 0.03378490855296453
0 0.4799835979938507 0.3613559603691101 0.01900401106104255 0.03378490855296453
0 0.4808691143989563 0.4555973708629608 0.01900401106104255 0.03378490855296453
0 0.48182207345962524 0.5570149421691895 0.01900401106104255 0.03378490855296453
0 0.48285046219825745 0.6664608120918274 0.01900401106104255 0.03378490855296453
0 0.48396360874176025 0.7849275469779968 0.01900401106104255 0.03378490855296453
0 0.5387701988220215 0.19317905604839325 0.01900401106104255 0.03378490855296453
0 0.5415962338447571 0.2750106453895569 0.01900401106104255 0.03378490855296453
0 0.5446217656135559 0.36261627078056335 0.01900401106104255 0.03378490855296453
0 0.547868549823761 0.4566294252872467 0.01900401106104255 0.03378490855296453
0 0.5513617992401123 0.5577797293663025 0.01900401106104255 0.03378490855296453
0 0.5551307201385498 0.6669120192527771 0.01900401106104255 0.03378490855296453
0 0.5592092275619507 0.7850098609924316 0.01900401106104255 0.03378490855296453
0 0.5988363027572632 0.19479325413703918 0.01900401106104255 0.03378490855296453
0 0.6036961078643799 0.2764583230018616 0.01900401106104255 0.03378490855296453
0 0.608897864818573 0.3638695180416107 0.01900401106104255 0.03378490855296453
0 0.6144789457321167 0.4576554596424103 0.01900401106104255 0.03378490855296453
0 0.6204825043678284 0.558539867401123 0.01900401106104255 0.03378490855296453
0 0.6269583106040955 0.6673603653907776 0.01900401106104255 0.03378490855296453
0 0.6339644193649292 0.7850916981697083 0.01900401106104255 0.03378490855296453
0 0.6585888862609863 0.1963990479707718 0.01900401106104255 0.03378490855296453
0 0.6654608249664307 0.2778981924057007 0.01900401106104255 0.03378490855296453
0 0.6728149652481079 0.36511579155921936 0.01900401106104255 0.03378490855296453
0 0.6807038187980652 0.4586755931377411 0.01900401106104255 0.03378490855296453
0 0.6891880035400391 0.5592954754829407 0.01900401106104255 0.03378490855296453
0 0.6983375549316406 0.6678059101104736 0.01900401106104255 0.03378490855296453
0 0.7082338333129883 0.7851729393005371 0.01900401106104255 0.03378490855296453