0 0.6527055501937866 0.17709429562091827 0.025353314355015755 0.033804419140021004
0 0.5875446200370789 0.18052241206169128 0.025353314355015755 0.033804419140021004
0 0.5214501619338989 0.18399962782859802 0.025353314355015755 0.033804419140021004
0 0.45440205931663513 0.18752701580524445 0.025353314355015755 0.033804419140021004
0 0.3863794505596161 0.1911056786775589 0.025353314355015755 0.033804419140021004
0 0.3173610270023346 0.19473671913146973 0.025353314355015755 0.033804419140021004
0 0.24732466042041779 0.19842132925987244 0.025353314355015755 0.033804419140021004
0 0.6676459908485413 0.23906756937503815 0.025353314355015755 0.033804419140021004
0 0.5994023084640503 0.2431260645389557 0.025353314355015755 0.033804419140021004
0 0.5301327109336853 0.24724559485912323 0.025353314355015755 0.033804419140021004
0 0.4598138630390167 0.2514275014400482 0.025353314355015755 0.033804419140021004
0 0.38842177391052246 0.25567325949668884 0.025353314355015755 0.033804419140021004
0 0.31593167781829834 0.2599842846393585 0.025353314355015755 0.033804419140021004
0 0.2423180341720581 0.2643621563911438 0.025353314355015755 0.033804419140021004
0 0.6841146349906921 0.30738013982772827 0.025353314355015755 0.033804419140021004
0 0.6124824285507202 0.31218376755714417 0.025353314355015755 0.033804419140021004
0 0.5397173762321472 0.3170633614063263 0.025353314355015755 0.033804419140021004
0 0.4657924771308899 0.3220207393169403 0.025353314355015755 0.033804419140021004
0 0.3906796872615814 0.32705774903297424 0.025353314355015755 0.033804419140021004
0 0.3143501877784729 0.3321763873100281 0.025353314355015755 0.033804419140021004
0 0.23677419126033783 0.337378591299057 0.025353314355015755 0.033804419140021004
0 0.7023587226867676 0.3830571174621582 0.025353314355015755 0.033804419140021004
0 0.6269842982292175 0.38874778151512146 0.025353314355015755 0.033804419140021004
0 0.5503526329994202 0.39453333616256714 0.025353314355015755 0.033804419140021004
0 0.47243186831474304 0.4004162549972534 0.025353314355015755 0.033804419140021004
0 0.39318928122520447 0.4063989520072937 0.025353314355015755 0.033804419140021004
0 0.31259095668792725 0.41248399019241333 0.025353314355015755 0.033804419140021004
0 0.23060175776481628 0.4186740517616272 0.025353314355015755 0.033804419140021004
0 0.7226816415786743 0.46735724806785583 0.025353314355015755 0.033804419140021004
0 0.6431531310081482 0.47411230206489563 0.025353314355015755 0.033804419140021004
0 0.5622210502624512 0.4809865951538086 0.025353314355015755 0.033804419140021004
0 0.4798479974269867 0.48798325657844543 0.025353314355015755 0.033804419140021004
0 0.3959951102733612 0.4951056241989136 0.025353314355015755 0.033804419140021004
0 0.3106221556663513 0.5023571252822876 0.025353314355015755 0.033804419140021004
0 0.22368738055229187 0.5097412467002869 0.025353314355015755 0.033804419140021004
0 0.7454602122306824 0.5618434548377991 0.025353314355015755 0.033804419140021004
0 0.6612937450408936 0.5698872208595276 0.025353314355015755 0.033804419140021004
0 0.5755504369735718 0.5780817270278931 0.025353314355015755 0.033804419140021004
0 0.48818567395210266 0.5864312052726746 0.025353314355015755 0.033804419140021004
0 0.399152934551239 0.5949400663375854 0.025353314355015755 0.033804419140021004
0 0.30840399861335754 0.6036129593849182 0.025353314355015755 0.033804419140021004
0 0.21588876843452454 0.6124546527862549 0.025353314355015755 0.033804419140021004
0 0.7711681127548218 0.6684805750846863 0.025353314355015755 0.033804419140021004
0 0.681790292263031 0.6781005859375 0.025353314355015755 0.033804419140021004
0 0.5906282663345337 0.68791264295578 0.025353314355015755 0.033804419140021004
0 0.49762797355651855 0.6979225277900696 0.025353314355015755 0.033804419140021004
0 0.40273335576057434 0.7081363201141357 0.025353314355015755 0.033804419140021004
0 0.305885910987854 0.7185602784156799 0.025353314355015755 0.033804419140021004
0 0.2070246785879135 0.7292010188102722 0.025353314355015755 0.033804419140021004