0 0.7077018618583679 0.16026802361011505 0.022704644470165177 0.03395087023576101
0 0.6317839026451111 0.15981723368167877 0.022704644470165177 0.03395087023576101
0 0.5554717183113098 0.15936408936977386 0.022704644470165177 0.03395087023576101
0 0.47876232862472534 0.15890859067440033 0.022704644470165177 0.03395087023576101
0 0.4016525447368622 0.15845070779323578 0.022704644470165177 0.03395087023576101
0 0.32413923740386963 0.1579904407262802 0.022704644470165177 0.03395087023576101
0 0.24621926248073578 0.15752774477005005 0.022704644470165177 0.03395087023576101
0 0.7189111709594727 0.2406933456659317 0.022704644470165177 0.03395087023576101
0 0.6402862071990967 0.24044205248355865 0.022704644470165177 0.03395087023576101
0 0.5612382292747498 0.24018940329551697 0.022704644470165177 0.03395087023576101
0 0.4817638695240021 0.23993539810180664 0.022704644470165177 0.03395087023576101
0 0.4018596410751343 0.23968000710010529 0.022704644470165177 0.03395087023576101
0 0.3215220272541046 0.2394232451915741 0.022704644470165177 0.03395087023576101
0 0.24074749648571014 0.23916508257389069 0.022704644470165177 0.03395087023576101
0 0.7309566140174866 0.3271179795265198 0.022704644470165177 0.03395087023576101
0 0.6494244933128357 0.3270978033542633 0.022704644470165177 0.03395087023576101
0 0.5674372911453247 0.3270775079727173 0.022704644470165177 0.03395087023576101
0 0.4849912226200104 0.3270571231842041 0.022704644470165177 0.03395087023576101
0 0.4020823538303375 0.32703661918640137 0.022704644470165177 0.03395087023576101
0 0.31870681047439575 0.3270159959793091 0.022704644470165177 0.03395087023576101
0 0.2348606437444687 0.32699525356292725 0.022704644470165177 0.03395087023576101
0 0.7439354062080383 0.4202391803264618 0.022704644470165177 0.03395087023576101
0 0.6592729091644287 0.4204874634742737 0.022704644470165177 0.03395087023576101
0 0.574119508266449 0.42073720693588257 0.022704644470165177 0.03395087023576101
0 0.48847079277038574 0.42098838090896606 0.022704644470165177 0.03395087023576101
0 0.40232253074645996 0.42124101519584656 0.022704644470165177 0.03395087023576101
0 0.31567028164863586 0.42149513959884644 0.022704644470165177 0.03395087023576101
0 0.22850961983203888 0.4217507243156433 0.022704644470165177 0.03395087023576101
0 0.7579603791236877 0.5208666920661926 0.022704644470165177 0.03395087023576101
0 0.6699175834655762 0.5214276909828186 0.022704644470165177 0.03395087023576101
0 0.5813435316085815 0.5219921469688416 0.022704644470165177 0.03395087023576101
0 0.49223342537879944 0.5225599408149719 0.022704644470165177 0.03395087023576101
0 0.4025822877883911 0.5231311917304993 0.022704644470165177 0.03395087023576101
0 0.3123852610588074 0.5237059593200684 0.022704644470165177 0.03395087023576101
0 0.2216372787952423 0.5242841839790344 0.022704644470165177 0.03395087023576101
0 0.7731633186340332 0.629946231842041 0.022704644470165177 0.03395087023576101
0 0.6814591288566589 0.6308728456497192 0.022704644470165177 0.03395087023576101
0 0.589178204536438 0.6318052411079407 0.022704644470165177 0.03395087023576101
0 0.496315062046051 0.6327435374259949 0.022704644470165177 0.03395087023576101
0 0.40286415815353394 0.6336877942085266 0.022704644470165177 0.03395087023576101
0 0.3088199198246002 0.6346380114555359 0.022704644470165177 0.03395087023576101
0 0.21417666971683502 0.6355943083763123 0.022704644470165177 0.03395087023576101
0 0.7896992564201355 0.748589277267456 0.022704644470165177 0.03395087023576101
0 0.6940159201622009 0.7499449253082275 0.022704644470165177 0.03395087023576101
0 0.597704291343689 0.7513094544410706 0.022704644470165177 0.03395087023576101
0 0.5007581114768982 0.7526829838752747 0.022704644470165177 0.03395087023576101
0 0.4031710624694824 0.7540655732154846 0.022704644470165177 0.03395087023576101
0 0.30493682622909546 0.75545734167099 0.022704644470165177 0.03395087023576101
0 0.2060489058494568 0.7568583488464355 0.022704644470165177 0.03395087023576101