0 0.7162195444107056 0.17583100497722626 0.02498907409608364 0.033318765461444855
0 0.647623598575592 0.17544439435005188 0.02498907409608364 0.033318765461444855
0 0.5793070793151855 0.17505934834480286 0.02498907409608364 0.033318765461444855
0 0.5112683176994324 0.17467588186264038 0.02498907409608364 0.033318765461444855
0 0.44350558519363403 0.17429396510124207 0.02498907409608364 0.033318765461444855
0 0.37601718306541443 0.1739135980606079 0.02498907409608364 0.033318765461444855
0 0.30880147218704224 0.17353475093841553 0.02498907409608364 0.033318765461444855
0 0.7250897288322449 0.2419736683368683 0.02498907409608364 0.033318765461444855
0 0.6531683206558228 0.24142691493034363 0.02498907409608364 0.033318765461444855
0 0.5815539360046387 0.2408825010061264 0.02498907409608364 0.033318765461444855
0 0.5102447271347046 0.24034041166305542 0.02498907409608364 0.033318765461444855
0 0.43923860788345337 0.2398006170988083 0.02498907409608364 0.033318765461444855
0 0.368533730506897 0.239263117313385 0.02498907409608364 0.033318765461444855
0 0.2981281876564026 0.2387278974056244 0.02498907409608364 0.033318765461444855
0 0.734860360622406 0.31483086943626404 0.02498907409608364 0.033318765461444855
0 0.6592745780944824 0.3140926659107208 0.02498907409608364 0.033318765461444855
0 0.584027886390686 0.31335780024528503 0.02498907409608364 0.033318765461444855
0 0.509117841720581 0.3126261830329895 0.02498907409608364 0.033318765461444855
0 0.43454232811927795 0.311897873878479 0.02498907409608364 0.033318765461444855
0 0.36029908061027527 0.3111727833747864 0.02498907409608364 0.033318765461444855
0 0.28638583421707153 0.310450941324234 0.02498907409608364 0.033318765461444855
0 0.7456759214401245 0.3954797387123108 0.02498907409608364 0.033318765461444855
0 0.6660323739051819 0.39451122283935547 0.02498907409608364 0.033318765461444855
0 0.5867651104927063 0.39354726672172546 0.02498907409608364 0.033318765461444855
0 0.5078713297843933 0.3925878703594208 0.02498907409608364 0.033318765461444855
0 0.42934855818748474 0.391633003950119 0.02498907409608364 0.033318765461444855
0 0.3511940836906433 0.3906826078891754 0.02498907409608364 0.033318765461444855
0 0.2734053432941437 0.3897366523742676 0.02498907409608364 0.033318765461444855
0 0.7577134966850281 0.48524075746536255 0.02498907409608364 0.033318765461444855
0 0.6735517978668213 0.48399320244789124 0.02498907409608364 0.033318765461444855
0 0.5898100733757019 0.48275184631347656 0.02498907409608364 0.033318765461444855
0 0.5064850449562073 0.48151665925979614 0.02498907409608364 0.033318765461444855
0 0.423573762178421 0.4802876114845276 0.02498907409608364 0.033318765461444855
0 0.34107306599617004 0.4790646731853485 0.02498907409608364 0.033318765461444855
0 0.2589799463748932 0.47784775495529175 0.02498907409608364 0.033318765461444855
0 0.7711925506591797 0.5857507586479187 0.02498907409608364 0.033318765461444855
0 0.6819692850112915 0.5841622948646545 0.02498907409608364 0.033318765461444855
0 0.5932177305221558 0.5825822353363037 0.02498907409608364 0.033318765461444855
0 0.5049340724945068 0.5810105204582214 0.02498907409608364 0.033318765461444855
0 0.4171147346496582 0.5794470310211182 0.02498907409608364 0.033318765461444855
0 0.329755961894989 0.5778917670249939 0.02498907409608364 0.033318765461444855
0 0.24285422265529633 0.5763446688652039 0.02498907409608364 0.033318765461444855
0 0.7863885760307312 0.6990635395050049 0.02498907409608364 0.033318765461444855
0 0.6914559602737427 0.6970548033714294 0.02498907409608364 0.033318765461444855
0 0.5970569849014282 0.6950573325157166 0.02498907409608364 0.033318765461444855
0 0.5031871795654297 0.6930711269378662 0.02498907409608364 0.033318765461444855
0 0.4098421335220337 0.6910960078239441 0.02498907409608364 0.033318765461444855
0 0.31701740622520447 0.6891318559646606 0.02498907409608364 0.033318765461444855
0 0.224708691239357 0.6871786713600159 0.02498907409608364 0.033318765461444855