0 0.6967191696166992 0.18195006251335144 0.025407221168279648 0.03387629489103953
0 0.6281826496124268 0.18398752808570862 0.025407221168279648 0.03387629489103953
0 0.5597893595695496 0.18602071702480316 0.025407221168279648 0.03387629489103953
0 0.49153897166252136 0.18804967403411865 0.025407221168279648 0.03387629489103953
0 0.4234309792518616 0.1900743842124939 0.025407221168279648 0.03387629489103953
0 0.3554649353027344 0.19209489226341248 0.025407221168279648 0.03387629489103953
0 0.28764042258262634 0.1941111832857132 0.025407221168279648 0.03387629489103953
0 0.7069405317306519 0.24808461964130402 0.025407221168279648 0.03387629489103953
0 0.635005533695221 0.2501501441001892 0.025407221168279648 0.03387629489103953
0 0.5632283687591553 0.2522111237049103 0.025407221168279648 0.03387629489103953
0 0.49160850048065186 0.2542676031589508 0.025407221168279648 0.03387629489103953
0 0.4201454520225525 0.2563195824623108 0.025407221168279648 0.03387629489103953
0 0.3488386571407318 0.25836706161499023 0.025407221168279648 0.03387629489103953
0 0.277687668800354 0.2604100704193115 0.025407221168279648 0.03387629489103953
0 0.7182259559631348 0.3211040198802948 0.025407221168279648 0.03387629489103953
0 0.6425378918647766 0.3231925666332245 0.025407221168279648 0.03387629489103953
0 0.5670245289802551 0.32527628540992737 0.025407221168279648 0.03387629489103953
0 0.49168524146080017 0.32735520601272583 0.025407221168279648 0.03387629489103953
0 0.416519433259964 0.32942935824394226 0.025407221168279648 0.03387629489103953
0 0.3415265381336212 0.3314987123012543 0.025407221168279648 0.03387629489103953
0 0.2667059302330017 0.33356332778930664 0.025407221168279648 0.03387629489103953
0 0.7307507991790771 0.40214240550994873 0.025407221168279648 0.03387629489103953
0 0.6508964896202087 0.4042467474937439 0.025407221168279648 0.03387629489103953
0 0.5712366104125977 0.406345933675766 0.025407221168279648 0.03387629489103953
0 0.4917703866958618 0.4084400236606598 0.025407221168279648 0.03387629489103953
0 0.4124971926212311 0.4105290472507477 0.025407221168279648 0.03387629489103953
0 0.33341625332832336 0.41261300444602966 0.025407221168279648 0.03387629489103953
0 0.25452694296836853 0.41469189524650574 0.025407221168279648 0.03387629489103953
0 0.7447310090065002 0.4925975203514099 0.025407221168279648 0.03387629489103953
0 0.6602250933647156 0.49470728635787964 0.025407221168279648 0.03387629489103953
0 0.5759368538856506 0.4968116581439972 0.025407221168279648 0.03387629489103953
0 0.4918653964996338 0.4989106059074402 0.025407221168279648 0.03387629489103953
0 0.40800991654396057 0.501004159450531 0.025407221168279648 0.03387629489103953
0 0.3243696093559265 0.503092348575592 0.025407221168279648 0.03387629489103953
0 0.24094361066818237 0.5051751732826233 0.025407221168279648 0.03387629489103953
0 0.7604358792304993 0.5942118763923645 0.025407221168279648 0.03387629489103953
0 0.6707029342651367 0.5963125228881836 0.025407221168279648 0.03387629489103953
0 0.5812153220176697 0.5984074473381042 0.025407221168279648 0.03387629489103953
0 0.49197205901145935 0.6004966497421265 0.025407221168279648 0.03387629489103953
0 0.40297210216522217 0.6025801301002502 0.025407221168279648 0.03387629489103953
0 0.3142144978046417 0.6046580076217651 0.025407221168279648 0.03387629489103953
0 0.22569821774959564 0.6067301630973816 0.025407221168279648 0.03387629489103953
0 0.7782056331634521 0.7091863751411438 0.025407221168279648 0.03387629489103953
0 0.6825564503669739 0.7112572193145752 0.025407221168279648 0.03387629489103953
0 0.5871858596801758 0.7133220434188843 0.025407221168279648 0.03387629489103953
0 0.49209269881248474 0.7153807878494263 0.025407221168279648 0.03387629489103953
0 0.39727577567100525 0.7174336314201355 0.025407221168279648 0.03387629489103953
0 0.3027338683605194 0.7194804549217224 0.025407221168279648 0.03387629489103953
0 0.2084657996892929 0.7215214371681213 0.025407221168279648 0.03387629489103953