0 0.7033135890960693 0.18520909547805786 0.025172200053930286 0.03356293340524038
0 0.6348752379417419 0.18698976933956146 0.025172200053930286 0.03356293340524038
0 0.5665619373321533 0.1887671798467636 0.025172200053930286 0.03356293340524038
0 0.4983733594417572 0.1905413419008255 0.025172200053930286 0.03356293340524038
0 0.4303091764450073 0.19231227040290833 0.025172200053930286 0.03356293340524038
0 0.3623690605163574 0.19407996535301208 0.025172200053930286 0.03356293340524038
0 0.29455268383026123 0.19584445655345917 0.025172200053930286 0.03356293340524038
0 0.7141201496124268 0.2507047951221466 0.025172200053930286 0.03356293340524038
0 0.6423521637916565 0.2525089979171753 0.025172200053930286 0.03356293340524038
0 0.5707217454910278 0.2543097734451294 0.025172200053930286 0.03356293340524038
0 0.49922844767570496 0.2561070919036865 0.025172200053930286 0.03356293340524038
0 0.4278718829154968 0.2579009532928467 0.025172200053930286 0.03356293340524038
0 0.3566516637802124 0.25969138741493225 0.025172200053930286 0.03356293340524038
0 0.28556737303733826 0.2614784240722656 0.025172200053930286 0.03356293340524038
0 0.7260294556617737 0.3228840231895447 0.025172200053930286 0.03356293340524038
0 0.6505913734436035 0.3247074484825134 0.025172200053930286 0.03356293340524038
0 0.5753052234649658 0.3265272080898285 0.025172200053930286 0.03356293340524038
0 0.5001705288887024 0.32834330201148987 0.025172200053930286 0.03356293340524038
0 0.4251868724822998 0.33015576004981995 0.025172200053930286 0.03356293340524038
0 0.3503537178039551 0.33196455240249634 0.025172200053930286 0.03356293340524038
0 0.2756706774234772 0.3337697386741638 0.025172200053930286 0.03356293340524038
0 0.7392193675041199 0.4028248190879822 0.025172200053930286 0.03356293340524038
0 0.6597155928611755 0.40466126799583435 0.025172200053930286 0.03356293340524038
0 0.5803805589675903 0.4064938426017761 0.025172200053930286 0.03356293340524038
0 0.5012136101722717 0.4083225131034851 0.025172200053930286 0.03356293340524038
0 0.4222143292427063 0.4101473391056061 0.025172200053930286 0.03356293340524038
0 0.3433821499347687 0.41196829080581665 0.025172200053930286 0.03356293340524038
0 0.2647165060043335 0.4137853682041168 0.025172200053930286 0.03356293340524038
0 0.7539082169532776 0.49185022711753845 0.025172200053930286 0.03356293340524038
0 0.6698755621910095 0.49369102716445923 0.025172200053930286 0.03356293340524038
0 0.5860313177108765 0.4955276548862457 0.025172200053930286 0.03356293340524038
0 0.5023748278617859 0.4973601996898651 0.025172200053930286 0.03356293340524038
0 0.4189055263996124 0.499188631772995 0.025172200053930286 0.03356293340524038
0 0.33562272787094116 0.5010129809379578 0.025172200053930286 0.03356293340524038
0 0.25252583622932434 0.5028332471847534 0.025172200053930286 0.03356293340524038
0 0.770366907119751 0.5916021466255188 0.025172200053930286 0.03356293340524038
0 0.6812582015991211 0.5934349894523621 0.025172200053930286 0.03356293340524038
0 0.592361330986023 0.5952635407447815 0.025172200053930286 0.03356293340524038
0 0.5036754608154297 0.5970876812934875 0.025172200053930286 0.03356293340524038
0 0.4151999354362488 0.598907470703125 0.025172200053930286 0.03356293340524038
0 0.32693395018577576 0.6007230281829834 0.025172200053930286 0.03356293340524038
0 0.23887676000595093 0.6025342345237732 0.025172200053930286 0.03356293340524038
0 0.7889357805252075 0.7041435241699219 0.025172200053930286 0.03356293340524038
0 0.6940984129905701 0.7059512138366699 0.025172200053930286 0.03356293340524038
0 0.599500834941864 0.707754373550415 0.025172200053930286 0.03356293340524038
0 0.5051422119140625 0.7095529437065125 0.025172200053930286 0.03356293340524038
0 0.4110216498374939 0.7113470435142517 0.025172200053930286 0.03356293340524038
0 0.3171381652355194 0.7131365537643433 0.025172200053930286 0.03356293340524038
0 0.2234908938407898 0.7149215936660767 0.025172200053930286 0.03356293340524038