0 0.7001989483833313 0.1933382749557495 0.024616600945591927 0.032822134594122566
0 0.6343835592269897 0.1944437325000763 0.024616600945591927 0.032822134594122566
0 0.5684128403663635 0.195551797747612 0.024616600945591927 0.032822134594122566
0 0.5022860765457153 0.19666250050067902 0.024616600945591927 0.032822134594122566
0 0.4360028803348541 0.19777581095695496 0.024616600945591927 0.032822134594122566
0 0.369562566280365 0.1988917738199234 0.024616600945591927 0.032822134594122566
0 0.30296462774276733 0.20001037418842316 0.024616600945591927 0.032822134594122566
0 0.7111276984214783 0.25549519062042236 0.024616600945591927 0.032822134594122566
0 0.6421035528182983 0.25673165917396545 0.024616600945591927 0.032822134594122566
0 0.5729084610939026 0.2579711973667145 0.024616600945591927 0.032822134594122566
0 0.5035417079925537 0.25921380519866943 0.024616600945591927 0.032822134594122566
0 0.43400272727012634 0.2604594826698303 0.024616600945591927 0.032822134594122566
0 0.36429086327552795 0.2617082893848419 0.024616600945591927 0.032822134594122566
0 0.294405460357666 0.26296019554138184 0.024616600945591927 0.032822134594122566
0 0.7231802344322205 0.32404348254203796 0.024616600945591927 0.032822134594122566
0 0.6506183743476868 0.32543277740478516 0.024616600945591927 0.032822134594122566
0 0.5778675079345703 0.32682567834854126 0.024616600945591927 0.032822134594122566
0 0.5049269199371338 0.32822221517562866 0.024616600945591927 0.032822134594122566
0 0.4317958652973175 0.32962238788604736 0.024616600945591927 0.032822134594122566
0 0.358473539352417 0.33102622628211975 0.024616600945591927 0.032822134594122566
0 0.28495925664901733 0.3324337601661682 0.024616600945591927 0.032822134594122566
0 0.7365392446517944 0.4000224471092224 0.024616600945591927 0.032822134594122566
0 0.6600574851036072 0.40159130096435547 0.024616600945591927 0.032822134594122566
0 0.5833656787872314 0.40316450595855713 0.024616600945591927 0.032822134594122566
0 0.5064629316329956 0.4047420024871826 0.024616600945591927 0.032822134594122566
0 0.4293484389781952 0.4063238501548767 0.024616600945591927 0.032822134594122566
0 0.35202130675315857 0.4079100787639618 0.024616600945591927 0.032822134594122566
0 0.2744806110858917 0.4095006585121155 0.024616600945591927 0.032822134594122566
0 0.7514293789863586 0.4847095012664795 0.024616600945591927 0.032822134594122566
0 0.6705799698829651 0.48649120330810547 0.024616600945591927 0.032822134594122566
0 0.5894957780838013 0.4882780611515045 0.024616600945591927 0.032822134594122566
0 0.508175790309906 0.4900701344013214 0.024616600945591927 0.032822134594122566
0 0.42661890387535095 0.49186742305755615 0.024616600945591927 0.032822134594122566
0 0.3448241353034973 0.49366995692253113 0.024616600945591927 0.032822134594122566
0 0.2627904415130615 0.4954777657985687 0.024616600945591927 0.032822134594122566
0 0.7681298851966858 0.5796927213668823 0.024616600945591927 0.032822134594122566
0 0.6823837757110596 0.581728994846344 0.024616600945591927 0.032822134594122566
0 0.5963734984397888 0.5837715864181519 0.024616600945591927 0.032822134594122566
0 0.5100978016853333 0.5858204364776611 0.024616600945591927 0.032822134594122566
0 0.4235554337501526 0.5878756046295166 0.024616600945591927 0.032822134594122566
0 0.33674517273902893 0.5899372100830078 0.024616600945591927 0.032822134594122566
0 0.2496657818555832 0.5920051336288452 0.024616600945591927 0.032822134594122566
0 0.7869921922683716 0.6869714260101318 0.024616600945591927 0.032822134594122566
0 0.6957180500030518 0.6893154382705688 0.024616600945591927 0.032822134594122566
0 0.6041444540023804 0.6916671395301819 0.024616600945591927 0.032822134594122566
0 0.5122698545455933 0.6940265893936157 0.024616600945591927 0.032822134594122566
0 0.42009279131889343 0.6963937878608704 0.024616600945591927 0.032822134594122566
0 0.3276117742061615 0.6987687945365906 0.024616600945591927 0.032822134594122566
0 0.23482532799243927 0.7011516094207764 0.024616600945591927 0.032822134594122566