0 0.3029170036315918 0.6467257142066956 0.0206314604729414 0.027508613963921864
0 0.37908151745796204 0.646904706954956 0.0206314604729414 0.027508613963921864
0 0.45605728030204773 0.6470856666564941 0.0206314604729414 0.027508613963921864
0 0.5338572859764099 0.6472684741020203 0.0206314604729414 0.027508613963921864
0 0.6124948263168335 0.6474533081054688 0.0206314604729414 0.027508613963921864
0 0.6919835805892944 0.6476401090621948 0.0206314604729414 0.027508613963921864
0 0.7723373770713806 0.6478289365768433 0.0206314604729414 0.027508613963921864
0 0.3142279088497162 0.5595635771751404 0.0206314604729414 0.027508613963921864
0 0.3867427408695221 0.559294581413269 0.0206314604729414 0.027508613963921864
0 0.4599921405315399 0.5590229034423828 0.0206314604729414 0.027508613963921864
0 0.5339873433113098 0.5587484836578369 0.0206314604729414 0.027508613963921864
0 0.6087397933006287 0.5584712028503418 0.0206314604729414 0.027508613963921864
0 0.68426114320755 0.5581910610198975 0.0206314604729414 0.027508613963921864
0 0.760563313961029 0.5579080581665039 0.0206314604729414 0.027508613963921864
0 0.32449397444725037 0.4804528057575226 0.0206314604729414 0.027508613963921864
0 0.39369285106658936 0.47981613874435425 0.0206314604729414 0.027508613963921864
0 0.46356001496315 0.47917333245277405 0.0206314604729414 0.027508613963921864
0 0.5341051816940308 0.4785242974758148 0.0206314604729414 0.027508613963921864
0 0.6053383350372314 0.4778689444065094 0.0206314604729414 0.027508613963921864
0 0.6772695183753967 0.47720715403556824 0.0206314604729414 0.027508613963921864
0 0.7499090433120728 0.47653883695602417 0.0206314604729414 0.027508613963921864
0 0.3338536024093628 0.4083271324634552 0.0206314604729414 0.027508613963921864
0 0.40002650022506714 0.40738746523857117 0.0206314604729414 0.027508613963921864
0 0.4668099582195282 0.4064391553401947 0.0206314604729414 0.027508613963921864
0 0.5342125296592712 0.4054820239543915 0.0206314604729414 0.027508613963921864
0 0.6022427678108215 0.4045160114765167 0.0206314604729414 0.027508613963921864
0 0.6709096431732178 0.4035409390926361 0.0206314604729414 0.027508613963921864
0 0.7402219772338867 0.40255671739578247 0.0206314604729414 0.027508613963921864
0 0.3424217700958252 0.34230050444602966 0.0206314604729414 0.027508613963921864
0 0.40582218766212463 0.3411104083061218 0.0206314604729414 0.027508613963921864
0 0.46978265047073364 0.33990979194641113 0.0206314604729414 0.027508613963921864
0 0.5343106389045715 0.33869853615760803 0.0206314604729414 0.027508613963921864
0 0.5994136929512024 0.3374764919281006 0.0206314604729414 0.027508613963921864
0 0.6650996208190918 0.33624351024627686 0.0206314604729414 0.027508613963921864
0 0.7313761711120605 0.3349994122982025 0.0206314604729414 0.027508613963921864
0 0.3502947986125946 0.2816307246685028 0.0206314604729414 0.027508613963921864
0 0.4111456871032715 0.2802332043647766 0.0206314604729414 0.027508613963921864
0 0.4725121259689331 0.2788238227367401 0.0206314604729414 0.027508613963921864
0 0.5344007015228271 0.27740246057510376 0.0206314604729414 0.027508613963921864
0 0.5968180298805237 0.2759689390659332 0.0206314604729414 0.027508613963921864
0 0.6597710251808167 0.2745231091976166 0.0206314604729414 0.027508613963921864
0 0.7232666015625 0.27306485176086426 0.0206314604729414 0.027508613963921864
0 0.35755398869514465 0.2256912738084793 0.0206314604729414 0.027508613963921864
0 0.4160524308681488 0.22412171959877014 0.0206314604729414 0.027508613963921864
0 0.47502705454826355 0.22253938019275665 0.0206314604729414 0.027508613963921864
0 0.5344836115837097 0.2209441065788269 0.0206314604729414 0.027508613963921864
0 0.5944281220436096 0.21933573484420776 0.0206314604729414 0.027508613963921864
0 0.6548665165901184 0.2177141159772873 0.0206314604729414 0.027508613963921864
0 0.7158049941062927 0.21607908606529236 0.0206314604729414 0.027508613963921864