0 0.6926055550575256 0.15243969857692719 0.025436069816350937 0.03391475975513458
0 0.6232342720031738 0.15657980740070343 0.025436069816350937 0.03391475975513458
0 0.5539813041687012 0.1607128381729126 0.025436069816350937 0.03391475975513458
0 0.4848465025424957 0.16483883559703827 0.025436069816350937 0.03391475975513458
0 0.41582947969436646 0.16895779967308044 0.025436069816350937 0.03391475975513458
0 0.3469299376010895 0.1730697602033615 0.025436069816350937 0.03391475975513458
0 0.2781476080417633 0.17717471718788147 0.025436069816350937 0.03391475975513458
0 0.7041537761688232 0.21886248886585236 0.025436069816350937 0.03391475975513458
0 0.6314426064491272 0.2231418490409851 0.025436069816350937 0.03391475975513458
0 0.558861494064331 0.22741356492042542 0.025436069816350937 0.03391475975513458
0 0.4864100515842438 0.23167763650417328 0.025436069816350937 0.03391475975513458
0 0.41408801078796387 0.2359340935945511 0.025436069816350937 0.03391475975513458
0 0.3418949544429779 0.24018295109272003 0.025436069816350937 0.03391475975513458
0 0.2698305547237396 0.2444242537021637 0.025436069816350937 0.03391475975513458
0 0.7168674468994141 0.2919890284538269 0.025436069816350937 0.03391475975513458
0 0.6404786109924316 0.29641538858413696 0.025436069816350937 0.03391475975513458
0 0.5642332434654236 0.30083340406417847 0.025436069816350937 0.03391475975513458
0 0.48813098669052124 0.3052431643009186 0.025436069816350937 0.03391475975513458
0 0.4121714234352112 0.3096446394920349 0.025436069816350937 0.03391475975513458
0 0.33635416626930237 0.31403785943984985 0.025436069816350937 0.03391475975513458
0 0.26067882776260376 0.3184228539466858 0.025436069816350937 0.03391475975513458
0 0.7309325337409973 0.37288811802864075 0.025436069816350937 0.03391475975513458
0 0.6504740715026855 0.37746936082839966 0.025436069816350937 0.03391475975513458
0 0.5701748132705688 0.3820415437221527 0.025436069816350937 0.03391475975513458
0 0.4900342524051666 0.3866046965122223 0.025436069816350937 0.03391475975513458
0 0.41005194187164307 0.3911588490009308 0.025436069816350937 0.03391475975513458
0 0.3302273750305176 0.3957040011882782 0.025436069816350937 0.03391475975513458
0 0.25056013464927673 0.4002402126789093 0.025436069816350937 0.03391475975513458
0 0.7465764284133911 0.46286851167678833 0.025436069816350937 0.03391475975513458
0 0.6615903973579407 0.46761253476142883 0.025436069816350937 0.03391475975513458
0 0.5767819881439209 0.4723466634750366 0.025436069816350937 0.03391475975513458
0 0.49215054512023926 0.4770708680152893 0.025436069816350937 0.03391475975513458
0 0.4076955318450928 0.48178526759147644 0.025436069816350937 0.03391475975513458
0 0.32341641187667847 0.48648983240127563 0.025436069816350937 0.03391475975513458
0 0.23931263387203217 0.49118462204933167 0.025436069816350937 0.03391475975513458
0 0.764080822467804 0.5635502338409424 0.025436069816350937 0.03391475975513458
0 0.6740273833274841 0.5684645175933838 0.025436069816350937 0.03391475975513458
0 0.5841732025146484 0.5733679533004761 0.025436069816350937 0.03391475975513458
0 0.49451765418052673 0.5782605409622192 0.025436069816350937 0.03391475975513458
0 0.4050601124763489 0.5831422805786133 0.025436069816350937 0.03391475975513458
0 0.31579989194869995 0.5880132913589478 0.025436069816350937 0.03391475975513458
0 0.22673633694648743 0.5928735136985779 0.025436069816350937 0.03391475975513458
0 0.7837986350059509 0.6769631505012512 0.025436069816350937 0.03391475975513458
0 0.6880350708961487 0.6820541620254517 0.025436069816350937 0.03391475975513458
0 0.5924968123435974 0.687133252620697 0.025436069816350937 0.03391475975513458
0 0.49718305468559265 0.6922003626823425 0.025436069816350937 0.03391475975513458
0 0.40209299325942993 0.6972556114196777 0.025436069816350937 0.03391475975513458
0 0.30722588300704956 0.7022989988327026 0.025436069816350937 0.03391475975513458
0 0.21258093416690826 0.707330584526062 0.025436069816350937 0.03391475975513458