0 0.3060281574726105 0.752365231513977 0.02969720462958018 0.02969720462958018
0 0.3988552391529083 0.7427272796630859 0.02969720462958018 0.02969720462958018
0 0.4889582097530365 0.7333722114562988 0.02969720462958018 0.02969720462958018
0 0.5764551758766174 0.7242876887321472 0.02969720462958018 0.02969720462958018
0 0.6614576578140259 0.7154621481895447 0.02969720462958018 0.02969720462958018
0 0.7440707683563232 0.7068846821784973 0.02969720462958018 0.02969720462958018
0 0.8243939280509949 0.698544979095459 0.02969720462958018 0.02969720462958018
0 0.30080023407936096 0.6596305966377258 0.02969720462958018 0.02969720462958018
0 0.39149072766304016 0.6515704989433289 0.02969720462958018 0.02969720462958018
0 0.4795823097229004 0.6437413096427917 0.02969720462958018 0.02969720462958018
0 0.5651851296424866 0.6361333131790161 0.02969720462958018 0.02969720462958018
0 0.6484031677246094 0.6287372708320618 0.02969720462958018 0.02969720462958018
0 0.7293346524238586 0.6215444803237915 0.02969720462958018 0.02969720462958018
0 0.8080726861953735 0.6145465970039368 0.02969720462958018 0.02969720462958018
0 0.2958192527294159 0.571276068687439 0.02969720462958018 0.02969720462958018
0 0.3844691216945648 0.5646580457687378 0.02969720462958018 0.02969720462958018
0 0.47063687443733215 0.5582253336906433 0.02969720462958018 0.02969720462958018
0 0.5544252991676331 0.5519702434539795 0.02969720462958018 0.02969720462958018
0 0.6359316110610962 0.5458855628967285 0.02969720462958018 0.02969720462958018
0 0.7152478098869324 0.5399643182754517 0.02969720462958018 0.02969720462958018
0 0.7924610376358032 0.5342000722885132 0.02969720462958018 0.02969720462958018
0 0.29106810688972473 0.48699843883514404 0.02969720462958018 0.02969720462958018
0 0.37776702642440796 0.4817003905773163 0.02969720462958018 0.02969720462958018
0 0.46209290623664856 0.47654733061790466 0.02969720462958018 0.02969720462958018
0 0.5441418886184692 0.4715334177017212 0.02969720462958018 0.02969720462958018
0 0.6240049004554749 0.46665307879447937 0.02969720462958018 0.02969720462958018
0 0.7017682790756226 0.4619010388851166 0.02969720462958018 0.02969720462958018
0 0.7775136232376099 0.45727235078811646 0.02969720462958018 0.02969720462958018
0 0.2865312397480011 0.40652191638946533 0.02969720462958018 0.02969720462958018
0 0.3713630735874176 0.40243348479270935 0.02969720462958018 0.02969720462958018
0 0.45392394065856934 0.3984545171260834 0.02969720462958018 0.02969720462958018
0 0.5343038439750671 0.3945806622505188 0.02969720462958018 0.02969720462958018
0 0.6125880479812622 0.3908078074455261 0.02969720462958018 0.02969720462958018
0 0.6888574957847595 0.38713204860687256 0.02969720462958018 0.02969720462958018
0 0.7631889581680298 0.38354969024658203 0.02969720462958018 0.02969720462958018
0 0.28219449520111084 0.3295949697494507 0.02969720462958018 0.02969720462958018
0 0.36523786187171936 0.32661646604537964 0.02969720462958018 0.02969720462958018
0 0.4461058974266052 0.3237159550189972 0.02969720462958018 0.02969720462958018
0 0.5248829126358032 0.3208904564380646 0.02969720462958018 0.02969720462958018
0 0.6016491055488586 0.3181370794773102 0.02969720462958018 0.02969720462958018
0 0.6764803528785706 0.31545311212539673 0.02969720462958018 0.02969720462958018
0 0.7494490146636963 0.3128359615802765 0.02969720462958018 0.02969720462958018
0 0.2780449092388153 0.25598785281181335 0.02969720462958018 0.02969720462958018
0 0.359373539686203 0.254028856754303 0.02969720462958018 0.02969720462958018
0 0.4386165738105774 0.25212007761001587 0.02969720462958018 0.02969720462958018
0 0.5158531665802002 0.2502596378326416 0.02969720462958018 0.02969720462958018
0 0.5911585688591003 0.24844568967819214 0.02969720462958018 0.02969720462958018
0 0.6646043658256531 0.24667656421661377 0.02969720462958018 0.02969720462958018
0 0.7362585663795471 0.2449505776166916 0.02969720462958018 0.02969720462958018