0 0.2941884696483612 0.2684277594089508 0.032518722116947174 0.032518722116947174
0 0.28631144762039185 0.3249281048774719 0.032518722116947174 0.032518722116947174
0 0.27787238359451294 0.38545963168144226 0.032518722116947174 0.032518722116947174
0 0.26880893111228943 0.4504697322845459 0.032518722116947174 0.032518722116947174
0 0.2590491473674774 0.5204745531082153 0.032518722116947174 0.032518722116947174
0 0.24850957095623016 0.5960726141929626 0.032518722116947174 0.032518722116947174
0 0.23709286749362946 0.6779622435569763 0.032518722116947174 0.032518722116947174
0 0.3686995208263397 0.26846426725387573 0.032518722116947174 0.032518722116947174
0 0.3633852005004883 0.32500624656677246 0.032518722116947174 0.032518722116947174
0 0.3576914668083191 0.38558536767959595 0.032518722116947174 0.032518722116947174
0 0.35157614946365356 0.45065003633499146 0.032518722116947174 0.032518722116947174
0 0.3449905812740326 0.5207175612449646 0.032518722116947174 0.032518722116947174
0 0.33787843585014343 0.5963879823684692 0.032518722116947174 0.032518722116947174
0 0.33017387986183167 0.6783614754676819 0.032518722116947174 0.032518722116947174
0 0.4433135390281677 0.26850083470344543 0.032518722116947174 0.032518722116947174
0 0.4405692219734192 0.32508450746536255 0.032518722116947174 0.032518722116947174
0 0.4376288056373596 0.38571128249168396 0.032518722116947174 0.032518722116947174
0 0.4344704747200012 0.4508305788040161 0.032518722116947174 0.032518722116947174
0 0.43106913566589355 0.5209609270095825 0.032518722116947174 0.032518722116947174
0 0.4273955523967743 0.5967038869857788 0.032518722116947174 0.032518722116947174
0 0.42341575026512146 0.67876136302948 0.032518722116947174 0.032518722116947174
0 0.5180308222770691 0.2685374319553375 0.032518722116947174 0.032518722116947174
0 0.5178636908531189 0.3251628577709198 0.032518722116947174 0.032518722116947174
0 0.5176846385002136 0.3858374059200287 0.032518722116947174 0.032518722116947174
0 0.5174922347068787 0.45101141929626465 0.032518722116947174 0.032518722116947174
0 0.5172851085662842 0.5212047100067139 0.032518722116947174 0.032518722116947174
0 0.5170613527297974 0.5970203280448914 0.032518722116947174 0.032518722116947174
0 0.5168188810348511 0.6791619658470154 0.032518722116947174 0.032518722116947174
0 0.5928515195846558 0.2685740888118744 0.032518722116947174 0.032518722116947174
0 0.5952688455581665 0.325241357088089 0.032518722116947174 0.032518722116947174
0 0.5978592038154602 0.38596367835998535 0.032518722116947174 0.032518722116947174
0 0.6006417870521545 0.4511925280094147 0.032518722116947174 0.032518722116947174
0 0.6036388278007507 0.5214489102363586 0.032518722116947174 0.032518722116947174
0 0.6068761348724365 0.5973373055458069 0.032518722116947174 0.032518722116947174
0 0.6103837490081787 0.6795632839202881 0.032518722116947174 0.032518722116947174
0 0.6677758693695068 0.26861080527305603 0.032518722116947174 0.032518722116947174
0 0.6727849841117859 0.32531994581222534 0.032518722116947174 0.032518722116947174
0 0.6781527996063232 0.38609015941619873 0.032518722116947174 0.032518722116947174
0 0.6839193105697632 0.4513739347457886 0.032518722116947174 0.032518722116947174
0 0.6901305913925171 0.5216934680938721 0.032518722116947174 0.032518722116947174
0 0.6968402862548828 0.5976547598838806 0.032518722116947174 0.032518722116947174
0 0.7041107416152954 0.6799652576446533 0.032518722116947174 0.032518722116947174
0 0.7428040504455566 0.26864758133888245 0.032518722116947174 0.032518722116947174
0 0.7504122853279114 0.32539865374565125 0.032518722116947174 0.032518722116947174
0 0.7585656642913818 0.3862168490886688 0.032518722116947174 0.032518722116947174
0 0.7673251628875732 0.4515555799007416 0.032518722116947174 0.032518722116947174
0 0.7767608165740967 0.5219383835792542 0.032518722116947174 0.032518722116947174
0 0.7869541645050049 0.5979728102684021 0.032518722116947174 0.032518722116947174
0 0.7980002760887146 0.6803679466247559 0.032518722116947174 0.032518722116947174