0 0.7069594264030457 0.18645653128623962 0.02531068027019501 0.033747573693593345
0 0.6391503810882568 0.1887078732252121 0.02531068027019501 0.033747573693593345
0 0.571635901927948 0.1909494400024414 0.02531068027019501 0.033747573693593345
0 0.5044140219688416 0.19318129122257233 0.02531068027019501 0.033747573693593345
0 0.4374828040599823 0.19540348649024963 0.02531068027019501 0.033747573693593345
0 0.3708404302597046 0.1976160854101181 0.02531068027019501 0.033747573693593345
0 0.304485023021698 0.1998191773891449 0.02531068027019501 0.033747573693593345
0 0.7178817987442017 0.25084081292152405 0.02531068027019501 0.033747573693593345
0 0.646600604057312 0.25305935740470886 0.02531068027019501 0.033747573693593345
0 0.5756446719169617 0.25526779890060425 0.02531068027019501 0.033747573693593345
0 0.505011796951294 0.2574661672115326 0.02531068027019501 0.033747573693593345
0 0.4346998333930969 0.25965452194213867 0.02531068027019501 0.033747573693593345
0 0.36470654606819153 0.2618330121040344 0.02531068027019501 0.033747573693593345
0 0.29502978920936584 0.26400160789489746 0.02531068027019501 0.033747573693593345
0 0.7299770712852478 0.32213863730430603 0.02531068027019501 0.033747573693593345
0 0.6548488736152649 0.3243042230606079 0.02531068027019501 0.033747573693593345
0 0.5800818204879761 0.3264594078063965 0.02531068027019501 0.033747573693593345
0 0.505673348903656 0.32860425114631653 0.02531068027019501 0.033747573693593345
0 0.43162086606025696 0.3307388126850128 0.02531068027019501 0.033747573693593345
0 0.357921838760376 0.3328632116317749 0.02531068027019501 0.033747573693593345
0 0.2845737636089325 0.33497747778892517 0.02531068027019501 0.033747573693593345
0 0.7434448003768921 0.4015267789363861 0.02531068027019501 0.033747573693593345
0 0.6640306711196899 0.40361279249191284 0.02531068027019501 0.033747573693593345
0 0.5850198864936829 0.40568822622299194 0.02531068027019501 0.033747573693593345
0 0.5064093470573425 0.4077531397342682 0.02531068027019501 0.033747573693593345
0 0.4281960427761078 0.40980762243270874 0.02531068027019501 0.033747573693593345
0 0.3503769636154175 0.41185176372528076 0.02531068027019501 0.033747573693593345
0 0.2729491591453552 0.41388559341430664 0.02531068027019501 0.033747573693593345
0 0.7585326433181763 0.49046504497528076 0.02531068027019501 0.033747573693593345
0 0.674314022064209 0.49243617057800293 0.02531068027019501 0.033747573693593345
0 0.5905487537384033 0.49439671635627747 0.02531068027019501 0.033747573693593345
0 0.507233202457428 0.49634674191474915 0.02531068027019501 0.033747573693593345
0 0.4243636429309845 0.49828630685806274 0.02531068027019501 0.033747573693593345
0 0.3419365882873535 0.5002155303955078 0.02531068027019501 0.033747573693593345
0 0.2599484920501709 0.5021345019340515 0.02531068027019501 0.033747573693593345
0 0.7755516171455383 0.5907869935035706 0.02531068027019501 0.033747573693593345
0 0.6859098672866821 0.5925959348678589 0.02531068027019501 0.033747573693593345
0 0.596781313419342 0.5943945050239563 0.02531068027019501 0.033747573693593345
0 0.5081616044044495 0.5961828231811523 0.02531068027019501 0.033747573693593345
0 0.42004629969596863 0.5979609489440918 0.02531068027019501 0.033747573693593345
0 0.33243122696876526 0.5997290015220642 0.02531068027019501 0.033747573693593345
0 0.24531204998493195 0.6014870405197144 0.02531068027019501 0.033747573693593345
0 0.7948979735374451 0.7048277258872986 0.02531068027019501 0.033747573693593345
0 0.6990865468978882 0.7064102292060852 0.02531068027019501 0.033747573693593345
0 0.6038609147071838 0.707983136177063 0.02531068027019501 0.033747573693593345
0 0.509215772151947 0.7095463871955872 0.02531068027019501 0.033747573693593345
0 0.41514575481414795 0.711100161075592 0.02531068027019501 0.033747573693593345
0 0.32164570689201355 0.7126445174217224 0.02531068027019501 0.033747573693593345
0 0.22871039807796478 0.7141795754432678 0.02531068027019501 0.033747573693593345