0 0.6943936347961426 0.15674687922000885 0.024992499500513077 0.03332333266735077
0 0.6263158321380615 0.1581072062253952 0.024992499500513077 0.03332333266735077
0 0.558093249797821 0.15947042405605316 0.024992499500513077 0.03332333266735077
0 0.48972538113594055 0.16083654761314392 0.024992499500513077 0.03332333266735077
0 0.421211838722229 0.16220557689666748 0.024992499500513077 0.03332333266735077
0 0.3525521159172058 0.16357752680778503 0.024992499500513077 0.03332333266735077
0 0.28374573588371277 0.16495241224765778 0.024992499500513077 0.03332333266735077
0 0.7047010660171509 0.22205650806427002 0.024992499500513077 0.03332333266735077
0 0.6334326267242432 0.22355344891548157 0.024992499500513077 0.03332333266735077
0 0.5620055198669434 0.22505372762680054 0.024992499500513077 0.03332333266735077
0 0.4904191493988037 0.22655735909938812 0.024992499500513077 0.03332333266735077
0 0.41867300868034363 0.22806434333324432 0.024992499500513077 0.03332333266735077
0 0.3467665910720825 0.22957469522953033 0.024992499500513077 0.03332333266735077
0 0.27469930052757263 0.23108841478824615 0.024992499500513077 0.03332333266735077
0 0.7160247564315796 0.2938055992126465 0.024992499500513077 0.03332333266735077
0 0.6412519812583923 0.29546016454696655 0.024992499500513077 0.03332333266735077
0 0.5663044452667236 0.297118604183197 0.024992499500513077 0.03332333266735077
0 0.49118155241012573 0.2987809181213379 0.024992499500513077 0.03332333266735077
0 0.4158827066421509 0.30044713616371155 0.024992499500513077 0.03332333266735077
0 0.34040725231170654 0.3021172285079956 0.024992499500513077 0.03332333266735077
0 0.26475462317466736 0.3037912845611572 0.024992499500513077 0.03332333266735077
0 0.7285228371620178 0.37299588322639465 0.024992499500513077 0.03332333266735077
0 0.6498832702636719 0.3748335838317871 0.024992499500513077 0.03332333266735077
0 0.5710502862930298 0.3766758143901825 0.024992499500513077 0.03332333266735077
0 0.4920233190059662 0.3785225450992584 0.024992499500513077 0.03332333266735077
0 0.4128015637397766 0.38037383556365967 0.024992499500513077 0.03332333266735077
0 0.33338433504104614 0.3822297155857086 0.024992499500513077 0.03332333266735077
0 0.2537709176540375 0.3840901851654053 0.024992499500513077 0.03332333266735077
0 0.7423880696296692 0.460848331451416 0.024992499500513077 0.03332333266735077
0 0.6594598889350891 0.46290042996406555 0.024992499500513077 0.03332333266735077
0 0.5763166546821594 0.4649578630924225 0.024992499500513077 0.03332333266735077
0 0.4929575026035309 0.4670206308364868 0.024992499500513077 0.03332333266735077
0 0.4093816578388214 0.46908873319625854 0.024992499500513077 0.03332333266735077
0 0.3255882263183594 0.47116225957870483 0.024992499500513077 0.03332333266735077
0 0.24157637357711792 0.4732411503791809 0.024992499500513077 0.03332333266735077
0 0.757857620716095 0.5588664412498474 0.024992499500513077 0.03332333266735077
0 0.6701461672782898 0.5611717104911804 0.024992499500513077 0.03332333266735077
0 0.5821940302848816 0.5634832978248596 0.024992499500513077 0.03332333266735077
0 0.49400025606155396 0.565801203250885 0.024992499500513077 0.03332333266735077
0 0.4055638611316681 0.5681255459785461 0.024992499500513077 0.03332333266735077
0 0.31688380241394043 0.5704562664031982 0.024992499500513077 0.03332333266735077
0 0.22795909643173218 0.5727934241294861 0.024992499500513077 0.03332333266735077
0 0.7752271890640259 0.6689229011535645 0.024992499500513077 0.03332333266735077
0 0.6821468472480774 0.67153000831604 0.024992499500513077 0.03332333266735077
0 0.5887953639030457 0.6741446852684021 0.024992499500513077 0.03332333266735077
0 0.4951716363430023 0.6767669916152954 0.024992499500513077 0.03332333266735077
0 0.4012744128704071 0.67939692735672 0.024992499500513077 0.03332333266735077
0 0.3071024715900421 0.6820346117019653 0.024992499500513077 0.03332333266735077
0 0.21265466511249542 0.6846799850463867 0.024992499500513077 0.03332333266735077