0 0.3310765326023102 0.23006609082221985 0.012481929268687965 0.022190096477667492
0 0.3271273076534271 0.283114492893219 0.012481929268687965 0.022190096477667492
0 0.32287347316741943 0.3402549624443054 0.012481929268687965 0.022190096477667492
0 0.31827831268310547 0.4019799828529358 0.012481929268687965 0.022190096477667492
0 0.3132990896701813 0.4688643217086792 0.012481929268687965 0.022190096477667492
0 0.3078854978084564 0.5415831208229065 0.012481929268687965 0.022190096477667492
0 0.30197814106941223 0.6209345459938049 0.012481929268687965 0.022190096477667492
0 0.375870943069458 0.22989819943904877 0.012481929268687965 0.022190096477667492
0 0.3735933005809784 0.2827533781528473 0.012481929268687965 0.022190096477667492
0 0.37114059925079346 0.3396707773208618 0.012481929268687965 0.022190096477667492
0 0.36849188804626465 0.40113744139671326 0.012481929268687965 0.022190096477667492
0 0.3656226396560669 0.46772146224975586 0.012481929268687965 0.022190096477667492
0 0.36250415444374084 0.5400896668434143 0.012481929268687965 0.022190096477667492
0 0.3591024577617645 0.6190300583839417 0.012481929268687965 0.022190096477667492
0 0.42036178708076477 0.2297314554452896 0.012481929268687965 0.022190096477667492
0 0.4197327792644501 0.28239479660987854 0.012481929268687965 0.022190096477667492
0 0.41905561089515686 0.33909085392951965 0.012481929268687965 0.022190096477667492
0 0.4183245301246643 0.4003013074398041 0.012481929268687965 0.022190096477667492
0 0.4175328314304352 0.466587632894516 0.012481929268687965 0.022190096477667492
0 0.41667264699935913 0.5386086106300354 0.012481929268687965 0.022190096477667492
0 0.4157346487045288 0.6171419620513916 0.012481929268687965 0.022190096477667492
0 0.4645521640777588 0.2295658439397812 0.012481929268687965 0.022190096477667492
0 0.4655492305755615 0.28203871846199036 0.012481929268687965 0.022190096477667492
0 0.46662235260009766 0.33851516246795654 0.012481929268687965 0.022190096477667492
0 0.46778061985969543 0.3994714617729187 0.012481929268687965 0.022190096477667492
0 0.4690345227718353 0.46546274423599243 0.012481929268687965 0.022190096477667492
0 0.470396488904953 0.5371396541595459 0.012481929268687965 0.022190096477667492
0 0.47188109159469604 0.6152700781822205 0.012481929268687965 0.022190096477667492
0 0.5084450840950012 0.2294013500213623 0.012481929268687965 0.022190096477667492
0 0.5110459923744202 0.28168514370918274 0.012481929268687965 0.022190096477667492
0 0.5138446092605591 0.3379436135292053 0.012481929268687965 0.022190096477667492
0 0.5168643593788147 0.39864790439605713 0.012481929268687965 0.022190096477667492
0 0.5201325416564941 0.46434664726257324 0.012481929268687965 0.022190096477667492
0 0.5236811637878418 0.5356826782226562 0.012481929268687965 0.022190096477667492
0 0.5275479555130005 0.6134141683578491 0.012481929268687965 0.022190096477667492
0 0.552043616771698 0.22923794388771057 0.012481929268687965 0.022190096477667492
0 0.5562264323234558 0.2813340127468109 0.012481929268687965 0.022190096477667492
0 0.5607260465621948 0.337376207113266 0.012481929268687965 0.022190096477667492
0 0.5655799508094788 0.3978304862976074 0.012481929268687965 0.022190096477667492
0 0.5708315968513489 0.46323925256729126 0.012481929268687965 0.022190096477667492
0 0.5765320658683777 0.5342376232147217 0.012481929268687965 0.022190096477667492
0 0.5827414393424988 0.6115740537643433 0.012481929268687965 0.022190096477667492
0 0.5953506231307983 0.22907564043998718 0.012481929268687965 0.022190096477667492
0 0.6010937690734863 0.2809853255748749 0.012481929268687965 0.022190096477667492
0 0.6072704195976257 0.3368128836154938 0.012481929268687965 0.022190096477667492
0 0.6139314770698547 0.3970192074775696 0.012481929268687965 0.022190096477667492
0 0.6211363673210144 0.4621405005455017 0.012481929268687965 0.022190096477667492
0 0.6289544105529785 0.5328042507171631 0.012481929268687965 0.022190096477667492
0 0.6374674439430237 0.6097494959831238 0.012481929268687965 0.022190096477667492