0 0.23507773876190186 0.6598042249679565 0.03333371877670288 0.03333371877670288
0 0.33247584104537964 0.6604316830635071 0.03333371877670288 0.03333371877670288
0 0.4295593202114105 0.66105717420578 0.03333371877670288 0.03333371877670288
0 0.5263296961784363 0.6616806387901306 0.03333371877670288 0.03333371877670288
0 0.6227884292602539 0.6623020768165588 0.03333371877670288 0.03333371877670288
0 0.71893709897995 0.6629214882850647 0.03333371877670288 0.03333371877670288
0 0.8147771954536438 0.663538932800293 0.03333371877670288 0.03333371877670288
0 0.2451930046081543 0.5678934454917908 0.03333371877670288 0.03333371877670288
0 0.33938050270080566 0.5686441659927368 0.03333371877670288 0.03333371877670288
0 0.43327367305755615 0.5693925619125366 0.03333371877670288 0.03333371877670288
0 0.5268739461898804 0.5701385736465454 0.03333371877670288 0.03333371877670288
0 0.6201826333999634 0.5708823204040527 0.03333371877670288 0.03333371877670288
0 0.7132011651992798 0.5716237425804138 0.03333371877670288 0.03333371877670288
0 0.8059308528900146 0.5723628401756287 0.03333371877670288 0.03333371877670288
0 0.2546647787094116 0.4818296432495117 0.03333371877670288 0.03333371877670288
0 0.345846563577652 0.4826869070529938 0.03333371877670288 0.03333371877670288
0 0.43675246834754944 0.4835415780544281 0.03333371877670288 0.03333371877670288
0 0.5273837447166443 0.4843936860561371 0.03333371877670288 0.03333371877670288
0 0.6177416443824768 0.48524320125579834 0.03333371877670288 0.03333371877670288
0 0.7078273892402649 0.48609018325805664 0.03333371877670288 0.03333371877670288
0 0.7976422309875488 0.4869346022605896 0.03333371877670288 0.03333371877670288
0 0.26355257630348206 0.40107205510139465 0.03333371877670288 0.03333371877670288
0 0.35191455483436584 0.40202152729034424 0.03333371877670288 0.03333371877670288
0 0.44001737236976624 0.4029681980609894 0.03333371877670288 0.03333371877670288
0 0.5278622508049011 0.40391212701797485 0.03333371877670288 0.03333371877670288
0 0.6154502630233765 0.40485328435897827 0.03333371877670288 0.03333371877670288
0 0.7027825117111206 0.40579167008399963 0.03333371877670288 0.03333371877670288
0 0.789860188961029 0.4067273437976837 0.03333371877670288 0.03333371877670288
0 0.27190878987312317 0.3251446485519409 0.03333371877670288 0.03333371877670288
0 0.35762012004852295 0.32617393136024475 0.03333371877670288 0.03333371877670288
0 0.4430875778198242 0.3272002637386322 0.03333371877670288 0.03333371877670288
0 0.5283122658729553 0.32822370529174805 0.03333371877670288 0.03333371877670288
0 0.6132951378822327 0.3292442262172699 0.03333371877670288 0.03333371877670288
0 0.6980372667312622 0.33026188611984253 0.03333371877670288 0.03333371877670288
0 0.7825396060943604 0.33127665519714355 0.03333371877670288 0.03333371877670288
0 0.27977970242500305 0.25362664461135864 0.03333371877670288 0.03333371877670288
0 0.3629947900772095 0.25472500920295715 0.03333371877670288 0.03333371877670288
0 0.4459799826145172 0.2558203339576721 0.03333371877670288 0.03333371877670288
0 0.5287362337112427 0.2569126486778259 0.03333371877670288 0.03333371877670288
0 0.6112644672393799 0.2580019235610962 0.03333371877670288 0.03333371877670288
0 0.6935656666755676 0.2590882182121277 0.03333371877670288 0.03333371877670288
0 0.7756407260894775 0.2601715326309204 0.03333371877670288 0.03333371877670288
0 0.2872064411640167 0.18614479899406433 0.03333371877670288 0.03333371877670288
0 0.36806657910346985 0.18730291724205017 0.03333371877670288 0.03333371877670288
0 0.4487095773220062 0.1884579360485077 0.03333371877670288 0.03333371877670288
0 0.5291363596916199 0.1896098405122757 0.03333371877670288 0.03333371877670288
0 0.6093477606773376 0.19075867533683777 0.03333371877670288 0.03333371877670288
0 0.6893447041511536 0.1919044405221939 0.03333371877670288 0.03333371877670288
0 0.7691279649734497 0.19304713606834412 0.03333371877670288 0.03333371877670288