0 0.2795899212360382 0.238397017121315 0.035672264794508614 0.035672264794508614
0 0.3570365309715271 0.24064673483371735 0.035672264794508614 0.035672264794508614
0 0.43448710441589355 0.24289657175540924 0.035672264794508614 0.035672264794508614
0 0.5119416117668152 0.24514652788639069 0.035672264794508614 0.035672264794508614
0 0.5894001126289368 0.2473965883255005 0.035672264794508614 0.035672264794508614
0 0.6668624877929688 0.24964676797389984 0.035672264794508614 0.035672264794508614
0 0.7443287968635559 0.25189706683158875 0.035672264794508614 0.035672264794508614
0 0.2705242931842804 0.2921704947948456 0.035672264794508614 0.035672264794508614
0 0.35114842653274536 0.2945139706134796 0.035672264794508614 0.035672264794508614
0 0.4317767918109894 0.2968575358390808 0.035672264794508614 0.035672264794508614
0 0.5124094486236572 0.29920125007629395 0.035672264794508614 0.035672264794508614
0 0.5930463671684265 0.30154505372047424 0.035672264794508614 0.035672264794508614
0 0.6736875772476196 0.3038890063762665 0.035672264794508614 0.035672264794508614
0 0.7543330192565918 0.30623307824134827 0.035672264794508614 0.035672264794508614
0 0.26068294048309326 0.3505454361438751 0.035672264794508614 0.035672264794508614
0 0.34475642442703247 0.3529907763004303 0.035672264794508614 0.035672264794508614
0 0.42883455753326416 0.355436235666275 0.035672264794508614 0.035672264794508614
0 0.5129173398017883 0.3578818440437317 0.035672264794508614 0.035672264794508614
0 0.5970047116279602 0.3603275716304779 0.035672264794508614 0.035672264794508614
0 0.6810967922210693 0.36277344822883606 0.035672264794508614 0.035672264794508614
0 0.765193521976471 0.36521947383880615 0.035672264794508614 0.035672264794508614
0 0.24996182322502136 0.4141388535499573 0.035672264794508614 0.035672264794508614
0 0.3377930223941803 0.41669532656669617 0.035672264794508614 0.035672264794508614
0 0.42562928795814514 0.419251948595047 0.035672264794508614 0.035672264794508614
0 0.5134705901145935 0.42180871963500977 0.035672264794508614 0.035672264794508614
0 0.6013169884681702 0.4243656396865845 0.035672264794508614 0.035672264794508614
0 0.6891684532165527 0.42692267894744873 0.035672264794508614 0.035672264794508614
0 0.7770249843597412 0.4294798970222473 0.035672264794508614 0.035672264794508614
0 0.2382374256849289 0.4836832582950592 0.035672264794508614 0.035672264794508614
0 0.3301779627799988 0.48636144399642944 0.035672264794508614 0.035672264794508614
0 0.4221240282058716 0.4890397787094116 0.035672264794508614 0.035672264794508614
0 0.5140756368637085 0.4917183220386505 0.035672264794508614 0.035672264794508614
0 0.6060328483581543 0.49439698457717896 0.035672264794508614 0.035672264794508614
0 0.6979956030845642 0.4970758259296417 0.035672264794508614 0.035672264794508614
0 0.7899638414382935 0.49975481629371643 0.035672264794508614 0.035672264794508614
0 0.22536201775074005 0.5600549578666687 0.035672264794508614 0.035672264794508614
0 0.32181528210639954 0.5628670454025269 0.035672264794508614 0.035672264794508614
0 0.4182746410369873 0.5656793117523193 0.035672264794508614 0.035672264794508614
0 0.5147401094436646 0.5684916973114014 0.035672264794508614 0.035672264794508614
0 0.6112117171287537 0.5713043212890625 0.035672264794508614 0.035672264794508614
0 0.7076894044876099 0.574117124080658 0.035672264794508614 0.035672264794508614
0 0.8041732311248779 0.5769301056861877 0.035672264794508614 0.035672264794508614
0 0.21115736663341522 0.644311249256134 0.035672264794508614 0.035672264794508614
0 0.31258919835090637 0.6472713351249695 0.035672264794508614 0.035672264794508614
0 0.4140278100967407 0.6502315402030945 0.035672264794508614 0.035672264794508614
0 0.5154731869697571 0.6531919836997986 0.035672264794508614 0.035672264794508614
0 0.6169252991676331 0.656152606010437 0.035672264794508614 0.035672264794508614
0 0.7183842062950134 0.6591134667396545 0.035672264794508614 0.035672264794508614
0 0.8198498487472534 0.6620745062828064 0.035672264794508614 0.035672264794508614