0 0.30356985330581665 0.3779216706752777 0.019798455759882927 0.026397941013177235
0 0.2980228364467621 0.4409860074520111 0.019798455759882927 0.026397941013177235
0 0.2921491861343384 0.5077638626098633 0.019798455759882927 0.026397941013177235
0 0.285919189453125 0.5785931944847107 0.019798455759882927 0.026397941013177235
0 0.27929937839508057 0.653854250907898 0.019798455759882927 0.026397941013177235
0 0.27225199341773987 0.7339763045310974 0.019798455759882927 0.026397941013177235
0 0.2647342383861542 0.8194462060928345 0.019798455759882927 0.026397941013177235
0 0.3673548996448517 0.37890806794166565 0.019798455759882927 0.026397941013177235
0 0.36363229155540466 0.4419983923435211 0.019798455759882927 0.026397941013177235
0 0.35969048738479614 0.50880366563797 0.019798455759882927 0.026397941013177235
0 0.35550951957702637 0.5796619057655334 0.019798455759882927 0.026397941013177235
0 0.3510669767856598 0.6549534797668457 0.019798455759882927 0.026397941013177235
0 0.3463374972343445 0.7351078987121582 0.019798455759882927 0.026397941013177235
0 0.3412923514842987 0.8206120133399963 0.019798455759882927 0.026397941013177235
0 0.4311355948448181 0.3798944056034088 0.019798455759882927 0.026397941013177235
0 0.42923712730407715 0.44301071763038635 0.019798455759882927 0.026397941013177235
0 0.42722687125205994 0.5098433494567871 0.019798455759882927 0.026397941013177235
0 0.4250946640968323 0.5807304978370667 0.019798455759882927 0.026397941013177235
0 0.4228290319442749 0.6560525894165039 0.019798455759882927 0.026397941013177235
0 0.42041710019111633 0.7362393140792847 0.019798455759882927 0.026397941013177235
0 0.4178442060947418 0.8217777013778687 0.019798455759882927 0.026397941013177235
0 0.49491193890571594 0.3808806538581848 0.019798455759882927 0.026397941013177235
0 0.49483737349510193 0.4440229833126068 0.019798455759882927 0.026397941013177235
0 0.49475839734077454 0.5108829736709595 0.019798455759882927 0.026397941013177235
0 0.4946746230125427 0.5817990303039551 0.019798455759882927 0.026397941013177235
0 0.4945856034755707 0.6571516394615173 0.019798455759882927 0.026397941013177235
0 0.4944908618927002 0.7373707294464111 0.019798455759882927 0.026397941013177235
0 0.49438977241516113 0.8229433298110962 0.019798455759882927 0.026397941013177235
0 0.5586839318275452 0.38186684250831604 0.019798455759882927 0.026397941013177235
0 0.5604329705238342 0.4450351595878601 0.019798455759882927 0.026397941013177235
0 0.5622850060462952 0.5119225382804871 0.019798455759882927 0.026397941013177235
0 0.5642493963241577 0.582867443561554 0.019798455759882927 0.026397941013177235
0 0.5663366317749023 0.658250629901886 0.019798455759882927 0.026397941013177235
0 0.5685586929321289 0.7385019659996033 0.019798455759882927 0.026397941013177235
0 0.5709290504455566 0.8241088390350342 0.019798455759882927 0.026397941013177235
0 0.6224515438079834 0.3828529715538025 0.019798455759882927 0.026397941013177235
0 0.6260240077972412 0.44604727625846863 0.019798455759882927 0.026397941013177235
0 0.6298067569732666 0.5129620432853699 0.019798455759882927 0.026397941013177235
0 0.6338189840316772 0.5839358568191528 0.019798455759882927 0.026397941013177235
0 0.6380822062492371 0.6593495011329651 0.019798455759882927 0.026397941013177235
0 0.6426206827163696 0.7396331429481506 0.019798455759882927 0.026397941013177235
0 0.6474620699882507 0.8252742290496826 0.019798455759882927 0.026397941013177235
0 0.686214804649353 0.38383904099464417 0.019798455759882927 0.026397941013177235
0 0.6916103959083557 0.44705930352211 0.019798455759882927 0.026397941013177235
0 0.6973236203193665 0.5140014290809631 0.019798455759882927 0.026397941013177235
0 0.7033833861351013 0.5850041508674622 0.019798455759882927 0.026397941013177235
0 0.7098221778869629 0.6604483127593994 0.019798455759882927 0.026397941013177235
0 0.7166768312454224 0.7407642602920532 0.019798455759882927 0.026397941013177235
0 0.7239888310432434 0.8264395594596863 0.019798455759882927 0.026397941013177235