0 0.2775336802005768 0.27336353063583374 0.03592824190855026 0.03592824190855026
0 0.2681461572647095 0.33324578404426575 0.03592824190855026 0.03592824190855026
0 0.2579965889453888 0.3979889750480652 0.03592824190855026 0.03592824190855026
0 0.24698829650878906 0.46821004152297974 0.03592824190855026 0.03592824190855026
0 0.23500746488571167 0.5446348786354065 0.03592824190855026 0.03592824190855026
0 0.2219192385673523 0.6281235814094543 0.03592824190855026 0.03592824190855026
0 0.2075626701116562 0.719702959060669 0.03592824190855026 0.03592824190855026
0 0.3570542633533478 0.27361565828323364 0.03592824190855026 0.03592824190855026
0 0.35076919198036194 0.3334999978542328 0.03592824190855026 0.03592824190855026
0 0.3439739942550659 0.39824482798576355 0.03592824190855026 0.03592824190855026
0 0.33660396933555603 0.4684668481349945 0.03592824190855026 0.03592824190855026
0 0.32858291268348694 0.5448918342590332 0.03592824190855026 0.03592824190855026
0 0.3198205828666687 0.6283796429634094 0.03592824190855026 0.03592824190855026
0 0.3102092742919922 0.7199567556381226 0.03592824190855026 0.03592824190855026
0 0.43655505776405334 0.2738676965236664 0.03592824190855026 0.03592824190855026
0 0.4333708882331848 0.33375415205955505 0.03592824190855026 0.03592824190855026
0 0.4299283027648926 0.39850059151649475 0.03592824190855026 0.03592824190855026
0 0.42619454860687256 0.4687235951423645 0.03592824190855026 0.03592824190855026
0 0.4221310019493103 0.5451487302780151 0.03592824190855026 0.03592824190855026
0 0.4176919758319855 0.6286356449127197 0.03592824190855026 0.03592824190855026
0 0.4128229320049286 0.7202104926109314 0.03592824190855026 0.03592824190855026
0 0.5160360932350159 0.27411970496177673 0.03592824190855026 0.03592824190855026
0 0.5159512758255005 0.33400824666023254 0.03592824190855026 0.03592824190855026
0 0.5158595442771912 0.3987562656402588 0.03592824190855026 0.03592824190855026
0 0.5157600045204163 0.4689802825450897 0.03592824190855026 0.03592824190855026
0 0.5156517028808594 0.5454055666923523 0.03592824190855026 0.03592824190855026
0 0.515533447265625 0.6288915872573853 0.03592824190855026 0.03592824190855026
0 0.515403687953949 0.7204641103744507 0.03592824190855026 0.03592824190855026
0 0.5954974293708801 0.2743716239929199 0.03592824190855026 0.03592824190855026
0 0.5985103249549866 0.33426225185394287 0.03592824190855026 0.03592824190855026
0 0.6017676591873169 0.39901190996170044 0.03592824190855026 0.03592824190855026
0 0.6053004264831543 0.4692368805408478 0.03592824190855026 0.03592824190855026
0 0.6091451048851013 0.5456623435020447 0.03592824190855026 0.03592824190855026
0 0.6133449673652649 0.6291474103927612 0.03592824190855026 0.03592824190855026
0 0.617951512336731 0.7207176685333252 0.03592824190855026 0.03592824190855026
0 0.674938976764679 0.27462348341941833 0.03592824190855026 0.03592824190855026
0 0.6810480356216431 0.3345162272453308 0.03592824190855026 0.03592824190855026
0 0.6876527070999146 0.3992674648761749 0.03592824190855026 0.03592824190855026
0 0.6948157548904419 0.46949341893196106 0.03592824190855026 0.03592824190855026
0 0.7026111483573914 0.5459190011024475 0.03592824190855026 0.03592824190855026
0 0.7111265659332275 0.6294031739234924 0.03592824190855026 0.03592824190855026
0 0.7204664945602417 0.7209711670875549 0.03592824190855026 0.03592824190855026
0 0.7543607950210571 0.274875283241272 0.03592824190855026 0.03592824190855026
0 0.7635644674301147 0.3347701132297516 0.03592824190855026 0.03592824190855026
0 0.7735146880149841 0.39952296018600464 0.03592824190855026 0.03592824190855026
0 0.784305989742279 0.4697498679161072 0.03592824190855026 0.03592824190855026
0 0.7960498929023743 0.5461756587028503 0.03592824190855026 0.03592824190855026
0 0.8088782429695129 0.6296588778495789 0.03592824190855026 0.03592824190855026
0 0.8229486346244812 0.7212245464324951 0.03592824190855026 0.03592824190855026