0 0.6501134037971497 0.24382035434246063 0.015076818410307169 0.026803232729434967
0 0.5995378494262695 0.24306680262088776 0.015076818410307169 0.026803232729434967
0 0.5488817691802979 0.24231204390525818 0.015076818410307169 0.026803232729434967
0 0.4981450140476227 0.2415560781955719 0.015076818410307169 0.026803232729434967
0 0.4473273754119873 0.2407989203929901 0.015076818410307169 0.026803232729434967
0 0.396428644657135 0.24004054069519043 0.015076818410307169 0.026803232729434967
0 0.34544864296913147 0.23928096890449524 0.015076818410307169 0.026803232729434967
0 0.6546428799629211 0.30884164571762085 0.015076818410307169 0.026803232729434967
0 0.602311372756958 0.3081153631210327 0.015076818410307169 0.026803232729434967
0 0.5498936772346497 0.30738791823387146 0.015076818410307169 0.026803232729434967
0 0.4973895847797394 0.3066592514514923 0.015076818410307169 0.026803232729434967
0 0.44479885697364807 0.30592936277389526 0.015076818410307169 0.026803232729434967
0 0.392121285200119 0.3051983118057251 0.015076818410307169 0.026803232729434967
0 0.3393566608428955 0.30446600914001465 0.015076818410307169 0.026803232729434967
0 0.6594986319541931 0.3785465657711029 0.015076818410307169 0.026803232729434967
0 0.6052848696708679 0.37785354256629944 0.015076818410307169 0.026803232729434967
0 0.5509786009788513 0.37715932726860046 0.015076818410307169 0.026803232729434967
0 0.4965795874595642 0.37646394968032837 0.015076818410307169 0.026803232729434967
0 0.4420875906944275 0.37576737999916077 0.015076818410307169 0.026803232729434967
0 0.3875023126602173 0.37506961822509766 0.015076818410307169 0.026803232729434967
0 0.33282360434532166 0.37437063455581665 0.015076818410307169 0.026803232729434967
0 0.6647171974182129 0.45346009731292725 0.015076818410307169 0.026803232729434967
0 0.6084807515144348 0.4528074264526367 0.015076818410307169 0.026803232729434967
0 0.5521447658538818 0.45215359330177307 0.015076818410307169 0.026803232729434967
0 0.4957089126110077 0.4514985978603363 0.015076818410307169 0.026803232729434967
0 0.43917298316955566 0.4508424401283264 0.015076818410307169 0.026803232729434967
0 0.3825366795063019 0.4501851201057434 0.015076818410307169 0.026803232729434967
0 0.32579976320266724 0.4495266377925873 0.015076818410307169 0.026803232729434967
0 0.670340895652771 0.5341886878013611 0.015076818410307169 0.026803232729434967
0 0.611924946308136 0.5335848331451416 0.015076818410307169 0.026803232729434967
0 0.5534015893936157 0.5329798460006714 0.015076818410307169 0.026803232729434967
0 0.49477046728134155 0.5323737859725952 0.015076818410307169 0.026803232729434967
0 0.436031311750412 0.5317665934562683 0.015076818410307169 0.026803232729434967
0 0.37718382477760315 0.5311582684516907 0.015076818410307169 0.026803232729434967
0 0.3182276785373688 0.5305488109588623 0.015076818410307169 0.026803232729434967
0 0.6764187216758728 0.6214368343353271 0.015076818410307169 0.026803232729434967
0 0.615647554397583 0.6208919286727905 0.015076818410307169 0.026803232729434967
0 0.5547600984573364 0.6203460693359375 0.015076818410307169 0.026803232729434967
0 0.4937559962272644 0.6197990775108337 0.015076818410307169 0.026803232729434967
0 0.43263494968414307 0.6192510724067688 0.015076818410307169 0.026803232729434967
0 0.37139660120010376 0.6187020540237427 0.015076818410307169 0.026803232729434967
0 0.31004059314727783 0.6181519627571106 0.015076818410307169 0.026803232729434967
0 0.6830080151557922 0.7160273790359497 0.015076818410307169 0.026803232729434967
0 0.6196837425231934 0.7155538201332092 0.015076818410307169 0.026803232729434967
0 0.5562331676483154 0.7150793075561523 0.015076818410307169 0.026803232729434967
0 0.4926559329032898 0.714603841304779 0.015076818410307169 0.026803232729434967
0 0.428951621055603 0.7141274213790894 0.015076818410307169 0.026803232729434967
0 0.36511990427970886 0.7136500477790833 0.015076818410307169 0.026803232729434967
0 0.3011603355407715 0.7131717205047607 0.015076818410307169 0.026803232729434967