0 0.7492792010307312 0.19706861674785614 0.03405373295148214 0.03405373295148214
0 0.671838104724884 0.1971624195575714 0.03405373295148214 0.03405373295148214
0 0.5929887890815735 0.19725793600082397 0.03405373295148214 0.03405373295148214
0 0.5126926302909851 0.1973552107810974 0.03405373295148214 0.03405373295148214
0 0.43090927600860596 0.1974542886018753 0.03405373295148214 0.03405373295148214
0 0.3475970923900604 0.19755521416664124 0.03405373295148214 0.03405373295148214
0 0.26271283626556396 0.19765804708003998 0.03405373295148214 0.03405373295148214
0 0.763822078704834 0.2637419104576111 0.03405373295148214 0.03405373295148214
0 0.6841747760772705 0.26445743441581726 0.03405373295148214 0.03405373295148214
0 0.6030349731445312 0.2651863694190979 0.03405373295148214 0.03405373295148214
0 0.5203602910041809 0.26592910289764404 0.03405373295148214 0.03405373295148214
0 0.4361068904399872 0.26668602228164673 0.03405373295148214 0.03405373295148214
0 0.35022902488708496 0.267457515001297 0.03405373295148214 0.03405373295148214
0 0.26267924904823303 0.26824405789375305 0.03405373295148214 0.03405373295148214
0 0.7792630791664124 0.33453279733657837 0.03405373295148214 0.03405373295148214
0 0.6972805857658386 0.33594822883605957 0.03405373295148214 0.03405373295148214
0 0.6137135028839111 0.3373910188674927 0.03405373295148214 0.03405373295148214
0 0.5285154581069946 0.33886194229125977 0.03405373295148214 0.03405373295148214
0 0.44163817167282104 0.34036189317703247 0.03405373295148214 0.03405373295148214
0 0.35303154587745667 0.34189167618751526 0.03405373295148214 0.03405373295148214
0 0.2626434564590454 0.34345221519470215 0.03405373295148214 0.03405373295148214
0 0.7956880927085876 0.4098348915576935 0.03405373295148214 0.03405373295148214
0 0.7112298607826233 0.4120398163795471 0.03405373295148214 0.03405373295148214
0 0.6250861287117004 0.4142887592315674 0.03405373295148214 0.03405373295148214
0 0.5372059941291809 0.41658303141593933 0.03405373295148214 0.03405373295148214
0 0.44753628969192505 0.4189240038394928 0.03405373295148214 0.03405373295148214
0 0.3560218811035156 0.42131316661834717 0.03405373295148214 0.03405373295148214
0 0.2626052498817444 0.42375198006629944 0.03405373295148214 0.03405373295148214
0 0.8131942749023438 0.4900935888290405 0.03405373295148214 0.03405373295148214
0 0.7261067032814026 0.493191123008728 0.03405373295148214 0.03405373295148214
0 0.6372228264808655 0.49635255336761475 0.03405373295148214 0.03405373295148214
0 0.5464864373207092 0.49957987666130066 0.03405373295148214 0.03405373295148214
0 0.453838974237442 0.5028751492500305 0.03405373295148214 0.03405373295148214
0 0.3592195212841034 0.5062406063079834 0.03405373295148214 0.03405373295148214
0 0.26256436109542847 0.5096784234046936 0.03405373295148214 0.03405373295148214
0 0.8318919539451599 0.575814962387085 0.03405373295148214 0.03405373295148214
0 0.742006778717041 0.5799241662025452 0.03405373295148214 0.03405373295148214
0 0.6502031683921814 0.5841211080551147 0.03405373295148214 0.03405373295148214
0 0.5564189553260803 0.5884085893630981 0.03405373295148214 0.03405373295148214
0 0.46058937907218933 0.5927895307540894 0.03405373295148214 0.03405373295148214
0 0.36264678835868835 0.5972670912742615 0.03405373295148214 0.03405373295148214
0 0.2625204920768738 0.6018444895744324 0.03405373295148214 0.03405373295148214
0 0.8519070744514465 0.6675763130187988 0.03405373295148214 0.03405373295148214
0 0.7590394616127014 0.6728353500366211 0.03405373295148214 0.03405373295148214
0 0.6641183495521545 0.6782106161117554 0.03405373295148214 0.03405373295148214
0 0.5670748353004456 0.6837061047554016 0.03405373295148214 0.03405373295148214
0 0.4678369164466858 0.6893258690834045 0.03405373295148214 0.03405373295148214
0 0.3663293421268463 0.6950741410255432 0.03405373295148214 0.03405373295148214
0 0.26247331500053406 0.7009554505348206 0.03405373295148214 0.03405373295148214