0 0.7057651877403259 0.18599940836429596 0.024471780285239223 0.03262904038031896
0 0.6392101049423218 0.18706730008125305 0.024471780285239223 0.03262904038031896
0 0.5725924968719482 0.18813620507717133 0.024471780285239223 0.03262904038031896
0 0.5059123039245605 0.1892061084508896 0.024471780285239223 0.03262904038031896
0 0.43916940689086914 0.19027701020240784 0.024471780285239223 0.03262904038031896
0 0.37236371636390686 0.19134894013404846 0.024471780285239223 0.03262904038031896
0 0.30549514293670654 0.19242186844348907 0.024471780285239223 0.03262904038031896
0 0.7171468138694763 0.24870911240577698 0.024471780285239223 0.03262904038031896
0 0.6474286317825317 0.24985869228839874 0.024471780285239223 0.03262904038031896
0 0.5776417851448059 0.25100940465927124 0.024471780285239223 0.03262904038031896
0 0.5077862739562988 0.2521612346172333 0.024471780285239223 0.03262904038031896
0 0.43786194920539856 0.25331422686576843 0.024471780285239223 0.03262904038031896
0 0.36786869168281555 0.2544683516025543 0.024471780285239223 0.03262904038031896
0 0.29780641198158264 0.25562360882759094 0.024471780285239223 0.03262904038031896
0 0.7296658158302307 0.3176853656768799 0.024471780285239223 0.03262904038031896
0 0.6564688086509705 0.3189280331134796 0.024471780285239223 0.03262904038031896
0 0.583196222782135 0.320171982049942 0.024471780285239223 0.03262904038031896
0 0.5098478198051453 0.3214172124862671 0.024471780285239223 0.03262904038031896
0 0.43642356991767883 0.3226637542247772 0.024471780285239223 0.03262904038031896
0 0.3629233241081238 0.32391157746315 0.024471780285239223 0.03262904038031896
0 0.28934696316719055 0.3251606822013855 0.024471780285239223 0.03262904038031896
0 0.743501603603363 0.39391690492630005 0.024471780285239223 0.03262904038031896
0 0.6664604544639587 0.3952663838863373 0.024471780285239223 0.03262904038031896
0 0.5893354415893555 0.3966173529624939 0.024471780285239223 0.03262904038031896
0 0.5121265649795532 0.3979697823524475 0.024471780285239223 0.03262904038031896
0 0.4348335564136505 0.3993237018585205 0.024471780285239223 0.03262904038031896
0 0.3574563264846802 0.4006790816783905 0.024471780285239223 0.03262904038031896
0 0.27999478578567505 0.4020359516143799 0.024471780285239223 0.03262904038031896
0 0.7588735222816467 0.4786119759082794 0.024471780285239223 0.03262904038031896
0 0.6775619983673096 0.48008501529693604 0.024471780285239223 0.03262904038031896
0 0.5961570739746094 0.48155975341796875 0.024471780285239223 0.03262904038031896
0 0.5146586894989014 0.48303619027137756 0.024471780285239223 0.03262904038031896
0 0.43306660652160645 0.4845143258571625 0.024471780285239223 0.03262904038031896
0 0.3513806462287903 0.4859941601753235 0.024471780285239223 0.03262904038031896
0 0.2696007192134857 0.4874756932258606 0.024471780285239223 0.03262904038031896
0 0.7760524153709412 0.5732629299163818 0.024471780285239223 0.03262904038031896
0 0.6899693012237549 0.574880063533783 0.024471780285239223 0.03262904038031896
0 0.6037815809249878 0.5764992237091064 0.024471780285239223 0.03262904038031896
0 0.5174890160560608 0.5781203508377075 0.024471780285239223 0.03262904038031896
0 0.43109142780303955 0.5797434449195862 0.024471780285239223 0.03262904038031896
0 0.34458860754966736 0.5813685059547424 0.024471780285239223 0.03262904038031896
0 0.2579803466796875 0.5829955339431763 0.024471780285239223 0.03262904038031896
0 0.795376718044281 0.6797347664833069 0.024471780285239223 0.03262904038031896
0 0.703927218914032 0.6815217137336731 0.024471780285239223 0.03262904038031896
0 0.6123595833778381 0.6833109855651855 0.024471780285239223 0.03262904038031896
0 0.5206735730171204 0.6851025819778442 0.024471780285239223 0.03262904038031896
0 0.42886894941329956 0.6868965029716492 0.024471780285239223 0.03262904038031896
0 0.3369455337524414 0.6886926889419556 0.024471780285239223 0.03262904038031896
0 0.2449030727148056 0.690491259098053 0.024471780285239223 0.03262904038031896