0 0.6991780996322632 0.13063998520374298 0.02236362701902787 0.03344093759854635
0 0.6245545744895935 0.1292945295572281 0.02236362701902787 0.03344093759854635
0 0.5495442748069763 0.12794211506843567 0.02236362701902787 0.03344093759854635
0 0.4741441309452057 0.12658266723155975 0.02236362701902787 0.03344093759854635
0 0.3983512222766876 0.12521612644195557 0.02236362701902787 0.03344093759854635
0 0.322162389755249 0.12384246289730072 0.02236362701902787 0.03344093759854635
0 0.24557454884052277 0.12246160209178925 0.02236362701902787 0.03344093759854635
0 0.710014820098877 0.20803573727607727 0.02236362701902787 0.03344093759854635
0 0.6327061653137207 0.20684868097305298 0.02236362701902787 0.03344093759854635
0 0.5549821257591248 0.20565524697303772 0.02236362701902787 0.03344093759854635
0 0.47683951258659363 0.20445537567138672 0.02236362701902787 0.03344093759854635
0 0.39827483892440796 0.2032490372657776 0.02236362701902787 0.03344093759854635
0 0.31928467750549316 0.20203615725040436 0.02236362701902787 0.03344093759854635
0 0.23986560106277466 0.20081669092178345 0.02236362701902787 0.03344093759854635
0 0.7216672897338867 0.2912577986717224 0.02236362701902787 0.03344093759854635
0 0.6414730548858643 0.2902572751045227 0.02236362701902787 0.03344093759854635
0 0.5608317255973816 0.2892511785030365 0.02236362701902787 0.03344093759854635
0 0.4797394871711731 0.288239449262619 0.02236362701902787 0.03344093759854635
0 0.3981926441192627 0.2872220575809479 0.02236362701902787 0.03344093759854635
0 0.3161872923374176 0.2861989438533783 0.02236362701902787 0.03344093759854635
0 0.2337196171283722 0.2851700782775879 0.02236362701902787 0.03344093759854635
0 0.7342312932014465 0.38098976016044617 0.02236362701902787 0.03344093759854635
0 0.650927722454071 0.3802092373371124 0.02236362701902787 0.03344093759854635
0 0.5671414732933044 0.37942418456077576 0.02236362701902787 0.03344093759854635
0 0.4828682839870453 0.3786345422267914 0.02236362701902787 0.03344093759854635
0 0.3981039226055145 0.3778403401374817 0.02236362701902787 0.03344093759854635
0 0.31284409761428833 0.37704145908355713 0.02236362701902787 0.03344093759854635
0 0.22708441317081451 0.3762379288673401 0.02236362701902787 0.03344093759854635
0 0.747818112373352 0.4780265986919403 0.02236362701902787 0.03344093759854635
0 0.6611544489860535 0.47750598192214966 0.02236362701902787 0.03344093759854635
0 0.5739679932594299 0.4769822061061859 0.02236362701902787 0.03344093759854635
0 0.48625409603118896 0.4764552712440491 0.02236362701902787 0.03344093759854635
0 0.39800789952278137 0.47592514753341675 0.02236362701902787 0.03344093759854635
0 0.30922457575798035 0.47539180517196655 0.02236362701902787 0.03344093759854635
0 0.21989916265010834 0.4748551845550537 0.02236362701902787 0.03344093759854635
0 0.7625579237937927 0.5832981467247009 0.02236362701902787 0.03344093759854635
0 0.6722517013549805 0.5830854177474976 0.02236362701902787 0.03344093759854635
0 0.5813775062561035 0.5828712582588196 0.02236362701902787 0.03344093759854635
0 0.4899299740791321 0.5826558470726013 0.02236362701902787 0.03344093759854635
0 0.3979036509990692 0.5824390053749084 0.02236362701902787 0.03344093759854635
0 0.3052930235862732 0.5822207927703857 0.02236362701902787 0.03344093759854635
0 0.21209250390529633 0.5820012092590332 0.02236362701902787 0.03344093759854635
0 0.7786039710044861 0.6978991031646729 0.02236362701902787 0.03344093759854635
0 0.6843355894088745 0.6980521082878113 0.02236362701902787 0.03344093759854635
0 0.5894479155540466 0.6982061266899109 0.02236362701902787 0.03344093759854635
0 0.4939348101615906 0.6983610987663269 0.02236362701902787 0.03344093759854635
0 0.39779001474380493 0.6985171437263489 0.02236362701902787 0.03344093759854635
0 0.3010072708129883 0.698674201965332 0.02236362701902787 0.03344093759854635
0 0.20358020067214966 0.6988323330879211 0.02236362701902787 0.03344093759854635