0 0.7300422191619873 0.22743630409240723 0.033818754057089485 0.033818754057089485
0 0.6575407981872559 0.22799637913703918 0.033818754057089485 0.033818754057089485
0 0.5848401188850403 0.2285580039024353 0.033818754057089485 0.033818754057089485
0 0.5119392275810242 0.2291211634874344 0.033818754057089485 0.033818754057089485
0 0.4388374090194702 0.22968588769435883 0.033818754057089485 0.033818754057089485
0 0.3655337393283844 0.23025216162204742 0.033818754057089485 0.033818754057089485
0 0.29202747344970703 0.23082000017166138 0.033818754057089485 0.033818754057089485
0 0.7400091886520386 0.2774660587310791 0.033818754057089485 0.033818754057089485
0 0.664504885673523 0.2781209647655487 0.033818754057089485 0.033818754057089485
0 0.5887843370437622 0.2787777781486511 0.033818754057089485 0.033818754057089485
0 0.5128465890884399 0.27943646907806396 0.033818754057089485 0.033818754057089485
0 0.4366908073425293 0.28009703755378723 0.033818754057089485 0.033818754057089485
0 0.3603159487247467 0.2807595133781433 0.033818754057089485 0.033818754057089485
0 0.28372111916542053 0.2814238965511322 0.033818754057089485 0.033818754057089485
0 0.7508404850959778 0.33183416724205017 0.033818754057089485 0.033818754057089485
0 0.6720737218856812 0.33259865641593933 0.033818754057089485 0.033818754057089485
0 0.5930715799331665 0.33336541056632996 0.033818754057089485 0.033818754057089485
0 0.5138330459594727 0.33413445949554443 0.033818754057089485 0.033818754057089485
0 0.4343569278717041 0.33490583300590515 0.033818754057089485 0.033818754057089485
0 0.35464227199554443 0.3356795012950897 0.033818754057089485 0.033818754057089485
0 0.2746879756450653 0.3364555239677429 0.033818754057089485 0.033818754057089485
0 0.7626535892486572 0.3911305367946625 0.033818754057089485 0.033818754057089485
0 0.6803297400474548 0.39202219247817993 0.033818754057089485 0.033818754057089485
0 0.5977486968040466 0.39291664958000183 0.033818754057089485 0.033818754057089485
0 0.5149092674255371 0.3938139081001282 0.033818754057089485 0.033818754057089485
0 0.431810200214386 0.39471396803855896 0.033818754057089485 0.033818754057089485
0 0.34845027327537537 0.3956168591976166 0.033818754057089485 0.033818754057089485
0 0.26482826471328735 0.396522581577301 0.033818754057089485 0.033818754057089485
0 0.77558833360672 0.456057071685791 0.033818754057089485 0.033818754057089485
0 0.6893709301948547 0.45709720253944397 0.033818754057089485 0.033818754057089485
0 0.6028713583946228 0.4581407606601715 0.033818754057089485 0.033818754057089485
0 0.5160881876945496 0.45918774604797363 0.033818754057089485 0.033818754057089485
0 0.4290200471878052 0.46023815870285034 0.033818754057089485 0.033818754057089485
0 0.34166550636291504 0.46129199862480164 0.033818754057089485 0.033818754057089485
0 0.25402316451072693 0.4623493552207947 0.033818754057089485 0.033818754057089485
0 0.789812445640564 0.5274555683135986 0.033818754057089485 0.033818754057089485
0 0.6993149518966675 0.5286701321601868 0.033818754057089485 0.033818754057089485
0 0.608506441116333 0.5298888683319092 0.033818754057089485 0.033818754057089485
0 0.5173852443695068 0.5311117768287659 0.033818754057089485 0.033818754057089485
0 0.4259498715400696 0.5323389172554016 0.033818754057089485 0.033818754057089485
0 0.33419859409332275 0.5335703492164612 0.033818754057089485 0.033818754057089485
0 0.24212980270385742 0.534805953502655 0.033818754057089485 0.033818754057089485
0 0.8055288195610046 0.6063445806503296 0.033818754057089485 0.033818754057089485
0 0.7103040218353271 0.6077653765678406 0.033818754057089485 0.033818754057089485
0 0.6147347688674927 0.609191358089447 0.033818754057089485 0.033818754057089485
0 0.5188191533088684 0.6106224656105042 0.033818754057089485 0.033818754057089485
0 0.42255523800849915 0.6120588183403015 0.033818754057089485 0.033818754057089485
0 0.32594117522239685 0.6135003566741943 0.033818754057089485 0.033818754057089485
0 0.2289750725030899 0.6149471402168274 0.033818754057089485 0.033818754057089485