0 0.3083761930465698 0.37916314601898193 0.019572181627154354 0.026096242169539135
0 0.3026108145713806 0.44197696447372437 0.019572181627154354 0.026096242169539135
0 0.2965100407600403 0.5084447264671326 0.019572181627154354 0.026096242169539135
0 0.29004377126693726 0.5788947343826294 0.019572181627154354 0.026096242169539135
0 0.28317809104919434 0.6536960005760193 0.019572181627154354 0.026096242169539135
0 0.27587488293647766 0.7332644462585449 0.019572181627154354 0.026096242169539135
0 0.2680909037590027 0.8180707693099976 0.019572181627154354 0.026096242169539135
0 0.37142595648765564 0.37968435883522034 0.019572181627154354 0.026096242169539135
0 0.3674406111240387 0.44254380464553833 0.019572181627154354 0.026096242169539135
0 0.3632233142852783 0.5090616345405579 0.019572181627154354 0.026096242169539135
0 0.3587532043457031 0.5795668363571167 0.019572181627154354 0.026096242169539135
0 0.3540068566799164 0.6544289588928223 0.019572181627154354 0.026096242169539135
0 0.3489578664302826 0.7340648770332336 0.019572181627154354 0.026096242169539135
0 0.3435762822628021 0.8189460635185242 0.019572181627154354 0.026096242169539135
0 0.43453601002693176 0.3802061080932617 0.019572181627154354 0.026096242169539135
0 0.43233412504196167 0.4431111812591553 0.019572181627154354 0.026096242169539135
0 0.4300040602684021 0.5096791982650757 0.019572181627154354 0.026096242169539135
0 0.42753422260284424 0.5802395939826965 0.019572181627154354 0.026096242169539135
0 0.4249116778373718 0.6551627516746521 0.019572181627154354 0.026096242169539135
0 0.4221217930316925 0.734866201877594 0.019572181627154354 0.026096242169539135
0 0.4191480875015259 0.819822371006012 0.019572181627154354 0.026096242169539135
0 0.4977063834667206 0.3807283639907837 0.019572181627154354 0.026096242169539135
0 0.4972914755344391 0.4436791241168976 0.019572181627154354 0.026096242169539135
0 0.4968523681163788 0.5102973580360413 0.019572181627154354 0.026096242169539135
0 0.49638691544532776 0.5809130668640137 0.019572181627154354 0.026096242169539135
0 0.4958926737308502 0.655897319316864 0.019572181627154354 0.026096242169539135
0 0.4953668713569641 0.7356683611869812 0.019572181627154354 0.026096242169539135
0 0.4948064088821411 0.8206996917724609 0.019572181627154354 0.026096242169539135
0 0.560937225818634 0.38125109672546387 0.019572181627154354 0.026096242169539135
0 0.5623127222061157 0.44424763321876526 0.019572181627154354 0.026096242169539135
0 0.5637683868408203 0.5109161138534546 0.019572181627154354 0.026096242169539135
0 0.5653114318847656 0.5815873146057129 0.019572181627154354 0.026096242169539135
0 0.5669499635696411 0.6566327214241028 0.019572181627154354 0.026096242169539135
0 0.568693220615387 0.7364714741706848 0.019572181627154354 0.026096242169539135
0 0.5705514550209045 0.8215780258178711 0.019572181627154354 0.026096242169539135
0 0.6242285370826721 0.38177433609962463 0.019572181627154354 0.026096242169539135
0 0.627397894859314 0.4448167085647583 0.019572181627154354 0.026096242169539135
0 0.6307521462440491 0.5115355849266052 0.019572181627154354 0.026096242169539135
0 0.634307861328125 0.5822621583938599 0.019572181627154354 0.026096242169539135
0 0.6380837559700012 0.6573688387870789 0.019572181627154354 0.026096242169539135
0 0.6421009302139282 0.7372754812240601 0.019572181627154354 0.026096242169539135
0 0.6463834047317505 0.8224573135375977 0.019572181627154354 0.026096242169539135
0 0.6875804662704468 0.3822980523109436 0.019572181627154354 0.026096242169539135
0 0.6925472617149353 0.4453863203525543 0.019572181627154354 0.026096242169539135
0 0.697803795337677 0.5121555924415588 0.019572181627154354 0.026096242169539135
0 0.703376293182373 0.5829377770423889 0.019572181627154354 0.026096242169539135
0 0.7092940211296082 0.6581057906150818 0.019572181627154354 0.026096242169539135
0 0.715590238571167 0.7380803227424622 0.019572181627154354 0.026096242169539135
0 0.7223023176193237 0.8233376741409302 0.019572181627154354 0.026096242169539135