0 0.2991214990615845 0.18461208045482635 0.01901470497250557 0.03380391995112101
0 0.29336652159690857 0.2656993865966797 0.01901470497250557 0.03380391995112101
0 0.2871707081794739 0.3529979884624481 0.01901470497250557 0.03380391995112101
0 0.28048139810562134 0.44724997878074646 0.01901470497250557 0.03380391995112101
0 0.2732371687889099 0.5493205785751343 0.01901470497250557 0.03380391995112101
0 0.2653660178184509 0.6602247357368469 0.01901470497250557 0.03380391995112101
0 0.2567828595638275 0.7811610698699951 0.01901470497250557 0.03380391995112101
0 0.3597160875797272 0.18585944175720215 0.01901470497250557 0.03380391995112101
0 0.3562079668045044 0.2667233645915985 0.01901470497250557 0.03380391995112101
0 0.3524320423603058 0.35376009345054626 0.01901470497250557 0.03380391995112101
0 0.3483564257621765 0.4477044939994812 0.01901470497250557 0.03380391995112101
0 0.3439440131187439 0.5494129061698914 0.01901470497250557 0.03380391995112101
0 0.33915120363235474 0.659889280796051 0.01901470497250557 0.03380391995112101
0 0.33392661809921265 0.7803184390068054 0.01901470497250557 0.03380391995112101
0 0.4199237525463104 0.18709886074066162 0.01901470497250557 0.03380391995112101
0 0.41863343119621277 0.26774054765701294 0.01901470497250557 0.03380391995112101
0 0.41724494099617004 0.3545169532299042 0.01901470497250557 0.03380391995112101
0 0.41574665904045105 0.4481557607650757 0.01901470497250557 0.03380391995112101
0 0.414124995470047 0.5495045185089111 0.01901470497250557 0.03380391995112101
0 0.41236409544944763 0.6595563888549805 0.01901470497250557 0.03380391995112101
0 0.4104451835155487 0.7794826626777649 0.01901470497250557 0.03380391995112101
0 0.4797481894493103 0.18833036720752716 0.01901470497250557 0.03380391995112101
0 0.4806470572948456 0.26875102519989014 0.01901470497250557 0.03380391995112101
0 0.48161405324935913 0.35526859760284424 0.01901470497250557 0.03380391995112101
0 0.48265722393989563 0.4486038088798523 0.01901470497250557 0.03380391995112101
0 0.4837859869003296 0.5495954751968384 0.01901470497250557 0.03380391995112101
0 0.4850113093852997 0.65922611951828 0.01901470497250557 0.03380391995112101
0 0.48634615540504456 0.778653621673584 0.01901470497250557 0.03380391995112101
0 0.5391930341720581 0.18955408036708832 0.01901470497250557 0.03380391995112101
0 0.5422528982162476 0.2697548568248749 0.01901470497250557 0.03380391995112101
0 0.5455438494682312 0.356015145778656 0.01901470497250557 0.03380391995112101
0 0.5490932464599609 0.4490486979484558 0.01901470497250557 0.03380391995112101
0 0.5529327392578125 0.5496857762336731 0.01901470497250557 0.03380391995112101
0 0.5570994019508362 0.6588983535766602 0.01901470497250557 0.03380391995112101
0 0.5616369247436523 0.7778312563896179 0.01901470497250557 0.03380391995112101
0 0.5982619524002075 0.19077004492282867 0.01901470497250557 0.03380391995112101
0 0.6034548878669739 0.27075210213661194 0.01901470497250557 0.03380391995112101
0 0.6090388894081116 0.35675662755966187 0.01901470497250557 0.03380391995112101
0 0.6150597929954529 0.44949042797088623 0.01901470497250557 0.03380391995112101
0 0.6215709447860718 0.5497754216194153 0.01901470497250557 0.03380391995112101
0 0.6286348104476929 0.6585731506347656 0.01901470497250557 0.03380391995112101
0 0.6363248825073242 0.7770154476165771 0.01901470497250557 0.03380391995112101
0 0.6569584012031555 0.1919783353805542 0.01901470497250557 0.03380391995112101
0 0.6642571091651917 0.2717428505420685 0.01901470497250557 0.03380391995112101
0 0.6721035242080688 0.3574930727481842 0.01901470497250557 0.03380391995112101
0 0.6805617213249207 0.44992902874946594 0.01901470497250557 0.03380391995112101
0 0.6897061467170715 0.5498644113540649 0.01901470497250557 0.03380391995112101
0 0.6996238231658936 0.6582503914833069 0.01901470497250557 0.03380391995112101
0 0.7104172110557556 0.7762061953544617 0.01901470497250557 0.03380391995112101