0 0.30509433150291443 0.376667320728302 0.019707454368472103 0.026276605824629467
0 0.29986923933029175 0.440456748008728 0.019707454368472103 0.026276605824629467
0 0.2943345904350281 0.5080251693725586 0.019707454368472103 0.026276605824629467
0 0.2884620726108551 0.5797186493873596 0.019707454368472103 0.026276605824629467
0 0.2822197377681732 0.6559268832206726 0.019707454368472103 0.026276605824629467
0 0.2755715250968933 0.7370901107788086 0.019707454368472103 0.026276605824629467
0 0.2684765160083771 0.8237078785896301 0.019707454368472103 0.026276605824629467
0 0.3686193525791168 0.3776358664035797 0.019707454368472103 0.026276605824629467
0 0.3652230501174927 0.44142961502075195 0.019707454368472103 0.026276605824629467
0 0.361625611782074 0.5090011954307556 0.019707454368472103 0.026276605824629467
0 0.3578086495399475 0.5806964039802551 0.019707454368472103 0.026276605824629467
0 0.35375139117240906 0.6569046378135681 0.019707454368472103 0.026276605824629467
0 0.34943047165870667 0.7380658388137817 0.019707454368472103 0.026276605824629467
0 0.3448192775249481 0.8246790766716003 0.019707454368472103 0.026276605824629467
0 0.4320988655090332 0.3786036968231201 0.019707454368472103 0.026276605824629467
0 0.4305287003517151 0.4424017369747162 0.019707454368472103 0.026276605824629467
0 0.42886555194854736 0.5099764466285706 0.019707454368472103 0.026276605824629467
0 0.4271009862422943 0.5816733837127686 0.019707454368472103 0.026276605824629467
0 0.4252253770828247 0.6578816175460815 0.019707454368472103 0.026276605824629467
0 0.4232279062271118 0.739040732383728 0.019707454368472103 0.026276605824629467
0 0.4210963249206543 0.8256494402885437 0.019707454368472103 0.026276605824629467
0 0.49553290009498596 0.3795708119869232 0.019707454368472103 0.026276605824629467
0 0.495786190032959 0.4433731734752655 0.019707454368472103 0.026276605824629467
0 0.4960545003414154 0.5109509825706482 0.019707454368472103 0.026276605824629467
0 0.4963391423225403 0.5826495885848999 0.019707454368472103 0.026276605824629467
0 0.49664169549942017 0.6588578224182129 0.019707454368472103 0.026276605824629467
0 0.4969639182090759 0.7400148510932922 0.019707454368472103 0.026276605824629467
0 0.49730774760246277 0.8266189694404602 0.019707454368472103 0.026276605824629467
0 0.5589215159416199 0.3805372714996338 0.019707454368472103 0.026276605824629467
0 0.5609956383705139 0.4443438649177551 0.019707454368472103 0.026276605824629467
0 0.5631924867630005 0.5119248032569885 0.019707454368472103 0.026276605824629467
0 0.5655232071876526 0.583625078201294 0.019707454368472103 0.026276605824629467
0 0.5680004954338074 0.6598331928253174 0.019707454368472103 0.026276605824629467
0 0.5706385374069214 0.7409881353378296 0.019707454368472103 0.026276605824629467
0 0.5734536051750183 0.8275876641273499 0.019707454368472103 0.026276605824629467
0 0.6222647428512573 0.38150301575660706 0.019707454368472103 0.026276605824629467
0 0.6261571049690247 0.44531387090682983 0.019707454368472103 0.026276605824629467
0 0.630279541015625 0.5128978490829468 0.019707454368472103 0.026276605824629467
0 0.6346532106399536 0.5845997929573059 0.019707454368472103 0.026276605824629467
0 0.6393017768859863 0.6608078479766846 0.019707454368472103 0.026276605824629467
0 0.6442518830299377 0.7419606447219849 0.019707454368472103 0.026276605824629467
0 0.6495339870452881 0.8285555243492126 0.019707454368472103 0.026276605824629467
0 0.6855626702308655 0.3824680745601654 0.019707454368472103 0.026276605824629467
0 0.6912705898284912 0.44628316164016724 0.019707454368472103 0.026276605824629467
0 0.6973158121109009 0.5138701796531677 0.019707454368472103 0.026276605824629467
0 0.7037292718887329 0.585573673248291 0.019707454368472103 0.026276605824629467
0 0.7105455994606018 0.6617816686630249 0.019707454368472103 0.026276605824629467
0 0.7178040742874146 0.7429323196411133 0.019707454368472103 0.026276605824629467
0 0.725549042224884 0.8295226097106934 0.019707454368472103 0.026276605824629467