0 0.716654360294342 0.3130747675895691 0.031437233090400696 0.031437233090400696
0 0.6482350826263428 0.3142840266227722 0.031437233090400696 0.031437233090400696
0 0.5800902247428894 0.31548842787742615 0.031437233090400696 0.031437233090400696
0 0.5122181177139282 0.31668803095817566 0.031437233090400696 0.031437233090400696
0 0.4446171522140503 0.31788283586502075 0.031437233090400696 0.031437233090400696
0 0.3772856593132019 0.3190728724002838 0.031437233090400696 0.031437233090400696
0 0.3102220594882965 0.32025817036628723 0.031437233090400696 0.031437233090400696
0 0.7255516648292542 0.3676546514034271 0.031437233090400696 0.031437233090400696
0 0.6542336344718933 0.3688005208969116 0.031437233090400696 0.031437233090400696
0 0.5832136273384094 0.3699416220188141 0.031437233090400696 0.031437233090400696
0 0.5124897360801697 0.3710779547691345 0.031437233090400696 0.031437233090400696
0 0.4420602321624756 0.3722095489501953 0.031437233090400696 0.031437233090400696
0 0.37192320823669434 0.37333646416664124 0.031437233090400696 0.031437233090400696
0 0.3020768463611603 0.3744587004184723 0.031437233090400696 0.031437233090400696
0 0.7352327108383179 0.427042156457901 0.031437233090400696 0.031437233090400696
0 0.6607593894004822 0.4281086027622223 0.031437233090400696 0.031437233090400696
0 0.5866108536720276 0.4291703701019287 0.031437233090400696 0.031437233090400696
0 0.5127851366996765 0.43022751808166504 0.031437233090400696 0.031437233090400696
0 0.43928003311157227 0.43128007650375366 0.031437233090400696 0.031437233090400696
0 0.3660934865474701 0.43232807517051697 0.031437233090400696 0.031437233090400696
0 0.29322344064712524 0.43337154388427734 0.031437233090400696 0.031437233090400696
0 0.7458057999610901 0.49190181493759155 0.031437233090400696 0.031437233090400696
0 0.6678850650787354 0.49286898970603943 0.031437233090400696 0.031437233090400696
0 0.5903197526931763 0.49383172392845154 0.031437233090400696 0.031437233090400696
0 0.5131075382232666 0.49479007720947266 0.031437233090400696 0.031437233090400696
0 0.43624597787857056 0.49574407935142517 0.031437233090400696 0.031437233090400696
0 0.3597326874732971 0.49669376015663147 0.031437233090400696 0.031437233090400696
0 0.28356534242630005 0.49763914942741394 0.031437233090400696 0.031437233090400696
0 0.7574002146720886 0.563026487827301 0.031437233090400696 0.031437233090400696
0 0.6756973266601562 0.5638697743415833 0.031437233090400696 0.031437233090400696
0 0.5943851470947266 0.5647090077400208 0.031437233090400696 0.031437233090400696
0 0.5134608149528503 0.5655443072319031 0.031437233090400696 0.031437233090400696
0 0.4329216480255127 0.5663755536079407 0.031437233090400696 0.031437233090400696
0 0.3527647852897644 0.5672029256820679 0.031437233090400696 0.031437233090400696
0 0.27298760414123535 0.5680263638496399 0.031437233090400696 0.031437233090400696
0 0.7701713442802429 0.6413698792457581 0.031437233090400696 0.031437233090400696
0 0.6843005418777466 0.6420586109161377 0.031437233090400696 0.031437233090400696
0 0.5988610982894897 0.6427438855171204 0.031437233090400696 0.031437233090400696
0 0.5138497352600098 0.643425703048706 0.031437233090400696 0.031437233090400696
0 0.42926326394081116 0.6441041827201843 0.031437233090400696 0.031437233090400696
0 0.34509849548339844 0.6447792053222656 0.031437233090400696 0.031437233090400696
0 0.2613522708415985 0.6454508900642395 0.031437233090400696 0.031437233090400696
0 0.7843080163002014 0.7280898690223694 0.031437233090400696 0.031437233090400696
0 0.6938211917877197 0.7285853624343872 0.031437233090400696 0.031437233090400696
0 0.603813111782074 0.7290781736373901 0.031437233090400696 0.031437233090400696
0 0.5142799019813538 0.7295684218406677 0.031437233090400696 0.031437233090400696
0 0.425217866897583 0.7300560474395752 0.031437233090400696 0.031437233090400696
0 0.33662325143814087 0.7305411696434021 0.031437233090400696 0.031437233090400696
0 0.24849243462085724 0.7310237288475037 0.031437233090400696 0.031437233090400696