0 0.446408212184906 0.1798158586025238 0.012987415306270123 0.023088738322257996
0 0.4177689552307129 0.21779730916023254 0.012987415306270123 0.023088738322257996
0 0.38757625222206116 0.2578389346599579 0.012987415306270123 0.023088738322257996
0 0.35570019483566284 0.3001130521297455 0.012987415306270123 0.023088738322257996
0 0.32199594378471375 0.34481170773506165 0.012987415306270123 0.023088738322257996
0 0.2863015830516815 0.3921496272087097 0.012987415306270123 0.023088738322257996
0 0.24843552708625793 0.44236770272254944 0.012987415306270123 0.023088738322257996
0 0.4794897735118866 0.21098296344280243 0.012987415306270123 0.023088738322257996
0 0.4511280059814453 0.2506203353404999 0.012987415306270123 0.023088738322257996
0 0.4211938977241516 0.29245516657829285 0.012987415306270123 0.023088738322257996
0 0.3895529806613922 0.33667537569999695 0.012987415306270123 0.023088738322257996
0 0.35605499148368835 0.38349097967147827 0.012987415306270123 0.023088738322257996
0 0.3205314874649048 0.43313735723495483 0.012987415306270123 0.023088738322257996
0 0.2827930152416229 0.4858792722225189 0.012987415306270123 0.023088738322257996
0 0.5139837861061096 0.24348080158233643 0.012987415306270123 0.023088738322257996
0 0.48595064878463745 0.2848834693431854 0.012987415306270123 0.023088738322257996
0 0.45632830262184143 0.32863321900367737 0.012987415306270123 0.023088738322257996
0 0.42497768998146057 0.37493544816970825 0.012987415306270123 0.023088738322257996
0 0.3917430639266968 0.4240202307701111 0.012987415306270123 0.023088738322257996
0 0.35644927620887756 0.47614622116088867 0.012987415306270123 0.023088738322257996
0 0.31889888644218445 0.5316050052642822 0.012987415306270123 0.023088738322257996
0 0.5499827861785889 0.27739647030830383 0.012987415306270123 0.023088738322257996
0 0.5223353505134583 0.3206835687160492 0.012987415306270123 0.023088738322257996
0 0.49308446049690247 0.3664811849594116 0.012987415306270123 0.023088738322257996
0 0.46208640933036804 0.41501426696777344 0.012987415306270123 0.023088738322257996
0 0.4291798770427704 0.4665354788303375 0.012987415306270123 0.023088738322257996
0 0.3941829800605774 0.5213294625282288 0.012987415306270123 0.023088738322257996
0 0.3568900227546692 0.5797184109687805 0.012987415306270123 0.023088738322257996
0 0.5875873565673828 0.3128248453140259 0.012987415306270123 0.023088738322257996
0 0.5603896975517273 0.3581264317035675 0.012987415306270123 0.023088738322257996
0 0.5315773487091064 0.40611743927001953 0.012987415306270123 0.023088738322257996
0 0.5010021328926086 0.4570447504520416 0.012987415306270123 0.023088738322257996
0 0.4684971868991852 0.5111863017082214 0.012987415306270123 0.023088738322257996
0 0.43387386202812195 0.5688563585281372 0.012987415306270123 0.023088738322257996
0 0.39691808819770813 0.6304113864898682 0.012987415306270123 0.023088738322257996
0 0.626907467842102 0.34986943006515503 0.012987415306270123 0.023088738322257996
0 0.6002312302589417 0.3973277807235718 0.012987415306270123 0.023088738322257996
0 0.5719329714775085 0.4476718306541443 0.012987415306270123 0.023088738322257996
0 0.5418601632118225 0.5011729598045349 0.012987415306270123 0.023088738322257996
0 0.5098403692245483 0.558137834072113 0.012987415306270123 0.023088738322257996
0 0.4756782650947571 0.6189139485359192 0.012987415306270123 0.023088738322257996
0 0.4391513764858246 0.6838971376419067 0.012987415306270123 0.023088738322257996
0 0.6680631041526794 0.38864338397979736 0.012987415306270123 0.023088738322257996
0 0.6419889330863953 0.4384145140647888 0.012987415306270123 0.023088738322257996
0 0.6142899990081787 0.4912869930267334 0.012987415306270123 0.023088738322257996
0 0.5848095417022705 0.5475599765777588 0.012987415306270123 0.023088738322257996
0 0.5533701181411743 0.6075724959373474 0.012987415306270123 0.023088738322257996
0 0.5197696089744568 0.6717100143432617 0.012987415306270123 0.023088738322257996
0 0.48377734422683716 0.7404130697250366 0.012987415306270123 0.023088738322257996