0 0.6996285915374756 0.1322506219148636 0.022229451236004633 0.03324030091365179
0 0.625504732131958 0.13008886575698853 0.022229451236004633 0.03324030091365179
0 0.5508176684379578 0.12791067361831665 0.022229451236004633 0.03324030091365179
0 0.47556108236312866 0.12571588158607483 0.022229451236004633 0.03324030091365179
0 0.3997284173965454 0.12350428104400635 0.022229451236004633 0.03324030091365179
0 0.32331299781799316 0.12127568572759628 0.022229451236004633 0.03324030091365179
0 0.2463081032037735 0.11902990192174911 0.022229451236004633 0.03324030091365179
0 0.7103014588356018 0.2096242904663086 0.022229451236004633 0.03324030091365179
0 0.6335738301277161 0.2076886147260666 0.022229451236004633 0.03324030091365179
0 0.5562424063682556 0.20573769509792328 0.022229451236004633 0.03324030091365179
0 0.4783000946044922 0.20377136766910553 0.022229451236004633 0.03324030091365179
0 0.3997395634651184 0.20178945362567902 0.022229451236004633 0.03324030091365179
0 0.3205534517765045 0.19979174435138702 0.022229451236004633 0.03324030091365179
0 0.2407342493534088 0.19777807593345642 0.022229451236004633 0.03324030091365179
0 0.7217611074447632 0.29270219802856445 0.022229451236004633 0.03324030091365179
0 0.6422402262687683 0.2910325229167938 0.022229451236004633 0.03324030091365179
0 0.562070369720459 0.289349228143692 0.022229451236004633 0.03324030091365179
0 0.4812435209751129 0.2876521348953247 0.022229451236004633 0.03324030091365179
0 0.39975157380104065 0.28594106435775757 0.022229451236004633 0.03324030091365179
0 0.3175862729549408 0.28421586751937866 0.022229451236004633 0.03324030091365179
0 0.2347392439842224 0.28247636556625366 0.022229451236004633 0.03324030091365179
0 0.734097957611084 0.38213932514190674 0.022229451236004633 0.03324030091365179
0 0.6515728235244751 0.38078296184539795 0.022229451236004633 0.03324030091365179
0 0.568348228931427 0.3794150650501251 0.022229451236004633 0.03324030091365179
0 0.4844151437282562 0.3780355453491211 0.022229451236004633 0.03324030091365179
0 0.3997645080089569 0.37664422392845154 0.022229451236004633 0.03324030091365179
0 0.31438708305358887 0.3752409517765045 0.022229451236004633 0.03324030091365179
0 0.22827346622943878 0.3738255798816681 0.022229451236004633 0.03324030091365179
0 0.7474166750907898 0.478694885969162 0.022229451236004633 0.03324030091365179
0 0.6616514921188354 0.4777080714702606 0.022229451236004633 0.03324030091365179
0 0.5751301050186157 0.47671255469322205 0.022229451236004633 0.03324030091365179
0 0.48784253001213074 0.4757082164287567 0.022229451236004633 0.03324030091365179
0 0.39977848529815674 0.47469496726989746 0.022229451236004633 0.03324030091365179
0 0.3109275698661804 0.47367265820503235 0.022229451236004633 0.03324030091365179
0 0.22127923369407654 0.4726411700248718 0.022229451236004633 0.03324030091365179
0 0.7618393898010254 0.5832539200782776 0.022229451236004633 0.03324030091365179
0 0.6725693941116333 0.5827040076255798 0.022229451236004633 0.03324030091365179
0 0.5824793577194214 0.582149088382721 0.022229451236004633 0.03324030091365179
0 0.4915579557418823 0.5815890431404114 0.022229451236004633 0.03324030091365179
0 0.3997936546802521 0.5810238122940063 0.022229451236004633 0.03324030091365179
0 0.3071746528148651 0.5804533362388611 0.022229451236004633 0.03324030091365179
0 0.2136889547109604 0.579877495765686 0.022229451236004633 0.03324030091365179
0 0.777509331703186 0.6968545317649841 0.022229451236004633 0.03324030091365179
0 0.6844358444213867 0.6968227028846741 0.022229451236004633 0.03324030091365179
0 0.5904701352119446 0.6967905759811401 0.022229451236004633 0.03324030091365179
0 0.49559929966926575 0.6967580914497375 0.022229451236004633 0.03324030091365179
0 0.39981013536453247 0.6967253684997559 0.022229451236004633 0.03324030091365179
0 0.30308929085731506 0.6966922879219055 0.022229451236004633 0.03324030091365179
0 0.20542308688163757 0.6966588497161865 0.022229451236004633 0.03324030091365179