0 0.6997728943824768 0.17824888229370117 0.0245173592120409 0.0326898122827212
0 0.633475661277771 0.17930357158184052 0.0245173592120409 0.0326898122827212
0 0.5671515464782715 0.1803586781024933 0.0245173592120409 0.0326898122827212
0 0.500800609588623 0.18141421675682068 0.0245173592120409 0.0326898122827212
0 0.4344228506088257 0.1824701875448227 0.0245173592120409 0.0326898122827212
0 0.36801818013191223 0.18352659046649933 0.0245173592120409 0.0326898122827212
0 0.3015866279602051 0.1845834106206894 0.0245173592120409 0.0326898122827212
0 0.7108816504478455 0.24130329489707947 0.0245173592120409 0.0326898122827212
0 0.6413787603378296 0.24242238700389862 0.0245173592120409 0.0326898122827212
0 0.5718463659286499 0.24354195594787598 0.0245173592120409 0.0326898122827212
0 0.5022844672203064 0.24466198682785034 0.0245173592120409 0.0326898122827212
0 0.4326930344104767 0.2457825094461441 0.0245173592120409 0.0326898122827212
0 0.36307209730148315 0.24690349400043488 0.0245173592120409 0.0326898122827212
0 0.29342159628868103 0.24802497029304504 0.0245173592120409 0.0326898122827212
0 0.723119854927063 0.310768723487854 0.0245173592120409 0.0326898122827212
0 0.6500855088233948 0.31196022033691406 0.0245173592120409 0.0326898122827212
0 0.577018678188324 0.3131522238254547 0.0245173592120409 0.0326898122827212
0 0.503919243812561 0.31434473395347595 0.0245173592120409 0.0326898122827212
0 0.43078720569610596 0.31553781032562256 0.0245173592120409 0.0326898122827212
0 0.35762253403663635 0.31673142313957214 0.0245173592120409 0.0326898122827212
0 0.2844252288341522 0.3179255425930023 0.0245173592120409 0.0326898122827212
0 0.7366690039634705 0.38767531514167786 0.0245173592120409 0.0326898122827212
0 0.6597252488136292 0.3889486789703369 0.0245173592120409 0.0326898122827212
0 0.5827453136444092 0.3902226388454437 0.0245173592120409 0.0326898122827212
0 0.5057292580604553 0.3914971947669983 0.0245173592120409 0.0326898122827212
0 0.4286769926548004 0.3927723467350006 0.0245173592120409 0.0326898122827212
0 0.35158854722976685 0.3940480947494507 0.0245173592120409 0.0326898122827212
0 0.27446383237838745 0.3953244686126709 0.0245173592120409 0.0326898122827212
0 0.7517516613006592 0.47328636050224304 0.0245173592120409 0.0326898122827212
0 0.6704562306404114 0.474653035402298 0.0245173592120409 0.0326898122827212
0 0.5891204476356506 0.4760203957557678 0.0245173592120409 0.0326898122827212
0 0.507744312286377 0.4773884415626526 0.0245173592120409 0.0326898122827212
0 0.42632773518562317 0.4787571430206299 0.0245173592120409 0.0326898122827212
0 0.34487074613571167 0.4801265299320221 0.0245173592120409 0.0326898122827212
0 0.2633732855319977 0.4814966022968292 0.0245173592120409 0.0326898122827212
0 0.768643856048584 0.5691683292388916 0.0245173592120409 0.0326898122827212
0 0.6824749708175659 0.5706421732902527 0.0245173592120409 0.0326898122827212
0 0.5962607860565186 0.5721168518066406 0.0245173592120409 0.0326898122827212
0 0.5100012421607971 0.5735923051834106 0.0245173592120409 0.0326898122827212
0 0.4236963391304016 0.5750685334205627 0.0245173592120409 0.0326898122827212
0 0.3373459577560425 0.5765455365180969 0.0245173592120409 0.0326898122827212
0 0.2509500980377197 0.5780232548713684 0.0245173592120409 0.0326898122827212
0 0.7876918911933899 0.6772873997688293 0.0245173592120409 0.0326898122827212
0 0.6960281133651733 0.6788856387138367 0.0245173592120409 0.0326898122827212
0 0.6043130159378052 0.6804847121238708 0.0245173592120409 0.0326898122827212
0 0.5125465393066406 0.6820847392082214 0.0245173592120409 0.0326898122827212
0 0.4207287132740021 0.6836856603622437 0.0245173592120409 0.0326898122827212
0 0.32885944843292236 0.6852874159812927 0.0245173592120409 0.0326898122827212
0 0.2369387298822403 0.6868901252746582 0.0245173592120409 0.0326898122827212