0 0.6472083926200867 0.15937064588069916 0.02537094056606293 0.03382792075475057
0 0.5798086524009705 0.16544181108474731 0.02537094056606293 0.03382792075475057
0 0.5121170878410339 0.17153924703598022 0.02537094056606293 0.03382792075475057
0 0.44413188099861145 0.1776631474494934 0.02537094056606293 0.03382792075475057
0 0.3758510649204254 0.18381367623806 0.02537094056606293 0.03382792075475057
0 0.30727270245552063 0.18999099731445312 0.02537094056606293 0.03382792075475057
0 0.23839488625526428 0.1961953043937683 0.02537094056606293 0.03382792075475057
0 0.6606846451759338 0.22506976127624512 0.02537094056606293 0.03382792075475057
0 0.5900470018386841 0.2315841168165207 0.02537094056606293 0.03382792075475057
0 0.519088625907898 0.23812803626060486 0.02537094056606293 0.03382792075475057
0 0.4478074312210083 0.24470174312591553 0.02537094056606293 0.03382792075475057
0 0.37620118260383606 0.2513054311275482 0.02537094056606293 0.03382792075475057
0 0.30426764488220215 0.25793930888175964 0.02537094056606293 0.03382792075475057
0 0.2320045828819275 0.26460355520248413 0.02537094056606293 0.03382792075475057
0 0.675531268119812 0.29744964838027954 0.02537094056606293 0.03382792075475057
0 0.6013289093971252 0.3044682741165161 0.02537094056606293 0.03382792075475057
0 0.5267724990844727 0.31152039766311646 0.02537094056606293 0.03382792075475057
0 0.4518594443798065 0.3186062276363373 0.02537094056606293 0.03382792075475057
0 0.37658727169036865 0.32572606205940247 0.02537094056606293 0.03382792075475057
0 0.30095335841178894 0.33288007974624634 0.02537094056606293 0.03382792075475057
0 0.22495506703853607 0.3400685787200928 0.02537094056606293 0.03382792075475057
0 0.6919685006141663 0.37758395075798035 0.02537094056606293 0.03382792075475057
0 0.6138225197792053 0.38518044352531433 0.02537094056606293 0.03382792075475057
0 0.5352836847305298 0.39281514286994934 0.02537094056606293 0.03382792075475057
0 0.45634886622428894 0.40048834681510925 0.02537094056606293 0.03382792075475057
0 0.3770151436328888 0.40820029377937317 0.02537094056606293 0.03382792075475057
0 0.2972794771194458 0.41595134139060974 0.02537094056606293 0.03382792075475057
0 0.21713879704475403 0.42374175786972046 0.02537094056606293 0.03382792075475057
0 0.7102663516998291 0.4667893052101135 0.02537094056606293 0.03382792075475057
0 0.6277341842651367 0.4750533103942871 0.02537094056606293 0.03382792075475057
0 0.544763445854187 0.48336124420166016 0.02537094056606293 0.03382792075475057
0 0.4613505005836487 0.49171343445777893 0.02537094056606293 0.03382792075475057
0 0.37749195098876953 0.5001102685928345 0.02537094056606293 0.03382792075475057
0 0.29318416118621826 0.508552074432373 0.02537094056606293 0.03382792075475057
0 0.20842348039150238 0.5170392394065857 0.02537094056606293 0.03382792075475057
0 0.7307597994804382 0.5666983723640442 0.02537094056606293 0.03382792075475057
0 0.6433197855949402 0.5757402777671814 0.02537094056606293 0.03382792075475057
0 0.5553870797157288 0.5848331451416016 0.02537094056606293 0.03382792075475057
0 0.4669574201107025 0.5939773917198181 0.02537094056606293 0.03382792075475057
0 0.3780266344547272 0.6031734943389893 0.02537094056606293 0.03382792075475057
0 0.2885904312133789 0.6124218106269836 0.02537094056606293 0.03382792075475057
0 0.19864453375339508 0.6217228174209595 0.02537094056606293 0.03382792075475057
0 0.7538691759109497 0.6793606877326965 0.02537094056606293 0.03382792075475057
0 0.6609008312225342 0.6893181800842285 0.02537094056606293 0.03382792075475057
0 0.5673749446868896 0.6993354558944702 0.02537094056606293 0.03382792075475057
0 0.4732864797115326 0.7094129323959351 0.02537094056606293 0.03382792075475057
0 0.3786303699016571 0.7195512056350708 0.02537094056606293 0.03382792075475057
0 0.2834014892578125 0.7297508716583252 0.02537094056606293 0.03382792075475057
0 0.18759460747241974 0.7400124073028564 0.02537094056606293 0.03382792075475057