0 0.7496414184570312 0.25274795293807983 0.03466876347859701 0.03466876347859701
0 0.6730642914772034 0.24850624799728394 0.03466876347859701 0.03466876347859701
0 0.5964910387992859 0.24426475167274475 0.03466876347859701 0.03466876347859701
0 0.5199216604232788 0.24002347886562347 0.03466876347859701 0.03466876347859701
0 0.44335612654685974 0.2357824146747589 0.03466876347859701 0.03466876347859701
0 0.36679449677467346 0.23154157400131226 0.03466876347859701 0.03466876347859701
0 0.2902367413043976 0.22730094194412231 0.03466876347859701 0.03466876347859701
0 0.7604110240936279 0.3077962100505829 0.03466876347859701 0.03466876347859701
0 0.6808478236198425 0.30338767170906067 0.03466876347859701 0.03466876347859701
0 0.6012887954711914 0.29897937178611755 0.03466876347859701 0.03466876347859701
0 0.5217339396476746 0.29457128047943115 0.03466876347859701 0.03466876347859701
0 0.442183256149292 0.29016345739364624 0.03466876347859701 0.03466876347859701
0 0.3626367449760437 0.28575584292411804 0.03466876347859701 0.03466876347859701
0 0.2830944359302521 0.28134846687316895 0.03466876347859701 0.03466876347859701
0 0.7720545530319214 0.3673115074634552 0.03466876347859701 0.03466876347859701
0 0.6892629265785217 0.3627224862575531 0.03466876347859701 0.03466876347859701
0 0.606475830078125 0.3581337034702301 0.03466876347859701 0.03466876347859701
0 0.5236932635307312 0.3535451889038086 0.03466876347859701 0.03466876347859701
0 0.44091519713401794 0.3489569127559662 0.03466876347859701 0.03466876347859701
0 0.3581416606903076 0.3443688750267029 0.03466876347859701 0.03466876347859701
0 0.2753726541996002 0.33978110551834106 0.03466876347859701 0.03466876347859701
0 0.7846829295158386 0.4318605959415436 0.03466876347859701 0.03466876347859701
0 0.6983897686004639 0.42707565426826477 0.03466876347859701 0.03466876347859701
0 0.6121015548706055 0.42229101061820984 0.03466876347859701 0.03466876347859701
0 0.5258182883262634 0.417506605386734 0.03466876347859701 0.03466876347859701
0 0.43953990936279297 0.41272249817848206 0.03466876347859701 0.03466876347859701
0 0.3532664477825165 0.4079386591911316 0.03466876347859701 0.03466876347859701
0 0.26699790358543396 0.4031550884246826 0.03466876347859701 0.03466876347859701
0 0.7984265089035034 0.5021103024482727 0.03466876347859701 0.03466876347859701
0 0.7083226442337036 0.497111976146698 0.03466876347859701 0.03466876347859701
0 0.6182241439819336 0.49211397767066956 0.03466876347859701 0.03466876347859701
0 0.5281309485435486 0.487116277217865 0.03466876347859701 0.03466876347859701
0 0.43804317712783813 0.4821188449859619 0.03466876347859701 0.03466876347859701
0 0.3479607403278351 0.4771217405796051 0.03466876347859701 0.03466876347859701
0 0.25788363814353943 0.4721249043941498 0.03466876347859701 0.03466876347859701
0 0.8134399652481079 0.5788506269454956 0.03466876347859701 0.03466876347859701
0 0.71917325258255 0.5736190676689148 0.03466876347859701 0.03466876347859701
0 0.6249123215675354 0.5683878064155579 0.03466876347859701 0.03466876347859701
0 0.5306572914123535 0.5631568431854248 0.03466876347859701 0.03466876347859701
0 0.4364081621170044 0.5579262375831604 0.03466876347859701 0.03466876347859701
0 0.34216487407684326 0.5526959300041199 0.03466876347859701 0.03466876347859701
0 0.2479274570941925 0.547465980052948 0.03466876347859701 0.03466876347859701
0 0.8299077749252319 0.6630247831344604 0.03466876347859701 0.03466876347859701
0 0.731074869632721 0.657537043094635 0.03466876347859701 0.03466876347859701
0 0.6322484016418457 0.652049720287323 0.03466876347859701 0.03466876347859701
0 0.5334283709526062 0.6465626955032349 0.03466876347859701 0.03466876347859701
0 0.43461480736732483 0.6410760283470154 0.03466876347859701 0.03466876347859701
0 0.3358076810836792 0.6355897188186646 0.03466876347859701 0.03466876347859701
0 0.2370070070028305 0.6301038265228271 0.03466876347859701 0.03466876347859701