0 0.6987217664718628 0.12842515110969543 0.02236362701902787 0.03344093759854635
0 0.6239129304885864 0.12708066403865814 0.02236362701902787 0.03344093759854635
0 0.5487162470817566 0.12572920322418213 0.02236362701902787 0.03344093759854635
0 0.47312864661216736 0.12437072396278381 0.02236362701902787 0.03344093759854635
0 0.3971470892429352 0.12300515919923782 0.02236362701902787 0.03344093759854635
0 0.3207685053348541 0.12163246423006058 0.02236362701902787 0.03344093759854635
0 0.2439897507429123 0.1202525720000267 0.02236362701902787 0.03344093759854635
0 0.7092738747596741 0.20597489178180695 0.02236362701902787 0.03344093759854635
0 0.6317944526672363 0.2047896534204483 0.02236362701902787 0.03344093759854635
0 0.5538987517356873 0.2035980522632599 0.02236362701902787 0.03344093759854635
0 0.4755834937095642 0.20240002870559692 0.02236362701902787 0.03344093759854635
0 0.3968451917171478 0.20119553804397583 0.02236362701902787 0.03344093759854635
0 0.3176804482936859 0.19998452067375183 0.02236362701902787 0.03344093759854635
0 0.2380857914686203 0.19876691699028015 0.02236362701902787 0.03344093759854635
0 0.7206135988235474 0.2893134355545044 0.02236362701902787 0.03344093759854635
0 0.6402658820152283 0.28831547498703003 0.02236362701902787 0.03344093759854635
0 0.5594702959060669 0.2873119115829468 0.02236362701902787 0.03344093759854635
0 0.47822311520576477 0.286302775144577 0.02236362701902787 0.03344093759854635
0 0.3965205252170563 0.2852879762649536 0.02236362701902787 0.03344093759854635
0 0.314358651638031 0.28426745533943176 0.02236362701902787 0.03344093759854635
0 0.23173367977142334 0.2832411825656891 0.02236362701902787 0.03344093759854635
0 0.732832670211792 0.3791140913963318 0.02236362701902787 0.03344093759854635
0 0.6493961215019226 0.3783366084098816 0.02236362701902787 0.03344093759854635
0 0.5654763579368591 0.37755459547042847 0.02236362701902787 0.03344093759854635
0 0.4810692071914673 0.3767680525779724 0.02236362701902787 0.03344093759854635
0 0.39617034792900085 0.37597692012786865 0.02236362701902787 0.03344093759854635
0 0.3107755184173584 0.3751811683177948 0.02236362701902787 0.03344093759854635
0 0.22488035261631012 0.37438076734542847 0.02236362701902787 0.03344093759854635
0 0.7460373640060425 0.4761587679386139 0.02236362701902787 0.03344093759854635
0 0.6592651009559631 0.4756413698196411 0.02236362701902787 0.03344093759854635
0 0.5719698667526245 0.47512081265449524 0.02236362701902787 0.03344093759854635
0 0.48414698243141174 0.47459712624549866 0.02236362701902787 0.03344093759854635
0 0.395791620016098 0.474070280790329 0.02236362701902787 0.03344093759854635
0 0.30689895153045654 0.47354021668434143 0.02236362701902787 0.03344093759854635
0 0.21746407449245453 0.473006933927536 0.02236362701902787 0.03344093759854635
0 0.7603520750999451 0.5813608765602112 0.02236362701902787 0.03344093759854635
0 0.6699662208557129 0.581151008605957 0.02236362701902787 0.03344093759854635
0 0.5790125727653503 0.5809398293495178 0.02236362701902787 0.03344093759854635
0 0.4874858856201172 0.5807272791862488 0.02236362701902787 0.03344093759854635
0 0.3953806459903717 0.5805134177207947 0.02236362701902787 0.03344093759854635
0 0.30269137024879456 0.5802982449531555 0.02236362701902787 0.03344093759854635
0 0.20941248536109924 0.5800816416740417 0.02236362701902787 0.03344093759854635
0 0.7759228348731995 0.6957941055297852 0.02236362701902787 0.03344093759854635
0 0.6816093921661377 0.6959490180015564 0.02236362701902787 0.03344093759854635
0 0.5866773724555969 0.6961049437522888 0.02236362701902787 0.03344093759854635
0 0.49112066626548767 0.6962618827819824 0.02236362701902787 0.03344093759854635
0 0.39493313431739807 0.696419894695282 0.02236362701902787 0.03344093759854635
0 0.29810845851898193 0.6965789794921875 0.02236362701902787 0.03344093759854635
0 0.20064033567905426 0.6967390775680542 0.02236362701902787 0.03344093759854635