0 0.7235177755355835 0.13090188801288605 0.022416023785869283 0.0335192879041036
0 0.6488415002822876 0.12683691084384918 0.022416023785869283 0.0335192879041036
0 0.573720395565033 0.12274771928787231 0.022416023785869283 0.0335192879041036
0 0.49815046787261963 0.11863409727811813 0.022416023785869283 0.0335192879041036
0 0.4221276640892029 0.11449582129716873 0.022416023785869283 0.0335192879041036
0 0.345647931098938 0.1103326678276062 0.022416023785869283 0.0335192879041036
0 0.26870712637901306 0.10614442080259323 0.022416023785869283 0.0335192879041036
0 0.7329195141792297 0.2088136374950409 0.022416023785869283 0.0335192879041036
0 0.6555675864219666 0.20484118163585663 0.022416023785869283 0.0335192879041036
0 0.5777381062507629 0.2008441984653473 0.022416023785869283 0.0335192879041036
0 0.49942663311958313 0.19682246446609497 0.022416023785869283 0.0335192879041036
0 0.42062875628471375 0.19277575612068176 0.022416023785869283 0.0335192879041036
0 0.3413398861885071 0.18870382010936737 0.022416023785869283 0.0335192879041036
0 0.26155540347099304 0.18460644781589508 0.022416023785869283 0.0335192879041036
0 0.7430256605148315 0.29256245493888855 0.022416023785869283 0.0335192879041036
0 0.6627991199493408 0.2887080907821655 0.022416023785869283 0.0335192879041036
0 0.5820586681365967 0.2848290801048279 0.022416023785869283 0.0335192879041036
0 0.5007993578910828 0.28092509508132935 0.022416023785869283 0.0335192879041036
0 0.4190160930156708 0.2769959568977356 0.022416023785869283 0.0335192879041036
0 0.3367038667201996 0.27304142713546753 0.022416023785869283 0.0335192879041036
0 0.25385746359825134 0.26906120777130127 0.022416023785869283 0.0335192879041036
0 0.7539184093475342 0.38282981514930725 0.022416023785869283 0.0335192879041036
0 0.6705954670906067 0.3791244328022003 0.022416023785869283 0.0335192879041036
0 0.5867178440093994 0.37539437413215637 0.022416023785869283 0.0335192879041036
0 0.5022799968719482 0.3716394305229187 0.022416023785869283 0.0335192879041036
0 0.4172762334346771 0.3678593039512634 0.022416023785869283 0.0335192879041036
0 0.3317009210586548 0.36405375599861145 0.022416023785869283 0.0335192879041036
0 0.24554824829101562 0.3602225184440613 0.022416023785869283 0.0335192879041036
0 0.7656933069229126 0.48040762543678284 0.022416023785869283 0.0335192879041036
0 0.6790253520011902 0.4768885374069214 0.022416023785869283 0.0335192879041036
0 0.5917569398880005 0.4733451008796692 0.022416023785869283 0.0335192879041036
0 0.5038817524909973 0.46977698802948 0.022416023785869283 0.0335192879041036
0 0.41539350152015686 0.46618399024009705 0.022416023785869283 0.0335192879041036
0 0.326285719871521 0.4625658690929413 0.022416023785869283 0.0335192879041036
0 0.236551895737648 0.45892229676246643 0.022416023785869283 0.0335192879041036
0 0.7784620523452759 0.5862213969230652 0.022416023785869283 0.0335192879041036
0 0.6881693005561829 0.5829340815544128 0.022416023785869283 0.0335192879041036
0 0.5972244143486023 0.5796229839324951 0.022416023785869283 0.0335192879041036
0 0.5056202411651611 0.5762878656387329 0.022416023785869283 0.0335192879041036
0 0.41334956884384155 0.5729284882545471 0.022416023785869283 0.0335192879041036
0 0.32040512561798096 0.5695446133613586 0.022416023785869283 0.0335192879041036
0 0.2267795354127884 0.5661358833312988 0.022416023785869283 0.0335192879041036
0 0.7923560738563538 0.7013598680496216 0.022416023785869283 0.0335192879041036
0 0.6981221437454224 0.6983597874641418 0.022416023785869283 0.0335192879041036
0 0.6031773090362549 0.6953370571136475 0.022416023785869283 0.0335192879041036
0 0.5075135827064514 0.6922914385795593 0.022416023785869283 0.0335192879041036
0 0.41112273931503296 0.6892226338386536 0.022416023785869283 0.0335192879041036
0 0.31399643421173096 0.6861304640769958 0.022416023785869283 0.0335192879041036
0 0.2161261886358261 0.6830145716667175 0.022416023785869283 0.0335192879041036