0 0.3069929778575897 0.6432639956474304 0.020305540412664413 0.02707405388355255
0 0.38419976830482483 0.6420535445213318 0.020305540412664413 0.02707405388355255
0 0.46144524216651917 0.6408424377441406 0.020305540412664413 0.02707405388355255
0 0.5387294292449951 0.6396307945251465 0.020305540412664413 0.02707405388355255
0 0.6160523295402527 0.6384184956550598 0.020305540412664413 0.02707405388355255
0 0.693414032459259 0.6372056007385254 0.020305540412664413 0.02707405388355255
0 0.7708144783973694 0.6359920501708984 0.020305540412664413 0.02707405388355255
0 0.31640318036079407 0.5542523264884949 0.020305540412664413 0.02707405388355255
0 0.39006873965263367 0.5530761480331421 0.020305540412664413 0.02707405388355255
0 0.46376946568489075 0.5518993735313416 0.020305540412664413 0.02707405388355255
0 0.5375054478645325 0.550722062587738 0.020305540412664413 0.02707405388355255
0 0.6112766861915588 0.5495442152023315 0.020305540412664413 0.02707405388355255
0 0.6850832104682922 0.5483657717704773 0.020305540412664413 0.02707405388355255
0 0.7589250206947327 0.5471867918968201 0.020305540412664413 0.02707405388355255
0 0.3249877095222473 0.47305089235305786 0.020305540412664413 0.02707405388355255
0 0.3954226076602936 0.47190776467323303 0.020305540412664413 0.02707405388355255
0 0.46588966250419617 0.4707641303539276 0.020305540412664413 0.02707405388355255
0 0.5363889336585999 0.4696199893951416 0.020305540412664413 0.02707405388355255
0 0.6069204807281494 0.4684752821922302 0.020305540412664413 0.02707405388355255
0 0.6774842143058777 0.46733006834983826 0.020305540412664413 0.02707405388355255
0 0.7480802536010742 0.4661843478679657 0.020305540412664413 0.02707405388355255
0 0.3328506350517273 0.39867502450942993 0.020305540412664413 0.02707405388355255
0 0.40032634139060974 0.3975636661052704 0.020305540412664413 0.02707405388355255
0 0.467831552028656 0.396451860666275 0.020305540412664413 0.02707405388355255
0 0.5353663563728333 0.3953395485877991 0.020305540412664413 0.02707405388355255
0 0.6029307246208191 0.39422672986984253 0.020305540412664413 0.02707405388355255
0 0.6705246567726135 0.39311346411705017 0.020305540412664413 0.02707405388355255
0 0.7381482720375061 0.3919996917247772 0.020305540412664413 0.02707405388355255
0 0.34007930755615234 0.3302987813949585 0.020305540412664413 0.02707405388355255
0 0.40483441948890686 0.32921791076660156 0.020305540412664413 0.02707405388355255
0 0.46961674094200134 0.3281365931034088 0.020305540412664413 0.02707405388355255
0 0.5344262719154358 0.32705482840538025 0.020305540412664413 0.02707405388355255
0 0.599263072013855 0.3259725868701935 0.020305540412664413 0.02707405388355255
0 0.6641271114349365 0.3248898983001709 0.020305540412664413 0.02707405388355255
0 0.7290184497833252 0.3238067626953125 0.020305540412664413 0.02707405388355255
0 0.3467474579811096 0.26722437143325806 0.020305540412664413 0.02707405388355255
0 0.4089928865432739 0.2661726772785187 0.020305540412664413 0.02707405388355255
0 0.47126346826553345 0.26512056589126587 0.020305540412664413 0.02707405388355255
0 0.5335592031478882 0.26406803727149963 0.020305540412664413 0.02707405388355255
0 0.5958800911903381 0.26301509141921997 0.020305540412664413 0.02707405388355255
0 0.6582261323928833 0.2619616985321045 0.020305540412664413 0.02707405388355255
0 0.7205973863601685 0.2609078884124756 0.020305540412664413 0.02707405388355255
0 0.3529178500175476 0.20885814726352692 0.020305540412664413 0.02707405388355255
0 0.412840873003006 0.2078343778848648 0.020305540412664413 0.02707405388355255
0 0.47278720140457153 0.20681022107601166 0.020305540412664413 0.02707405388355255
0 0.5327568054199219 0.20578566193580627 0.020305540412664413 0.02707405388355255
0 0.5927497744560242 0.20476070046424866 0.020305540412664413 0.02707405388355255
0 0.6527660489082336 0.2037353366613388 0.020305540412664413 0.02707405388355255
0 0.7128056883811951 0.20270958542823792 0.020305540412664413 0.02707405388355255