0 0.30229347944259644 0.3764466941356659 0.019887816160917286 0.026517088214556377
0 0.2967692017555237 0.4402601718902588 0.019887816160917286 0.026517088214556377
0 0.29091760516166687 0.5078545212745667 0.019887816160917286 0.026517088214556377
0 0.284708708524704 0.5795760750770569 0.019887816160917286 0.026517088214556377
0 0.2781088054180145 0.6558147668838501 0.019887816160917286 0.026517088214556377
0 0.2710796892642975 0.7370110750198364 0.019887816160917286 0.026517088214556377
0 0.2635781466960907 0.8236649036407471 0.019887816160917286 0.026517088214556377
0 0.36624661087989807 0.37719103693962097 0.019887816160917286 0.026517088214556377
0 0.3625621795654297 0.4410293996334076 0.019887816160917286 0.026517088214556377
0 0.3586594760417938 0.5086503624916077 0.019887816160917286 0.026517088214556377
0 0.35451844334602356 0.5804004073143005 0.019887816160917286 0.026517088214556377
0 0.3501166105270386 0.656669557094574 0.019887816160917286 0.026517088214556377
0 0.3454284965991974 0.7378987073898315 0.019887816160917286 0.026517088214556377
0 0.3404252529144287 0.8245879411697388 0.019887816160917286 0.026517088214556377
0 0.4302065074443817 0.3779354393482208 0.019887816160917286 0.026517088214556377
0 0.4283623695373535 0.44179874658584595 0.019887816160917286 0.026517088214556377
0 0.426408976316452 0.5094463229179382 0.019887816160917286 0.026517088214556377
0 0.4243362545967102 0.581224799156189 0.019887816160917286 0.026517088214556377
0 0.4221329987049103 0.6575244665145874 0.019887816160917286 0.026517088214556377
0 0.4197864532470703 0.7387864589691162 0.019887816160917286 0.026517088214556377
0 0.4172821640968323 0.8255110383033752 0.019887816160917286 0.026517088214556377
0 0.49417322874069214 0.37867993116378784 0.019887816160917286 0.026517088214556377
0 0.49416977167129517 0.4425681531429291 0.019887816160917286 0.026517088214556377
0 0.4941661059856415 0.5102423429489136 0.019887816160917286 0.026517088214556377
0 0.4941622018814087 0.5820493102073669 0.019887816160917286 0.026517088214556377
0 0.4941580593585968 0.6583794951438904 0.019887816160917286 0.026517088214556377
0 0.49415361881256104 0.7396742701530457 0.019887816160917286 0.026517088214556377
0 0.4941489100456238 0.8264342546463013 0.019887816160917286 0.026517088214556377
0 0.5581467747688293 0.379424512386322 0.019887816160917286 0.026517088214556377
0 0.5599843263626099 0.44333764910697937 0.019887816160917286 0.026517088214556377
0 0.5619308352470398 0.5110384225845337 0.019887816160917286 0.026517088214556377
0 0.5639961957931519 0.5828738808631897 0.019887816160917286 0.026517088214556377
0 0.5661917328834534 0.6592346429824829 0.019887816160917286 0.026517088214556377
0 0.5685299634933472 0.7405622601509094 0.019887816160917286 0.026517088214556377
0 0.5710254907608032 0.8273576498031616 0.019887816160917286 0.026517088214556377
0 0.6221270561218262 0.38016918301582336 0.019887816160917286 0.026517088214556377
0 0.6258061528205872 0.4441072344779968 0.019887816160917286 0.026517088214556377
0 0.6297032237052917 0.5118346214294434 0.019887816160917286 0.026517088214556377
0 0.6338383555412292 0.583698570728302 0.019887816160917286 0.026517088214556377
0 0.6382339596748352 0.6600898504257202 0.019887816160917286 0.026517088214556377
0 0.6429155468940735 0.741450309753418 0.019887816160917286 0.026517088214556377
0 0.6479118466377258 0.8282811045646667 0.019887816160917286 0.026517088214556377
0 0.6861141920089722 0.3809139132499695 0.019887816160917286 0.026517088214556377
0 0.6916351318359375 0.44487690925598145 0.019887816160917286 0.026517088214556377
0 0.697483241558075 0.5126309394836426 0.019887816160917286 0.026517088214556377
0 0.7036886215209961 0.5845233201980591 0.019887816160917286 0.026517088214556377
0 0.7102848887443542 0.6609451770782471 0.019887816160917286 0.026517088214556377
0 0.7173103094100952 0.7423385381698608 0.019887816160917286 0.026517088214556377
0 0.7248080968856812 0.8292046785354614 0.019887816160917286 0.026517088214556377