0 0.6880103349685669 0.17868433892726898 0.02515575848519802 0.03354101131359736
0 0.6200939416885376 0.1818424016237259 0.02515575848519802 0.03354101131359736
0 0.552097737789154 0.18500415980815887 0.02515575848519802 0.03354101131359736
0 0.4840216338634491 0.18816964328289032 0.02515575848519802 0.03354101131359736
0 0.4158654510974884 0.19133885204792023 0.02515575848519802 0.03354101131359736
0 0.3476290702819824 0.1945118010044098 0.02515575848519802 0.03354101131359736
0 0.2793123126029968 0.19768847525119781 0.02515575848519802 0.03354101131359736
0 0.6993675827980042 0.24439112842082977 0.02515575848519802 0.03354101131359736
0 0.6281850934028625 0.24774181842803955 0.02515575848519802 0.03354101131359736
0 0.5569149851799011 0.2510966360569 0.02515575848519802 0.03354101131359736
0 0.48555701971054077 0.2544555962085724 0.02515575848519802 0.03354101131359736
0 0.41411107778549194 0.25781866908073425 0.02515575848519802 0.03354101131359736
0 0.3425769805908203 0.2611859142780304 0.02515575848519802 0.03354101131359736
0 0.27095457911491394 0.2645573019981384 0.02515575848519802 0.03354101131359736
0 0.7118741869926453 0.3167474567890167 0.02515575848519802 0.03354101131359736
0 0.6370956301689148 0.32031458616256714 0.02515575848519802 0.03354101131359736
0 0.5622203350067139 0.32388633489608765 0.02515575848519802 0.03354101131359736
0 0.48724809288978577 0.32746270298957825 0.02515575848519802 0.03354101131359736
0 0.4121786952018738 0.33104369044303894 0.02515575848519802 0.03354101131359736
0 0.3370119631290436 0.3346293568611145 0.02515575848519802 0.03354101131359736
0 0.2617477476596832 0.33821964263916016 0.02515575848519802 0.03354101131359736
0 0.7257139682769775 0.39681655168533325 0.02515575848519802 0.03354101131359736
0 0.6469566226005554 0.4006284475326538 0.02515575848519802 0.03354101131359736
0 0.5680919885635376 0.4044455587863922 0.02515575848519802 0.03354101131359736
0 0.4891197681427002 0.4082678556442261 0.02515575848519802 0.03354101131359736
0 0.4100397527217865 0.4120953679084778 0.02515575848519802 0.03354101131359736
0 0.3308517634868622 0.4159281253814697 0.02515575848519802 0.03354101131359736
0 0.25155550241470337 0.4197660982608795 0.02515575848519802 0.03354101131359736
0 0.7411119937896729 0.48590102791786194 0.02515575848519802 0.03354101131359736
0 0.6579287052154541 0.4899917542934418 0.02515575848519802 0.03354101131359736
0 0.5746257305145264 0.49408838152885437 0.02515575848519802 0.03354101131359736
0 0.4912026524543762 0.4981909394264221 0.02515575848519802 0.03354101131359736
0 0.40765929222106934 0.5022993683815002 0.02515575848519802 0.03354101131359736
0 0.3239954113960266 0.5064137578010559 0.02515575848519802 0.03354101131359736
0 0.24021071195602417 0.5105340480804443 0.02515575848519802 0.03354101131359736
0 0.75834721326828 0.5856143236160278 0.02515575848519802 0.03354101131359736
0 0.6702108979225159 0.5900253057479858 0.02515575848519802 0.03354101131359736
0 0.5819401741027832 0.5944430232048035 0.02515575848519802 0.03354101131359736
0 0.4935345947742462 0.5988674759864807 0.02515575848519802 0.03354101131359736
0 0.4049939513206482 0.6032986640930176 0.02515575848519802 0.03354101131359736
0 0.3163178861141205 0.6077366471290588 0.02515575848519802 0.03354101131359736
0 0.2275061160326004 0.6121814846992493 0.02515575848519802 0.03354101131359736
0 0.7777692079544067 0.6979793310165405 0.02515575848519802 0.03354101131359736
0 0.6840527653694153 0.7027614712715149 0.02515575848519802 0.03354101131359736
0 0.590184211730957 0.7075513601303101 0.02515575848519802 0.03354101131359736
0 0.49616318941116333 0.7123490571975708 0.02515575848519802 0.03354101131359736
0 0.4019893407821655 0.7171545624732971 0.02515575848519802 0.03354101131359736
0 0.3076622784137726 0.7219678163528442 0.02515575848519802 0.03354101131359736
0 0.21318167448043823 0.7267889976501465 0.02515575848519802 0.03354101131359736