0 0.7249394655227661 0.2296801060438156 0.03655567765235901 0.03655567765235901
0 0.6449549794197083 0.22763335704803467 0.03655567765235901 0.03655567765235901
0 0.5650948286056519 0.225589781999588 0.03655567765235901 0.03655567765235901
0 0.4853588044643402 0.22354939579963684 0.03655567765235901 0.03655567765235901
0 0.40574657917022705 0.22151216864585876 0.03655567765235901 0.03655567765235901
0 0.3262578547000885 0.21947810053825378 0.03655567765235901 0.03655567765235901
0 0.24689237773418427 0.2174471914768219 0.03655567765235901 0.03655567765235901
0 0.735447108745575 0.2867419123649597 0.03655567765235901 0.03655567765235901
0 0.652201771736145 0.2845657467842102 0.03655567765235901 0.03655567765235901
0 0.5690912008285522 0.28239306807518005 0.03655567765235901 0.03655567765235901
0 0.4861149489879608 0.28022390604019165 0.03655567765235901 0.03655567765235901
0 0.4032727777957916 0.278058260679245 0.03655567765235901 0.03655567765235901
0 0.320564329624176 0.2758961319923401 0.03655567765235901 0.03655567765235901
0 0.23798932135105133 0.27373746037483215 0.03655567765235901 0.03655567765235901
0 0.7468462586402893 0.3486449718475342 0.03655567765235901 0.03655567765235901
0 0.6600629091262817 0.34632429480552673 0.03655567765235901 0.03655567765235901
0 0.5734260082244873 0.3440075218677521 0.03655567765235901 0.03655567765235901
0 0.4869350790977478 0.3416946828365326 0.03655567765235901 0.03655567765235901
0 0.40058979392051697 0.3393857181072235 0.03655567765235901 0.03655567765235901
0 0.31438979506492615 0.33708062767982483 0.03655567765235901 0.03655567765235901
0 0.22833473980426788 0.33477941155433655 0.03655567765235901 0.03655567765235901
0 0.7592553496360779 0.41603267192840576 0.03655567765235901 0.03655567765235901
0 0.6686199903488159 0.41354987025260925 0.03655567765235901 0.03655567765235901
0 0.5781441926956177 0.41107144951820374 0.03655567765235901 0.03655567765235901
0 0.4878276586532593 0.4085973799228668 0.03655567765235901 0.03655567765235901
0 0.3976699411869049 0.4061276614665985 0.03655567765235901 0.03655567765235901
0 0.30767062306404114 0.4036622941493988 0.03655567765235901 0.03655567765235901
0 0.21782924234867096 0.4012012481689453 0.03655567765235901 0.03655567765235901
0 0.7728148698806763 0.48966771364212036 0.03655567765235901 0.03655567765235901
0 0.6779695749282837 0.48700201511383057 0.03655567765235901 0.03655567765235901
0 0.5832990407943726 0.48434123396873474 0.03655567765235901 0.03655567765235901
0 0.48880279064178467 0.4816853702068329 0.03655567765235901 0.03655567765235901
0 0.3944804072380066 0.4790343642234802 0.03655567765235901 0.03655567765235901
0 0.30033135414123535 0.47638824582099915 0.03655567765235901 0.03655567765235901
0 0.20635518431663513 0.47374698519706726 0.03655567765235901 0.03655567765235901
0 0.7876926064491272 0.570461094379425 0.03655567765235901 0.03655567765235901
0 0.6882271766662598 0.5675877928733826 0.03655567765235901 0.03655567765235901
0 0.588953971862793 0.564720094203949 0.03655567765235901 0.03655567765235901
0 0.48987245559692383 0.5618578791618347 0.03655567765235901 0.03655567765235901
0 0.3909820020198822 0.5590012669563293 0.03655567765235901 0.03655567765235901
0 0.2922820746898651 0.5561500787734985 0.03655567765235901 0.03655567765235901
0 0.19377213716506958 0.5533044338226318 0.03655567765235901 0.03655567765235901
0 0.8040904998779297 0.6595099568367004 0.03655567765235901 0.03655567765235901
0 0.6995318531990051 0.6563995480537415 0.03655567765235901 0.03655567765235901
0 0.5951856374740601 0.6532953977584839 0.03655567765235901 0.03655567765235901
0 0.49105104804039 0.6501975655555725 0.03655567765235901 0.03655567765235901
0 0.387127548456192 0.6471060514450073 0.03655567765235901 0.03655567765235901
0 0.28341445326805115 0.6440207958221436 0.03655567765235901 0.03655567765235901
0 0.17991113662719727 0.6409417390823364 0.03655567765235901 0.03655567765235901