0 0.7176464200019836 0.25146615505218506 0.032851383090019226 0.032851383090019226
0 0.6444463133811951 0.25286781787872314 0.032851383090019226 0.032851383090019226
0 0.5717232823371887 0.2542603313922882 0.032851383090019226 0.032851383090019226
0 0.4994727671146393 0.2556437849998474 0.032851383090019226 0.032851383090019226
0 0.42769014835357666 0.2570182979106903 0.032851383090019226 0.032851383090019226
0 0.35637086629867554 0.25838392972946167 0.032851383090019226 0.032851383090019226
0 0.28551051020622253 0.25974076986312866 0.032851383090019226 0.032851383090019226
0 0.7264026403427124 0.3101811110973358 0.032851383090019226 0.032851383090019226
0 0.6502268314361572 0.3114394545555115 0.032851383090019226 0.032851383090019226
0 0.574567437171936 0.31268927454948425 0.032851383090019226 0.032851383090019226
0 0.49941927194595337 0.3139306306838989 0.032851383090019226 0.032851383090019226
0 0.42477715015411377 0.31516364216804504 0.032851383090019226 0.032851383090019226
0 0.35063597559928894 0.31638839840888977 0.032851383090019226 0.032851383090019226
0 0.27699074149131775 0.3176049292087555 0.032851383090019226 0.032851383090019226
0 0.7358957529067993 0.3738376200199127 0.032851383090019226 0.032851383090019226
0 0.6564921140670776 0.37492313981056213 0.032851383090019226 0.032851383090019226
0 0.5776492357254028 0.3760009706020355 0.032851383090019226 0.032851383090019226
0 0.4993613064289093 0.37707123160362244 0.032851383090019226 0.032851383090019226
0 0.4216224253177643 0.37813398241996765 0.032851383090019226 0.032851383090019226
0 0.34442687034606934 0.37918931245803833 0.032851383090019226 0.032851383090019226
0 0.2677689492702484 0.38023731112480164 0.032851383090019226 0.032851383090019226
0 0.7462229132652283 0.4430869519710541 0.032851383090019226 0.032851383090019226
0 0.6633058190345764 0.44396382570266724 0.032851383090019226 0.032851383090019226
0 0.5809998512268066 0.4448342025279999 0.032851383090019226 0.032851383090019226
0 0.4992983043193817 0.44569823145866394 0.032851383090019226 0.032851383090019226
0 0.41819459199905396 0.4465559124946594 0.032851383090019226 0.032851383090019226
0 0.33768215775489807 0.4474073350429535 0.032851383090019226 0.032851383090019226
0 0.2577545642852783 0.4482525885105133 0.032851383090019226 0.032851383090019226
0 0.7574991583824158 0.5187000632286072 0.032851383090019226 0.032851383090019226
0 0.6707432270050049 0.519324541091919 0.032851383090019226 0.032851383090019226
0 0.5846559405326843 0.5199441909790039 0.032851383090019226 0.032851383090019226
0 0.4992296099662781 0.5205591320991516 0.032851383090019226 0.032851383090019226
0 0.4144565761089325 0.5211693644523621 0.032851383090019226 0.032851383090019226
0 0.33032944798469543 0.52177494764328 0.032851383090019226 0.032851383090019226
0 0.24684084951877594 0.5223759412765503 0.032851383090019226 0.032851383090019226
0 0.7698615193367004 0.6015963554382324 0.032851383090019226 0.032851383090019226
0 0.6788941621780396 0.6019147634506226 0.032851383090019226 0.032851383090019226
0 0.5886613726615906 0.6022305488586426 0.032851383090019226 0.032851383090019226
0 0.49915432929992676 0.602543830871582 0.032851383090019226 0.032851383090019226
0 0.4103643000125885 0.6028546094894409 0.032851383090019226 0.032851383090019226
0 0.3222826421260834 0.6031628847122192 0.032851383090019226 0.032851383090019226
0 0.23490098118782043 0.6034687757492065 0.032851383090019226 0.032851383090019226
0 0.783474862575531 0.6928814053535461 0.032851383090019226 0.032851383090019226
0 0.6878663897514343 0.6928271055221558 0.032851383090019226 0.032851383090019226
0 0.5930687189102173 0.6927732825279236 0.032851383090019226 0.032851383090019226
0 0.49907156825065613 0.6927199363708496 0.032851383090019226 0.032851383090019226
0 0.4058648347854614 0.6926670670509338 0.032851383090019226 0.032851383090019226
0 0.3134385645389557 0.6926145553588867 0.032851383090019226 0.032851383090019226
0 0.22178305685520172 0.6925625205039978 0.032851383090019226 0.032851383090019226