0 0.6930024027824402 0.33937397599220276 0.030273817479610443 0.030273817479610443
0 0.6275215744972229 0.3386189043521881 0.030273817479610443 0.030273817479610443
0 0.5619831085205078 0.33786317706108093 0.030273817479610443 0.030273817479610443
0 0.49638691544532776 0.3371067941188812 0.030273817479610443 0.030273817479610443
0 0.43073296546936035 0.3363497257232666 0.030273817479610443 0.030273817479610443
0 0.36502113938331604 0.33559200167655945 0.030273817479610443 0.030273817479610443
0 0.29925134778022766 0.33483362197875977 0.030273817479610443 0.030273817479610443
0 0.7010514736175537 0.39209088683128357 0.030273817479610443 0.030273817479610443
0 0.6328748464584351 0.3913288414478302 0.030273817479610443 0.030273817479610443
0 0.5646357536315918 0.3905660808086395 0.030273817479610443 0.030273817479610443
0 0.49633410573005676 0.38980263471603394 0.030273817479610443 0.030273817479610443
0 0.427969753742218 0.3890385031700134 0.030273817479610443 0.030273817479610443
0 0.35954269766807556 0.3882736563682556 0.030273817479610443 0.030273817479610443
0 0.29105278849601746 0.3875081241130829 0.030273817479610443 0.030273817479610443
0 0.70979243516922 0.4493390619754791 0.030273817479610443 0.030273817479610443
0 0.6386885046958923 0.4485715925693512 0.030273817479610443 0.030273817479610443
0 0.5675166249275208 0.44780340790748596 0.030273817479610443 0.030273817479610443
0 0.49627670645713806 0.44703447818756104 0.030273817479610443 0.030273817479610443
0 0.4249686002731323 0.4462648034095764 0.030273817479610443 0.030273817479610443
0 0.3535922169685364 0.4454944133758545 0.030273817479610443 0.030273817479610443
0 0.28214749693870544 0.4447232782840729 0.030273817479610443 0.030273817479610443
0 0.7193184494972229 0.5117290019989014 0.030273817479610443 0.030273817479610443
0 0.6450245976448059 0.510958194732666 0.030273817479610443 0.030273817479610443
0 0.5706565380096436 0.5101866126060486 0.030273817479610443 0.030273817479610443
0 0.4962141811847687 0.5094143152236938 0.030273817479610443 0.030273817479610443
0 0.42169734835624695 0.5086411833763123 0.030273817479610443 0.030273817479610443
0 0.3471059799194336 0.5078672766685486 0.030273817479610443 0.030273817479610443
0 0.27243995666503906 0.5070926547050476 0.030273817479610443 0.030273817479610443
0 0.7297402620315552 0.5799859762191772 0.030273817479610443 0.030273817479610443
0 0.6519568562507629 0.5792145729064941 0.030273817479610443 0.030273817479610443
0 0.5740920305252075 0.578442394733429 0.030273817479610443 0.030273817479610443
0 0.49614575505256653 0.5776693820953369 0.030273817479610443 0.030273817479610443
0 0.41811785101890564 0.5768955945968628 0.030273817479610443 0.030273817479610443
0 0.3400081992149353 0.5761209726333618 0.030273817479610443 0.030273817479610443
0 0.26181668043136597 0.5753455758094788 0.030273817479610443 0.030273817479610443
0 0.741190493106842 0.6549783945083618 0.030273817479610443 0.030273817479610443
0 0.659573495388031 0.6542100310325623 0.030273817479610443 0.030273817479610443
0 0.5778669118881226 0.6534408926963806 0.030273817479610443 0.030273817479610443
0 0.4960705637931824 0.6526708602905273 0.030273817479610443 0.030273817479610443
0 0.4141843318939209 0.6518999934196472 0.030273817479610443 0.030273817479610443
0 0.3322080969810486 0.6511282920837402 0.030273817479610443 0.030273817479610443
0 0.2501416504383087 0.6503557562828064 0.030273817479610443 0.030273817479610443
0 0.753829300403595 0.7377549409866333 0.030273817479610443 0.030273817479610443
0 0.6679812073707581 0.7369945049285889 0.030273817479610443 0.030273817479610443
0 0.5820340514183044 0.736233115196228 0.030273817479610443 0.030273817479610443
0 0.49598753452301025 0.7354709506034851 0.030273817479610443 0.030273817479610443
0 0.4098415672779083 0.7347078323364258 0.030273817479610443 0.030273817479610443
0 0.32359597086906433 0.7339438199996948 0.030273817479610443 0.030273817479610443
0 0.23725056648254395 0.733178973197937 0.030273817479610443 0.030273817479610443