0 0.7255167961120605 0.2949930727481842 0.033946807185808815 0.033946807185808815
0 0.6513027548789978 0.295526385307312 0.033946807185808815 0.033946807185808815
0 0.5778025388717651 0.29605454206466675 0.033946807185808815 0.033946807185808815
0 0.505005955696106 0.29657766222953796 0.033946807185808815 0.033946807185808815
0 0.4329029321670532 0.29709577560424805 0.033946807185808815 0.033946807185808815
0 0.36148354411125183 0.29760900139808655 0.033946807185808815 0.033946807185808815
0 0.29073816537857056 0.29811736941337585 0.033946807185808815 0.033946807185808815
0 0.7331059575080872 0.3544694483280182 0.033946807185808815 0.033946807185808815
0 0.6556292176246643 0.35472601652145386 0.033946807185808815 0.033946807185808815
0 0.5789299607276917 0.3549799919128418 0.033946807185808815 0.033946807185808815
0 0.5029965043067932 0.3552314341068268 0.033946807185808815 0.033946807185808815
0 0.4278174042701721 0.3554803729057312 0.033946807185808815 0.033946807185808815
0 0.35338151454925537 0.35572686791419983 0.033946807185808815 0.033946807185808815
0 0.2796778678894043 0.35597091913223267 0.033946807185808815 0.033946807185808815
0 0.741388201713562 0.4193774461746216 0.033946807185808815 0.033946807185808815
0 0.6603487730026245 0.4193034768104553 0.033946807185808815 0.033946807185808815
0 0.5801592469215393 0.41923028230667114 0.033946807185808815 0.033946807185808815
0 0.5008063912391663 0.41915786266326904 0.033946807185808815 0.033946807185808815
0 0.4222770929336548 0.41908618807792664 0.033946807185808815 0.033946807185808815
0 0.3445586562156677 0.4190152585506439 0.033946807185808815 0.033946807185808815
0 0.267638623714447 0.4189450442790985 0.033946807185808815 0.033946807185808815
0 0.75046306848526 0.4904966652393341 0.033946807185808815 0.033946807185808815
0 0.6655174493789673 0.49002641439437866 0.033946807185808815 0.033946807185808815
0 0.5815048813819885 0.4895613491535187 0.033946807185808815 0.033946807185808815
0 0.49841010570526123 0.4891013503074646 0.033946807185808815 0.033946807185808815
0 0.4162181317806244 0.48864635825157166 0.033946807185808815 0.033946807185808815
0 0.33491435647010803 0.4881962835788727 0.033946807185808815 0.033946807185808815
0 0.2544844448566437 0.4877510666847229 0.033946807185808815 0.033946807185808815
0 0.7604498863220215 0.5687634944915771 0.033946807185808815 0.033946807185808815
0 0.671202540397644 0.567815899848938 0.033946807185808815 0.033946807185808815
0 0.5829841494560242 0.5668793320655823 0.033946807185808815 0.033946807185808815
0 0.4957771301269531 0.5659534335136414 0.033946807185808815 0.033946807185808815
0 0.4095641076564789 0.5650380849838257 0.033946807185808815 0.033946807185808815
0 0.32432821393013 0.5641331076622009 0.033946807185808815 0.033946807185808815
0 0.2400529384613037 0.5632383823394775 0.033946807185808815 0.033946807185808815
0 0.7714935541152954 0.6553124189376831 0.033946807185808815 0.033946807185808815
0 0.6774855256080627 0.653786838054657 0.033946807185808815 0.033946807185808815
0 0.584618091583252 0.6522797346115112 0.033946807185808815 0.033946807185808815
0 0.49287059903144836 0.650790810585022 0.033946807185808815 0.033946807185808815
0 0.4022228717803955 0.6493197083473206 0.033946807185808815 0.033946807185808815
0 0.3126552402973175 0.6478661894798279 0.033946807185808815 0.033946807185808815
0 0.22414857149124146 0.6464298367500305 0.033946807185808815 0.033946807185808815
0 0.7837710976600647 0.7515315413475037 0.033946807185808815 0.033946807185808815
0 0.6844660639762878 0.7493014335632324 0.033946807185808815 0.033946807185808815
0 0.5864322781562805 0.7470998764038086 0.033946807185808815 0.033946807185808815
0 0.48964551091194153 0.7449262738227844 0.033946807185808815 0.033946807185808815
0 0.39408209919929504 0.7427801489830017 0.033946807185808815 0.033946807185808815
0 0.2997190058231354 0.7406610250473022 0.033946807185808815 0.033946807185808815
0 0.2065337598323822 0.7385683059692383 0.033946807185808815 0.033946807185808815