0 0.6906786561012268 0.28722792863845825 0.03236062079668045 0.03236062079668045
0 0.6224653124809265 0.288549542427063 0.03236062079668045 0.03236062079668045
0 0.5541824102401733 0.28987249732017517 0.03236062079668045 0.03236062079668045
0 0.4858298599720001 0.2911967933177948 0.03236062079668045 0.03236062079668045
0 0.4174076020717621 0.29252246022224426 0.03236062079668045 0.03236062079668045
0 0.3489154577255249 0.29384946823120117 0.03236062079668045 0.03236062079668045
0 0.2803533971309662 0.2951778471469879 0.03236062079668045 0.03236062079668045
0 0.7010864019393921 0.339951753616333 0.03236062079668045 0.03236062079668045
0 0.6298758387565613 0.34135955572128296 0.03236062079668045 0.03236062079668045
0 0.558589518070221 0.3427688777446747 0.03236062079668045 0.03236062079668045
0 0.48722729086875916 0.3441797196865082 0.03236062079668045 0.03236062079668045
0 0.41578903794288635 0.34559205174446106 0.03236062079668045 0.03236062079668045
0 0.344274640083313 0.3470058739185333 0.03236062079668045 0.03236062079668045
0 0.2726839780807495 0.34842121601104736 0.03236062079668045 0.03236062079668045
0 0.7124521136283875 0.39752835035324097 0.03236062079668045 0.03236062079668045
0 0.637968897819519 0.3990330100059509 0.03236062079668045 0.03236062079668045
0 0.5634027719497681 0.400539368391037 0.03236062079668045 0.03236062079668045
0 0.4887535572052002 0.40204742550849915 0.03236062079668045 0.03236062079668045
0 0.41402119398117065 0.4035571217536926 0.03236062079668045 0.03236062079668045
0 0.33920547366142273 0.4050685167312622 0.03236062079668045 0.03236062079668045
0 0.26430627703666687 0.4065816104412079 0.03236062079668045 0.03236062079668045
0 0.7249143719673157 0.46066004037857056 0.03236062079668045 0.03236062079668045
0 0.6468431949615479 0.4622741639614105 0.03236062079668045 0.03236062079668045
0 0.5686809420585632 0.4638901650905609 0.03236062079668045 0.03236062079668045
0 0.4904273450374603 0.4655080735683441 0.03236062079668045 0.03236062079668045
0 0.41208237409591675 0.46712785959243774 0.03236062079668045 0.03236062079668045
0 0.3336457908153534 0.4687495231628418 0.03236062079668045 0.03236062079668045
0 0.2551174759864807 0.47037312388420105 0.03236062079668045 0.03236062079668045
0 0.7386400103569031 0.5301915407180786 0.03236062079668045 0.03236062079668045
0 0.6566177010536194 0.531930148601532 0.03236062079668045 0.03236062079668045
0 0.5744947791099548 0.5336708426475525 0.03236062079668045 0.03236062079668045
0 0.4922711253166199 0.5354137420654297 0.03236062079668045 0.03236062079668045
0 0.4099465310573578 0.537158727645874 0.03236062079668045 0.03236062079668045
0 0.32752078771591187 0.5389058589935303 0.03236062079668045 0.03236062079668045
0 0.24499373137950897 0.5406551361083984 0.03236062079668045 0.03236062079668045
0 0.7538313269615173 0.6071479320526123 0.03236062079668045 0.03236062079668045
0 0.6674365997314453 0.6090290546417236 0.03236062079668045 0.03236062079668045
0 0.5809302926063538 0.6109126806259155 0.03236062079668045 0.03236062079668045
0 0.4943121671676636 0.6127986907958984 0.03236062079668045 0.03236062079668045
0 0.40758201479911804 0.6146871447563171 0.03236062079668045 0.03236062079668045
0 0.32073959708213806 0.6165780425071716 0.03236062079668045 0.03236062079668045
0 0.2337847352027893 0.6184713840484619 0.03236062079668045 0.03236062079668045
0 0.7707362771034241 0.6927855610847473 0.03236062079668045 0.03236062079668045
0 0.679476797580719 0.6948313117027283 0.03236062079668045 0.03236062079668045
0 0.5880927443504333 0.6968798041343689 0.03236062079668045 0.03236062079668045
0 0.4965839385986328 0.6989311575889587 0.03236062079668045 0.03236062079668045
0 0.4049500524997711 0.7009852528572083 0.03236062079668045 0.03236062079668045
0 0.31319084763526917 0.703042209148407 0.03236062079668045 0.03236062079668045
0 0.22130607068538666 0.7051019072532654 0.03236062079668045 0.03236062079668045