0 0.27828291058540344 0.29835420846939087 0.0320197269320488 0.0320197269320488
0 0.27052465081214905 0.3529704809188843 0.0320197269320488 0.0320197269320488
0 0.2621695399284363 0.4117885231971741 0.0320197269320488 0.0320197269320488
0 0.2531459331512451 0.47531256079673767 0.0320197269320488 0.0320197269320488
0 0.24337027966976166 0.5441309809684753 0.0320197269320488 0.0320197269320488
0 0.23274444043636322 0.6189344525337219 0.0320197269320488 0.0320197269320488
0 0.22115248441696167 0.7005391716957092 0.0320197269320488 0.0320197269320488
0 0.3506244122982025 0.2983189523220062 0.0320197269320488 0.0320197269320488
0 0.34554946422576904 0.35289466381073 0.0320197269320488 0.0320197269320488
0 0.34008434414863586 0.4116658568382263 0.0320197269320488 0.0320197269320488
0 0.3341823220252991 0.4751356840133667 0.0320197269320488 0.0320197269320488
0 0.327788770198822 0.5438910722732544 0.0320197269320488 0.0320197269320488
0 0.32083967328071594 0.6186209917068481 0.0320197269320488 0.0320197269320488
0 0.3132593035697937 0.7001394629478455 0.0320197269320488 0.0320197269320488
0 0.42286568880081177 0.29828375577926636 0.0320197269320488 0.0320197269320488
0 0.42046645283699036 0.35281893610954285 0.0320197269320488 0.0320197269320488
0 0.41788288950920105 0.4115433990955353 0.0320197269320488 0.0320197269320488
0 0.41509294509887695 0.4749590754508972 0.0320197269320488 0.0320197269320488
0 0.4120708405971527 0.5436515808105469 0.0320197269320488 0.0320197269320488
0 0.4087863564491272 0.6183080673217773 0.0320197269320488 0.0320197269320488
0 0.40520375967025757 0.699740469455719 0.0320197269320488 0.0320197269320488
0 0.4950069487094879 0.2982485890388489 0.0320197269320488 0.0320197269320488
0 0.4952758848667145 0.35274332761764526 0.0320197269320488 0.0320197269320488
0 0.4955654442310333 0.4114210903644562 0.0320197269320488 0.0320197269320488
0 0.49587810039520264 0.4747827649116516 0.0320197269320488 0.0320197269320488
0 0.4962167739868164 0.543412446975708 0.0320197269320488 0.0320197269320488
0 0.49658483266830444 0.6179956793785095 0.0320197269320488 0.0320197269320488
0 0.4969862699508667 0.6993422508239746 0.0320197269320488 0.0320197269320488
0 0.5670483708381653 0.29821348190307617 0.0320197269320488 0.0320197269320488
0 0.5699779391288757 0.35266783833503723 0.0320197269320488 0.0320197269320488
0 0.5731322765350342 0.4112989902496338 0.0320197269320488 0.0320197269320488
0 0.5765381455421448 0.4746066927909851 0.0320197269320488 0.0320197269320488
0 0.5802269577980042 0.5431737303733826 0.0320197269320488 0.0320197269320488
0 0.5842354893684387 0.6176837682723999 0.0320197269320488 0.0320197269320488
0 0.5886072516441345 0.698944628238678 0.0320197269320488 0.0320197269320488
0 0.6389901638031006 0.29817843437194824 0.0320197269320488 0.0320197269320488
0 0.644572913646698 0.35259243845939636 0.0320197269320488 0.0320197269320488
0 0.6505835652351379 0.4111770689487457 0.0320197269320488 0.0320197269320488
0 0.6570732593536377 0.4744309186935425 0.0320197269320488 0.0320197269320488
0 0.6641016602516174 0.5429353713989258 0.0320197269320488 0.0320197269320488
0 0.6717387437820435 0.617372453212738 0.0320197269320488 0.0320197269320488
0 0.6800671219825745 0.6985477805137634 0.0320197269320488 0.0320197269320488
0 0.7108325958251953 0.2981434166431427 0.0320197269320488 0.0320197269320488
0 0.719061017036438 0.35251715779304504 0.0320197269320488 0.0320197269320488
0 0.7279196977615356 0.411055326461792 0.0320197269320488 0.0320197269320488
0 0.7374838590621948 0.47425541281700134 0.0320197269320488 0.0320197269320488
0 0.7478412985801697 0.5426973700523376 0.0320197269320488 0.0320197269320488
0 0.7590948939323425 0.6170616149902344 0.0320197269320488 0.0320197269320488
0 0.7713663578033447 0.6981515884399414 0.0320197269320488 0.0320197269320488