0 0.7059445977210999 0.1599307507276535 0.02287704823538661 0.034208670258522034
0 0.6297755241394043 0.15972420573234558 0.02287704823538661 0.034208670258522034
0 0.5533645153045654 0.15951700508594513 0.02287704823538661 0.034208670258522034
0 0.4767104983329773 0.15930913388729095 0.02287704823538661 0.034208670258522034
0 0.3998121917247772 0.15910062193870544 0.02287704823538661 0.034208670258522034
0 0.32266852259635925 0.15889142453670502 0.02287704823538661 0.034208670258522034
0 0.2452782392501831 0.15868157148361206 0.02287704823538661 0.034208670258522034
0 0.7174230813980103 0.23984785377979279 0.02287704823538661 0.034208670258522034
0 0.6384355425834656 0.23976503312587738 0.02287704823538661 0.034208670258522034
0 0.5591877698898315 0.23968195915222168 0.02287704823538661 0.034208670258522034
0 0.47967851161956787 0.2395986020565033 0.02287704823538661 0.034208670258522034
0 0.3999063968658447 0.23951496183872223 0.02287704823538661 0.034208670258522034
0 0.3198701739311218 0.23943105340003967 0.02287704823538661 0.034208670258522034
0 0.2395685315132141 0.23934686183929443 0.02287704823538661 0.034208670258522034
0 0.7297883629798889 0.32593870162963867 0.02287704823538661 0.034208670258522034
0 0.6477657556533813 0.32599976658821106 0.02287704823538661 0.034208670258522034
0 0.5654624700546265 0.3260610103607178 0.02287704823538661 0.034208670258522034
0 0.4828769862651825 0.3261224627494812 0.02287704823538661 0.034208670258522034
0 0.4000079333782196 0.32618415355682373 0.02287704823538661 0.034208670258522034
0 0.3168538212776184 0.3262460231781006 0.02287704823538661 0.034208670258522034
0 0.2334131896495819 0.32630813121795654 0.02287704823538661 0.034208670258522034
0 0.7431472539901733 0.4189474880695343 0.02287704823538661 0.034208670258522034
0 0.657846987247467 0.41917625069618225 0.02287704823538661 0.034208670258522034
0 0.5722430944442749 0.41940584778785706 0.02287704823538661 0.034208670258522034
0 0.4863338768482208 0.41963624954223633 0.02287704823538661 0.034208670258522034
0 0.4001176953315735 0.41986745595932007 0.02287704823538661 0.034208670258522034
0 0.31359291076660156 0.42009952664375305 0.02287704823538661 0.034208670258522034
0 0.22675789892673492 0.4203324019908905 0.02287704823538661 0.034208670258522034
0 0.7576245069503784 0.5197429060935974 0.02287704823538661 0.034208670258522034
0 0.6687738299369812 0.520167887210846 0.02287704823538661 0.034208670258522034
0 0.5795935392379761 0.5205944180488586 0.02287704823538661 0.034208670258522034
0 0.4900817573070526 0.521022617816925 0.02287704823538661 0.034208670258522034
0 0.40023669600486755 0.5214523077011108 0.02287704823538661 0.034208670258522034
0 0.3100564777851105 0.5218836665153503 0.02287704823538661 0.034208670258522034
0 0.21953918039798737 0.5223166346549988 0.02287704823538661 0.034208670258522034
0 0.7733667492866516 0.6293455362319946 0.02287704823538661 0.034208670258522034
0 0.6806572675704956 0.6300009489059448 0.02287704823538661 0.034208670258522034
0 0.5875887274742126 0.6306588649749756 0.02287704823538661 0.034208670258522034
0 0.4941590428352356 0.6313193440437317 0.02287704823538661 0.034208670258522034
0 0.4003661870956421 0.6319823861122131 0.02287704823538661 0.034208670258522034
0 0.3062079846858978 0.6326480507850647 0.02287704823538661 0.034208670258522034
0 0.21168231964111328 0.6333162784576416 0.02287704823538661 0.034208670258522034
0 0.7905473709106445 0.7489624619483948 0.02287704823538661 0.034208670258522034
0 0.6936286091804504 0.749889612197876 0.02287704823538661 0.034208670258522034
0 0.5963173508644104 0.7508204579353333 0.02287704823538661 0.034208670258522034
0 0.4986111521720886 0.7517551779747009 0.02287704823538661 0.034208670258522034
0 0.4005075991153717 0.7526936531066895 0.02287704823538661 0.034208670258522034
0 0.30200430750846863 0.7536359429359436 0.02287704823538661 0.034208670258522034
0 0.20309880375862122 0.7545821070671082 0.02287704823538661 0.034208670258522034