0 0.7337513566017151 0.18224290013313293 0.03405684481064478 0.03405684481064478
0 0.659559965133667 0.18254807591438293 0.03405684481064478 0.03405684481064478
0 0.5851898789405823 0.18285398185253143 0.03405684481064478 0.03405684481064478
0 0.5106404423713684 0.18316061794757843 0.03405684481064478 0.03405684481064478
0 0.4359109699726105 0.1834680140018463 0.03405684481064478 0.03405684481064478
0 0.36100083589553833 0.1837761402130127 0.03405684481064478 0.03405684481064478
0 0.28590941429138184 0.18408501148223877 0.03405684481064478 0.03405684481064478
0 0.7433509230613708 0.23341219127178192 0.03405684481064478 0.03405684481064478
0 0.6662087440490723 0.23379355669021606 0.03405684481064478 0.03405684481064478
0 0.5888732671737671 0.2341758906841278 0.03405684481064478 0.03405684481064478
0 0.5113438367843628 0.23455916345119476 0.03405684481064478 0.03405684481064478
0 0.43361973762512207 0.2349434196949005 0.03405684481064478 0.03405684481064478
0 0.35570016503334045 0.23532862961292267 0.03405684481064478 0.03405684481064478
0 0.27758440375328064 0.23571480810642242 0.03405684481064478 0.03405684481064478
0 0.7537480592727661 0.28883281350135803 0.03405684481064478 0.03405684481064478
0 0.6734105944633484 0.289302259683609 0.03405684481064478 0.03405684481064478
0 0.5928635001182556 0.2897729277610779 0.03405684481064478 0.03405684481064478
0 0.5121059417724609 0.29024481773376465 0.03405684481064478 0.03405684481064478
0 0.4311371147632599 0.2907179594039917 0.03405684481064478 0.03405684481064478
0 0.3499561846256256 0.29119235277175903 0.03405684481064478 0.03405684481064478
0 0.26856231689453125 0.29166796803474426 0.03405684481064478 0.03405684481064478
0 0.7650464177131653 0.34905755519866943 0.03405684481064478 0.03405684481064478
0 0.6812375783920288 0.3496292531490326 0.03405684481064478 0.03405684481064478
0 0.5972005724906921 0.3502025008201599 0.03405684481064478 0.03405684481064478
0 0.5129343867301941 0.3507773280143738 0.03405684481064478 0.03405684481064478
0 0.4284381568431854 0.3513537049293518 0.03405684481064478 0.03405684481064478
0 0.34371089935302734 0.3519316613674164 0.03405684481064478 0.03405684481064478
0 0.25875169038772583 0.3525112271308899 0.03405684481064478 0.03405684481064478
0 0.7773686051368713 0.41473937034606934 0.03405684481064478 0.03405684481064478
0 0.6897748112678528 0.41543033719062805 0.03405684481064478 0.03405684481064478
0 0.6019317507743835 0.41612330079078674 0.03405684481064478 0.03405684481064478
0 0.5138382315635681 0.416818231344223 0.03405684481064478 0.03405684481064478
0 0.4254932105541229 0.4175151586532593 0.03405684481064478 0.03405684481064478
0 0.3368956744670868 0.4182140529155731 0.03405684481064478 0.03405684481064478
0 0.24804450571537018 0.4189149737358093 0.03405684481064478 0.03405684481064478
0 0.7908602952957153 0.48665517568588257 0.03405684481064478 0.03405684481064478
0 0.6991235613822937 0.4874860644340515 0.03405684481064478 0.03405684481064478
0 0.607113242149353 0.488319456577301 0.03405684481064478 0.03405684481064478
0 0.5148282051086426 0.4891553223133087 0.03405684481064478 0.03405684481064478
0 0.4222671091556549 0.4899936616420746 0.03405684481064478 0.03405684481064478
0 0.3294287621974945 0.4908345341682434 0.03405684481064478 0.03405684481064478
0 0.2363119125366211 0.4916779398918152 0.03405684481064478 0.03405684481064478
0 0.8056963086128235 0.565736711025238 0.03405684481064478 0.03405684481064478
0 0.709405243396759 0.5667327046394348 0.03405684481064478 0.03405684481064478
0 0.6128127574920654 0.5677317976951599 0.03405684481064478 0.03405684481064478
0 0.5159173011779785 0.5687339901924133 0.03405684481064478 0.03405684481064478
0 0.41871753334999084 0.5697393417358398 0.03405684481064478 0.03405684481064478
0 0.3212119936943054 0.5707479119300842 0.03405684481064478 0.03405684481064478
0 0.22339922189712524 0.5717595815658569 0.03405684481064478 0.03405684481064478