0 0.23342669010162354 0.6546212434768677 0.033573719362417855 0.033573719362417855
0 0.3315088748931885 0.6548100709915161 0.033573719362417855 0.033573719362417855
0 0.4292184114456177 0.654998242855072 0.033573719362417855 0.033573719362417855
0 0.526557445526123 0.6551856398582458 0.033573719362417855 0.033573719362417855
0 0.6235281229019165 0.6553723216056824 0.033573719362417855 0.033573719362417855
0 0.7201324105262756 0.6555583477020264 0.033573719362417855 0.033573719362417855
0 0.8163725137710571 0.6557435989379883 0.033573719362417855 0.033573719362417855
0 0.24288669228553772 0.5622119903564453 0.033573719362417855 0.033573719362417855
0 0.3375890851020813 0.5625642538070679 0.033573719362417855 0.033573719362417855
0 0.43194398283958435 0.5629151463508606 0.033573719362417855 0.033573719362417855
0 0.5259532928466797 0.563264787197113 0.033573719362417855 0.033573719362417855
0 0.6196190118789673 0.5636131167411804 0.033573719362417855 0.033573719362417855
0 0.7129428386688232 0.5639601945877075 0.033573719362417855 0.033573719362417855
0 0.8059267997741699 0.5643060207366943 0.033573719362417855 0.033573719362417855
0 0.2517184615135193 0.47593954205513 0.033573719362417855 0.033573719362417855
0 0.34326621890068054 0.4764333963394165 0.033573719362417855 0.033573719362417855
0 0.4344891607761383 0.47692549228668213 0.033573719362417855 0.033573719362417855
0 0.5253890752792358 0.4774158298969269 0.033573719362417855 0.033573719362417855
0 0.6159676313400269 0.47790446877479553 0.033573719362417855 0.033573719362417855
0 0.7062265276908875 0.4783913493156433 0.033573719362417855 0.033573719362417855
0 0.7961674928665161 0.478876531124115 0.033573719362417855 0.033573719362417855
0 0.2599825859069824 0.39521220326423645 0.033573719362417855 0.033573719362417855
0 0.348579078912735 0.39582905173301697 0.033573719362417855 0.033573719362417855
0 0.43687134981155396 0.39644378423690796 0.033573719362417855 0.033573719362417855
0 0.5248609185218811 0.3970564007759094 0.033573719362417855 0.033573719362417855
0 0.612549364566803 0.39766693115234375 0.033573719362417855 0.033573719362417855
0 0.699938178062439 0.39827537536621094 0.033573719362417855 0.033573719362417855
0 0.7870290279388428 0.3988817632198334 0.033573719362417855 0.033573719362417855
0 0.26773205399513245 0.3195119798183441 0.033573719362417855 0.033573719362417855
0 0.353561669588089 0.32023581862449646 0.033573719362417855 0.033573719362417855
0 0.43910565972328186 0.3209572434425354 0.033573719362417855 0.033573719362417855
0 0.5243654847145081 0.3216762840747833 0.033573719362417855 0.033573719362417855
0 0.6093425154685974 0.32239291071891785 0.033573719362417855 0.033573719362417855
0 0.6940382122993469 0.32310718297958374 0.033573719362417855 0.033573719362417855
0 0.7784539461135864 0.323819100856781 0.033573719362417855 0.033573719362417855
0 0.2750135362148285 0.24838349223136902 0.033573719362417855 0.033573719362417855
0 0.35824379324913025 0.2492004781961441 0.033573719362417855 0.033573719362417855
0 0.4412054717540741 0.2500148117542267 0.033573719362417855 0.033573719362417855
0 0.5238997936248779 0.25082653760910034 0.033573719362417855 0.033573719362417855
0 0.6063281297683716 0.2516356408596039 0.033573719362417855 0.033573719362417855
0 0.688491702079773 0.2524421513080597 0.033573719362417855 0.033573719362417855
0 0.7703918218612671 0.25324609875679016 0.033573719362417855 0.033573719362417855
0 0.2818681299686432 0.18142475187778473 0.033573719362417855 0.033573719362417855
0 0.36265191435813904 0.18232287466526031 0.033573719362417855 0.033573719362417855
0 0.4431825876235962 0.18321819603443146 0.033573719362417855 0.033573719362417855
0 0.5234613418579102 0.18411071598529816 0.033573719362417855 0.033573719362417855
0 0.603489339351654 0.1850004345178604 0.033573719362417855 0.033573719362417855
0 0.6832678318023682 0.1858873963356018 0.033573719362417855 0.033573719362417855
0 0.7627978920936584 0.18677158653736115 0.033573719362417855 0.033573719362417855