0 0.2755086123943329 0.3000420331954956 0.03301897396643957 0.03301897396643957
0 0.26606035232543945 0.35481205582618713 0.03301897396643957 0.03301897396643957
0 0.2558937668800354 0.41374602913856506 0.03301897396643957 0.03301897396643957
0 0.24492372572422028 0.4773375988006592 0.03301897396643957 0.03301897396643957
0 0.23305104672908783 0.5461616516113281 0.03301897396643957 0.03301897396643957
0 0.22015954554080963 0.6208916306495667 0.03301897396643957 0.03301897396643957
0 0.20611219108104706 0.7023218870162964 0.03301897396643957 0.03301897396643957
0 0.3490583598613739 0.2996487617492676 0.03301897396643957 0.03301897396643957
0 0.34228745102882385 0.35453516244888306 0.03301897396643957 0.03301897396643957
0 0.33500051498413086 0.4136047661304474 0.03301897396643957 0.03301897396643957
0 0.32713615894317627 0.4773547351360321 0.03301897396643957 0.03301897396643957
0 0.31862300634384155 0.5463642477989197 0.03301897396643957 0.03301897396643957
0 0.3093772530555725 0.6213122606277466 0.03301897396643957 0.03301897396643957
0 0.29930010437965393 0.7029997110366821 0.03301897396643957 0.03301897396643957
0 0.4229479432106018 0.2992536425590515 0.03301897396643957 0.03301897396643957
0 0.4188796877861023 0.3542569875717163 0.03301897396643957 0.03301897396643957
0 0.4145006239414215 0.4134628176689148 0.03301897396643957 0.03301897396643957
0 0.40977367758750916 0.4773719310760498 0.03301897396643957 0.03301897396643957
0 0.40465566515922546 0.546567976474762 0.03301897396643957 0.03301897396643957
0 0.3990960419178009 0.6217352151870728 0.03301897396643957 0.03301897396643957
0 0.39303499460220337 0.7036815285682678 0.03301897396643957 0.03301897396643957
0 0.49717965722084045 0.2988567054271698 0.03301897396643957 0.03301897396643957
0 0.4958396553993225 0.3539774417877197 0.03301897396643957 0.03301897396643957
0 0.49439704418182373 0.4133201539516449 0.03301897396643957 0.03301897396643957
0 0.4928395450115204 0.47738924622535706 0.03301897396643957 0.03301897396643957
0 0.491152822971344 0.5467727780342102 0.03301897396643957 0.03301897396643957
0 0.48932015895843506 0.6221605539321899 0.03301897396643957 0.03301897396643957
0 0.48732173442840576 0.7043672800064087 0.03301897396643957 0.03301897396643957
0 0.5717558860778809 0.29845792055130005 0.03301897396643957 0.03301897396643957
0 0.5731700658798218 0.3536965548992157 0.03301897396643957 0.03301897396643957
0 0.5746927857398987 0.4131767749786377 0.03301897396643957 0.03301897396643957
0 0.5763370990753174 0.47740665078163147 0.03301897396643957 0.03301897396643957
0 0.5781182050704956 0.5469786524772644 0.03301897396643957 0.03301897396643957
0 0.5800539255142212 0.6225883364677429 0.03301897396643957 0.03301897396643957
0 0.5821651816368103 0.7050571441650391 0.03301897396643957 0.03301897396643957
0 0.6466791033744812 0.29805728793144226 0.03301897396643957 0.03301897396643957
0 0.6508735418319702 0.3534143269062042 0.03301897396643957 0.03301897396643957
0 0.6553908586502075 0.4130326807498932 0.03301897396643957 0.03301897396643957
0 0.6602697968482971 0.47742411494255066 0.03301897396643957 0.03301897396643957
0 0.6655556559562683 0.5471857190132141 0.03301897396643957 0.03301897396643957
0 0.6713016033172607 0.6230185031890869 0.03301897396643957 0.03301897396643957
0 0.6775702834129333 0.7057511210441589 0.03301897396643957 0.03301897396643957
0 0.7219516038894653 0.29765477776527405 0.03301897396643957 0.03301897396643957
0 0.7289527654647827 0.3531307280063629 0.03301897396643957 0.03301897396643957
0 0.7364941835403442 0.4128878712654114 0.03301897396643957 0.03301897396643957
0 0.7446410059928894 0.4774416983127594 0.03301897396643957 0.03301897396643957
0 0.7534690499305725 0.5473938584327698 0.03301897396643957 0.03301897396643957
0 0.7630675435066223 0.6234511137008667 0.03301897396643957 0.03301897396643957
0 0.773542046546936 0.7064491510391235 0.03301897396643957 0.03301897396643957