0 0.7076793313026428 0.16015756130218506 0.022833561974888048 0.034143644074598946
0 0.6316702961921692 0.16001884639263153 0.022833561974888048 0.034143644074598946
0 0.5552850365638733 0.15987944602966309 0.022833561974888048 0.034143644074598946
0 0.4785206913948059 0.15973934531211853 0.022833561974888048 0.034143644074598946
0 0.4013744592666626 0.15959855914115906 0.022833561974888048 0.034143644074598946
0 0.32384350895881653 0.15945705771446228 0.022833561974888048 0.034143644074598946
0 0.2459249049425125 0.15931487083435059 0.022833561974888048 0.034143644074598946
0 0.7189435362815857 0.24022939801216125 0.022833561974888048 0.034143644074598946
0 0.6401737332344055 0.2402905374765396 0.022833561974888048 0.034143644074598946
0 0.5609996914863586 0.24035198986530304 0.022833561974888048 0.034143644074598946
0 0.481418251991272 0.24041375517845154 0.022833561974888048 0.034143644074598946
0 0.4014262557029724 0.2404758483171463 0.022833561974888048 0.034143644074598946
0 0.32102054357528687 0.24053825438022614 0.022833561974888048 0.034143644074598946
0 0.24019789695739746 0.24060100317001343 0.022833561974888048 0.034143644074598946
0 0.7310637831687927 0.32638636231422424 0.022833561974888048 0.034143644074598946
0 0.6493251323699951 0.3266787827014923 0.022833561974888048 0.034143644074598946
0 0.5671509504318237 0.32697272300720215 0.022833561974888048 0.034143644074598946
0 0.4845377802848816 0.32726824283599854 0.022833561974888048 0.034143644074598946
0 0.4014820456504822 0.32756534218788147 0.022833561974888048 0.034143644074598946
0 0.31798020005226135 0.32786405086517334 0.022833561974888048 0.034143644074598946
0 0.2340286374092102 0.32816436886787415 0.022833561974888048 0.034143644074598946
0 0.7441414594650269 0.4193495810031891 0.022833561974888048 0.034143644074598946
0 0.659201443195343 0.41991034150123596 0.022833561974888048 0.034143644074598946
0 0.5737908482551575 0.42047423124313354 0.022833561974888048 0.034143644074598946
0 0.4879058003425598 0.42104122042655945 0.022833561974888048 0.034143644074598946
0 0.4015422761440277 0.42161139845848083 0.022833561974888048 0.034143644074598946
0 0.3146963119506836 0.4221847355365753 0.022833561974888048 0.034143644074598946
0 0.22736380994319916 0.42276132106781006 0.022833561974888048 0.034143644074598946
0 0.7582947611808777 0.5199586749076843 0.022833561974888048 0.034143644074598946
0 0.6698923707008362 0.5208319425582886 0.022833561974888048 0.034143644074598946
0 0.5809800028800964 0.5217102766036987 0.022833561974888048 0.034143644074598946
0 0.4915532171726227 0.52259361743927 0.022833561974888048 0.034143644074598946
0 0.4016075134277344 0.5234821438789368 0.022833561974888048 0.034143644074598946
0 0.311138391494751 0.524375855922699 0.022833561974888048 0.034143644074598946
0 0.2201412469148636 0.5252747535705566 0.022833561974888048 0.034143644074598946
0 0.7736620306968689 0.6291974186897278 0.022833561974888048 0.034143644074598946
0 0.6815031170845032 0.6304359436035156 0.022833561974888048 0.034143644074598946
0 0.5887895226478577 0.6316819787025452 0.022833561974888048 0.034143644074598946
0 0.4955163300037384 0.6329354643821716 0.022833561974888048 0.034143644074598946
0 0.4016784131526947 0.6341965794563293 0.022833561974888048 0.034143644074598946
0 0.30727067589759827 0.6354653239250183 0.022833561974888048 0.034143644074598946
0 0.21228784322738647 0.6367418766021729 0.022833561974888048 0.034143644074598946
0 0.7904065251350403 0.7482258081436157 0.022833561974888048 0.034143644074598946
0 0.694157600402832 0.7498931288719177 0.022833561974888048 0.034143644074598946
0 0.5973033308982849 0.751570999622345 0.022833561974888048 0.034143644074598946
0 0.4998379647731781 0.7532594203948975 0.022833561974888048 0.034143644074598946
0 0.40175577998161316 0.7549585103988647 0.022833561974888048 0.034143644074598946
0 0.30305081605911255 0.7566683888435364 0.022833561974888048 0.034143644074598946
0 0.2037171870470047 0.7583891749382019 0.022833561974888048 0.034143644074598946