0 0.6845439076423645 0.17322386801242828 0.025249194353818893 0.03366559247175852
0 0.6163691282272339 0.17517508566379547 0.025249194353818893 0.03366559247175852
0 0.5478556156158447 0.17713597416877747 0.025249194353818893 0.03366559247175852
0 0.47900092601776123 0.17910663783550262 0.025249194353818893 0.03366559247175852
0 0.4098024070262909 0.18108715116977692 0.025249194353818893 0.03366559247175852
0 0.34025755524635315 0.18307755887508392 0.025249194353818893 0.03366559247175852
0 0.2703636884689331 0.185077965259552 0.025249194353818893 0.03366559247175852
0 0.6954643726348877 0.23855379223823547 0.025249194353818893 0.03366559247175852
0 0.6241136789321899 0.24076619744300842 0.025249194353818893 0.03366559247175852
0 0.5523918271064758 0.24299012124538422 0.025249194353818893 0.03366559247175852
0 0.48029592633247375 0.24522562325000763 0.025249194353818893 0.03366559247175852
0 0.40782293677330017 0.2474728375673294 0.025249194353818893 0.03366559247175852
0 0.33496999740600586 0.24973182380199432 0.025249194353818893 0.03366559247175852
0 0.2617340385913849 0.25200268626213074 0.025249194353818893 0.03366559247175852
0 0.707459032535553 0.31031009554862976 0.025249194353818893 0.03366559247175852
0 0.6326221823692322 0.3128269612789154 0.025249194353818893 0.03366559247175852
0 0.5573767423629761 0.3153575658798218 0.025249194353818893 0.03366559247175852
0 0.48171934485435486 0.3179020285606384 0.025249194353818893 0.03366559247175852
0 0.4056466221809387 0.3204604387283325 0.025249194353818893 0.03366559247175852
0 0.3291551470756531 0.323032945394516 0.025249194353818893 0.03366559247175852
0 0.25224146246910095 0.3256196677684784 0.025249194353818893 0.03366559247175852
0 0.7206946611404419 0.3894900977611542 0.025249194353818893 0.03366559247175852
0 0.642013430595398 0.3923642337322235 0.025249194353818893 0.03366559247175852
0 0.562880277633667 0.395254909992218 0.025249194353818893 0.03366559247175852
0 0.48329129815101624 0.39816224575042725 0.025249194353818893 0.03366559247175852
0 0.4032425284385681 0.40108636021614075 0.025249194353818893 0.03366559247175852
0 0.32273003458976746 0.40402743220329285 0.025249194353818893 0.03366559247175852
0 0.24174971878528595 0.4069855809211731 0.025249194353818893 0.03366559247175852
0 0.7353742718696594 0.47730860114097595 0.025249194353818893 0.03366559247175852
0 0.6524323225021362 0.48060527443885803 0.025249194353818893 0.03366559247175852
0 0.5689879059791565 0.4839218854904175 0.025249194353818893 0.03366559247175852
0 0.48503631353378296 0.4872587025165558 0.025249194353818893 0.03366559247175852
0 0.4005729854106903 0.4906158149242401 0.025249194353818893 0.03366559247175852
0 0.3155932128429413 0.49399349093437195 0.025249194353818893 0.03366559247175852
0 0.23009224236011505 0.49739184975624084 0.025249194353818893 0.03366559247175852
0 0.7517478466033936 0.5752609372138977 0.025249194353818893 0.03366559247175852
0 0.6640574336051941 0.5790613889694214 0.025249194353818893 0.03366559247175852
0 0.5758048295974731 0.5828862190246582 0.025249194353818893 0.03366559247175852
0 0.48698461055755615 0.5867356061935425 0.025249194353818893 0.03366559247175852
0 0.39759138226509094 0.5906098484992981 0.025249194353818893 0.03366559247175852
0 0.30761948227882385 0.5945091247558594 0.025249194353818893 0.03366559247175852
0 0.21706333756446838 0.598433792591095 0.025249194353818893 0.03366559247175852
0 0.7701265811920166 0.6852085590362549 0.025249194353818893 0.03366559247175852
0 0.6771109104156494 0.6896153688430786 0.025249194353818893 0.03366559247175852
0 0.5834622383117676 0.6940522193908691 0.025249194353818893 0.03366559247175852
0 0.4891739785671234 0.6985192894935608 0.025249194353818893 0.03366559247175852
0 0.3942396342754364 0.703016996383667 0.025249194353818893 0.03366559247175852
0 0.2986525297164917 0.7075456380844116 0.025249194353818893 0.03366559247175852
0 0.2024058848619461 0.7121055126190186 0.025249194353818893 0.03366559247175852