0 0.7363355755805969 0.23658229410648346 0.03426641722520193 0.03426641722520193
0 0.6601943969726562 0.23698993027210236 0.03426641722520193 0.03426641722520193
0 0.5843643546104431 0.23739589750766754 0.03426641722520193 0.03426641722520193
0 0.5088436603546143 0.2378002107143402 0.03426641722520193 0.03426641722520193
0 0.4336303472518921 0.23820288479328156 0.03426641722520193 0.03426641722520193
0 0.3587225675582886 0.23860391974449158 0.03426641722520193 0.03426641722520193
0 0.2841184735298157 0.23900331556797028 0.03426641722520193 0.03426641722520193
0 0.7444873452186584 0.29752078652381897 0.03426641722520193 0.03426641722520193
0 0.6652977466583252 0.29781487584114075 0.03426641722520193 0.03426641722520193
0 0.5864446759223938 0.29810774326324463 0.03426641722520193 0.03426641722520193
0 0.5079259276390076 0.2983993589878082 0.03426641722520193 0.03426641722520193
0 0.42973944544792175 0.29868975281715393 0.03426641722520193 0.03426641722520193
0 0.35188308358192444 0.29897892475128174 0.03426641722520193 0.03426641722520193
0 0.2743547856807709 0.29926684498786926 0.03426641722520193 0.03426641722520193
0 0.7533165812492371 0.36352336406707764 0.03426641722520193 0.03426641722520193
0 0.6708242893218994 0.3636833131313324 0.03426641722520193 0.03426641722520193
0 0.5886970162391663 0.36384254693984985 0.03426641722520193 0.03426641722520193
0 0.5069324374198914 0.36400106549263 0.03426641722520193 0.03426641722520193
0 0.42552801966667175 0.36415889859199524 0.03426641722520193 0.03426641722520193
0 0.3444814682006836 0.36431604623794556 0.03426641722520193 0.03426641722520193
0 0.26379042863845825 0.36447250843048096 0.03426641722520193 0.03426641722520193
0 0.762911319732666 0.4352486729621887 0.03426641722520193 0.03426641722520193
0 0.676828920841217 0.43524959683418274 0.03426641722520193 0.03426641722520193
0 0.591143786907196 0.43525052070617676 0.03426641722520193 0.03426641722520193
0 0.5058533549308777 0.4352514445781708 0.03426641722520193 0.03426641722520193
0 0.4209548234939575 0.4352523684501648 0.03426641722520193 0.03426641722520193
0 0.33644548058509827 0.4352532923221588 0.03426641722520193 0.03426641722520193
0 0.2523226737976074 0.43525418639183044 0.03426641722520193 0.03426641722520193
0 0.7733756899833679 0.513474702835083 0.03426641722520193 0.03426641722520193
0 0.6833764314651489 0.5132865309715271 0.03426641722520193 0.03426641722520193
0 0.5938112735748291 0.5130992531776428 0.03426641722520193 0.03426641722520193
0 0.5046772360801697 0.512912929058075 0.03426641722520193 0.03426641722520193
0 0.4159711003303528 0.5127274394035339 0.03426641722520193 0.03426641722520193
0 0.32768985629081726 0.5125428438186646 0.03426641722520193 0.03426641722520193
0 0.23983041942119598 0.5123591423034668 0.03426641722520193 0.03426641722520193
0 0.784833550453186 0.5991272330284119 0.03426641722520193 0.03426641722520193
0 0.6905439496040344 0.598713219165802 0.03426641722520193 0.03426641722520193
0 0.5967307090759277 0.5983012914657593 0.03426641722520193 0.03426641722520193
0 0.5033902525901794 0.5978915095329285 0.03426641722520193 0.03426641722520193
0 0.410519003868103 0.5974836945533752 0.03426641722520193 0.03426641722520193
0 0.31811341643333435 0.5970779657363892 0.03426641722520193 0.03426641722520193
0 0.22617001831531525 0.5966742634773254 0.03426641722520193 0.03426641722520193
0 0.7974333167076111 0.6933164596557617 0.03426641722520193 0.03426641722520193
0 0.6984239220619202 0.6926314830780029 0.03426641722520193 0.03426641722520193
0 0.5999395847320557 0.6919501423835754 0.03426641722520193 0.03426641722520193
0 0.5019760727882385 0.6912724375724792 0.03426641722520193 0.03426641722520193
0 0.40452924370765686 0.6905983090400696 0.03426641722520193 0.03426641722520193
0 0.3075951039791107 0.6899276971817017 0.03426641722520193 0.03426641722520193
0 0.2111695557832718 0.6892606019973755 0.03426641722520193 0.03426641722520193