0 0.6973124146461487 0.14237579703330994 0.026348583400249485 0.03513144453366598
0 0.6285250186920166 0.1418336033821106 0.026348583400249485 0.03513144453366598
0 0.5591905117034912 0.14128711819648743 0.026348583400249485 0.03513144453366598
0 0.4893023371696472 0.14073625206947327 0.026348583400249485 0.03513144453366598
0 0.41885384917259216 0.14018097519874573 0.026348583400249485 0.03513144453366598
0 0.34783825278282166 0.13962122797966003 0.026348583400249485 0.03513144453366598
0 0.2762486934661865 0.1390569508075714 0.026348583400249485 0.03513144453366598
0 0.7094455361366272 0.20532557368278503 0.026348583400249485 0.03513144453366598
0 0.6372874975204468 0.20501817762851715 0.026348583400249485 0.03513144453366598
0 0.5645269155502319 0.20470820367336273 0.026348583400249485 0.03513144453366598
0 0.49115613102912903 0.20439565181732178 0.026348583400249485 0.03513144453366598
0 0.4171675145626068 0.20408044755458832 0.026348583400249485 0.03513144453366598
0 0.34255313873291016 0.20376259088516235 0.026348583400249485 0.03513144453366598
0 0.2673051059246063 0.2034420222043991 0.026348583400249485 0.03513144453366598
0 0.7228431105613708 0.27483585476875305 0.026348583400249485 0.03513144453366598
0 0.6469672322273254 0.27481651306152344 0.026348583400249485 0.03513144453366598
0 0.5704243183135986 0.2747970223426819 0.026348583400249485 0.03513144453366598
0 0.4932056963443756 0.274777352809906 0.026348583400249485 0.03513144453366598
0 0.4153023064136505 0.2747575044631958 0.026348583400249485 0.03513144453366598
0 0.3367049992084503 0.27473747730255127 0.026348583400249485 0.03513144453366598
0 0.2574044466018677 0.2747172713279724 0.026348583400249485 0.03513144453366598
0 0.7377137541770935 0.3519885838031769 0.026348583400249485 0.03513144453366598
0 0.6577160954475403 0.3523244261741638 0.026348583400249485 0.03513144453366598
0 0.5769761800765991 0.35266339778900146 0.026348583400249485 0.03513144453366598
0 0.49548375606536865 0.3530055284500122 0.026348583400249485 0.03513144453366598
0 0.41322818398475647 0.35335084795951843 0.026348583400249485 0.03513144453366598
0 0.3301987051963806 0.3536994159221649 0.026348583400249485 0.03513144453366598
0 0.24638435244560242 0.35405129194259644 0.026348583400249485 0.03513144453366598
0 0.7543144822120667 0.43811747431755066 0.026348583400249485 0.03513144453366598
0 0.6697216033935547 0.4388939142227173 0.026348583400249485 0.03513144453366598
0 0.5842978358268738 0.4396779537200928 0.026348583400249485 0.03513144453366598
0 0.49803078174591064 0.44046974182128906 0.026348583400249485 0.03513144453366598
0 0.4109079837799072 0.4412693679332733 0.026348583400249485 0.03513144453366598
0 0.3229166269302368 0.44207698106765747 0.026348583400249485 0.03513144453366598
0 0.23404361307621002 0.4428926706314087 0.026348583400249485 0.03513144453366598
0 0.7729659080505371 0.5348857641220093 0.026348583400249485 0.03513144453366598
0 0.6832178831100464 0.5362127423286438 0.026348583400249485 0.03513144453366598
0 0.5925332903862 0.5375534892082214 0.026348583400249485 0.03513144453366598
0 0.5008974075317383 0.5389083027839661 0.026348583400249485 0.03513144453366598
0 0.4082951247692108 0.5402774214744568 0.026348583400249485 0.03513144453366598
0 0.3147111237049103 0.5416610836982727 0.026348583400249485 0.03513144453366598
0 0.22012969851493835 0.5430594682693481 0.026348583400249485 0.03513144453366598
0 0.7940729260444641 0.6443946957588196 0.026348583400249485 0.03513144453366598
0 0.69850093126297 0.6464154720306396 0.026348583400249485 0.03513144453366598
0 0.6018651127815247 0.6484587788581848 0.026348583400249485 0.03513144453366598
0 0.5041477680206299 0.6505249738693237 0.026348583400249485 0.03513144453366598
0 0.40533050894737244 0.652614414691925 0.026348583400249485 0.03513144453366598
0 0.30539470911026 0.6547275185585022 0.026348583400249485 0.03513144453366598
0 0.20432130992412567 0.6568646430969238 0.026348583400249485 0.03513144453366598