0 0.7056212425231934 0.1589803844690323 0.022812060499563813 0.034111492335796356
0 0.6289540529251099 0.15878619253635406 0.022812060499563813 0.034111492335796356
0 0.5520549416542053 0.15859141945838928 0.022812060499563813 0.034111492335796356
0 0.47492286562919617 0.15839605033397675 0.022812060499563813 0.034111492335796356
0 0.39755675196647644 0.15820008516311646 0.022812060499563813 0.034111492335796356
0 0.31995558738708496 0.1580035239458084 0.022812060499563813 0.034111492335796356
0 0.2421182543039322 0.1578063666820526 0.022812060499563813 0.034111492335796356
0 0.717029333114624 0.23977452516555786 0.022812060499563813 0.034111492335796356
0 0.6376028060913086 0.23969973623752594 0.022812060499563813 0.034111492335796356
0 0.5579273700714111 0.23962469398975372 0.022812060499563813 0.034111492335796356
0 0.47800174355506897 0.2395494282245636 0.022812060499563813 0.034111492335796356
0 0.39782482385635376 0.23947392404079437 0.022812060499563813 0.034111492335796356
0 0.3173953890800476 0.23939818143844604 0.022812060499563813 0.034111492335796356
0 0.2367122620344162 0.23932220041751862 0.022812060499563813 0.034111492335796356
0 0.7292935252189636 0.3266320824623108 0.022812060499563813 0.034111492335796356
0 0.6469017267227173 0.3266955018043518 0.022812060499563813 0.034111492335796356
0 0.564241886138916 0.32675912976264954 0.022812060499563813 0.034111492335796356
0 0.4813128113746643 0.3268229365348816 0.022812060499563813 0.034111492335796356
0 0.3981131315231323 0.32688698172569275 0.022812060499563813 0.034111492335796356
0 0.31464147567749023 0.3269512355327606 0.022812060499563813 0.034111492335796356
0 0.23089656233787537 0.3270156681537628 0.022812060499563813 0.034111492335796356
0 0.7425140142440796 0.4202622175216675 0.022812060499563813 0.034111492335796356
0 0.6569268703460693 0.42048606276512146 0.022812060499563813 0.034111492335796356
0 0.5710505247116089 0.4207106828689575 0.022812060499563813 0.034111492335796356
0 0.4848833978176117 0.42093604803085327 0.022812060499563813 0.034111492335796356
0 0.39842405915260315 0.4211621582508087 0.022812060499563813 0.034111492335796356
0 0.31167101860046387 0.42138907313346863 0.022812060499563813 0.034111492335796356
0 0.22462277114391327 0.42161673307418823 0.022812060499563813 0.034111492335796356
0 0.7568071484565735 0.5214892029762268 0.022812060499563813 0.034111492335796356
0 0.6677669286727905 0.5218998789787292 0.022812060499563813 0.034111492335796356
0 0.5784134864807129 0.5223119854927063 0.022812060499563813 0.034111492335796356
0 0.48874518275260925 0.522725522518158 0.022812060499563813 0.034111492335796356
0 0.3987603783607483 0.523140549659729 0.022812060499563813 0.034111492335796356
0 0.3084574043750763 0.5235570073127747 0.022812060499563813 0.034111492335796356
0 0.21783454716205597 0.5239750146865845 0.022812060499563813 0.034111492335796356
0 0.7723090648651123 0.6312767267227173 0.022812060499563813 0.034111492335796356
0 0.6795253157615662 0.6319056749343872 0.022812060499563813 0.034111492335796356
0 0.5864014029502869 0.6325369477272034 0.022812060499563813 0.034111492335796356
0 0.4929353594779968 0.6331705451011658 0.022812060499563813 0.034111492335796356
0 0.3991253972053528 0.6338064670562744 0.022812060499563813 0.034111492335796356
0 0.30496951937675476 0.6344447135925293 0.022812060499563813 0.034111492335796356
0 0.21046587824821472 0.6350853443145752 0.022812060499563813 0.034111492335796356
0 0.789179801940918 0.7507585883140564 0.022812060499563813 0.034111492335796356
0 0.6923240423202515 0.751643717288971 0.022812060499563813 0.034111492335796356
0 0.5950973629951477 0.7525321841239929 0.022812060499563813 0.034111492335796356
0 0.49749767780303955 0.7534241080284119 0.022812060499563813 0.034111492335796356
0 0.3995228409767151 0.754319429397583 0.022812060499563813 0.034111492335796356
0 0.3011707067489624 0.7552182078361511 0.022812060499563813 0.034111492335796356
0 0.20243902504444122 0.7561204433441162 0.022812060499563813 0.034111492335796356