0 0.7004640698432922 0.1841629594564438 0.025030013173818588 0.03337335089842478
0 0.6320156455039978 0.18433135747909546 0.025030013173818588 0.03337335089842478
0 0.5637820959091187 0.18449921905994415 0.025030013173818588 0.03337335089842478
0 0.4957623779773712 0.18466655910015106 0.025030013173818588 0.03337335089842478
0 0.4279555082321167 0.1848333775997162 0.025030013173818588 0.03337335089842478
0 0.3603604733943939 0.18499967455863953 0.025030013173818588 0.03337335089842478
0 0.2929762899875641 0.18516544997692108 0.025030013173818588 0.03337335089842478
0 0.7098918557167053 0.25014474987983704 0.025030013173818588 0.03337335089842478
0 0.6381204128265381 0.25021255016326904 0.025030013173818588 0.03337335089842478
0 0.5665850639343262 0.25028011202812195 0.025030013173818588 0.03337335089842478
0 0.495284765958786 0.25034746527671814 0.025030013173818588 0.03337335089842478
0 0.4242182970046997 0.2504146099090576 0.025030013173818588 0.03337335089842478
0 0.35338449478149414 0.250481516122818 0.025030013173818588 0.03337335089842478
0 0.2827822268009186 0.25054821372032166 0.025030013173818588 0.03337335089842478
0 0.7202786803245544 0.32283854484558105 0.025030013173818588 0.03337335089842478
0 0.6448450684547424 0.3227839171886444 0.025030013173818588 0.03337335089842478
0 0.5696722269058228 0.3227294981479645 0.025030013173818588 0.03337335089842478
0 0.49475881457328796 0.3226752281188965 0.025030013173818588 0.03337335089842478
0 0.420103520154953 0.3226211667060852 0.025030013173818588 0.03337335089842478
0 0.34570497274398804 0.32256728410720825 0.025030013173818588 0.03337335089842478
0 0.271561861038208 0.3225135803222656 0.025030013173818588 0.03337335089842478
0 0.7317787408828735 0.4033234715461731 0.025030013173818588 0.03337335089842478
0 0.6522891521453857 0.4031190872192383 0.025030013173818588 0.03337335089842478
0 0.573089063167572 0.40291547775268555 0.025030013173818588 0.03337335089842478
0 0.49417683482170105 0.4027125835418701 0.025030013173818588 0.03337335089842478
0 0.41555094718933105 0.4025104343891144 0.025030013173818588 0.03337335089842478
0 0.3372098207473755 0.40230900049209595 0.025030013173818588 0.03337335089842478
0 0.25915196537971497 0.4021083116531372 0.025030013173818588 0.03337335089842478
0 0.7445811629295349 0.49292293190956116 0.025030013173818588 0.03337335089842478
0 0.6605746150016785 0.4925343096256256 0.025030013173818588 0.03337335089842478
0 0.576891303062439 0.49214720726013184 0.025030013173818588 0.03337335089842478
0 0.4935292899608612 0.49176159501075745 0.025030013173818588 0.03337335089842478
0 0.41048675775527954 0.49137744307518005 0.025030013173818588 0.03337335089842478
0 0.32776185870170593 0.49099478125572205 0.025030013173818588 0.03337335089842478
0 0.24535278975963593 0.49061354994773865 0.025030013173818588 0.03337335089842478
0 0.7589203715324402 0.5932781100273132 0.025030013173818588 0.03337335089842478
0 0.6698526740074158 0.5926612615585327 0.025030013173818588 0.03337335089842478
0 0.5811481475830078 0.5920469164848328 0.025030013173818588 0.03337335089842478
0 0.49280449748039246 0.5914350152015686 0.025030013173818588 0.03337335089842478
0 0.4048196077346802 0.5908256769180298 0.025030013173818588 0.03337335089842478
0 0.3171912133693695 0.5902187824249268 0.025030013173818588 0.03337335089842478
0 0.2299172431230545 0.5896143317222595 0.025030013173818588 0.03337335089842478
0 0.7750908136367798 0.7064495086669922 0.025030013173818588 0.03337335089842478
0 0.6803130507469177 0.7055473923683167 0.025030013173818588 0.03337335089842478
0 0.585946261882782 0.7046492695808411 0.025030013173818588 0.03337335089842478
0 0.4919877350330353 0.7037549614906311 0.025030013173818588 0.03337335089842478
0 0.39843493700027466 0.7028645277023315 0.025030013173818588 0.03337335089842478
0 0.30528518557548523 0.7019779682159424 0.025030013173818588 0.03337335089842478
0 0.21253585815429688 0.7010951638221741 0.025030013173818588 0.03337335089842478