0 0.7170510292053223 0.24098385870456696 0.03276790181795756 0.03276790181795756
0 0.6431898474693298 0.2421848028898239 0.03276790181795756 0.03276790181795756
0 0.5696014761924744 0.2433813214302063 0.03276790181795756 0.03276790181795756
0 0.49628427624702454 0.2445734292268753 0.03276790181795756 0.03276790181795756
0 0.42323681712150574 0.24576115608215332 0.03276790181795756 0.03276790181795756
0 0.35045763850212097 0.24694451689720154 0.03276790181795756 0.03276790181795756
0 0.27794525027275085 0.24812352657318115 0.03276790181795756 0.03276790181795756
0 0.7257726788520813 0.3013446033000946 0.03276790181795756 0.03276790181795756
0 0.6490868330001831 0.30247530341148376 0.03276790181795756 0.03276790181795756
0 0.5726948976516724 0.3036016821861267 0.03276790181795756 0.03276790181795756
0 0.49659520387649536 0.30472373962402344 0.03276790181795756 0.03276790181795756
0 0.4207860827445984 0.30584150552749634 0.03276790181795756 0.03276790181795756
0 0.34526586532592773 0.3069550395011902 0.03276790181795756 0.03276790181795756
0 0.2700329124927521 0.3080643117427826 0.03276790181795756 0.03276790181795756
0 0.7351850271224976 0.3664856255054474 0.03276790181795756 0.03276790181795756
0 0.6554498672485352 0.3675310015678406 0.03276790181795756 0.03276790181795756
0 0.5760323405265808 0.3685722053050995 0.03276790181795756 0.03276790181795756
0 0.49693062901496887 0.3696092665195465 0.03276790181795756 0.03276790181795756
0 0.41814279556274414 0.37064221501350403 0.03276790181795756 0.03276790181795756
0 0.3396669924259186 0.37167108058929443 0.03276790181795756 0.03276790181795756
0 0.26150137186050415 0.3726958632469177 0.03276790181795756 0.03276790181795756
0 0.7453734874725342 0.4369982182979584 0.03276790181795756 0.03276790181795756
0 0.6623364686965942 0.4379400610923767 0.03276790181795756 0.03276790181795756
0 0.5796439051628113 0.43887799978256226 0.03276790181795756 0.03276790181795756
0 0.49729353189468384 0.4398120641708374 0.03276790181795756 0.03276790181795756
0 0.41528335213661194 0.44074228405952454 0.03276790181795756 0.03276790181795756
0 0.3336111903190613 0.44166862964630127 0.03276790181795756 0.03276790181795756
0 0.2522749900817871 0.44259119033813477 0.03276790181795756 0.03276790181795756
0 0.7564382553100586 0.5135753750801086 0.03276790181795756 0.03276790181795756
0 0.6698141694068909 0.5143916606903076 0.03276790181795756 0.03276790181795756
0 0.5835646986961365 0.5152044296264648 0.03276790181795756 0.03276790181795756
0 0.4976874589920044 0.5160137414932251 0.03276790181795756 0.03276790181795756
0 0.412180095911026 0.5168194770812988 0.03276790181795756 0.03276790181795756
0 0.3270401358604431 0.5176218152046204 0.03276790181795756 0.03276790181795756
0 0.24226531386375427 0.5184206962585449 0.03276790181795756 0.03276790181795756
0 0.7684974670410156 0.5970346927642822 0.03276790181795756 0.03276790181795756
0 0.6779623031616211 0.5976985692977905 0.03276790181795756 0.03276790181795756
0 0.5878362655639648 0.5983594655990601 0.03276790181795756 0.03276790181795756
0 0.49811655282974243 0.5990173816680908 0.03276790181795756 0.03276790181795756
0 0.4088004231452942 0.5996723771095276 0.03276790181795756 0.03276790181795756
0 0.31988516449928284 0.6003243923187256 0.03276790181795756 0.03276790181795756
0 0.23136810958385468 0.6009734869003296 0.03276790181795756 0.03276790181795756
0 0.7816913723945618 0.6883474588394165 0.03276790181795756 0.03276790181795756
0 0.6868754029273987 0.6888260245323181 0.03276790181795756 0.03276790181795756
0 0.5925078988075256 0.689302384853363 0.03276790181795756 0.03276790181795756
0 0.4985857307910919 0.6897764801979065 0.03276790181795756 0.03276790181795756
0 0.40510573983192444 0.6902483105659485 0.03276790181795756 0.03276790181795756
0 0.3120648264884949 0.6907179355621338 0.03276790181795756 0.03276790181795756
0 0.2194599062204361 0.6911853551864624 0.03276790181795756 0.03276790181795756