0 0.2931870222091675 0.6500524878501892 0.02086535841226578 0.027820477883021038
0 0.3695162236690521 0.6486930847167969 0.02086535841226578 0.027820477883021038
0 0.44688647985458374 0.6473151445388794 0.02086535841226578 0.027820477883021038
0 0.5253192186355591 0.6459183096885681 0.02086535841226578 0.027820477883021038
0 0.6048364639282227 0.6445021629333496 0.02086535841226578 0.027820477883021038
0 0.6854609251022339 0.6430662870407104 0.02086535841226578 0.027820477883021038
0 0.7672157883644104 0.6416102647781372 0.02086535841226578 0.027820477883021038
0 0.3038047254085541 0.5601447224617004 0.02086535841226578 0.027820477883021038
0 0.37641751766204834 0.55827397108078 0.02086535841226578 0.027820477883021038
0 0.44997119903564453 0.5563790202140808 0.02086535841226578 0.027820477883021038
0 0.5244842767715454 0.554459273815155 0.02086535841226578 0.027820477883021038
0 0.5999755263328552 0.552514374256134 0.02086535841226578 0.027820477883021038
0 0.6764644384384155 0.5505437850952148 0.02086535841226578 0.027820477883021038
0 0.7539708614349365 0.5485469102859497 0.02086535841226578 0.027820477883021038
0 0.31342533230781555 0.47868016362190247 0.02086535841226578 0.027820477883021038
0 0.3826667070388794 0.47639814019203186 0.02086535841226578 0.027820477883021038
0 0.4527626931667328 0.4740879535675049 0.02086535841226578 0.027820477883021038
0 0.523729145526886 0.47174906730651855 0.02086535841226578 0.027820477883021038
0 0.5955824851989746 0.4693809747695923 0.02086535841226578 0.027820477883021038
0 0.6683393716812134 0.4669830799102783 0.02086535841226578 0.027820477883021038
0 0.7420169711112976 0.46455487608909607 0.02086535841226578 0.027820477883021038
0 0.3221830129623413 0.40452271699905396 0.02086535841226578 0.027820477883021038
0 0.3883521258831024 0.40190932154655457 0.02086535841226578 0.027820477883021038
0 0.45530083775520325 0.3992651402950287 0.02086535841226578 0.027820477883021038
0 0.5230430364608765 0.39658963680267334 0.02086535841226578 0.027820477883021038
0 0.5915929079055786 0.39388221502304077 0.02086535841226578 0.027820477883021038
0 0.6609649658203125 0.391142338514328 0.02086535841226578 0.027820477883021038
0 0.7311740517616272 0.3883693814277649 0.02086535841226578 0.027820477883021038
0 0.3301888704299927 0.3367314636707306 0.02086535841226578 0.027820477883021038
0 0.3935467004776001 0.33385100960731506 0.02086535841226578 0.027820477883021038
0 0.4576186239719391 0.33093807101249695 0.02086535841226578 0.027820477883021038
0 0.5224167704582214 0.32799211144447327 0.02086535841226578 0.027820477883021038
0 0.5879535675048828 0.32501256465911865 0.02086535841226578 0.027820477883021038
0 0.6542417407035828 0.3219988942146301 0.02086535841226578 0.027820477883021038
0 0.7212942242622375 0.31895044445991516 0.02086535841226578 0.027820477883021038
0 0.3375357389450073 0.2745203971862793 0.02086535841226578 0.027820477883021038
0 0.39831140637397766 0.27142491936683655 0.02086535841226578 0.027820477883021038
0 0.45974355936050415 0.2682960033416748 0.02086535841226578 0.027820477883021038
0 0.521842896938324 0.2651331126689911 0.02086535841226578 0.027820477883021038
0 0.5846204161643982 0.26193568110466003 0.02086535841226578 0.027820477883021038
0 0.6480871438980103 0.2587031424045563 0.02086535841226578 0.027820477883021038
0 0.7122545838356018 0.25543490052223206 0.02086535841226578 0.027820477883021038
0 0.3443017303943634 0.2172277271747589 0.02086535841226578 0.027820477883021038
0 0.40269747376441956 0.2139597088098526 0.02086535841226578 0.027820477883021038
0 0.4616987705230713 0.21065779030323029 0.02086535841226578 0.027820477883021038
0 0.5213151574134827 0.20732145011425018 0.02086535841226578 0.027820477883021038
0 0.5815562605857849 0.20395015180110931 0.02086535841226578 0.027820477883021038
0 0.642431914806366 0.2005433440208435 0.02086535841226578 0.027820477883021038
0 0.7039523124694824 0.1971004456281662 0.02086535841226578 0.027820477883021038