0 0.23793447017669678 0.6546316146850586 0.033333430687586464 0.033333430687586464
0 0.3351481854915619 0.655017077922821 0.033333430687586464 0.033333430687586464
0 0.4320657551288605 0.655401349067688 0.033333430687586464 0.033333430687586464
0 0.5286884903907776 0.6557844877243042 0.033333430687586464 0.033333430687586464
0 0.6250178217887878 0.6561664342880249 0.033333430687586464 0.033333430687586464
0 0.7210549712181091 0.6565471887588501 0.033333430687586464 0.033333430687586464
0 0.8168013691902161 0.6569268107414246 0.033333430687586464 0.033333430687586464
0 0.2471604198217392 0.5619705319404602 0.033333430687586464 0.033333430687586464
0 0.3410438597202301 0.5624793767929077 0.033333430687586464 0.033333430687586464
0 0.4346510171890259 0.5629867315292358 0.033333430687586464 0.033333430687586464
0 0.5279831290245056 0.5634925365447998 0.033333430687586464 0.033333430687586464
0 0.6210414171218872 0.5639969110488892 0.033333430687586464 0.033333430687586464
0 0.7138270735740662 0.5644997954368591 0.033333430687586464 0.033333430687586464
0 0.8063413500785828 0.5650011897087097 0.033333430687586464 0.033333430687586464
0 0.2557767331600189 0.47543227672576904 0.033333430687586464 0.033333430687586464
0 0.34655052423477173 0.4760476350784302 0.033333430687586464 0.033333430687586464
0 0.4370659589767456 0.47666123509407043 0.033333430687586464 0.033333430687586464
0 0.5273241996765137 0.4772731065750122 0.033333430687586464 0.033333430687586464
0 0.6173263192176819 0.4778832197189331 0.033333430687586464 0.033333430687586464
0 0.707073450088501 0.4784916043281555 0.033333430687586464 0.033333430687586464
0 0.7965666055679321 0.47909829020500183 0.033333430687586464 0.033333430687586464
0 0.2638419270515442 0.39442941546440125 0.033333430687586464 0.033333430687586464
0 0.3517054319381714 0.39513683319091797 0.033333430687586464 0.033333430687586464
0 0.4393268823623657 0.3958423435688019 0.033333430687586464 0.033333430687586464
0 0.5267072319984436 0.3965458571910858 0.033333430687586464 0.033333430687586464
0 0.613847553730011 0.3972474932670593 0.033333430687586464 0.033333430687586464
0 0.7007488012313843 0.39794716238975525 0.033333430687586464 0.033333430687586464
0 0.7874119877815247 0.39864492416381836 0.033333430687586464 0.033333430687586464
0 0.27140721678733826 0.3184472620487213 0.033333430687586464 0.033333430687586464
0 0.356541246175766 0.31923437118530273 0.033333430687586464 0.033333430687586464
0 0.44144800305366516 0.32001936435699463 0.033333430687586464 0.033333430687586464
0 0.526128351688385 0.3208022713661194 0.033333430687586464 0.033333430687586464
0 0.6105833053588867 0.321583092212677 0.033333430687586464 0.033333430687586464
0 0.69481360912323 0.32236185669898987 0.033333430687586464 0.033333430687586464
0 0.778820276260376 0.3231385350227356 0.033333430687586464 0.033333430687586464
0 0.2785176634788513 0.24703310430049896 0.033333430687586464 0.033333430687586464
0 0.36108672618865967 0.2478891760110855 0.033333430687586464 0.033333430687586464
0 0.4434419572353363 0.24874301254749298 0.033333430687586464 0.033333430687586464
0 0.5255841612815857 0.24959465861320496 0.033333430687586464 0.033333430687586464
0 0.6075142025947571 0.25044408440589905 0.033333430687586464 0.033333430687586464
0 0.6892328858375549 0.25129133462905884 0.033333430687586464 0.033333430687586464
0 0.7707410454750061 0.2521364092826843 0.033333430687586464 0.033333430687586464
0 0.2852131426334381 0.17978699505329132 0.033333430687586464 0.033333430687586464
0 0.36536723375320435 0.18070276081562042 0.033333430687586464 0.033333430687586464
0 0.445319801568985 0.18161621689796448 0.033333430687586464 0.033333430687586464
0 0.5250716209411621 0.18252737820148468 0.033333430687586464 0.033333430687586464
0 0.6046233773231506 0.18343624472618103 0.033333430687586464 0.033333430687586464
0 0.683975875377655 0.18434284627437592 0.033333430687586464 0.033333430687586464
0 0.7631298899650574 0.18524718284606934 0.033333430687586464 0.033333430687586464