0 0.3082941770553589 0.3778165578842163 0.019391823559999466 0.025855764746665955
0 0.30264371633529663 0.4409439265727997 0.019391823559999466 0.025855764746665955
0 0.2966685891151428 0.5076983571052551 0.019391823559999466 0.025855764746665955
0 0.29034000635147095 0.5784017443656921 0.019391823559999466 0.025855764746665955
0 0.28362566232681274 0.6534152030944824 0.019391823559999466 0.025855764746665955
0 0.27648910880088806 0.7331451177597046 0.019391823559999466 0.025855764746665955
0 0.26888927817344666 0.8180508613586426 0.019391823559999466 0.025855764746665955
0 0.37108275294303894 0.3785609304904938 0.019391823559999466 0.025855764746665955
0 0.36718547344207764 0.44171321392059326 0.019391823559999466 0.025855764746665955
0 0.3630642592906952 0.5084942579269409 0.019391823559999466 0.025855764746665955
0 0.358699232339859 0.5792261362075806 0.019391823559999466 0.025855764746665955
0 0.3540681004524231 0.6542701125144958 0.019391823559999466 0.025855764746665955
0 0.349145770072937 0.7340328097343445 0.019391823559999466 0.025855764746665955
0 0.3439038395881653 0.8189738988876343 0.019391823559999466 0.025855764746665955
0 0.43387937545776367 0.379305362701416 0.019391823559999466 0.025855764746665955
0 0.43173572421073914 0.4424826204776764 0.019391823559999466 0.025855764746665955
0 0.42946892976760864 0.509290337562561 0.019391823559999466 0.025855764746665955
0 0.42706799507141113 0.5800506472587585 0.019391823559999466 0.025855764746665955
0 0.42452067136764526 0.6551251411437988 0.019391823559999466 0.025855764746665955
0 0.4218131899833679 0.7349206805229187 0.019391823559999466 0.025855764746665955
0 0.41892990469932556 0.8198970556259155 0.019391823559999466 0.025855764746665955
0 0.4966840445995331 0.3800499141216278 0.019391823559999466 0.025855764746665955
0 0.4962944984436035 0.4432521164417267 0.019391823559999466 0.025855764746665955
0 0.4958825707435608 0.5100864171981812 0.019391823559999466 0.025855764746665955
0 0.4954462945461273 0.5808752775192261 0.019391823559999466 0.025855764746665955
0 0.49498340487480164 0.6559802889823914 0.019391823559999466 0.025855764746665955
0 0.4944913983345032 0.7358086109161377 0.019391823559999466 0.025855764746665955
0 0.4939674437046051 0.8208203315734863 0.019391823559999466 0.025855764746665955
0 0.5594967603683472 0.38079455494880676 0.019391823559999466 0.025855764746665955
0 0.5608617663383484 0.44402170181274414 0.019391823559999466 0.025855764746665955
0 0.562305212020874 0.5108826756477356 0.019391823559999466 0.025855764746665955
0 0.5638341307640076 0.5817000269889832 0.019391823559999466 0.025855764746665955
0 0.565456211566925 0.6568355560302734 0.019391823559999466 0.025855764746665955
0 0.567180335521698 0.736696720123291 0.019391823559999466 0.025855764746665955
0 0.5690164566040039 0.8217437863349915 0.019391823559999466 0.025855764746665955
0 0.6223174929618835 0.3815392851829529 0.019391823559999466 0.025855764746665955
0 0.6254375576972961 0.44479140639305115 0.019391823559999466 0.025855764746665955
0 0.6287369132041931 0.5116790533065796 0.019391823559999466 0.025855764746665955
0 0.6322314739227295 0.5825248956680298 0.019391823559999466 0.025855764746665955
0 0.6359391808509827 0.6576910018920898 0.019391823559999466 0.025855764746665955
0 0.6398801207542419 0.7375849485397339 0.019391823559999466 0.025855764746665955
0 0.644076943397522 0.8226673603057861 0.019391823559999466 0.025855764746665955
0 0.6851463317871094 0.38228410482406616 0.019391823559999466 0.025855764746665955
0 0.690021812915802 0.4455612003803253 0.019391823559999466 0.025855764746665955
0 0.6951775550842285 0.5124754905700684 0.019391823559999466 0.025855764746665955
0 0.7006384134292603 0.5833498239517212 0.019391823559999466 0.025855764746665955
0 0.7064323425292969 0.658546507358551 0.019391823559999466 0.025855764746665955
0 0.7125906944274902 0.7384732961654663 0.019391823559999466 0.025855764746665955
0 0.7191489934921265 0.8235911130905151 0.019391823559999466 0.025855764746665955