0 0.2344994843006134 0.6525933146476746 0.03381419678529104 0.03381419678529104
0 0.33327817916870117 0.6530285477638245 0.03381419678529104 0.03381419678529104
0 0.4316585958003998 0.6534620523452759 0.03381419678529104 0.03381419678529104
0 0.529643177986145 0.6538938283920288 0.03381419678529104 0.03381419678529104
0 0.6272343397140503 0.6543238162994385 0.03381419678529104 0.03381419678529104
0 0.7244343757629395 0.6547521352767944 0.03381419678529104 0.03381419678529104
0 0.8212456107139587 0.6551787257194519 0.03381419678529104 0.03381419678529104
0 0.2441842257976532 0.5599756240844727 0.03381419678529104 0.03381419678529104
0 0.3395005166530609 0.5605762600898743 0.03381419678529104 0.03381419678529104
0 0.434445858001709 0.5611745715141296 0.03381419678529104 0.03381419678529104
0 0.5290224552154541 0.5617705583572388 0.03381419678529104 0.03381419678529104
0 0.6232324838638306 0.5623642206192017 0.03381419678529104 0.03381419678529104
0 0.7170779705047607 0.5629556179046631 0.03381419678529104 0.03381419678529104
0 0.8105610609054565 0.5635446906089783 0.03381419678529104 0.03381419678529104
0 0.2532152533531189 0.47360968589782715 0.03381419678529104 0.03381419678529104
0 0.34530362486839294 0.47435280680656433 0.03381419678529104 0.03381419678529104
0 0.437045693397522 0.47509312629699707 0.03381419678529104 0.03381419678529104
0 0.5284433960914612 0.47583064436912537 0.03381419678529104 0.03381419678529104
0 0.6194986701011658 0.476565420627594 0.03381419678529104 0.03381419678529104
0 0.7102134823799133 0.47729745507240295 0.03381419678529104 0.03381419678529104
0 0.8005896806716919 0.47802674770355225 0.03381419678529104 0.03381419678529104
0 0.2616565525531769 0.39288315176963806 0.03381419678529104 0.03381419678529104
0 0.35072851181030273 0.3937491774559021 0.03381419678529104 0.03381419678529104
0 0.4394763708114624 0.39461204409599304 0.03381419678529104 0.03381419678529104
0 0.5279019474983215 0.3954717814922333 0.03381419678529104 0.03381419678529104
0 0.6160069704055786 0.3963283896446228 0.03381419678529104 0.03381419678529104
0 0.7037931680679321 0.397181898355484 0.03381419678529104 0.03381419678529104
0 0.7912623286247253 0.3980323374271393 0.03381419678529104 0.03381419678529104
0 0.26956412196159363 0.3172611594200134 0.03381419678529104 0.03381419678529104
0 0.3558109700679779 0.31823331117630005 0.03381419678529104 0.03381419678529104
0 0.44175389409065247 0.3192020356655121 0.03381419678529104 0.03381419678529104
0 0.5273945331573486 0.3201673626899719 0.03381419678529104 0.03381419678529104
0 0.6127344965934753 0.3211292624473572 0.03381419678529104 0.03381419678529104
0 0.6977753043174744 0.322087824344635 0.03381419678529104 0.03381419678529104
0 0.7825185656547546 0.3230430483818054 0.03381419678529104 0.03381419678529104
0 0.2769869863986969 0.24627435207366943 0.03381419678529104 0.03381419678529104
0 0.3605824410915375 0.247338205575943 0.03381419678529104 0.03381419678529104
0 0.44389230012893677 0.24839843809604645 0.03381419678529104 0.03381419678529104
0 0.5269181132316589 0.2494550496339798 0.03381419678529104 0.03381419678529104
0 0.6096612215042114 0.25050806999206543 0.03381419678529104 0.03381419678529104
0 0.6921231150627136 0.25155749917030334 0.03381419678529104 0.03381419678529104
0 0.7743052840232849 0.2526033818721771 0.03381419678529104 0.03381419678529104
0 0.28396838903427124 0.1795092523097992 0.03381419678529104 0.03381419678529104
0 0.3650706112384796 0.18065236508846283 0.03381419678529104 0.03381419678529104
0 0.4459039568901062 0.18179170787334442 0.03381419678529104 0.03381419678529104
0 0.5264698266983032 0.18292726576328278 0.03381419678529104 0.03381419678529104
0 0.6067695021629333 0.18405906856060028 0.03381419678529104 0.03381419678529104
0 0.6868043541908264 0.18518714606761932 0.03381419678529104 0.03381419678529104
0 0.7665756344795227 0.1863114982843399 0.03381419678529104 0.03381419678529104