0 0.7220955491065979 0.2258782833814621 0.03376580278078715 0.03376580278078715
0 0.6468257308006287 0.2258782833814621 0.03376580278078715 0.03376580278078715
0 0.5715559124946594 0.2258782833814621 0.03376580278078715 0.03376580278078715
0 0.4962860643863678 0.2258782833814621 0.03376580278078715 0.03376580278078715
0 0.42101624608039856 0.2258782833814621 0.03376580278078715 0.03376580278078715
0 0.3457464277744293 0.2258782833814621 0.03376580278078715 0.03376580278078715
0 0.2704766094684601 0.2258782833814621 0.03376580278078715 0.03376580278078715
0 0.730999231338501 0.28852832317352295 0.03376580278078715 0.03376580278078715
0 0.6528612971305847 0.28852832317352295 0.03376580278078715 0.03376580278078715
0 0.5747233033180237 0.28852832317352295 0.03376580278078715 0.03376580278078715
0 0.49658533930778503 0.28852832317352295 0.03376580278078715 0.03376580278078715
0 0.4184474050998688 0.28852832317352295 0.03376580278078715 0.03376580278078715
0 0.3403094410896301 0.28852832317352295 0.03376580278078715 0.03376580278078715
0 0.2621714770793915 0.28852832317352295 0.03376580278078715 0.03376580278078715
0 0.7406083345413208 0.3561420142650604 0.03376580278078715 0.03376580278078715
0 0.659375011920929 0.3561420142650604 0.03376580278078715 0.03376580278078715
0 0.5781416893005371 0.3561420142650604 0.03376580278078715 0.03376580278078715
0 0.4969083368778229 0.3561420142650604 0.03376580278078715 0.03376580278078715
0 0.41567501425743103 0.3561420142650604 0.03376580278078715 0.03376580278078715
0 0.3344416916370392 0.3561420142650604 0.03376580278078715 0.03376580278078715
0 0.25320836901664734 0.3561420142650604 0.03376580278078715 0.03376580278078715
0 0.7510101795196533 0.4293335974216461 0.03376580278078715 0.03376580278078715
0 0.6664261221885681 0.4293335974216461 0.03376580278078715 0.03376580278078715
0 0.5818420648574829 0.4293335974216461 0.03376580278078715 0.03376580278078715
0 0.4972579777240753 0.4293335974216461 0.03376580278078715 0.03376580278078715
0 0.4126739203929901 0.4293335974216461 0.03376580278078715 0.03376580278078715
0 0.3280898630619049 0.4293335974216461 0.03376580278078715 0.03376580278078715
0 0.2435058057308197 0.4293335974216461 0.03376580278078715 0.03376580278078715
0 0.7623070478439331 0.5088229775428772 0.03376580278078715 0.03376580278078715
0 0.674083948135376 0.5088229775428772 0.03376580278078715 0.03376580278078715
0 0.5858608484268188 0.5088229775428772 0.03376580278078715 0.03376580278078715
0 0.49763771891593933 0.5088229775428772 0.03376580278078715 0.03376580278078715
0 0.4094146192073822 0.5088229775428772 0.03376580278078715 0.03376580278078715
0 0.3211915194988251 0.5088229775428772 0.03376580278078715 0.03376580278078715
0 0.23296840488910675 0.5088229775428772 0.03376580278078715 0.03376580278078715
0 0.7746196389198303 0.5954595804214478 0.03376580278078715 0.03376580278078715
0 0.6824302673339844 0.5954595804214478 0.03376580278078715 0.03376580278078715
0 0.5902409553527832 0.5954595804214478 0.03376580278078715 0.03376580278078715
0 0.49805158376693726 0.5954595804214478 0.03376580278078715 0.03376580278078715
0 0.4058622419834137 0.5954595804214478 0.03376580278078715 0.03376580278078715
0 0.31367290019989014 0.5954595804214478 0.03376580278078715 0.03376580278078715
0 0.22148354351520538 0.5954595804214478 0.03376580278078715 0.03376580278078715
0 0.7880914211273193 0.6902527213096619 0.03376580278078715 0.03376580278078715
0 0.6915624141693115 0.6902527213096619 0.03376580278078715 0.03376580278078715
0 0.5950334072113037 0.6902527213096619 0.03376580278078715 0.03376580278078715
0 0.4985044300556183 0.6902527213096619 0.03376580278078715 0.03376580278078715
0 0.4019754230976105 0.6902527213096619 0.03376580278078715 0.03376580278078715
0 0.30544641613960266 0.6902527213096619 0.03376580278078715 0.03376580278078715
0 0.20891740918159485 0.6902527213096619 0.03376580278078715 0.03376580278078715