0 0.7067312598228455 0.16468344628810883 0.02290472312209507 0.03425005326668421
0 0.630842387676239 0.16399754583835602 0.02290472312209507 0.03425005326668421
0 0.5544803738594055 0.16330736875534058 0.02290472312209507 0.03425005326668421
0 0.477640837430954 0.16261287033557892 0.02290472312209507 0.03425005326668421
0 0.40031924843788147 0.16191402077674866 0.02290472312209507 0.03425005326668421
0 0.32251107692718506 0.1612107753753662 0.02290472312209507 0.03425005326668421
0 0.24421170353889465 0.1605030745267868 0.02290472312209507 0.03425005326668421
0 0.7182711958885193 0.24458849430084229 0.02290472312209507 0.03425005326668421
0 0.6396230459213257 0.24413475394248962 0.02290472312209507 0.03425005326668421
0 0.560466468334198 0.24367809295654297 0.02290472312209507 0.03425005326668421
0 0.4807965159416199 0.24321846663951874 0.02290472312209507 0.03425005326668421
0 0.4006081521511078 0.24275586009025574 0.02290472312209507 0.03425005326668421
0 0.31989631056785583 0.24229022860527039 0.02290472312209507 0.03425005326668421
0 0.23865588009357452 0.2418215423822403 0.02290472312209507 0.03425005326668421
0 0.7306912541389465 0.3305872976779938 0.02290472312209507 0.03425005326668421
0 0.6490756273269653 0.3304038941860199 0.02290472312209507 0.03425005326668421
0 0.5669121742248535 0.3302192687988281 0.02290472312209507 0.03425005326668421
0 0.4841952919960022 0.33003339171409607 0.02290472312209507 0.03425005326668421
0 0.4009193778038025 0.32984623312950134 0.02290472312209507 0.03425005326668421
0 0.3170787990093231 0.3296578526496887 0.02290472312209507 0.03425005326668421
0 0.2326677143573761 0.32946816086769104 0.02290472312209507 0.03425005326668421
0 0.7440959811210632 0.42340463399887085 0.02290472312209507 0.03425005326668421
0 0.6592802405357361 0.4235367774963379 0.02290472312209507 0.03425005326668421
0 0.573872447013855 0.42366981506347656 0.02290472312209507 0.03425005326668421
0 0.4878663718700409 0.42380383610725403 0.02290472312209507 0.03425005326668421
0 0.40125563740730286 0.4239387512207031 0.02290472312209507 0.03425005326668421
0 0.3140339255332947 0.424074649810791 0.02290472312209507 0.03425005326668421
0 0.22619469463825226 0.4242115020751953 0.02290472312209507 0.03425005326668421
0 0.7586073875427246 0.5238848328590393 0.02290472312209507 0.03425005326668421
0 0.6703304052352905 0.5243864059448242 0.02290472312209507 0.03425005326668421
0 0.581411600112915 0.5248916745185852 0.02290472312209507 0.03425005326668421
0 0.4918438494205475 0.5254005789756775 0.02290472312209507 0.03425005326668421
0 0.4016200602054596 0.5259132385253906 0.02290472312209507 0.03425005326668421
0 0.31073305010795593 0.5264296531677246 0.02290472312209507 0.03425005326668421
0 0.21917542815208435 0.5269498825073242 0.02290472312209507 0.03425005326668421
0 0.7743684649467468 0.6330177783966064 0.02290472312209507 0.03425005326668421
0 0.6823357343673706 0.6339534521102905 0.02290472312209507 0.03425005326668421
0 0.5896048545837402 0.6348962187767029 0.02290472312209507 0.03425005326668421
0 0.49616774916648865 0.6358461976051331 0.02290472312209507 0.03425005326668421
0 0.40201637148857117 0.636803388595581 0.02290472312209507 0.03425005326668421
0 0.3071424663066864 0.6377679705619812 0.02290472312209507 0.03425005326668421
0 0.21153774857521057 0.6387399435043335 0.02290472312209507 0.03425005326668421
0 0.7915478348731995 0.7519713640213013 0.02290472312209507 0.03425005326668421
0 0.6954256892204285 0.7534191012382507 0.02290472312209507 0.03425005326668421
0 0.598541259765625 0.7548784017562866 0.02290472312209507 0.03425005326668421
0 0.5008853673934937 0.7563492655754089 0.02290472312209507 0.03425005326668421
0 0.4024488925933838 0.757831871509552 0.02290472312209507 0.03425005326668421
0 0.30322232842445374 0.7593263983726501 0.02290472312209507 0.03425005326668421
0 0.20319613814353943 0.7608329653739929 0.02290472312209507 0.03425005326668421