0 0.7072007060050964 0.16229388117790222 0.02290453378421565 0.03424977014462153
0 0.6317924857139587 0.16135632991790771 0.02290453378421565 0.03424977014462153
0 0.5558149218559265 0.16041171550750732 0.02290453378421565 0.03424977014462153
0 0.4792616069316864 0.1594599336385727 0.02290453378421565 0.03424977014462153
0 0.40212589502334595 0.15850090980529785 0.02290453378421565 0.03424977014462153
0 0.3244011700153351 0.15753456950187683 0.02290453378421565 0.03424977014462153
0 0.24608060717582703 0.15656080842018127 0.02290453378421565 0.03424977014462153
0 0.7186753153800964 0.24246101081371307 0.02290453378421565 0.03424977014462153
0 0.6405598521232605 0.24180175364017487 0.02290453378421565 0.03424977014462153
0 0.5618329644203186 0.2411373257637024 0.02290453378421565 0.03424977014462153
0 0.4824874699115753 0.24046766757965088 0.02290453378421565 0.03424977014462153
0 0.40251612663269043 0.23979273438453674 0.02290453378421565 0.03424977014462153
0 0.32191142439842224 0.2391124665737152 0.02290453378421565 0.03424977014462153
0 0.24066585302352905 0.23842677474021912 0.02290453378421565 0.03424977014462153
0 0.7310157418251038 0.3286767303943634 0.02290453378421565 0.03424977014462153
0 0.6499913334846497 0.3283412754535675 0.02290453378421565 0.03424977014462153
0 0.5683087110519409 0.3280031085014343 0.02290453378421565 0.03424977014462153
0 0.4859597384929657 0.3276621997356415 0.02290453378421565 0.03424977014462153
0 0.40293627977371216 0.3273184597492218 0.02290453378421565 0.03424977014462153
0 0.31922999024391174 0.3269719183444977 0.02290453378421565 0.03424977014462153
0 0.23483243584632874 0.32662251591682434 0.02290453378421565 0.03424977014462153
0 0.74432373046875 0.4216523766517639 0.02290453378421565 0.03424977014462153
0 0.6601654291152954 0.42169469594955444 0.02290453378421565 0.03424977014462153
0 0.5752964615821838 0.42173734307289124 0.02290453378421565 0.03424977014462153
0 0.48970767855644226 0.42178037762641907 0.02290453378421565 0.03424977014462153
0 0.40338990092277527 0.42182376980781555 0.02290453378421565 0.03424977014462153
0 0.3163338005542755 0.4218675494194031 0.02290453378421565 0.03424977014462153
0 0.22852985560894012 0.42191168665885925 0.02290453378421565 0.03424977014462153
0 0.7587177157402039 0.5222154259681702 0.02290453378421565 0.03424977014462153
0 0.6711735129356384 0.5226997137069702 0.02290453378421565 0.03424977014462153
0 0.5828595161437988 0.5231881737709045 0.02290453378421565 0.03424977014462153
0 0.49376553297042847 0.5236809849739075 0.02290453378421565 0.03424977014462153
0 0.4038812518119812 0.524178147315979 0.02290453378421565 0.03424977014462153
0 0.3131960332393646 0.5246797800064087 0.02290453378421565 0.03424977014462153
0 0.22169913351535797 0.5251858830451965 0.02290453378421565 0.03424977014462153
0 0.7743362784385681 0.6313342452049255 0.02290453378421565 0.03424977014462153
0 0.6831223368644714 0.632337212562561 0.02290453378421565 0.03424977014462153
0 0.5910719037055969 0.6333494186401367 0.02290453378421565 0.03424977014462153
0 0.49817341566085815 0.6343709230422974 0.02290453378421565 0.03424977014462153
0 0.4044151306152344 0.6354018449783325 0.02290453378421565 0.03424977014462153
0 0.30978506803512573 0.6364423632621765 0.02290453378421565 0.03424977014462153
0 0.21427097916603088 0.6374926567077637 0.02290453378421565 0.03424977014462153
0 0.7913427352905273 0.750149130821228 0.02290453378421565 0.03424977014462153
0 0.6961379647254944 0.7517634034156799 0.02290453378421565 0.03424977014462153
0 0.6000210046768188 0.7533931136131287 0.02290453378421565 0.03424977014462153
0 0.5029786229133606 0.7550385594367981 0.02290453378421565 0.03424977014462153
0 0.40499740839004517 0.7566999197006226 0.02290453378421565 0.03424977014462153
0 0.3060636520385742 0.7583773732185364 0.02290453378421565 0.03424977014462153
0 0.2061634212732315 0.7600712776184082 0.02290453378421565 0.03424977014462153