0 0.6813418865203857 0.17405448853969574 0.025336490944027904 0.03378198792537054
0 0.6145560145378113 0.1743175983428955 0.025336490944027904 0.03378198792537054
0 0.5471643805503845 0.1745830923318863 0.025336490944027904 0.03378198792537054
0 0.47915878891944885 0.17485101521015167 0.025336490944027904 0.03378198792537054
0 0.41053080558776855 0.17512138187885284 0.025336490944027904 0.03378198792537054
0 0.3412718176841736 0.1753942370414734 0.025336490944027904 0.03378198792537054
0 0.27137309312820435 0.1756696254014969 0.025336490944027904 0.03378198792537054
0 0.6935669779777527 0.23795081675052643 0.025336490944027904 0.03378198792537054
0 0.6236094832420349 0.2385290414094925 0.025336490944027904 0.03378198792537054
0 0.5529866814613342 0.2391127645969391 0.025336490944027904 0.03378198792537054
0 0.48168909549713135 0.23970206081867218 0.025336490944027904 0.03378198792537054
0 0.4097069203853607 0.24029701948165894 0.025336490944027904 0.03378198792537054
0 0.3370303213596344 0.24089771509170532 0.025336490944027904 0.03378198792537054
0 0.2636491656303406 0.2415042370557785 0.025336490944027904 0.03378198792537054
0 0.707028329372406 0.3083084523677826 0.025336490944027904 0.03378198792537054
0 0.6335830688476562 0.30926594138145447 0.025336490944027904 0.03378198792537054
0 0.559403657913208 0.3102329969406128 0.025336490944027904 0.03378198792537054
0 0.4844790995121002 0.3112097680568695 0.025336490944027904 0.03378198792537054
0 0.40879806876182556 0.31219640374183655 0.025336490944027904 0.03378198792537054
0 0.33234903216362 0.31319305300712585 0.025336490944027904 0.03378198792537054
0 0.25512027740478516 0.31419986486434937 0.025336490944027904 0.03378198792537054
0 0.7219233512878418 0.38615962862968445 0.025336490944027904 0.03378198792537054
0 0.6446244120597839 0.38757625222206116 0.025336490944027904 0.03378198792537054
0 0.5665112733840942 0.3890077769756317 0.025336490944027904 0.03378198792537054
0 0.48757100105285645 0.3904544711112976 0.025336490944027904 0.03378198792537054
0 0.40779033303260803 0.39191657304763794 0.025336490944027904 0.03378198792537054
0 0.32715582847595215 0.3933943212032318 0.025336490944027904 0.03378198792537054
0 0.2456536740064621 0.3948879837989807 0.025336490944027904 0.03378198792537054
0 0.7384940385818481 0.4727688729763031 0.025336490944027904 0.03378198792537054
0 0.6569148302078247 0.4747450351715088 0.025336490944027904 0.03378198792537054
0 0.5744274258613586 0.4767431914806366 0.025336490944027904 0.03378198792537054
0 0.49101656675338745 0.47876372933387756 0.025336490944027904 0.03378198792537054
0 0.40666669607162476 0.48080700635910034 0.025336490944027904 0.03378198792537054
0 0.32136186957359314 0.48287340998649597 0.025336490944027904 0.03378198792537054
0 0.23508574068546295 0.4849633574485779 0.025336490944027904 0.03378198792537054
0 0.7570399641990662 0.5697021484375 0.025336490944027904 0.03378198792537054
0 0.6706787943840027 0.5723655223846436 0.025336490944027904 0.03378198792537054
0 0.5832982659339905 0.5750603079795837 0.025336490944027904 0.03378198792537054
0 0.49488016963005066 0.5777871608734131 0.025336490944027904 0.03378198792537054
0 0.4054059386253357 0.580546498298645 0.025336490944027904 0.03378198792537054
0 0.31485649943351746 0.5833390355110168 0.025336490944027904 0.03378198792537054
0 0.22321239113807678 0.5861653685569763 0.025336490944027904 0.03378198792537054
0 0.7779367566108704 0.6789224147796631 0.025336490944027904 0.03378198792537054
0 0.6861984133720398 0.6824373602867126 0.025336490944027904 0.03378198792537054
0 0.5933077335357666 0.685996413230896 0.025336490944027904 0.03378198792537054
0 0.4992428123950958 0.6896004676818848 0.025336490944027904 0.03378198792537054
0 0.4039812684059143 0.6932504177093506 0.025336490944027904 0.03378198792537054
0 0.30750012397766113 0.6969470381736755 0.025336490944027904 0.03378198792537054
0 0.20977583527565002 0.7006913423538208 0.025336490944027904 0.03378198792537054