0 0.6950107216835022 0.15532048046588898 0.022957814127827686 0.034329441686471306
0 0.6197749972343445 0.15506190061569214 0.022957814127827686 0.034329441686471306
0 0.5438322424888611 0.1548008918762207 0.022957814127827686 0.034329441686471306
0 0.4671725034713745 0.15453742444515228 0.022957814127827686 0.034329441686471306
0 0.389785498380661 0.1542714536190033 0.022957814127827686 0.034329441686471306
0 0.31166091561317444 0.15400294959545135 0.022957814127827686 0.034329441686471306
0 0.2327880859375 0.15373188257217407 0.022957814127827686 0.034329441686471306
0 0.7068952322006226 0.23504586517810822 0.022957814127827686 0.034329441686471306
0 0.6289931535720825 0.23516426980495453 0.022957814127827686 0.034329441686471306
0 0.5503323078155518 0.23528383672237396 0.022957814127827686 0.034329441686471306
0 0.4709016680717468 0.23540456593036652 0.022957814127827686 0.034329441686471306
0 0.39068982005119324 0.23552648723125458 0.022957814127827686 0.034329441686471306
0 0.30968520045280457 0.23564961552619934 0.022957814127827686 0.034329441686471306
0 0.2278759777545929 0.235773965716362 0.022957814127827686 0.034329441686471306
0 0.7196682095527649 0.3207312226295471 0.022957814127827686 0.034329441686471306
0 0.6389038562774658 0.3212849199771881 0.022957814127827686 0.034329441686471306
0 0.5573232173919678 0.3218441903591156 0.022957814127827686 0.034329441686471306
0 0.4749138653278351 0.32240915298461914 0.022957814127827686 0.034329441686471306
0 0.3916631042957306 0.3229798972606659 0.022957814127827686 0.034329441686471306
0 0.30755797028541565 0.32355648279190063 0.022957814127827686 0.034329441686471306
0 0.2225852906703949 0.3241389989852905 0.022957814127827686 0.034329441686471306
0 0.7334331274032593 0.41307082772254944 0.022957814127827686 0.034329441686471306
0 0.6495882868766785 0.41412854194641113 0.022957814127827686 0.034329441686471306
0 0.5648627281188965 0.41519734263420105 0.022957814127827686 0.034329441686471306
0 0.47924256324768066 0.4162774384021759 0.022957814127827686 0.034329441686471306
0 0.3927135765552521 0.41736900806427 0.022957814127827686 0.034329441686471306
0 0.30526116490364075 0.4184722304344177 0.022957814127827686 0.034329441686471306
0 0.21687051653862 0.41958728432655334 0.022957814127827686 0.034329441686471306
0 0.7483102083206177 0.5128711462020874 0.022957814127827686 0.034329441686471306
0 0.6611406207084656 0.5145143866539001 0.022957814127827686 0.034329441686471306
0 0.5730180740356445 0.5161755681037903 0.022957814127827686 0.034329441686471306
0 0.48392680287361145 0.5178550481796265 0.022957814127827686 0.034329441686471306
0 0.39385080337524414 0.5195530652999878 0.022957814127827686 0.034329441686471306
0 0.3027736246585846 0.5212699174880981 0.022957814127827686 0.034329441686471306
0 0.21067851781845093 0.523006021976471 0.022957814127827686 0.034329441686471306
0 0.7644399404525757 0.6210744380950928 0.022957814127827686 0.034329441686471306
0 0.6736711859703064 0.6234003901481628 0.022957814127827686 0.034329441686471306
0 0.5818678736686707 0.6257528066635132 0.022957814127827686 0.034329441686471306
0 0.489012211561203 0.6281322836875916 0.022957814127827686 0.034329441686471306
0 0.39508599042892456 0.6305391192436218 0.022957814127827686 0.034329441686471306
0 0.300070583820343 0.6329739093780518 0.022957814127827686 0.034329441686471306
0 0.20394693315029144 0.6354370713233948 0.022957814127827686 0.034329441686471306
0 0.7819873690605164 0.7387885451316833 0.022957814127827686 0.034329441686471306
0 0.6873096823692322 0.7419138550758362 0.022957814127827686 0.034329441686471306
0 0.5915048718452454 0.7450764179229736 0.022957814127827686 0.034329441686471306
0 0.4945526421070099 0.7482767701148987 0.022957814127827686 0.034329441686471306
0 0.39643236994743347 0.7515157461166382 0.022957814127827686 0.034329441686471306
0 0.2971227169036865 0.7547939419746399 0.022957814127827686 0.034329441686471306
0 0.196602001786232 0.7581121325492859 0.022957814127827686 0.034329441686471306