0 0.7122953534126282 0.18046098947525024 0.025264747440814975 0.03368632992108663
0 0.6435341835021973 0.1830904483795166 0.025264747440814975 0.03368632992108663
0 0.575543999671936 0.18569041788578033 0.025264747440814975 0.03368632992108663
0 0.5083119869232178 0.18826138973236084 0.025264747440814975 0.03368632992108663
0 0.4418255090713501 0.19080385565757751 0.025264747440814975 0.03368632992108663
0 0.3760722279548645 0.19331829249858856 0.025264747440814975 0.03368632992108663
0 0.31104010343551636 0.1958051472902298 0.025264747440814975 0.03368632992108663
0 0.7206393480300903 0.24430376291275024 0.025264747440814975 0.03368632992108663
0 0.648289680480957 0.2466900646686554 0.025264747440814975 0.03368632992108663
0 0.57679283618927 0.24904823303222656 0.025264747440814975 0.03368632992108663
0 0.5061337351799011 0.25137877464294434 0.025264747440814975 0.03368632992108663
0 0.43629783391952515 0.2536821663379669 0.025264747440814975 0.03368632992108663
0 0.36727073788642883 0.2559588551521301 0.025264747440814975 0.03368632992108663
0 0.2990385591983795 0.25820934772491455 0.025264747440814975 0.03368632992108663
0 0.7298945188522339 0.3151184022426605 0.025264747440814975 0.03368632992108663
0 0.6535612940788269 0.31719160079956055 0.025264747440814975 0.03368632992108663
0 0.5781763195991516 0.3192390203475952 0.025264747440814975 0.03368632992108663
0 0.5037220120429993 0.3212611675262451 0.025264747440814975 0.03368632992108663
0 0.4301812946796417 0.32325851917266846 0.025264747440814975 0.03368632992108663
0 0.3575374186038971 0.32523149251937866 0.025264747440814975 0.03368632992108663
0 0.2857740819454193 0.32718056440353394 0.025264747440814975 0.03368632992108663
0 0.7402188181877136 0.3941129148006439 0.025264747440814975 0.03368632992108663
0 0.6594377756118774 0.395783007144928 0.025264747440814975 0.03368632992108663
0 0.5797175168991089 0.3974311649799347 0.025264747440814975 0.03368632992108663
0 0.5010371208190918 0.3990578055381775 0.025264747440814975 0.03368632992108663
0 0.42337653040885925 0.4006633758544922 0.025264747440814975 0.03368632992108663
0 0.3467159569263458 0.4022482633590698 0.025264747440814975 0.03368632992108663
0 0.27103620767593384 0.40381288528442383 0.025264747440814975 0.03368632992108663
0 0.751808762550354 0.4827915132045746 0.025264747440814975 0.03368632992108663
0 0.666029691696167 0.4839414954185486 0.025264747440814975 0.03368632992108663
0 0.5814449787139893 0.4850755035877228 0.025264747440814975 0.03368632992108663
0 0.4980299770832062 0.48619380593299866 0.025264747440814975 0.03368632992108663
0 0.41576048731803894 0.4872967600822449 0.025264747440814975 0.03368632992108663
0 0.3346131145954132 0.4883846938610077 0.025264747440814975 0.03368632992108663
0 0.25456503033638 0.4894578456878662 0.025264747440814975 0.03368632992108663
0 0.7649122476577759 0.5830511450767517 0.025264747440814975 0.03368632992108663
0 0.673475980758667 0.5835272669792175 0.025264747440814975 0.03368632992108663
0 0.5833947658538818 0.5839962363243103 0.025264747440814975 0.03368632992108663
0 0.49463874101638794 0.5844583511352539 0.025264747440814975 0.03368632992108663
0 0.4071788787841797 0.5849137306213379 0.025264747440814975 0.03368632992108663
0 0.32098695635795593 0.5853624939918518 0.025264747440814975 0.03368632992108663
0 0.23603567481040955 0.58580482006073 0.025264747440814975 0.03368632992108663
0 0.7798466086387634 0.6973190903663635 0.025264747440814975 0.03368632992108663
0 0.6819543838500977 0.6969159841537476 0.025264747440814975 0.03368632992108663
0 0.5856126546859741 0.6965192556381226 0.025264747440814975 0.03368632992108663
0 0.4907848536968231 0.696128785610199 0.025264747440814975 0.03368632992108663
0 0.39743560552597046 0.6957443952560425 0.025264747440814975 0.03368632992108663
0 0.3055306375026703 0.6953659653663635 0.025264747440814975 0.03368632992108663
0 0.21503661572933197 0.6949933171272278 0.025264747440814975 0.03368632992108663