0 0.7069053649902344 0.16002880036830902 0.022816757407660287 0.03411851574977239
0 0.6311930418014526 0.15964092314243317 0.022816757407660287 0.03411851574977239
0 0.5550230741500854 0.15925070643424988 0.022816757407660287 0.03411851574977239
0 0.4783913791179657 0.15885812044143677 0.022816757407660287 0.03411851574977239
0 0.40129363536834717 0.15846315026283264 0.022816757407660287 0.03411851574977239
0 0.3237256705760956 0.1580657809972763 0.022816757407660287 0.03411851574977239
0 0.24568311870098114 0.15766596794128418 0.022816757407660287 0.03411851574977239
0 0.7184692621231079 0.23975405097007751 0.022816757407660287 0.03411851574977239
0 0.6400121450424194 0.23960097134113312 0.022816757407660287 0.03411851574977239
0 0.561063289642334 0.23944692313671112 0.022816757407660287 0.03411851574977239
0 0.48161813616752625 0.23929190635681152 0.022816757407660287 0.03411851574977239
0 0.40167197585105896 0.23913592100143433 0.022816757407660287 0.03411851574977239
0 0.3212200701236725 0.23897893726825714 0.022816757407660287 0.03411851574977239
0 0.24025754630565643 0.23882097005844116 0.022816757407660287 0.03411851574977239
0 0.7309122085571289 0.32553964853286743 0.022816757407660287 0.03411851574977239
0 0.649503767490387 0.3256588876247406 0.022816757407660287 0.03411851574977239
0 0.5675656199455261 0.32577893137931824 0.022816757407660287 0.03411851574977239
0 0.4850926101207733 0.32589974999427795 0.022816757407660287 0.03411851574977239
0 0.4020794630050659 0.32602137327194214 0.022816757407660287 0.03411851574977239
0 0.31852084398269653 0.3261437714099884 0.022816757407660287 0.03411851574977239
0 0.23441140353679657 0.32626697421073914 0.022816757407660287 0.03411851574977239
0 0.74433833360672 0.4181038737297058 0.022816757407660287 0.03411851574977239
0 0.6597478985786438 0.41853994131088257 0.022816757407660287 0.03411851574977239
0 0.5745851993560791 0.4189789295196533 0.022816757407660287 0.03411851574977239
0 0.4888444244861603 0.41942089796066284 0.022816757407660287 0.03411851574977239
0 0.4025195837020874 0.4198659062385559 0.022816757407660287 0.03411851574977239
0 0.31560471653938293 0.42031392455101013 0.022816757407660287 0.03411851574977239
0 0.22809380292892456 0.4207650423049927 0.022816757407660287 0.03411851574977239
0 0.7588690519332886 0.5182833075523376 0.022816757407660287 0.03411851574977239
0 0.6708378195762634 0.5190889835357666 0.022816757407660287 0.03411851574977239
0 0.5821864008903503 0.5199004411697388 0.022816757407660287 0.03411851574977239
0 0.49290814995765686 0.5207175612449646 0.022816757407660287 0.03411851574977239
0 0.4029964208602905 0.5215404629707336 0.022816757407660287 0.03411851574977239
0 0.31244441866874695 0.5223692655563354 0.022816757407660287 0.03411851574977239
0 0.22124530375003815 0.5232040286064148 0.022816757407660287 0.03411851574977239
0 0.7746464610099792 0.6270579099655151 0.022816757407660287 0.03411851574977239
0 0.6828827261924744 0.6282966136932373 0.022816757407660287 0.03411851574977239
0 0.5904445648193359 0.6295444369316101 0.022816757407660287 0.03411851574977239
0 0.4973244071006775 0.6308014392852783 0.022816757407660287 0.03411851574977239
0 0.4035147726535797 0.6320677399635315 0.022816757407660287 0.03411851574977239
0 0.3090079128742218 0.633343517780304 0.022816757407660287 0.03411851574977239
0 0.21379607915878296 0.6346287727355957 0.022816757407660287 0.03411851574977239
0 0.7918381690979004 0.7455834746360779 0.022816757407660287 0.03411851574977239
0 0.696011483669281 0.747331440448761 0.022816757407660287 0.03411851574977239
0 0.5994486212730408 0.7490928769111633 0.022816757407660287 0.03411851574977239
0 0.5021411180496216 0.7508678436279297 0.022816757407660287 0.03411851574977239
0 0.4040803015232086 0.7526565194129944 0.022816757407660287 0.03411851574977239
0 0.3052573800086975 0.7544591426849365 0.022816757407660287 0.03411851574977239
0 0.20566342771053314 0.7562758326530457 0.022816757407660287 0.03411851574977239