0 0.7114277482032776 0.3074910342693329 0.031604443987210594 0.031604443987210594
0 0.638893187046051 0.30708473920822144 0.031604443987210594 0.031604443987210594
0 0.5661072731018066 0.30667704343795776 0.031604443987210594 0.031604443987210594
0 0.4930686950683594 0.30626794695854187 0.031604443987210594 0.031604443987210594
0 0.41977617144584656 0.305857390165329 0.031604443987210594 0.031604443987210594
0 0.34622836112976074 0.30544543266296387 0.031604443987210594 0.031604443987210594
0 0.27242395281791687 0.30503201484680176 0.031604443987210594 0.031604443987210594
0 0.7189030051231384 0.3720256984233856 0.031604443987210594 0.031604443987210594
0 0.6439455151557922 0.3717211186885834 0.031604443987210594 0.031604443987210594
0 0.5687196254730225 0.3714154362678528 0.031604443987210594 0.031604443987210594
0 0.49322375655174255 0.37110868096351624 0.031604443987210594 0.031604443987210594
0 0.4174565374851227 0.37080079317092896 0.031604443987210594 0.031604443987210594
0 0.34141650795936584 0.3704918324947357 0.031604443987210594 0.031604443987210594
0 0.2651021480560303 0.37018173933029175 0.031604443987210594 0.031604443987210594
0 0.7268968820571899 0.4410378038883209 0.031604443987210594 0.031604443987210594
0 0.6493490934371948 0.44085028767585754 0.031604443987210594 0.031604443987210594
0 0.5715138912200928 0.44066208600997925 0.031604443987210594 0.031604443987210594
0 0.49338963627815247 0.44047316908836365 0.031604443987210594 0.031604443987210594
0 0.41497477889060974 0.44028356671333313 0.031604443987210594 0.031604443987210594
0 0.3362676799297333 0.4400932490825653 0.031604443987210594 0.031604443987210594
0 0.25726667046546936 0.43990224599838257 0.031604443987210594 0.031604443987210594
0 0.7354653477668762 0.5150101184844971 0.031604443987210594 0.031604443987210594
0 0.6551417708396912 0.51495760679245 0.031604443987210594 0.031604443987210594
0 0.5745097398757935 0.5149049162864685 0.031604443987210594 0.031604443987210594
0 0.4935675263404846 0.514851987361908 0.031604443987210594 0.031604443987210594
0 0.4123132824897766 0.5147988796234131 0.031604443987210594 0.031604443987210594
0 0.3307451903820038 0.5147455334663391 0.031604443987210594 0.031604443987210594
0 0.24886146187782288 0.5146920084953308 0.031604443987210594 0.031604443987210594
0 0.7446725964546204 0.5944973230361938 0.031604443987210594 0.031604443987210594
0 0.6613671779632568 0.5946008563041687 0.031604443987210594 0.031604443987210594
0 0.5777298808097839 0.5947048664093018 0.031604443987210594 0.031604443987210594
0 0.4937587380409241 0.5948092341423035 0.031604443987210594 0.031604443987210594
0 0.40945175290107727 0.5949140191078186 0.031604443987210594 0.031604443987210594
0 0.3248068690299988 0.5950192213058472 0.031604443987210594 0.031604443987210594
0 0.23982207477092743 0.5951248407363892 0.031604443987210594 0.031604443987210594
0 0.7545928955078125 0.6801400780677795 0.031604443987210594 0.031604443987210594
0 0.668075680732727 0.6804245114326477 0.031604443987210594 0.031604443987210594
0 0.5812004208564758 0.6807100772857666 0.031604443987210594 0.031604443987210594
0 0.4939648509025574 0.6809968948364258 0.031604443987210594 0.031604443987210594
0 0.406366765499115 0.6812848448753357 0.031604443987210594 0.031604443987210594
0 0.3184038996696472 0.6815739870071411 0.031604443987210594 0.031604443987210594
0 0.23007391393184662 0.6818643808364868 0.031604443987210594 0.031604443987210594
0 0.7653123140335083 0.7726821899414062 0.031604443987210594 0.031604443987210594
0 0.6753257513046265 0.773176908493042 0.031604443987210594 0.031604443987210594
0 0.5849517583847046 0.7736737132072449 0.031604443987210594 0.031604443987210594
0 0.49418768286705017 0.7741727232933044 0.031604443987210594 0.031604443987210594
0 0.4030311405658722 0.7746738791465759 0.031604443987210594 0.031604443987210594
0 0.31147950887680054 0.7751771807670593 0.031604443987210594 0.031604443987210594
0 0.21953022480010986 0.7756826877593994 0.031604443987210594 0.031604443987210594