0 0.7703240513801575 0.21325278282165527 0.03741995493570963 0.03741995493570963
0 0.6888870000839233 0.21372438967227936 0.03741995493570963 0.03741995493570963
0 0.6075403690338135 0.21419546008110046 0.03741995493570963 0.03741995493570963
0 0.5262839198112488 0.21466602385044098 0.03741995493570963 0.03741995493570963
0 0.44511762261390686 0.2151360660791397 0.03741995493570963 0.03741995493570963
0 0.3640412390232086 0.21560557186603546 0.03741995493570963 0.03741995493570963
0 0.2830546796321869 0.21607457101345062 0.03741995493570963 0.03741995493570963
0 0.779369592666626 0.2707890272140503 0.03741995493570963 0.03741995493570963
0 0.694572925567627 0.2712467908859253 0.03741995493570963 0.03741995493570963
0 0.6098742485046387 0.2717040181159973 0.03741995493570963 0.03741995493570963
0 0.5252734422683716 0.27216070890426636 0.03741995493570963 0.03741995493570963
0 0.4407702684402466 0.2726168930530548 0.03741995493570963 0.03741995493570963
0 0.35636457800865173 0.27307257056236267 0.03741995493570963 0.03741995493570963
0 0.2720562219619751 0.27352768182754517 0.03741995493570963 0.03741995493570963
0 0.7891927361488342 0.33327168226242065 0.03741995493570963 0.03741995493570963
0 0.7007473707199097 0.3337114155292511 0.03741995493570963 0.03741995493570963
0 0.6124085783958435 0.33415064215660095 0.03741995493570963 0.03741995493570963
0 0.5241761803627014 0.3345893323421478 0.03741995493570963 0.03741995493570963
0 0.43605005741119385 0.3350275158882141 0.03741995493570963 0.03741995493570963
0 0.3480299413204193 0.33546513319015503 0.03741995493570963 0.03741995493570963
0 0.2601156532764435 0.33590224385261536 0.03741995493570963 0.03741995493570963
0 0.7998983263969421 0.40136727690696716 0.03741995493570963 0.03741995493570963
0 0.7074761390686035 0.40178385376930237 0.03741995493570963 0.03741995493570963
0 0.6151703000068665 0.402199923992157 0.03741995493570963 0.03741995493570963
0 0.5229806303977966 0.4026154577732086 0.03741995493570963 0.03741995493570963
0 0.43090689182281494 0.4030304551124573 0.03741995493570963 0.03741995493570963
0 0.33894890546798706 0.40344497561454773 0.03741995493570963 0.03741995493570963
0 0.24710644781589508 0.4038589298725128 0.03741995493570963 0.03741995493570963
0 0.8116108775138855 0.47586768865585327 0.03741995493570963 0.03741995493570963
0 0.714837372303009 0.47625473141670227 0.03741995493570963 0.03741995493570963
0 0.6181913614273071 0.4766412377357483 0.03741995493570963 0.03741995493570963
0 0.521672785282135 0.4770272374153137 0.03741995493570963 0.03741995493570963
0 0.42528125643730164 0.47741270065307617 0.03741995493570963 0.03741995493570963
0 0.3290165662765503 0.4777976870536804 0.03741995493570963 0.03741995493570963
0 0.23287849128246307 0.4781821668148041 0.03741995493570963 0.03741995493570963
0 0.8244794607162476 0.5577211976051331 0.03741995493570963 0.03741995493570963
0 0.7229245901107788 0.5580706596374512 0.03741995493570963 0.03741995493570963
0 0.6215102672576904 0.5584195852279663 0.03741995493570963 0.03741995493570963
0 0.5202361345291138 0.558768093585968 0.03741995493570963 0.03741995493570963
0 0.41910192370414734 0.5591160655021667 0.03741995493570963 0.03741995493570963
0 0.3181073069572449 0.5594635605812073 0.03741995493570963 0.03741995493570963
0 0.21725207567214966 0.5598106384277344 0.03741995493570963 0.03741995493570963
0 0.8386840224266052 0.6480728387832642 0.03741995493570963 0.03741995493570963
0 0.7318509221076965 0.648374617099762 0.03741995493570963 0.03741995493570963
0 0.6251732110977173 0.6486759781837463 0.03741995493570963 0.03741995493570963
0 0.5186506509780884 0.6489768624305725 0.03741995493570963 0.03741995493570963
0 0.41228288412094116 0.6492773294448853 0.03741995493570963 0.03741995493570963
0 0.306069552898407 0.6495773792266846 0.03741995493570963 0.03741995493570963
0 0.20001034438610077 0.6498769521713257 0.03741995493570963 0.03741995493570963