0 0.2064030021429062 0.7009932398796082 0.031021292010943096 0.031021292010943096
0 0.2949892580509186 0.7008404731750488 0.031021292010943096 0.031021292010943096
0 0.38385969400405884 0.7006871700286865 0.031021292010943096 0.031021292010943096
0 0.4730156362056732 0.700533390045166 0.031021292010943096 0.031021292010943096
0 0.5624585151672363 0.7003791332244873 0.031021292010943096 0.031021292010943096
0 0.6521896719932556 0.7002243995666504 0.031021292010943096 0.031021292010943096
0 0.7422105669975281 0.7000691294670105 0.031021292010943096 0.031021292010943096
0 0.2180539220571518 0.6129613518714905 0.031021292010943096 0.031021292010943096
0 0.30322596430778503 0.6126790046691895 0.031021292010943096 0.031021292010943096
0 0.38866057991981506 0.6123957633972168 0.031021292010943096 0.031021292010943096
0 0.47435906529426575 0.6121116280555725 0.031021292010943096 0.031021292010943096
0 0.5603225827217102 0.6118266582489014 0.031021292010943096 0.031021292010943096
0 0.6465523838996887 0.6115407347679138 0.031021292010943096 0.031021292010943096
0 0.733049750328064 0.6112539768218994 0.031021292010943096 0.031021292010943096
0 0.2288369983434677 0.5314867496490479 0.031021292010943096 0.031021292010943096
0 0.310848206281662 0.5310941338539124 0.031021292010943096 0.031021292010943096
0 0.39310282468795776 0.5307003855705261 0.031021292010943096 0.031021292010943096
0 0.4756019711494446 0.5303055047988892 0.031021292010943096 0.031021292010943096
0 0.558346688747406 0.5299093723297119 0.031021292010943096 0.031021292010943096
0 0.6413381099700928 0.5295121073722839 0.031021292010943096 0.031021292010943096
0 0.7245773673057556 0.5291136503219604 0.031021292010943096 0.031021292010943096
0 0.23884572088718414 0.45586296916007996 0.031021292010943096 0.031021292010943096
0 0.31792229413986206 0.4553764760494232 0.031021292010943096 0.031021292010943096
0 0.39722514152526855 0.45488858222961426 0.031021292010943096 0.031021292010943096
0 0.4767552316188812 0.4543992877006531 0.031021292010943096 0.031021292010943096
0 0.5565134882926941 0.4539085924625397 0.031021292010943096 0.031021292010943096
0 0.6365010142326355 0.45341646671295166 0.031021292010943096 0.031021292010943096
0 0.7167186737060547 0.4529229700565338 0.031021292010943096 0.031021292010943096
0 0.24816060066223145 0.38548168540000916 0.031021292010943096 0.031021292010943096
0 0.3245053291320801 0.3849150240421295 0.031021292010943096 0.031021292010943096
0 0.40106090903282166 0.38434678316116333 0.031021292010943096 0.031021292010943096
0 0.4778282046318054 0.3837769627571106 0.031021292010943096 0.031021292010943096
0 0.5548081398010254 0.3832055926322937 0.031021292010943096 0.031021292010943096
0 0.632001519203186 0.38263261318206787 0.031021292010943096 0.031021292010943096
0 0.7094092965126038 0.3820580542087555 0.031021292010943096 0.031021292010943096
0 0.2568513751029968 0.3198160231113434 0.031021292010943096 0.031021292010943096
0 0.33064669370651245 0.31918084621429443 0.031021292010943096 0.031021292010943096
0 0.40463897585868835 0.3185439705848694 0.031021292010943096 0.031021292010943096
0 0.4788289964199066 0.31790539622306824 0.031021292010943096 0.031021292010943096
0 0.5532175898551941 0.3172650933265686 0.031021292010943096 0.031021292010943096
0 0.6278055310249329 0.31662309169769287 0.031021292010943096 0.031021292010943096
0 0.7025936245918274 0.31597939133644104 0.031021292010943096 0.031021292010943096
0 0.2649787366390228 0.2584073841571808 0.031021292010943096 0.031021292010943096
0 0.336389422416687 0.25771364569664 0.031021292010943096 0.031021292010943096
0 0.40798449516296387 0.2570180892944336 0.031021292010943096 0.031021292010943096
0 0.4797646701335907 0.2563207745552063 0.031021292010943096 0.031021292010943096
0 0.5517306923866272 0.25562161207199097 0.031021292010943096 0.031021292010943096
0 0.6238833069801331 0.2549206614494324 0.031021292010943096 0.031021292010943096
0 0.6962231993675232 0.25421789288520813 0.031021292010943096 0.031021292010943096