0 0.6856147050857544 0.17459680140018463 0.025295913219451904 0.03372788429260254
0 0.6185855269432068 0.17535802721977234 0.025295913219451904 0.03372788429260254
0 0.5509790778160095 0.17612579464912415 0.025295913219451904 0.03372788429260254
0 0.4827878475189209 0.1769002228975296 0.025295913219451904 0.03372788429260254
0 0.41400423645973206 0.17768137156963348 0.025295913219451904 0.03372788429260254
0 0.3446204960346222 0.17846933007240295 0.025295913219451904 0.03372788429260254
0 0.27462872862815857 0.17926418781280518 0.025295913219451904 0.03372788429260254
0 0.6978974342346191 0.23850783705711365 0.025295913219451904 0.03372788429260254
0 0.6277109384536743 0.23959270119667053 0.025295913219451904 0.03372788429260254
0 0.5568908452987671 0.24068735539913177 0.025295913219451904 0.03372788429260254
0 0.4854286015033722 0.24179194867610931 0.025295913219451904 0.03372788429260254
0 0.41331538558006287 0.2429066002368927 0.025295913219451904 0.03372788429260254
0 0.3405423164367676 0.24403144419193268 0.025295913219451904 0.03372788429260254
0 0.2671002149581909 0.2451666295528412 0.025295913219451904 0.03372788429260254
0 0.7114108800888062 0.3088231384754181 0.025295913219451904 0.03372788429260254
0 0.6377550363540649 0.3102944493293762 0.025295913219451904 0.03372788429260254
0 0.5634006261825562 0.3117797374725342 0.025295913219451904 0.03372788429260254
0 0.48833775520324707 0.3132791519165039 0.025295913219451904 0.03372788429260254
0 0.4125562012195587 0.3147929310798645 0.025295913219451904 0.03372788429260254
0 0.33604562282562256 0.3163212835788727 0.025295913219451904 0.03372788429260254
0 0.25879544019699097 0.31786438822746277 0.025295913219451904 0.03372788429260254
0 0.726349949836731 0.38655611872673035 0.025295913219451904 0.03372788429260254
0 0.6488639712333679 0.3884917199611664 0.025295913219451904 0.03372788429260254
0 0.5706040263175964 0.39044666290283203 0.025295913219451904 0.03372788429260254
0 0.4915584325790405 0.3924212157726288 0.025295913219451904 0.03372788429260254
0 0.4117153286933899 0.3944157063961029 0.025295913219451904 0.03372788429260254
0 0.33106255531311035 0.3964304029941559 0.025295913219451904 0.03372788429260254
0 0.2495877742767334 0.39846566319465637 0.025295913219451904 0.03372788429260254
0 0.7429527044296265 0.47294583916664124 0.025295913219451904 0.03372788429260254
0 0.6612166166305542 0.47544315457344055 0.025295913219451904 0.03372788429260254
0 0.5786181092262268 0.4779667854309082 0.025295913219451904 0.03372788429260254
0 0.49514350295066833 0.48051717877388 0.025295913219451904 0.03372788429260254
0 0.41077879071235657 0.4830947816371918 0.025295913219451904 0.03372788429260254
0 0.3255096971988678 0.4857000410556793 0.025295913219451904 0.03372788429260254
0 0.2393215298652649 0.4883333444595337 0.025295913219451904 0.03372788429260254
0 0.7615134716033936 0.5695237517356873 0.025295913219451904 0.03372788429260254
0 0.6750340461730957 0.5727059245109558 0.025295913219451904 0.03372788429260254
0 0.587587833404541 0.5759237408638 0.025295913219451904 0.03372788429260254
0 0.49915847182273865 0.579177737236023 0.025295913219451904 0.03372788429260254
0 0.40972933173179626 0.5824685096740723 0.025295913219451904 0.03372788429260254
0 0.3192833364009857 0.5857967138290405 0.025295913219451904 0.03372788429260254
0 0.2278030514717102 0.5891629457473755 0.025295913219451904 0.03372788429260254
0 0.7824003100395203 0.6782049536705017 0.025295913219451904 0.03372788429260254
0 0.690593421459198 0.6822299957275391 0.025295913219451904 0.03372788429260254
0 0.5976950526237488 0.6863028407096863 0.025295913219451904 0.03372788429260254
0 0.5036856532096863 0.6904244422912598 0.025295913219451904 0.03372788429260254
0 0.4085451662540436 0.6945955753326416 0.025295913219451904 0.03372788429260254
0 0.31225305795669556 0.698817253112793 0.025295913219451904 0.03372788429260254
0 0.2147883027791977 0.7030903697013855 0.025295913219451904 0.03372788429260254