0 0.729183554649353 0.21307975053787231 0.03437537203232447 0.03437537203232447
0 0.6538994312286377 0.212594673037529 0.03437537203232447 0.03437537203232447
0 0.5785746574401855 0.21210932731628418 0.03437537203232447 0.03437537203232447
0 0.5032092928886414 0.21162371337413788 0.03437537203232447 0.03437537203232447
0 0.42780327796936035 0.21113784611225128 0.03437537203232447 0.03437537203232447
0 0.35235655307769775 0.2106517255306244 0.03437537203232447 0.03437537203232447
0 0.27686911821365356 0.21016532182693481 0.03437537203232447 0.03437537203232447
0 0.7371929287910461 0.26717817783355713 0.03437537203232447 0.03437537203232447
0 0.658904492855072 0.26668888330459595 0.03437537203232447 0.03437537203232447
0 0.5805721282958984 0.2661993205547333 0.03437537203232447 0.03437537203232447
0 0.5021958351135254 0.26570945978164673 0.03437537203232447 0.03437537203232447
0 0.4237755835056305 0.2652193605899811 0.03437537203232447 0.03437537203232447
0 0.34531131386756897 0.26472896337509155 0.03437537203232447 0.03437537203232447
0 0.2668030261993408 0.26423829793930054 0.03437537203232447 0.03437537203232447
0 0.745868444442749 0.32577595114707947 0.03437537203232447 0.03437537203232447
0 0.6643258929252625 0.325283408164978 0.03437537203232447 0.03437537203232447
0 0.5827357769012451 0.3247905969619751 0.03437537203232447 0.03437537203232447
0 0.5010979771614075 0.3242974877357483 0.03437537203232447 0.03437537203232447
0 0.4194125235080719 0.3238040804862976 0.03437537203232447 0.03437537203232447
0 0.33767926692962646 0.32331037521362305 0.03437537203232447 0.03437537203232447
0 0.25589823722839355 0.322816401720047 0.03437537203232447 0.03437537203232447
0 0.7552967667579651 0.3894588053226471 0.03437537203232447 0.03437537203232447
0 0.6702179908752441 0.3889642655849457 0.03437537203232447 0.03437537203232447
0 0.5850873589515686 0.3884694576263428 0.03437537203232447 0.03437537203232447
0 0.4999048113822937 0.3879743218421936 0.03437537203232447 0.03437537203232447
0 0.41467034816741943 0.38747888803482056 0.03437537203232447 0.03437537203232447
0 0.329383909702301 0.386983186006546 0.03437537203232447 0.03437537203232447
0 0.2440454214811325 0.38648712635040283 0.03437537203232447 0.03437537203232447
0 0.765580415725708 0.45891860127449036 0.03437537203232447 0.03437537203232447
0 0.6766446828842163 0.45842376351356506 0.03437537203232447 0.03437537203232447
0 0.5876523852348328 0.4579285979270935 0.03437537203232447 0.03437537203232447
0 0.49860328435897827 0.45743313431739807 0.03437537203232447 0.03437537203232447
0 0.40949746966362 0.45693734288215637 0.03437537203232447 0.03437537203232447
0 0.3203348219394684 0.4564412534236908 0.03437537203232447 0.03437537203232447
0 0.23111532628536224 0.45594483613967896 0.03437537203232447 0.03437537203232447
0 0.7768412828445435 0.5349788069725037 0.03437537203232447 0.03437537203232447
0 0.6836823225021362 0.5344858169555664 0.03437537203232447 0.03437537203232447
0 0.590461254119873 0.5339925289154053 0.03437537203232447 0.03437537203232447
0 0.49717795848846436 0.5334988832473755 0.03437537203232447 0.03437537203232447
0 0.4038323760032654 0.533004879951477 0.03437537203232447 0.03437537203232447
0 0.31042444705963135 0.5325105786323547 0.03437537203232447 0.03437537203232447
0 0.2169540822505951 0.5320159196853638 0.03437537203232447 0.03437537203232447
0 0.7892255187034607 0.6186271905899048 0.03437537203232447 0.03437537203232447
0 0.6914223432540894 0.6181389093399048 0.03437537203232447 0.03437537203232447
0 0.5935506224632263 0.6176502704620361 0.03437537203232447 0.03437537203232447
0 0.4956102967262268 0.6171612739562988 0.03437537203232447 0.03437537203232447
0 0.39760130643844604 0.6166719794273376 0.03437537203232447 0.03437537203232447
0 0.29952359199523926 0.616182267665863 0.03437537203232447 0.03437537203232447
0 0.20137706398963928 0.6156922578811646 0.03437537203232447 0.03437537203232447