0 0.2350473403930664 0.652214527130127 0.03341384728749593 0.03341384728749593
0 0.3328785002231598 0.6528908014297485 0.03341384728749593 0.03341384728749593
0 0.43029841780662537 0.6535642743110657 0.03341384728749593 0.03341384728749593
0 0.5273096561431885 0.6542349457740784 0.03341384728749593 0.03341384728749593
0 0.6239148378372192 0.6549027562141418 0.03341384728749593 0.03341384728749593
0 0.7201164364814758 0.6555678248405457 0.03341384728749593 0.03341384728749593
0 0.8159170150756836 0.656230092048645 0.03341384728749593 0.03341384728749593
0 0.24456553161144257 0.560475766658783 0.03341384728749593 0.03341384728749593
0 0.339131236076355 0.5613164305686951 0.03341384728749593 0.03341384728749593
0 0.4333125650882721 0.562153697013855 0.03341384728749593 0.03341384728749593
0 0.5271118879318237 0.5629875659942627 0.03341384728749593 0.03341384728749593
0 0.6205314993858337 0.563818097114563 0.03341384728749593 0.03341384728749593
0 0.713573694229126 0.5646452307701111 0.03341384728749593 0.03341384728749593
0 0.8062407374382019 0.5654690265655518 0.03341384728749593 0.03341384728749593
0 0.25347116589546204 0.47464102506637573 0.03341384728749593 0.03341384728749593
0 0.3449823558330536 0.47562387585639954 0.03341384728749593 0.03341384728749593
0 0.436133474111557 0.4766028821468353 0.03341384728749593 0.03341384728749593
0 0.5269266963005066 0.4775780439376831 0.03341384728749593 0.03341384728749593
0 0.6173641681671143 0.47854939103126526 0.03341384728749593 0.03341384728749593
0 0.70744788646698 0.4795169234275818 0.03341384728749593 0.03341384728749593
0 0.7971799373626709 0.4804806709289551 0.03341384728749593 0.03341384728749593
0 0.26182153820991516 0.39415809512138367 0.03341384728749593 0.03341384728749593
0 0.35046932101249695 0.3952640891075134 0.03341384728749593 0.03341384728749593
0 0.43877917528152466 0.39636585116386414 0.03341384728749593 0.03341384728749593
0 0.5267530679702759 0.39746344089508057 0.03341384728749593 0.03341384728749593
0 0.6143928170204163 0.39855682849884033 0.03341384728749593 0.03341384728749593
0 0.7017003893852234 0.3996461033821106 0.03341384728749593 0.03341384728749593
0 0.7886776328086853 0.40073123574256897 0.03341384728749593 0.03341384728749593
0 0.26966699957847595 0.31854164600372314 0.03341384728749593 0.03341384728749593
0 0.3556251525878906 0.31975430250167847 0.03341384728749593 0.03341384728749593
0 0.4412655234336853 0.32096245884895325 0.03341384728749593 0.03341384728749593
0 0.5265898108482361 0.32216617465019226 0.03341384728749593 0.03341384728749593
0 0.6115998029708862 0.3233654499053955 0.03341384728749593 0.03341384728749593
0 0.6962972283363342 0.3245603144168854 0.03341384728749593 0.03341384728749593
0 0.7806838154792786 0.32575079798698425 0.03341384728749593 0.03341384728749593
0 0.27705201506614685 0.24736317992210388 0.03341384728749593 0.03341384728749593
0 0.360478937625885 0.24866826832294464 0.03341384728749593 0.03341384728749593
0 0.443606436252594 0.24996867775917053 0.03341384728749593 0.03341384728749593
0 0.5264360904693604 0.25126442313194275 0.03341384728749593 0.03341384728749593
0 0.6089695692062378 0.2525555491447449 0.03341384728749593 0.03341384728749593
0 0.6912083625793457 0.2538420557975769 0.03341384728749593 0.03341384728749593
0 0.7731541395187378 0.25512397289276123 0.03341384728749593 0.03341384728749593
0 0.2840159237384796 0.18024316430091858 0.03341384728749593 0.03341384728749593
0 0.36505642533302307 0.18162834644317627 0.03341384728749593 0.03341384728749593
0 0.4458143413066864 0.18300870060920715 0.03341384728749593 0.03341384728749593
0 0.5262911319732666 0.18438425660133362 0.03341384728749593 0.03341384728749593
0 0.6064882278442383 0.18575502932071686 0.03341384728749593 0.03341384728749593
0 0.6864071488380432 0.18712104856967926 0.03341384728749593 0.03341384728749593
0 0.766049325466156 0.18848232924938202 0.03341384728749593 0.03341384728749593