0 0.19995930790901184 0.7256476283073425 0.031021736562252045 0.031021736562252045
0 0.2897982597351074 0.72529536485672 0.031021736562252045 0.031021736562252045
0 0.3794005215167999 0.724943995475769 0.031021736562252045 0.031021736562252045
0 0.4687670171260834 0.7245935797691345 0.031021736562252045 0.031021736562252045
0 0.5578987002372742 0.7242441177368164 0.031021736562252045 0.031021736562252045
0 0.646796464920044 0.7238955497741699 0.031021736562252045 0.031021736562252045
0 0.7354612350463867 0.7235478758811951 0.031021736562252045 0.031021736562252045
0 0.21118251979351044 0.6352041363716125 0.031021736562252045 0.031021736562252045
0 0.2974637448787689 0.6349803805351257 0.031021736562252045 0.031021736562252045
0 0.38352659344673157 0.6347571611404419 0.031021736562252045 0.031021736562252045
0 0.46937188506126404 0.6345345377922058 0.031021736562252045 0.031021736562252045
0 0.5550004839897156 0.6343124508857727 0.031021736562252045 0.031021736562252045
0 0.6404131650924683 0.6340909004211426 0.031021736562252045 0.031021736562252045
0 0.7256107926368713 0.6338699460029602 0.031021736562252045 0.031021736562252045
0 0.22155295312404633 0.5516330599784851 0.031021736562252045 0.031021736562252045
0 0.3045474588871002 0.5515196323394775 0.031021736562252045 0.031021736562252045
0 0.38733989000320435 0.5514065027236938 0.031021736562252045 0.031021736562252045
0 0.4699309766292572 0.5512936115264893 0.031021736562252045 0.031021736562252045
0 0.5523214340209961 0.5511810183525085 0.031021736562252045 0.031021736562252045
0 0.6345120668411255 0.5510687232017517 0.031021736562252045 0.031021736562252045
0 0.7165034413337708 0.550956666469574 0.031021736562252045 0.031021736562252045
0 0.23116421699523926 0.4741796851158142 0.031021736562252045 0.031021736562252045
0 0.31111323833465576 0.47416138648986816 0.031021736562252045 0.031021736562252045
0 0.3908747136592865 0.4741431176662445 0.031021736562252045 0.031021736562252045
0 0.470449298620224 0.47412487864494324 0.031021736562252045 0.031021736562252045
0 0.549837589263916 0.47410669922828674 0.031021736562252045 0.031021736562252045
0 0.6290403604507446 0.47408854961395264 0.031021736562252045 0.031021736562252045
0 0.7080581188201904 0.4740704596042633 0.031021736562252045 0.031021736562252045
0 0.24009674787521362 0.4021960198879242 0.031021736562252045 0.031021736562252045
0 0.3172158896923065 0.4022599160671234 0.031021736562252045 0.031021736562252045
0 0.3941604793071747 0.4023236632347107 0.031021736562252045 0.031021736562252045
0 0.47093111276626587 0.40238726139068604 0.031021736562252045 0.031021736562252045
0 0.5475283861160278 0.40245071053504944 0.031021736562252045 0.031021736562252045
0 0.6239528656005859 0.4025140404701233 0.031021736562252045 0.031021736562252045
0 0.7002052068710327 0.4025771915912628 0.031021736562252045 0.031021736562252045
0 0.24841998517513275 0.33512240648269653 0.031021736562252045 0.031021736562252045
0 0.32290270924568176 0.33525753021240234 0.031021736562252045 0.031021736562252045
0 0.3972226083278656 0.3353923559188843 0.031021736562252045 0.031021736562252045
0 0.47138020396232605 0.33552688360214233 0.031021736562252045 0.031021736562252045
0 0.5453760027885437 0.3356611132621765 0.031021736562252045 0.031021736562252045
0 0.6192105412483215 0.3357950448989868 0.031021736562252045 0.031021736562252045
0 0.6928843855857849 0.33592870831489563 0.031021736562252045 0.031021736562252045
0 0.25619420409202576 0.2724730372428894 0.031021736562252045 0.031021736562252045
0 0.3282148241996765 0.2726700007915497 0.031021736562252045 0.031021736562252045
0 0.40008318424224854 0.27286654710769653 0.031021736562252045 0.031021736562252045
0 0.47179973125457764 0.27306270599365234 0.031021736562252045 0.031021736562252045
0 0.5433650016784668 0.27325841784477234 0.031021736562252045 0.031021736562252045
0 0.6147793531417847 0.2734537422657013 0.031021736562252045 0.031021736562252045
0 0.6860434412956238 0.27364861965179443 0.031021736562252045 0.031021736562252045