0 0.7081557512283325 0.16206975281238556 0.022914658378188808 0.03426490972439448
0 0.6324912309646606 0.1607511192560196 0.022914658378188808 0.03426490972439448
0 0.5562524795532227 0.15942250192165375 0.022914658378188808 0.03426490972439448
0 0.47943276166915894 0.1580837368965149 0.022914658378188808 0.03426490972439448
0 0.4020255208015442 0.15673474967479706 0.022914658378188808 0.03426490972439448
0 0.32402393221855164 0.1553754061460495 0.022914658378188808 0.03426490972439448
0 0.24542120099067688 0.15400557219982147 0.022914658378188808 0.03426490972439448
0 0.719430148601532 0.24267785251140594 0.022914658378188808 0.03426490972439448
0 0.6410914063453674 0.24162757396697998 0.022914658378188808 0.03426490972439448
0 0.5621365308761597 0.24056904017925262 0.022914658378188808 0.03426490972439448
0 0.48255833983421326 0.23950214684009552 0.022914658378188808 0.03426490972439448
0 0.4023493528366089 0.2384267896413803 0.022914658378188808 0.03426490972439448
0 0.32150208950042725 0.23734287917613983 0.022914658378188808 0.03426490972439448
0 0.24000883102416992 0.23625031113624573 0.022914658378188808 0.03426490972439448
0 0.7315414547920227 0.3292696177959442 0.022914658378188808 0.03426490972439448
0 0.650332510471344 0.32853198051452637 0.022914658378188808 0.03426490972439448
0 0.568461000919342 0.3277883529663086 0.022914658378188808 0.03426490972439448
0 0.485918790102005 0.32703861594200134 0.022914658378188808 0.03426490972439448
0 0.4026976525783539 0.32628270983695984 0.022914658378188808 0.03426490972439448
0 0.31878912448883057 0.3255205452442169 0.022914658378188808 0.03426490972439448
0 0.23418471217155457 0.3247520923614502 0.022914658378188808 0.03426490972439448
0 0.7445864677429199 0.4225369691848755 0.022914658378188808 0.03426490972439448
0 0.6602890491485596 0.42216435074806213 0.022914658378188808 0.03426490972439448
0 0.5752771496772766 0.42178860306739807 0.022914658378188808 0.03426490972439448
0 0.489541620016098 0.42140963673591614 0.022914658378188808 0.03426490972439448
0 0.403073251247406 0.42102745175361633 0.022914658378188808 0.03426490972439448
0 0.3158625662326813 0.4206419587135315 0.022914658378188808 0.03426490972439448
0 0.22789998352527618 0.4202531576156616 0.022914658378188808 0.03426490972439448
0 0.7586774826049805 0.5232828259468079 0.022914658378188808 0.03426490972439448
0 0.6710474491119385 0.5233374834060669 0.022914658378188808 0.03426490972439448
0 0.5826446413993835 0.5233926177024841 0.022914658378188808 0.03426490972439448
0 0.4934588074684143 0.5234482288360596 0.022914658378188808 0.03426490972439448
0 0.4034794867038727 0.523504376411438 0.022914658378188808 0.03426490972439448
0 0.31269609928131104 0.5235609412193298 0.022914658378188808 0.03426490972439448
0 0.22109773755073547 0.5236181020736694 0.022914658378188808 0.03426490972439448
0 0.7739455699920654 0.6324442028999329 0.022914658378188808 0.03426490972439448
0 0.6827086210250854 0.6330004930496216 0.022914658378188808 0.03426490972439448
0 0.59063321352005 0.6335618495941162 0.022914658378188808 0.03426490972439448
0 0.497707724571228 0.6341283917427063 0.022914658378188808 0.03426490972439448
0 0.40392032265663147 0.6347001791000366 0.022914658378188808 0.03426490972439448
0 0.30925893783569336 0.6352773308753967 0.022914658378188808 0.03426490972439448
0 0.21371133625507355 0.6358598470687866 0.022914658378188808 0.03426490972439448
0 0.7905445694923401 0.7511215806007385 0.022914658378188808 0.03426490972439448
0 0.6953911781311035 0.7522687911987305 0.022914658378188808 0.03426490972439448
0 0.5993248820304871 0.7534270286560059 0.022914658378188808 0.03426490972439448
0 0.5023323893547058 0.7545964121818542 0.022914658378188808 0.03426490972439448
0 0.4044002890586853 0.75577712059021 0.022914658378188808 0.03426490972439448
0 0.3055148720741272 0.7569693326950073 0.022914658378188808 0.03426490972439448
0 0.20566214621067047 0.7581732273101807 0.022914658378188808 0.03426490972439448