0 0.28165584802627563 0.1953372359275818 0.0344789723555247 0.0344789723555247
0 0.3563862442970276 0.1967085897922516 0.0344789723555247 0.0344789723555247
0 0.43155935406684875 0.19808806478977203 0.0344789723555247 0.0344789723555247
0 0.5071792006492615 0.1994757354259491 0.0344789723555247 0.0344789723555247
0 0.5832496881484985 0.20087167620658875 0.0344789723555247 0.0344789723555247
0 0.659774899482727 0.20227596163749695 0.0344789723555247 0.0344789723555247
0 0.7367589473724365 0.20368866622447968 0.0344789723555247 0.0344789723555247
0 0.2717345058917999 0.24710534512996674 0.0344789723555247 0.0344789723555247
0 0.3493722081184387 0.24868951737880707 0.0344789723555247 0.0344789723555247
0 0.4274879992008209 0.25028344988822937 0.0344789723555247 0.0344789723555247
0 0.5060862898826599 0.2518872022628784 0.0344789723555247 0.0344789723555247
0 0.585171639919281 0.25350090861320496 0.0344789723555247 0.0344789723555247
0 0.6647485494613647 0.25512465834617615 0.0344789723555247 0.0344789723555247
0 0.7448216676712036 0.25675851106643677 0.0344789723555247 0.0344789723555247
0 0.2610037922859192 0.3030966520309448 0.0344789723555247 0.0344789723555247
0 0.34178411960601807 0.30492454767227173 0.0344789723555247 0.0344789723555247
0 0.4230823516845703 0.3067641854286194 0.0344789723555247 0.0344789723555247
0 0.5049034357070923 0.30861562490463257 0.0344789723555247 0.0344789723555247
0 0.5872524380683899 0.3104790151119232 0.0344789723555247 0.0344789723555247
0 0.6701345443725586 0.3123544752597809 0.0344789723555247 0.0344789723555247
0 0.7535548806190491 0.31424209475517273 0.0344789723555247 0.0344789723555247
0 0.24936045706272125 0.363849937915802 0.0344789723555247 0.0344789723555247
0 0.33354854583740234 0.36595824360847473 0.0344789723555247 0.0344789723555247
0 0.41829949617385864 0.36808061599731445 0.0344789723555247 0.0344789723555247
0 0.5036189556121826 0.3702172338962555 0.0344789723555247 0.0344789723555247
0 0.5895125865936279 0.3723682463169098 0.0344789723555247 0.0344789723555247
0 0.6759863495826721 0.3745337724685669 0.0344789723555247 0.0344789723555247
0 0.7630459666252136 0.37671399116516113 0.0344789723555247 0.0344789723555247
0 0.23668287694454193 0.4299996793270111 0.0344789723555247 0.0344789723555247
0 0.3245789110660553 0.4324321448802948 0.0344789723555247 0.0344789723555247
0 0.413088858127594 0.4348815977573395 0.0344789723555247 0.0344789723555247
0 0.5022191405296326 0.4373481869697571 0.0344789723555247 0.0344789723555247
0 0.5919763445854187 0.4398321509361267 0.0344789723555247 0.0344789723555247
0 0.6823670268058777 0.4423336684703827 0.0344789723555247 0.0344789723555247
0 0.7733980417251587 0.4448528587818146 0.0344789723555247 0.0344789723555247
0 0.22282688319683075 0.5022982954978943 0.0344789723555247 0.0344789723555247
0 0.31477245688438416 0.505107581615448 0.0344789723555247 0.0344789723555247
0 0.407390296459198 0.5079373717308044 0.0344789723555247 0.0344789723555247
0 0.5006877779960632 0.5107879042625427 0.0344789723555247 0.0344789723555247
0 0.594672441482544 0.5136594772338867 0.0344789723555247 0.0344789723555247
0 0.6893518567085266 0.5165522694587708 0.0344789723555247 0.0344789723555247
0 0.784733772277832 0.5194665193557739 0.0344789723555247 0.0344789723555247
0 0.20762012898921967 0.5816449522972107 0.0344789723555247 0.0344789723555247
0 0.3040063977241516 0.5848948359489441 0.0344789723555247 0.0344789723555247
0 0.4011319875717163 0.5881695747375488 0.0344789723555247 0.0344789723555247
0 0.49900543689727783 0.5914695858955383 0.0344789723555247 0.0344789723555247
0 0.5976354479789734 0.5947951078414917 0.0344789723555247 0.0344789723555247
0 0.697030782699585 0.5981464385986328 0.0344789723555247 0.0344789723555247
0 0.7972004413604736 0.6015238761901855 0.0344789723555247 0.0344789723555247