0 0.6921951770782471 0.1565060168504715 0.022909969774385294 0.03425789872805277
0 0.6167476773262024 0.15551763772964478 0.022909969774385294 0.03425789872805277
0 0.5407014489173889 0.1545214056968689 0.022909969774385294 0.03425789872805277
0 0.46404922008514404 0.1535172462463379 0.022909969774385294 0.03425789872805277
0 0.38678377866744995 0.1525050550699234 0.022909969774385294 0.03425789872805277
0 0.3088977634906769 0.15148472785949707 0.022909969774385294 0.03425789872805277
0 0.23038360476493835 0.15045617520809174 0.022909969774385294 0.03425789872805277
0 0.7041781544685364 0.23637396097183228 0.022909969774385294 0.03425789872805277
0 0.6259968876838684 0.23567645251750946 0.022909969774385294 0.03425789872805277
0 0.5471721887588501 0.23497320711612701 0.022909969774385294 0.03425789872805277
0 0.46769601106643677 0.23426413536071777 0.022909969774385294 0.03425789872805277
0 0.38756027817726135 0.23354919254779816 0.022909969774385294 0.03425789872805277
0 0.30675676465034485 0.232828289270401 0.022909969774385294 0.03425789872805277
0 0.22527705132961273 0.23210136592388153 0.022909969774385294 0.03425789872805277
0 0.7170751094818115 0.32233351469039917 0.022909969774385294 0.03425789872805277
0 0.6359545588493347 0.32197508215904236 0.022909969774385294 0.03425789872805277
0 0.5541406869888306 0.3216135799884796 0.022909969774385294 0.03425789872805277
0 0.4716245234012604 0.32124897837638855 0.022909969774385294 0.03425789872805277
0 0.3883970081806183 0.3208812475204468 0.022909969774385294 0.03425789872805277
0 0.3044489324092865 0.3205103278160095 0.022909969774385294 0.03425789872805277
0 0.21977084875106812 0.320136159658432 0.022909969774385294 0.03425789872805277
0 0.7309947609901428 0.415109246969223 0.022909969774385294 0.03425789872805277
0 0.6467053294181824 0.415147066116333 0.022909969774385294 0.03425789872805277
0 0.5616666674613953 0.41518521308898926 0.022909969774385294 0.03425789872805277
0 0.47586873173713684 0.4152236878871918 0.022909969774385294 0.03425789872805277
0 0.3893013000488281 0.41526252031326294 0.022909969774385294 0.03425789872805277
0 0.3019539713859558 0.41530168056488037 0.022909969774385294 0.03425789872805277
0 0.21381619572639465 0.41534122824668884 0.022909969774385294 0.03425789872805277
0 0.7460637092590332 0.5155453681945801 0.022909969774385294 0.03425789872805277
0 0.6583478450775146 0.5160475969314575 0.022909969774385294 0.03425789872805277
0 0.5698198080062866 0.5165544748306274 0.022909969774385294 0.03425789872805277
0 0.4804682433605194 0.5170660018920898 0.022909969774385294 0.03425789872805277
0 0.39028164744377136 0.5175824165344238 0.022909969774385294 0.03425789872805277
0 0.29924818873405457 0.5181035995483398 0.022909969774385294 0.03425789872805277
0 0.20735593140125275 0.5186297297477722 0.022909969774385294 0.03425789872805277
0 0.7624304890632629 0.6246315240859985 0.022909969774385294 0.03425789872805277
0 0.6709979176521301 0.6256799101829529 0.022909969774385294 0.03425789872805277
0 0.5786819458007812 0.626738429069519 0.022909969774385294 0.03425789872805277
0 0.4854696989059448 0.6278071999549866 0.022909969774385294 0.03425789872805277
0 0.39134806394577026 0.6288864612579346 0.022909969774385294 0.03425789872805277
0 0.2963036596775055 0.6299762725830078 0.022909969774385294 0.03425789872805277
0 0.20032285153865814 0.6310768127441406 0.022909969774385294 0.03425789872805277
0 0.7802702784538269 0.7435353398323059 0.022909969774385294 0.03425789872805277
0 0.6847922205924988 0.7452287077903748 0.022909969774385294 0.03425789872805277
0 0.5883496999740601 0.7469391226768494 0.022909969774385294 0.03425789872805277
0 0.49092811346054077 0.7486668825149536 0.022909969774385294 0.03425789872805277
0 0.39251241087913513 0.7504122853279114 0.022909969774385294 0.03425789872805277
0 0.29308730363845825 0.7521756291389465 0.022909969774385294 0.03425789872805277
0 0.19263722002506256 0.7539570927619934 0.022909969774385294 0.03425789872805277