0 0.7020862698554993 0.3136160969734192 0.032768748700618744 0.032768748700618744
0 0.6292391419410706 0.3143732249736786 0.032768748700618744 0.032768748700618744
0 0.5564442873001099 0.3151297867298126 0.032768748700618744 0.032768748700618744
0 0.4837016463279724 0.3158857822418213 0.032768748700618744 0.032768748700618744
0 0.4110111594200134 0.31664127111434937 0.032768748700618744 0.032768748700618744
0 0.3383727967739105 0.3173961937427521 0.032768748700618744 0.032768748700618744
0 0.2657864987850189 0.3181505799293518 0.032768748700618744 0.032768748700618744
0 0.7105915546417236 0.3754294812679291 0.032768748700618744 0.032768748700618744
0 0.634925901889801 0.3761928081512451 0.032768748700618744 0.032768748700618744
0 0.5593166351318359 0.3769555389881134 0.032768748700618744 0.032768748700618744
0 0.483763724565506 0.3777177333831787 0.032768748700618744 0.032768748700618744
0 0.4082670509815216 0.37847933173179626 0.032768748700618744 0.032768748700618744
0 0.3328265845775604 0.37924039363861084 0.032768748700618744 0.032768748700618744
0 0.25744229555130005 0.38000085949897766 0.032768748700618744 0.032768748700618744
0 0.7197810411453247 0.4422147274017334 0.032768748700618744 0.032768748700618744
0 0.6410699486732483 0.44298282265663147 0.032768748700618744 0.032768748700618744
0 0.5624198913574219 0.4437503516674042 0.032768748700618744 0.032768748700618744
0 0.4838307797908783 0.44451725482940674 0.032768748700618744 0.032768748700618744
0 0.4053025543689728 0.44528359174728394 0.032768748700618744 0.032768748700618744
0 0.32683515548706055 0.446049302816391 0.032768748700618744 0.032768748700618744
0 0.24842849373817444 0.4468144476413727 0.032768748700618744 0.032768748700618744
0 0.729740560054779 0.5145968198776245 0.032768748700618744 0.032768748700618744
0 0.647728681564331 0.515367865562439 0.032768748700618744 0.032768748700618744
0 0.5657829642295837 0.5161383152008057 0.032768748700618744 0.032768748700618744
0 0.4839034676551819 0.5169080495834351 0.032768748700618744 0.032768748700618744
0 0.40209004282951355 0.5176772475242615 0.032768748700618744 0.032768748700618744
0 0.32034263014793396 0.5184457898139954 0.032768748700618744 0.032768748700618744
0 0.23866112530231476 0.5192137360572815 0.032768748700618744 0.032768748700618744
0 0.7405713200569153 0.5933101773262024 0.032768748700618744 0.032768748700618744
0 0.6549695730209351 0.594081699848175 0.032768748700618744 0.032768748700618744
0 0.5694400072097778 0.5948526263237 0.032768748700618744 0.032768748700618744
0 0.48398250341415405 0.5956228375434875 0.032768748700618744 0.032768748700618744
0 0.39859700202941895 0.5963924527168274 0.032768748700618744 0.032768748700618744
0 0.31328338384628296 0.5971614122390747 0.032768748700618744 0.032768748700618744
0 0.22804157435894012 0.5979297161102295 0.032768748700618744 0.032768748700618744
0 0.7523927092552185 0.679223358631134 0.032768748700618744 0.032768748700618744
0 0.6628724932670593 0.6799922585487366 0.032768748700618744 0.032768748700618744
0 0.5734311938285828 0.6807605624198914 0.032768748700618744 0.032768748700618744
0 0.48406875133514404 0.6815280914306641 0.032768748700618744 0.032768748700618744
0 0.3947850167751312 0.682295024394989 0.032768748700618744 0.032768748700618744
0 0.30557987093925476 0.6830612421035767 0.032768748700618744 0.032768748700618744
0 0.2164532095193863 0.6838268041610718 0.032768748700618744 0.032768748700618744
0 0.7653471827507019 0.7733716368675232 0.032768748700618744 0.032768748700618744
0 0.6715326309204102 0.7741338610649109 0.032768748700618744 0.032768748700618744
0 0.577804684638977 0.774895429611206 0.032768748700618744 0.032768748700618744
0 0.4841632544994354 0.7756562829017639 0.032768748700618744 0.032768748700618744
0 0.3906083106994629 0.7764164209365845 0.032768748700618744 0.032768748700618744
0 0.29713964462280273 0.7771758437156677 0.032768748700618744 0.032768748700618744
0 0.2037571519613266 0.7779346108436584 0.032768748700618744 0.032768748700618744