0 0.3374497592449188 0.3875850737094879 0.019307721406221393 0.02574362854162852
0 0.33246487379074097 0.44559362530708313 0.019307721406221393 0.02574362854162852
0 0.3271882236003876 0.5069975852966309 0.019307721406221393 0.02574362854162852
0 0.32159340381622314 0.5721040964126587 0.019307721406221393 0.02574362854162852
0 0.3156507611274719 0.6412584185600281 0.019307721406221393 0.02574362854162852
0 0.30932676792144775 0.714850127696991 0.019307721406221393 0.02574362854162852
0 0.3025835454463959 0.7933205366134644 0.019307721406221393 0.02574362854162852
0 0.3998611271381378 0.3895421028137207 0.019307721406221393 0.02574362854162852
0 0.3966522812843323 0.4475809931755066 0.019307721406221393 0.02574362854162852
0 0.39325568079948425 0.5090155601501465 0.019307721406221393 0.02574362854162852
0 0.38965439796447754 0.5741527676582336 0.019307721406221393 0.02574362854162852
0 0.38582929968833923 0.6433377861976624 0.019307721406221393 0.02574362854162852
0 0.3817588984966278 0.7169600129127502 0.019307721406221393 0.02574362854162852
0 0.37741878628730774 0.7954604625701904 0.019307721406221393 0.02574362854162852
0 0.46221959590911865 0.3914974629878998 0.019307721406221393 0.02574362854162852
0 0.4607837498188019 0.44956663250923157 0.019307721406221393 0.02574362854162852
0 0.4592638909816742 0.5110316872596741 0.019307721406221393 0.02574362854162852
0 0.4576525092124939 0.5761995315551758 0.019307721406221393 0.02574362854162852
0 0.45594102144241333 0.645415186882019 0.019307721406221393 0.02574362854162852
0 0.45411983132362366 0.7190678119659424 0.019307721406221393 0.02574362854162852
0 0.452178031206131 0.7975981831550598 0.019307721406221393 0.02574362854162852
0 0.5245252847671509 0.39345118403434753 0.019307721406221393 0.02574362854162852
0 0.5248593091964722 0.45155051350593567 0.019307721406221393 0.02574362854162852
0 0.5252129435539246 0.5130460262298584 0.019307721406221393 0.02574362854162852
0 0.525587797164917 0.5782444477081299 0.019307721406221393 0.02574362854162852
0 0.5259859561920166 0.6474905610084534 0.019307721406221393 0.02574362854162852
0 0.5264096260070801 0.7211735248565674 0.019307721406221393 0.02574362854162852
0 0.5268613696098328 0.7997336983680725 0.019307721406221393 0.02574362854162852
0 0.5867781639099121 0.3954032361507416 0.019307721406221393 0.02574362854162852
0 0.5888791084289551 0.45353269577026367 0.019307721406221393 0.02574362854162852
0 0.5911028385162354 0.5150585770606995 0.019307721406221393 0.02574362854162852
0 0.5934604406356812 0.5802874565124512 0.019307721406221393 0.02574362854162852
0 0.595964252948761 0.6495640277862549 0.019307721406221393 0.02574362854162852
0 0.5986284613609314 0.7232771515846252 0.019307721406221393 0.02574362854162852
0 0.6014689207077026 0.8018670678138733 0.019307721406221393 0.02574362854162852
0 0.6489784121513367 0.3973536491394043 0.019307721406221393 0.02574362854162852
0 0.6528432369232178 0.4555131494998932 0.019307721406221393 0.02574362854162852
0 0.6569337844848633 0.5170692801475525 0.019307721406221393 0.02574362854162852
0 0.6612703800201416 0.5823285579681396 0.019307721406221393 0.02574362854162852
0 0.6658759713172913 0.651635468006134 0.019307721406221393 0.02574362854162852
0 0.6707763671875 0.7253787517547607 0.019307721406221393 0.02574362854162852
0 0.6760008335113525 0.8039982914924622 0.019307721406221393 0.02574362854162852
0 0.7111260294914246 0.3993024230003357 0.019307721406221393 0.02574362854162852
0 0.7167516946792603 0.4574918746948242 0.019307721406221393 0.02574362854162852
0 0.7227057218551636 0.5190781950950623 0.019307721406221393 0.02574362854162852
0 0.7290177941322327 0.5843678116798401 0.019307721406221393 0.02574362854162852
0 0.735721230506897 0.6537050008773804 0.019307721406221393 0.02574362854162852
0 0.7428535223007202 0.7274782657623291 0.019307721406221393 0.02574362854162852
0 0.7504571676254272 0.8061273097991943 0.019307721406221393 0.02574362854162852