0 0.6531522274017334 0.16034245491027832 0.025324447080492973 0.033765929440657295
0 0.5849488973617554 0.16740788519382477 0.025324447080492973 0.033765929440657295
0 0.5166332125663757 0.1744849532842636 0.025324447080492973 0.033765929440657295
0 0.448204904794693 0.18157368898391724 0.025324447080492973 0.033765929440657295
0 0.37966370582580566 0.18867412209510803 0.025324447080492973 0.033765929440657295
0 0.3110092878341675 0.1957862824201584 0.025324447080492973 0.033765929440657295
0 0.24224139750003815 0.2029101848602295 0.025324447080492973 0.033765929440657295
0 0.6659688949584961 0.22588986158370972 0.025324447080492973 0.033765929440657295
0 0.5945154428482056 0.23334966599941254 0.025324447080492973 0.033765929440657295
0 0.52293860912323 0.24082233011722565 0.025324447080492973 0.033765929440657295
0 0.45123815536499023 0.24830791354179382 0.025324447080492973 0.033765929440657295
0 0.3794136941432953 0.25580641627311707 0.025324447080492973 0.033765929440657295
0 0.30746492743492126 0.26331794261932373 0.025324447080492973 0.033765929440657295
0 0.2353915423154831 0.27084243297576904 0.025324447080492973 0.033765929440657295
0 0.6800716519355774 0.2980145215988159 0.025324447080492973 0.033765929440657295
0 0.6050427556037903 0.3059142231941223 0.025324447080492973 0.033765929440657295
0 0.5298778414726257 0.3138282597064972 0.025324447080492973 0.033765929440657295
0 0.4545765519142151 0.32175666093826294 0.025324447080492973 0.033765929440657295
0 0.3791384994983673 0.32969948649406433 0.025324447080492973 0.033765929440657295
0 0.30356329679489136 0.337656706571579 0.025324447080492973 0.033765929440657295
0 0.22785060107707977 0.34562844038009644 0.025324447080492973 0.033765929440657295
0 0.6956642270088196 0.377758651971817 0.025324447080492973 0.033765929440657295
0 0.616683304309845 0.38615208864212036 0.025324447080492973 0.033765929440657295
0 0.5375515818595886 0.3945615291595459 0.025324447080492973 0.033765929440657295
0 0.4582686722278595 0.4029870629310608 0.025324447080492973 0.033765929440657295
0 0.3788341283798218 0.41142868995666504 0.025324447080492973 0.033765929440657295
0 0.29924753308296204 0.4198864996433258 0.025324447080492973 0.033765929440657295
0 0.21950842440128326 0.4283604919910431 0.025324447080492973 0.033765929440657295
0 0.7129959464073181 0.4663970470428467 0.025324447080492973 0.033765929440657295
0 0.6296234726905823 0.47534826397895813 0.025324447080492973 0.033765929440657295
0 0.5460829138755798 0.4843175411224365 0.025324447080492973 0.033765929440657295
0 0.46237385272979736 0.49330487847328186 0.025324447080492973 0.033765929440657295
0 0.3784956932067871 0.5023103952407837 0.025324447080492973 0.033765929440657295
0 0.29444795846939087 0.5113341212272644 0.025324447080492973 0.033765929440657295
0 0.21023015677928925 0.5203760862350464 0.025324447080492973 0.033765929440657295
0 0.7323749661445618 0.5655056238174438 0.025324447080492973 0.033765929440657295
0 0.6440938115119934 0.5750917196273804 0.025324447080492973 0.033765929440657295
0 0.5556241869926453 0.5846983194351196 0.025324447080492973 0.033765929440657295
0 0.4669654667377472 0.5943254828453064 0.025324447080492973 0.033765929440657295
0 0.37811708450317383 0.6039732098579407 0.025324447080492973 0.033765929440657295
0 0.2890784442424774 0.6136415600776672 0.025324447080492973 0.033765929440657295
0 0.19984887540340424 0.6233307123184204 0.025324447080492973 0.033765929440657295
0 0.7541866898536682 0.6770559549331665 0.025324447080492973 0.033765929440657295
0 0.6603827476501465 0.6873708963394165 0.025324447080492973 0.033765929440657295
0 0.5663658976554871 0.6977092027664185 0.025324447080492973 0.033765929440657295
0 0.4721354842185974 0.7080710530281067 0.025324447080492973 0.033765929440657295
0 0.37769076228141785 0.7184564471244812 0.025324447080492973 0.033765929440657295
0 0.28303098678588867 0.7288655042648315 0.025324447080492973 0.033765929440657295
0 0.18815544247627258 0.7392982244491577 0.025324447080492973 0.033765929440657295