0 0.7291962504386902 0.18279704451560974 0.0252214428037405 0.033628590404987335
0 0.6623210310935974 0.1802971214056015 0.0252214428037405 0.033628590404987335
0 0.5952297449111938 0.1777891218662262 0.0252214428037405 0.033628590404987335
0 0.5279213190078735 0.17527300119400024 0.0252214428037405 0.033628590404987335
0 0.46039479970932007 0.17274874448776245 0.0252214428037405 0.033628590404987335
0 0.3926490247249603 0.17021627724170685 0.0252214428037405 0.033628590404987335
0 0.3246830105781555 0.16767556965351105 0.0252214428037405 0.033628590404987335
0 0.7401207089424133 0.24601073563098907 0.0252214428037405 0.033628590404987335
0 0.669948935508728 0.24349388480186462 0.0252214428037405 0.033628590404987335
0 0.5995391607284546 0.2409684956073761 0.0252214428037405 0.033628590404987335
0 0.5288903117179871 0.2384345382452011 0.0252214428037405 0.033628590404987335
0 0.4580010175704956 0.23589195311069489 0.0252214428037405 0.033628590404987335
0 0.3868701159954071 0.23334069550037384 0.0252214428037405 0.033628590404987335
0 0.31549638509750366 0.2307807356119156 0.0252214428037405 0.033628590404987335
0 0.75218266248703 0.3158065974712372 0.0252214428037405 0.033628590404987335
0 0.6783725023269653 0.3132827579975128 0.0252214428037405 0.033628590404987335
0 0.6042989492416382 0.31074994802474976 0.0252214428037405 0.033628590404987335
0 0.5299606919288635 0.30820804834365845 0.0252214428037405 0.033628590404987335
0 0.4553561806678772 0.3056570887565613 0.0252214428037405 0.033628590404987335
0 0.38048407435417175 0.3030969500541687 0.0252214428037405 0.033628590404987335
0 0.3053428530693054 0.3005276024341583 0.0252214428037405 0.033628590404987335
0 0.7655695080757141 0.3932691216468811 0.0252214428037405 0.033628590404987335
0 0.6877231001853943 0.39075198769569397 0.0252214428037405 0.033628590404987335
0 0.6095835566520691 0.38822534680366516 0.0252214428037405 0.033628590404987335
0 0.5311493277549744 0.3856891989707947 0.0252214428037405 0.033628590404987335
0 0.45241865515708923 0.38314345479011536 0.0252214428037405 0.033628590404987335
0 0.3733898997306824 0.3805880546569824 0.0252214428037405 0.033628590404987335
0 0.2940613627433777 0.3780229985713959 0.0252214428037405 0.033628590404987335
0 0.7805123329162598 0.47973498702049255 0.0252214428037405 0.033628590404987335
0 0.6981626152992249 0.47724318504333496 0.0252214428037405 0.033628590404987335
0 0.6154848337173462 0.47474145889282227 0.0252214428037405 0.033628590404987335
0 0.5324769020080566 0.4722297489643097 0.0252214428037405 0.033628590404987335
0 0.4491369426250458 0.4697079658508301 0.0252214428037405 0.033628590404987335
0 0.36546292901039124 0.46717607975006104 0.0252214428037405 0.033628590404987335
0 0.28145280480384827 0.4646340310573578 0.0252214428037405 0.033628590404987335
0 0.7972990870475769 0.5768706798553467 0.0252214428037405 0.033628590404987335
0 0.7098931670188904 0.5744298696517944 0.0252214428037405 0.033628590404987335
0 0.6221174001693726 0.571978747844696 0.0252214428037405 0.033628590404987335
0 0.5339694023132324 0.5695172548294067 0.0252214428037405 0.033628590404987335
0 0.44544684886932373 0.567045271396637 0.0252214428037405 0.033628590404987335
0 0.35654735565185547 0.5645627379417419 0.0252214428037405 0.033628590404987335
0 0.26726847887039185 0.5620696544647217 0.0252214428037405 0.033628590404987335
0 0.816293478012085 0.6867810487747192 0.0252214428037405 0.033628590404987335
0 0.7231698632240295 0.6844267249107361 0.0252214428037405 0.033628590404987335
0 0.6296261548995972 0.6820617914199829 0.0252214428037405 0.033628590404987335
0 0.5356594920158386 0.6796861290931702 0.0252214428037405 0.033628590404987335
0 0.44126707315444946 0.6772997379302979 0.0252214428037405 0.033628590404987335
0 0.3464459478855133 0.6749024987220764 0.0252214428037405 0.033628590404987335
0 0.25119322538375854 0.6724943518638611 0.0252214428037405 0.033628590404987335