0 0.29867857694625854 0.19214938580989838 0.018743125721812248 0.033321112394332886
0 0.29314228892326355 0.27251631021499634 0.018743125721812248 0.033321112394332886
0 0.28718867897987366 0.3589407205581665 0.018743125721812248 0.033321112394332886
0 0.2807687819004059 0.45213422179222107 0.018743125721812248 0.033321112394332886
0 0.2738255560398102 0.5529245138168335 0.018743125721812248 0.033321112394332886
0 0.2662922739982605 0.6622800230979919 0.018743125721812248 0.033321112394332886
0 0.25809043645858765 0.7813409566879272 0.018743125721812248 0.033321112394332886
0 0.3587092459201813 0.19310396909713745 0.018743125721812248 0.033321112394332886
0 0.35536032915115356 0.2733322083950043 0.018743125721812248 0.033321112394332886
0 0.35175958275794983 0.35959392786026 0.018743125721812248 0.033321112394332886
0 0.3478774428367615 0.4525963068008423 0.018743125721812248 0.033321112394332886
0 0.34367963671684265 0.5531615614891052 0.018743125721812248 0.033321112394332886
0 0.33912599086761475 0.662251353263855 0.018743125721812248 0.033321112394332886
0 0.33416926860809326 0.7809974551200867 0.018743125721812248 0.033321112394332886
0 0.41849058866500854 0.19405458867549896 0.018743125721812248 0.033321112394332886
0 0.4173106551170349 0.27414458990097046 0.018743125721812248 0.033321112394332886
0 0.41604217886924744 0.3602442145347595 0.018743125721812248 0.033321112394332886
0 0.4146748185157776 0.4530562460422516 0.018743125721812248 0.033321112394332886
0 0.41319653391838074 0.5533974766731262 0.018743125721812248 0.033321112394332886
0 0.4115932583808899 0.6622228026390076 0.018743125721812248 0.033321112394332886
0 0.4098484516143799 0.7806558012962341 0.018743125721812248 0.033321112394332886
0 0.4780241549015045 0.1950012743473053 0.018743125721812248 0.033321112394332886
0 0.4789949357509613 0.2749534845352173 0.018743125721812248 0.033321112394332886
0 0.48003843426704407 0.3608916103839874 0.018743125721812248 0.033321112394332886
0 0.48116305470466614 0.453514039516449 0.018743125721812248 0.033321112394332886
0 0.48237869143486023 0.5536321997642517 0.018743125721812248 0.033321112394332886
0 0.4836968779563904 0.6621943712234497 0.018743125721812248 0.033321112394332886
0 0.4851311445236206 0.7803158760070801 0.018743125721812248 0.033321112394332886
0 0.5373114943504333 0.19594405591487885 0.018743125721812248 0.033321112394332886
0 0.5404149293899536 0.27575892210006714 0.018743125721812248 0.033321112394332886
0 0.5437502264976501 0.3615361154079437 0.018743125721812248 0.033321112394332886
0 0.5473442673683167 0.4539697468280792 0.018743125721812248 0.033321112394332886
0 0.5512285232543945 0.5538658499717712 0.018743125721812248 0.033321112394332886
0 0.5554395914077759 0.6621661186218262 0.018743125721812248 0.033321112394332886
0 0.5600204467773438 0.7799777388572693 0.018743125721812248 0.033321112394332886
0 0.5963541865348816 0.1968829333782196 0.018743125721812248 0.033321112394332886
0 0.6015723347663879 0.27656090259552 0.018743125721812248 0.033321112394332886
0 0.6071794629096985 0.3621777892112732 0.018743125721812248 0.033321112394332886
0 0.6132206916809082 0.45442333817481995 0.018743125721812248 0.033321112394332886
0 0.6197484135627747 0.5540983080863953 0.018743125721812248 0.033321112394332886
0 0.6268240213394165 0.6621379852294922 0.018743125721812248 0.033321112394332886
0 0.6345193982124329 0.7796413898468018 0.018743125721812248 0.033321112394332886
0 0.6551536321640015 0.19781793653964996 0.018743125721812248 0.033321112394332886
0 0.6624687910079956 0.2773594558238983 0.018743125721812248 0.033321112394332886
0 0.6703279614448547 0.36281660199165344 0.018743125721812248 0.033321112394332886
0 0.678794264793396 0.45487484335899353 0.018743125721812248 0.033321112394332886
0 0.687940776348114 0.5543297529220581 0.018743125721812248 0.033321112394332886
0 0.6978529095649719 0.6621100306510925 0.018743125721812248 0.033321112394332886
0 0.7086310982704163 0.7793067693710327 0.018743125721812248 0.033321112394332886