0 0.700833797454834 0.13493672013282776 0.02227417649701238 0.03330717980861664
0 0.6263614892959595 0.13304701447486877 0.02227417649701238 0.03330717980861664
0 0.5513822436332703 0.1311444640159607 0.02227417649701238 0.03330717980861664
0 0.47589075565338135 0.12922890484333038 0.02227417649701238 0.03330717980861664
0 0.39988183975219727 0.1273002177476883 0.02227417649701238 0.03330717980861664
0 0.32335010170936584 0.12535826861858368 0.02227417649701238 0.03330717980861664
0 0.2462901473045349 0.1234029084444046 0.02227417649701238 0.03330717980861664
0 0.7114931344985962 0.21230527758598328 0.02227417649701238 0.03330717980861664
0 0.6344048380851746 0.21062007546424866 0.02227417649701238 0.03330717980861664
0 0.5567730069160461 0.20892298221588135 0.02227417649701238 0.03330717980861664
0 0.47859176993370056 0.2072138786315918 0.02227417649701238 0.03330717980861664
0 0.399855375289917 0.20549264550209045 0.02227417649701238 0.03330717980861664
0 0.3205578327178955 0.20375914871692657 0.02227417649701238 0.03330717980861664
0 0.24069315195083618 0.20201323926448822 0.02227417649701238 0.03330717980861664
0 0.722937285900116 0.29537010192871094 0.02227417649701238 0.03330717980861664
0 0.6430425643920898 0.2939252555370331 0.02227417649701238 0.03330717980861664
0 0.5625635385513306 0.2924698293209076 0.02227417649701238 0.03330717980861664
0 0.48149386048316956 0.2910037040710449 0.02227417649701238 0.03330717980861664
0 0.39982694387435913 0.2895268201828003 0.02227417649701238 0.03330717980861664
0 0.3175562024116516 0.288038969039917 0.02227417649701238 0.03330717980861664
0 0.23467491567134857 0.28654012084007263 0.02227417649701238 0.03330717980861664
0 0.7352561950683594 0.3847843110561371 0.02227417649701238 0.03330717980861664
0 0.6523429751396179 0.38362225890159607 0.02227417649701238 0.03330717980861664
0 0.5688000917434692 0.3824513852596283 0.02227417649701238 0.03330717980861664
0 0.48462027311325073 0.3812716007232666 0.02227417649701238 0.03330717980861664
0 0.3997963070869446 0.38008275628089905 0.02227417649701238 0.03330717980861664
0 0.31432071328163147 0.37888479232788086 0.02227417649701238 0.03330717980861664
0 0.2281859964132309 0.3776775896549225 0.02227417649701238 0.03330717980861664
0 0.7485542297363281 0.4813048541545868 0.02227417649701238 0.03330717980861664
0 0.6623855233192444 0.48047614097595215 0.02227417649701238 0.03330717980861664
0 0.5755361914634705 0.4796408712863922 0.02227417649701238 0.03330717980861664
0 0.4879981577396393 0.4787989556789398 0.02227417649701238 0.03330717980861664
0 0.39976319670677185 0.4779503643512726 0.02227417649701238 0.03330717980861664
0 0.3108229637145996 0.47709500789642334 0.02227417649701238 0.03330717980861664
0 0.22116895020008087 0.47623276710510254 0.02227417649701238 0.03330717980861664
0 0.7629528045654297 0.5858139395713806 0.02227417649701238 0.03330717980861664
0 0.6732625961303711 0.5853790044784546 0.02227417649701238 0.03330717980861664
0 0.5828343629837036 0.5849404335021973 0.02227417649701238 0.03330717980861664
0 0.4916590750217438 0.5844982862472534 0.02227417649701238 0.03330717980861664
0 0.39972731471061707 0.5840524435043335 0.02227417649701238 0.03330717980861664
0 0.307029664516449 0.5836029052734375 0.02227417649701238 0.03330717980861664
0 0.21355655789375305 0.5831496119499207 0.02227417649701238 0.03330717980861664
0 0.7785945534706116 0.6993461847305298 0.02227417649701238 0.03330717980861664
0 0.6850827932357788 0.6993776559829712 0.02227417649701238 0.03330717980861664
0 0.5907680988311768 0.6994094848632812 0.02227417649701238 0.03330717980861664
0 0.4956401288509369 0.6994414925575256 0.02227417649701238 0.03330717980861664
0 0.3996882736682892 0.6994738578796387 0.02227417649701238 0.03330717980861664
0 0.3029017746448517 0.6995064616203308 0.02227417649701238 0.03330717980861664
0 0.2052696943283081 0.6995393633842468 0.02227417649701238 0.03330717980861664