0 0.28525424003601074 0.6637259721755981 0.02138239331543446 0.02850985775391261
0 0.3628775477409363 0.6615343689918518 0.02138239331543446 0.02850985775391261
0 0.44179028272628784 0.6593063473701477 0.02138239331543446 0.02850985775391261
0 0.5220248103141785 0.6570410132408142 0.02138239331543446 0.02850985775391261
0 0.6036145687103271 0.6547374129295349 0.02138239331543446 0.02850985775391261
0 0.6865942478179932 0.6523945927619934 0.02138239331543446 0.02850985775391261
0 0.7709996700286865 0.6500114798545837 0.02138239331543446 0.02850985775391261
0 0.2972312271595001 0.5723128914833069 0.02138239331543446 0.02850985775391261
0 0.3711186945438385 0.5695135593414307 0.02138239331543446 0.02850985775391261
0 0.44617247581481934 0.5666700601577759 0.02138239331543446 0.02850985775391261
0 0.5224204063415527 0.5637813210487366 0.02138239331543446 0.02850985775391261
0 0.599891185760498 0.5608462691307068 0.02138239331543446 0.02850985775391261
0 0.6786144971847534 0.5578637719154358 0.02138239331543446 0.02850985775391261
0 0.7586209177970886 0.5548326373100281 0.02138239331543446 0.02850985775391261
0 0.30809035897254944 0.4894320070743561 0.02138239331543446 0.02850985775391261
0 0.37858492136001587 0.4861457943916321 0.02138239331543446 0.02850985775391261
0 0.45013949275016785 0.48281019926071167 0.02138239331543446 0.02850985775391261
0 0.5227782130241394 0.47942405939102173 0.02138239331543446 0.02850985775391261
0 0.5965259075164795 0.47598621249198914 0.02138239331543446 0.02850985775391261
0 0.6714081168174744 0.47249549627304077 0.02138239331543446 0.02850985775391261
0 0.7474512457847595 0.46895065903663635 0.02138239331543446 0.02850985775391261
0 0.317981094121933 0.41394203901290894 0.02138239331543446 0.02850985775391261
0 0.3853805661201477 0.41026535630226135 0.02138239331543446 0.02850985775391261
0 0.4537476897239685 0.40653592348098755 0.02138239331543446 0.02850985775391261
0 0.5231034755706787 0.40275251865386963 0.02138239331543446 0.02850985775391261
0 0.593469500541687 0.39891403913497925 0.02138239331543446 0.02850985775391261
0 0.6648679971694946 0.39501920342445374 0.02138239331543446 0.02850985775391261
0 0.7373218536376953 0.3910668194293976 0.02138239331543446 0.02850985775391261
0 0.32702749967575073 0.3448965549468994 0.02138239331543446 0.02850985775391261
0 0.3915921449661255 0.34090691804885864 0.02138239331543446 0.02850985775391261
0 0.4570436179637909 0.3368625044822693 0.02138239331543446 0.02850985775391261
0 0.5234003663063049 0.3327621519565582 0.02138239331543446 0.02850985775391261
0 0.590681254863739 0.32860466837882996 0.02138239331543446 0.02850985775391261
0 0.6589057445526123 0.32438889145851135 0.02138239331543446 0.02850985775391261
0 0.7280938029289246 0.3201135993003845 0.02138239331543446 0.02850985775391261
0 0.3353331983089447 0.2815041244029999 0.02138239331543446 0.02850985775391261
0 0.39729180932044983 0.2772642970085144 0.02138239331543446 0.02850985775391261
0 0.46006613969802856 0.2729686498641968 0.02138239331543446 0.02850985775391261
0 0.5236724615097046 0.26861608028411865 0.02138239331543446 0.02850985775391261
0 0.5881273746490479 0.2642054259777069 0.02138239331543446 0.02850985775391261
0 0.6534480452537537 0.2597355544567108 0.02138239331543446 0.02850985775391261
0 0.719651997089386 0.2552052438259125 0.02138239331543446 0.02850985775391261
0 0.3429856598377228 0.2230977565050125 0.02138239331543446 0.02850985775391261
0 0.4025403559207916 0.21865886449813843 0.02138239331543446 0.02850985775391261
0 0.46284791827201843 0.2141638547182083 0.02138239331543446 0.02850985775391261
0 0.5239227414131165 0.2096116542816162 0.02138239331543446 0.02850985775391261
0 0.5857795476913452 0.20500117540359497 0.02138239331543446 0.02850985775391261
0 0.6484334468841553 0.20033128559589386 0.02138239331543446 0.02850985775391261
0 0.7118999361991882 0.19560083746910095 0.02138239331543446 0.02850985775391261