0 0.30886679887771606 0.37603849172592163 0.019526446238160133 0.026035261650880177
0 0.3032934367656708 0.43911999464035034 0.019526446238160133 0.026035261650880177
0 0.29739394783973694 0.5058930516242981 0.019526446238160133 0.026035261650880177
0 0.29113876819610596 0.5766915678977966 0.019526446238160133 0.026035261650880177
0 0.2844947874546051 0.651890754699707 0.019526446238160133 0.026035261650880177
0 0.2774246037006378 0.7319141626358032 0.019526446238160133 0.026035261650880177
0 0.269885778427124 0.817241370677948 0.019526446238160133 0.026035261650880177
0 0.3721027970314026 0.37698882818222046 0.019526446238160133 0.026035261650880177
0 0.36832982301712036 0.44005271792411804 0.019526446238160133 0.026035261650880177
0 0.364336222410202 0.5068044662475586 0.019526446238160133 0.026035261650880177
0 0.3601020276546478 0.5775772929191589 0.019526446238160133 0.026035261650880177
0 0.3556048572063446 0.6527459025382996 0.019526446238160133 0.026035261650880177
0 0.3508194088935852 0.7327328324317932 0.019526446238160133 0.026035261650880177
0 0.34571704268455505 0.8180168271064758 0.019526446238160133 0.026035261650880177
0 0.4352518618106842 0.3779378831386566 0.019526446238160133 0.026035261650880177
0 0.4332742691040039 0.4409841299057007 0.019526446238160133 0.026035261650880177
0 0.4311811029911041 0.5077145099639893 0.019526446238160133 0.026035261650880177
0 0.42896193265914917 0.5784617066383362 0.019526446238160133 0.026035261650880177
0 0.4266050457954407 0.6535996794700623 0.019526446238160133 0.026035261650880177
0 0.4240971803665161 0.7335501909255981 0.019526446238160133 0.026035261650880177
0 0.42142337560653687 0.8187909722328186 0.019526446238160133 0.026035261650880177
0 0.49831417202949524 0.3788856267929077 0.019526446238160133 0.026035261650880177
0 0.49812695384025574 0.44191423058509827 0.019526446238160133 0.026035261650880177
0 0.49792879819869995 0.5086232423782349 0.019526446238160133 0.026035261650880177
0 0.4977186918258667 0.5793448090553284 0.019526446238160133 0.026035261650880177
0 0.4974955916404724 0.6544521450996399 0.019526446238160133 0.026035261650880177
0 0.49725818634033203 0.734366238117218 0.019526446238160133 0.026035261650880177
0 0.4970051050186157 0.8195638060569763 0.019526446238160133 0.026035261650880177
0 0.5612899661064148 0.37983205914497375 0.019526446238160133 0.026035261650880177
0 0.5628880858421326 0.4428430199623108 0.019526446238160133 0.026035261650880177
0 0.5645794868469238 0.5095306634902954 0.019526446238160133 0.026035261650880177
0 0.5663725733757019 0.5802266001701355 0.019526446238160133 0.026035261650880177
0 0.5682767629623413 0.6553032994270325 0.019526446238160133 0.026035261650880177
0 0.5703027248382568 0.7351809740066528 0.019526446238160133 0.026035261650880177
0 0.5724624991416931 0.8203353881835938 0.019526446238160133 0.026035261650880177
0 0.6241793036460876 0.3807772099971771 0.019526446238160133 0.026035261650880177
0 0.6275578737258911 0.44377046823501587 0.019526446238160133 0.026035261650880177
0 0.6311334371566772 0.5104367733001709 0.019526446238160133 0.026035261650880177
0 0.6349238157272339 0.5811070203781128 0.019526446238160133 0.026035261650880177
0 0.6389487981796265 0.65615314245224 0.019526446238160133 0.026035261650880177
0 0.6432310342788696 0.7359944581985474 0.019526446238160133 0.026035261650880177
0 0.6477958559989929 0.8211057186126709 0.019526446238160133 0.026035261650880177
0 0.6869824528694153 0.38172104954719543 0.019526446238160133 0.026035261650880177
0 0.6921365261077881 0.4446966350078583 0.019526446238160133 0.026035261650880177
0 0.6975908875465393 0.5113415718078613 0.019526446238160133 0.026035261650880177
0 0.7033725380897522 0.5819861888885498 0.019526446238160133 0.026035261650880177
0 0.7095119953155518 0.6570016741752625 0.019526446238160133 0.026035261650880177
0 0.7160434126853943 0.7368065714836121 0.019526446238160133 0.026035261650880177
0 0.7230055332183838 0.8218747973442078 0.019526446238160133 0.026035261650880177