0 0.7046109437942505 0.2853158712387085 0.032436090211073555 0.032436090211073555
0 0.6315767765045166 0.2871870696544647 0.032436090211073555 0.032436090211073555
0 0.5591816306114197 0.2890419065952301 0.032436090211073555 0.032436090211073555
0 0.48741719126701355 0.29088059067726135 0.032436090211073555 0.032436090211073555
0 0.4162752628326416 0.2927033007144928 0.032436090211073555 0.032436090211073555
0 0.3457477390766144 0.2945103049278259 0.032436090211073555 0.032436090211073555
0 0.27582672238349915 0.2963017523288727 0.032436090211073555 0.032436090211073555
0 0.7122345566749573 0.34548869729042053 0.032436090211073555 0.032436090211073555
0 0.636257529258728 0.3471594452857971 0.032436090211073555 0.032436090211073555
0 0.5609716176986694 0.34881502389907837 0.032436090211073555 0.032436090211073555
0 0.48636749386787415 0.3504556119441986 0.032436090211073555 0.032436090211073555
0 0.412435919046402 0.35208141803741455 0.032436090211073555 0.032436090211073555
0 0.33916783332824707 0.3536926209926605 0.032436090211073555 0.032436090211073555
0 0.2665543258190155 0.35528942942619324 0.032436090211073555 0.032436090211073555
0 0.7204934358596802 0.41067591309547424 0.032436090211073555 0.032436090211073555
0 0.6413264870643616 0.4121057689189911 0.032436090211073555 0.032436090211073555
0 0.5629093647003174 0.41352206468582153 0.032436090211073555 0.032436090211073555
0 0.48523154854774475 0.4149250090122223 0.032436090211073555 0.032436090211073555
0 0.40828263759613037 0.4163148105144501 0.032436090211073555 0.032436090211073555
0 0.3320523798465729 0.4176916182041168 0.032436090211073555 0.032436090211073555
0 0.25653076171875 0.41905564069747925 0.032436090211073555 0.032436090211073555
0 0.7294704914093018 0.4815315902233124 0.032436090211073555 0.032436090211073555
0 0.6468340158462524 0.4826715290546417 0.032436090211073555 0.032436090211073555
0 0.5650139451026917 0.4838002026081085 0.032436090211073555 0.032436090211073555
0 0.48399829864501953 0.4849177896976471 0.032436090211073555 0.032436090211073555
0 0.40377527475357056 0.4860244393348694 0.032436090211073555 0.032436090211073555
0 0.3243332505226135 0.4871203303337097 0.032436090211073555 0.032436090211073555
0 0.2456609308719635 0.48820558190345764 0.032436090211073555 0.032436090211073555
0 0.739263653755188 0.5588286519050598 0.032436090211073555 0.032436090211073555
0 0.6528396010398865 0.5596190690994263 0.032436090211073555 0.032436090211073555
0 0.5673078894615173 0.5604013204574585 0.032436090211073555 0.032436090211073555
0 0.4826546609401703 0.561175525188446 0.032436090211073555 0.032436090211073555
0 0.3988665044307709 0.5619418025016785 0.032436090211073555 0.032436090211073555
0 0.31593024730682373 0.5627002716064453 0.032436090211073555 0.032436090211073555
0 0.23383291065692902 0.5634511113166809 0.032436090211073555 0.032436090211073555
0 0.7499895095825195 0.6434873938560486 0.032436090211073555 0.032436090211073555
0 0.6594141125679016 0.6438551545143127 0.032436090211073555 0.032436090211073555
0 0.5698179006576538 0.6442188620567322 0.032436090211073555 0.032436090211073555
0 0.48118510842323303 0.6445786952972412 0.032436090211073555 0.032436090211073555
0 0.3935002386569977 0.6449347138404846 0.032436090211073555 0.032436090211073555
0 0.3067482113838196 0.6452869176864624 0.032436090211073555 0.032436090211073555
0 0.22091418504714966 0.6456354260444641 0.032436090211073555 0.032436090211073555
0 0.7617878913879395 0.7366120219230652 0.032436090211073555 0.032436090211073555
0 0.6666423082351685 0.7364667654037476 0.032436090211073555 0.032436090211073555
0 0.572576105594635 0.7363231182098389 0.032436090211073555 0.032436090211073555
0 0.47957107424736023 0.7361811399459839 0.032436090211073555 0.032436090211073555
0 0.3876093924045563 0.7360407114028931 0.032436090211073555 0.032436090211073555
0 0.29667359590530396 0.7359018921852112 0.032436090211073555 0.032436090211073555
0 0.20674657821655273 0.7357646226882935 0.032436090211073555 0.032436090211073555