0 0.26372605562210083 0.2202092856168747 0.036381381253401436 0.036381381253401436
0 0.34163546562194824 0.22075481712818146 0.036381381253401436 0.036381381253401436
0 0.41969209909439087 0.2213013768196106 0.036381381253401436 0.036381381253401436
0 0.49789631366729736 0.2218489795923233 0.036381381253401436 0.036381381253401436
0 0.5762485861778259 0.2223975956439972 0.036381381253401436 0.036381381253401436
0 0.6547492742538452 0.22294726967811584 0.036381381253401436 0.036381381253401436
0 0.7333988547325134 0.22349798679351807 0.036381381253401436 0.036381381253401436
0 0.25593212246894836 0.2749459445476532 0.036381381253401436 0.036381381253401436
0 0.3371044993400574 0.2755682170391083 0.036381381253401436 0.036381381253401436
0 0.4184366762638092 0.27619168162345886 0.036381381253401436 0.036381381253401436
0 0.49992913007736206 0.27681639790534973 0.036381381253401436 0.036381381253401436
0 0.5815823078155518 0.2774423360824585 0.036381381253401436 0.036381381253401436
0 0.6633967757225037 0.27806952595710754 0.036381381253401436 0.036381381253401436
0 0.7453728914260864 0.2786979377269745 0.036381381253401436 0.036381381253401436
0 0.24745582044124603 0.33447474241256714 0.036381381253401436 0.036381381253401436
0 0.33217641711235046 0.33518534898757935 0.036381381253401436 0.036381381253401436
0 0.4170711040496826 0.33589744567871094 0.036381381253401436 0.036381381253401436
0 0.502140462398529 0.3366110026836395 0.036381381253401436 0.036381381253401436
0 0.5873849391937256 0.3373260200023651 0.036381381253401436 0.036381381253401436
0 0.6728051900863647 0.3380425274372101 0.036381381253401436 0.036381381253401436
0 0.7584017515182495 0.33876049518585205 0.036381381253401436 0.036381381253401436
0 0.23820346593856812 0.3994537591934204 0.036381381253401436 0.036381381253401436
0 0.32679665088653564 0.40026670694351196 0.036381381253401436 0.036381381253401436
0 0.41558024287223816 0.4010814130306244 0.036381381253401436 0.036381381253401436
0 0.5045548677444458 0.4018978774547577 0.036381381253401436 0.036381381253401436
0 0.5937211513519287 0.4027160704135895 0.036381381253401436 0.036381381253401436
0 0.683079719543457 0.4035360515117645 0.036381381253401436 0.036381381253401436
0 0.7726311683654785 0.40435779094696045 0.036381381253401436 0.036381381253401436
0 0.22806337475776672 0.47066745162010193 0.036381381253401436 0.036381381253401436
0 0.3209001421928406 0.4715995788574219 0.036381381253401436 0.036381381253401436
0 0.4139460325241089 0.47253379225730896 0.036381381253401436 0.036381381253401436
0 0.5072017908096313 0.47347012162208557 0.036381381253401436 0.036381381253401436
0 0.6006680727005005 0.4744085669517517 0.036381381253401436 0.036381381253401436
0 0.6943455934524536 0.4753491282463074 0.036381381253401436 0.036381381253401436
0 0.7882351279258728 0.47629180550575256 0.036381381253401436 0.036381381253401436
0 0.21690130233764648 0.5490583777427673 0.036381381253401436 0.036381381253401436
0 0.31440863013267517 0.5501301288604736 0.036381381253401436 0.036381381253401436
0 0.4121467173099518 0.55120450258255 0.036381381253401436 0.036381381253401436
0 0.5101163387298584 0.552281379699707 0.036381381253401436 0.036381381253401436
0 0.6083183884620667 0.5533607602119446 0.036381381253401436 0.036381381253401436
0 0.706753671169281 0.5544427633285522 0.036381381253401436 0.036381381253401436
0 0.8054230213165283 0.5555273294448853 0.036381381253401436 0.036381381253401436
0 0.20455458760261536 0.6357690691947937 0.036381381253401436 0.036381381253401436
0 0.30722731351852417 0.6370056867599487 0.036381381253401436 0.036381381253401436
0 0.4101559519767761 0.6382454633712769 0.036381381253401436 0.036381381253401436
0 0.5133414268493652 0.6394882798194885 0.036381381253401436 0.036381381253401436
0 0.6167847514152527 0.6407342553138733 0.036381381253401436 0.036381381253401436
0 0.7204868793487549 0.6419832706451416 0.036381381253401436 0.036381381253401436
0 0.8244487047195435 0.6432355046272278 0.036381381253401436 0.036381381253401436