0 0.7098973989486694 0.16548095643520355 0.02282912083901465 0.03413700312376022
0 0.6339409947395325 0.1647755652666092 0.02282912083901465 0.03413700312376022
0 0.5575541257858276 0.16406618058681488 0.02282912083901465 0.03413700312376022
0 0.48073309659957886 0.16335277259349823 0.02282912083901465 0.03413700312376022
0 0.40347418189048767 0.16263528168201447 0.02282912083901465 0.03413700312376022
0 0.3257736563682556 0.1619136929512024 0.02282912083901465 0.03413700312376022
0 0.24762767553329468 0.16118797659873962 0.02282912083901465 0.03413700312376022
0 0.7215277552604675 0.24615690112113953 0.02282912083901465 0.03413700312376022
0 0.6428513526916504 0.24566218256950378 0.02282912083901465 0.03413700312376022
0 0.5637128949165344 0.24516455829143524 0.02282912083901465 0.03413700312376022
0 0.4841081500053406 0.2446639984846115 0.02282912083901465 0.03413700312376022
0 0.4040330946445465 0.2441604733467102 0.02282912083901465 0.03413700312376022
0 0.32348352670669556 0.24365398287773132 0.02282912083901465 0.03413700312376022
0 0.24245519936084747 0.2431444674730301 0.02282912083901465 0.03413700312376022
0 0.7340306043624878 0.33288490772247314 0.02282912083901465 0.03413700312376022
0 0.6524322032928467 0.3326351046562195 0.02282912083901465 0.03413700312376022
0 0.5703364610671997 0.33238378167152405 0.02282912083901465 0.03413700312376022
0 0.4877387285232544 0.33213090896606445 0.02282912083901465 0.03413700312376022
0 0.4046344757080078 0.3318764567375183 0.02282912083901465 0.03413700312376022
0 0.3210189938545227 0.3316204845905304 0.02282912083901465 0.03413700312376022
0 0.23688752949237823 0.33136290311813354 0.02282912083901465 0.03413700312376022
0 0.7475079298019409 0.42637255787849426 0.02282912083901465 0.03413700312376022
0 0.6627621054649353 0.42640814185142517 0.02282912083901465 0.03413700312376022
0 0.5774794816970825 0.4264439642429352 0.02282912083901465 0.03413700312376022
0 0.4916549623012543 0.4264799952507019 0.02282912083901465 0.03413700312376022
0 0.4052833020687103 0.42651626467704773 0.02282912083901465 0.03413700312376022
0 0.31835928559303284 0.42655277252197266 0.02282912083901465 0.03413700312376022
0 0.2308775633573532 0.4265894889831543 0.02282912083901465 0.03413700312376022
0 0.7620782256126404 0.5274421572685242 0.02282912083901465 0.03413700312376022
0 0.6739325523376465 0.5278112888336182 0.02282912083901465 0.03413700312376022
0 0.5852057337760925 0.5281828045845032 0.02282912083901465 0.03413700312376022
0 0.4958919584751129 0.5285568237304688 0.02282912083901465 0.03413700312376022
0 0.40598544478416443 0.5289333462715149 0.02282912083901465 0.03413700312376022
0 0.3154802620410919 0.5293123126029968 0.02282912083901465 0.03413700312376022
0 0.22437039017677307 0.5296938419342041 0.02282912083901465 0.03413700312376022
0 0.7778801918029785 0.6370550394058228 0.02282912083901465 0.03413700312376022
0 0.6860504746437073 0.6378152370452881 0.02282912083901465 0.03413700312376022
0 0.5935894846916199 0.6385806798934937 0.02282912083901465 0.03413700312376022
0 0.5004908442497253 0.6393513679504395 0.02282912083901465 0.03413700312376022
0 0.4067477881908417 0.640127420425415 0.02282912083901465 0.03413700312376022
0 0.3123536705970764 0.6409088373184204 0.02282912083901465 0.03413700312376022
0 0.21730169653892517 0.6416956782341003 0.02282912083901465 0.03413700312376022
0 0.795076847076416 0.7563422918319702 0.02282912083901465 0.03413700312376022
0 0.6992416977882385 0.7575628161430359 0.02282912083901465 0.03413700312376022
0 0.6027185320854187 0.7587921023368835 0.02282912083901465 0.03413700312376022
0 0.5054999589920044 0.760030210018158 0.02282912083901465 0.03413700312376022
0 0.40757834911346436 0.7612773180007935 0.02282912083901465 0.03413700312376022
0 0.3089461326599121 0.76253342628479 0.02282912083901465 0.03413700312376022
0 0.2095954865217209 0.763798713684082 0.02282912083901465 0.03413700312376022