0 0.28469136357307434 0.23810957372188568 0.03590315828720728 0.03590315828720728
0 0.36140066385269165 0.2384580373764038 0.03590315828720728 0.03590315828720728
0 0.43842408061027527 0.23880793154239655 0.03590315828720728 0.03590315828720728
0 0.5157635807991028 0.2391592562198639 0.03590315828720728 0.03590315828720728
0 0.5934210419654846 0.23951202630996704 0.03590315828720728 0.03590315828720728
0 0.6713985204696655 0.2398662567138672 0.03590315828720728 0.03590315828720728
0 0.7496979832649231 0.24022194743156433 0.03590315828720728 0.03590315828720728
0 0.2759900689125061 0.29161375761032104 0.03590315828720728 0.03590315828720728
0 0.355864942073822 0.2920905649662018 0.03590315828720728 0.03590315828720728
0 0.4360805153846741 0.2925693988800049 0.03590315828720728 0.03590315828720728
0 0.5166389346122742 0.29305025935173035 0.03590315828720728 0.03590315828720728
0 0.5975424647331238 0.29353320598602295 0.03590315828720728 0.03590315828720728
0 0.6787933111190796 0.2940182089805603 0.03590315828720728 0.03590315828720728
0 0.7603937387466431 0.2945052981376648 0.03590315828720728 0.03590315828720728
0 0.26653680205345154 0.3497418165206909 0.03590315828720728 0.03590315828720728
0 0.34984976053237915 0.35036832094192505 0.03590315828720728 0.03590315828720728
0 0.4335334897041321 0.3509976267814636 0.03590315828720728 0.03590315828720728
0 0.5175905227661133 0.35162973403930664 0.03590315828720728 0.03590315828720728
0 0.6020233035087585 0.3522646725177765 0.03590315828720728 0.03590315828720728
0 0.6868343949317932 0.35290244221687317 0.03590315828720728 0.03590315828720728
0 0.7720263004302979 0.35354307293891907 0.03590315828720728 0.03590315828720728
0 0.2562296688556671 0.41312021017074585 0.03590315828720728 0.03590315828720728
0 0.3432900011539459 0.41392216086387634 0.03590315828720728 0.03590315828720728
0 0.4307553768157959 0.4147278666496277 0.03590315828720728 0.03590315828720728
0 0.5186285972595215 0.4155372977256775 0.03590315828720728 0.03590315828720728
0 0.6069126129150391 0.41635051369667053 0.03590315828720728 0.03590315828720728
0 0.6956102252006531 0.4171675741672516 0.03590315828720728 0.03590315828720728
0 0.7847243547439575 0.41798844933509827 0.03590315828720728 0.03590315828720728
0 0.24494755268096924 0.48249390721321106 0.03590315828720728 0.03590315828720728
0 0.3361082077026367 0.48350250720977783 0.03590315828720728 0.03590315828720728
0 0.42771315574645996 0.48451605439186096 0.03590315828720728 0.03590315828720728
0 0.5197656154632568 0.48553451895713806 0.03590315828720728 0.03590315828720728
0 0.6122689247131348 0.4865580201148987 0.03590315828720728 0.03590315828720728
0 0.7052263617515564 0.48758649826049805 0.03590315828720728 0.03590315828720728
0 0.7986413240432739 0.4886200726032257 0.03590315828720728 0.03590315828720728
0 0.23254519701004028 0.5587558150291443 0.03590315828720728 0.03590315828720728
0 0.3282115161418915 0.560009241104126 0.03590315828720728 0.03590315828720728
0 0.42436733841896057 0.5612691044807434 0.03590315828720728 0.03590315828720728
0 0.5210164189338684 0.5625354051589966 0.03590315828720728 0.03590315828720728
0 0.6181625723838806 0.5638082027435303 0.03590315828720728 0.03590315828720728
0 0.7158096432685852 0.565087616443634 0.03590315828720728 0.03590315828720728
0 0.8139615654945374 0.5663735866546631 0.03590315828720728 0.03590315828720728
0 0.21884706616401672 0.642985463142395 0.03590315828720728 0.03590315828720728
0 0.3194875717163086 0.6445307731628418 0.03590315828720728 0.03590315828720728
0 0.4206700623035431 0.6460843682289124 0.03590315828720728 0.03590315828720728
0 0.5223989486694336 0.6476463675498962 0.03590315828720728 0.03590315828720728
0 0.6246786713600159 0.6492168307304382 0.03590315828720728 0.03590315828720728
0 0.7275136709213257 0.6507958173751831 0.03590315828720728 0.03590315828720728
0 0.8309085965156555 0.6523833870887756 0.03590315828720728 0.03590315828720728