0 0.332902193069458 0.39317306876182556 0.019079312682151794 0.025439083576202393
0 0.3279542922973633 0.450082391500473 0.019079312682151794 0.025439083576202393
0 0.3227071762084961 0.5104328989982605 0.019079312682151794 0.025439083576202393
0 0.3171329200267792 0.5745464563369751 0.019079312682151794 0.025439083576202393
0 0.3111999034881592 0.6427863240242004 0.019079312682151794 0.025439083576202393
0 0.3048723340034485 0.7155640721321106 0.019079312682151794 0.025439083576202393
0 0.2981095314025879 0.7933480143547058 0.019079312682151794 0.025439083576202393
0 0.39373913407325745 0.39419442415237427 0.019079312682151794 0.025439083576202393
0 0.3905744254589081 0.45117247104644775 0.019079312682151794 0.025439083576202393
0 0.3872182369232178 0.5115982890129089 0.019079312682151794 0.025439083576202393
0 0.38365262746810913 0.5757945775985718 0.019079312682151794 0.025439083576202393
0 0.3798573613166809 0.6441255807876587 0.019079312682151794 0.025439083576202393
0 0.3758094906806946 0.7170040607452393 0.019079312682151794 0.025439083576202393
0 0.3714829981327057 0.794899582862854 0.019079312682151794 0.025439083576202393
0 0.45465657114982605 0.39521709084510803 0.019079312682151794 0.025439083576202393
0 0.45327988266944885 0.45226404070854187 0.019079312682151794 0.025439083576202393
0 0.45181983709335327 0.5127652883529663 0.019079312682151794 0.025439083576202393
0 0.45026859641075134 0.5770444869995117 0.019079312682151794 0.025439083576202393
0 0.4486173689365387 0.6454668045043945 0.019079312682151794 0.025439083576202393
0 0.44685620069503784 0.7184461951255798 0.019079312682151794 0.025439083576202393
0 0.4449736773967743 0.796453595161438 0.019079312682151794 0.025439083576202393
0 0.5156547427177429 0.39624112844467163 0.019079312682151794 0.025439083576202393
0 0.5160708427429199 0.453357070684433 0.019079312682151794 0.025439083576202393
0 0.5165121555328369 0.5139339566230774 0.019079312682151794 0.025439083576202393
0 0.5169810652732849 0.5782961845397949 0.019079312682151794 0.025439083576202393
0 0.5174802541732788 0.6468100547790527 0.019079312682151794 0.025439083576202393
0 0.5180126428604126 0.7198905944824219 0.019079312682151794 0.025439083576202393
0 0.5185818076133728 0.7980101108551025 0.019079312682151794 0.025439083576202393
0 0.5767337083816528 0.39726653695106506 0.019079312682151794 0.025439083576202393
0 0.5789474248886108 0.45445162057876587 0.019079312682151794 0.025439083576202393
0 0.5812954306602478 0.5151042342185974 0.019079312682151794 0.025439083576202393
0 0.5837902426719666 0.5795497298240662 0.019079312682151794 0.025439083576202393
0 0.5864461064338684 0.6481552720069885 0.019079312682151794 0.025439083576202393
0 0.5892791152000427 0.7213371992111206 0.019079312682151794 0.025439083576202393
0 0.5923076868057251 0.7995691299438477 0.019079312682151794 0.025439083576202393
0 0.6378936767578125 0.39829328656196594 0.019079312682151794 0.025439083576202393
0 0.6419098973274231 0.45554763078689575 0.019079312682151794 0.025439083576202393
0 0.6461698412895203 0.5162761807441711 0.019079312682151794 0.025439083576202393
0 0.650696337223053 0.5808050632476807 0.019079312682151794 0.025439083576202393
0 0.6555153131484985 0.6495025753974915 0.019079312682151794 0.025439083576202393
0 0.6606559157371521 0.7227860689163208 0.019079312682151794 0.025439083576202393
0 0.6661515831947327 0.8011306524276733 0.019079312682151794 0.025439083576202393
0 0.6991347670555115 0.39932143688201904 0.019079312682151794 0.025439083576202393
0 0.7049583792686462 0.4566451609134674 0.019079312682151794 0.025439083576202393
0 0.7111355662345886 0.5174497961997986 0.019079312682151794 0.025439083576202393
0 0.7176995873451233 0.5820622444152832 0.019079312682151794 0.025439083576202393
0 0.724687933921814 0.650851845741272 0.019079312682151794 0.025439083576202393
0 0.732143223285675 0.7242372035980225 0.019079312682151794 0.025439083576202393
0 0.7401137948036194 0.8026946783065796 0.019079312682151794 0.025439083576202393