0 0.7227950692176819 0.13179057836532593 0.022375304515783984 0.03345839927593867
0 0.6474179029464722 0.12821325659751892 0.022375304515783984 0.03345839927593867
0 0.5718015432357788 0.1246245950460434 0.022375304515783984 0.03345839927593867
0 0.4959448575973511 0.12102452665567398 0.022375304515783984 0.03345839927593867
0 0.41984668374061584 0.1174129918217659 0.022375304515783984 0.03345839927593867
0 0.3435059189796448 0.11378994584083557 0.022375304515783984 0.03345839927593867
0 0.26692134141921997 0.11015532910823822 0.022375304515783984 0.03345839927593867
0 0.7323608994483948 0.21001017093658447 0.022375304515783984 0.03345839927593867
0 0.6542996764183044 0.20643307268619537 0.022375304515783984 0.03345839927593867
0 0.5759819149971008 0.20284421741962433 0.022375304515783984 0.03345839927593867
0 0.4974062740802765 0.19924354553222656 0.022375304515783984 0.03345839927593867
0 0.41857150197029114 0.1956309974193573 0.022375304515783984 0.03345839927593867
0 0.3394763469696045 0.19200651347637177 0.022375304515783984 0.03345839927593867
0 0.2601194381713867 0.18837004899978638 0.022375304515783984 0.03345839927593867
0 0.7426361441612244 0.2940310537815094 0.022375304515783984 0.03345839927593867
0 0.66169273853302 0.29046404361724854 0.022375304515783984 0.03345839927593867
0 0.5804733633995056 0.2868849039077759 0.022375304515783984 0.03345839927593867
0 0.4989766478538513 0.2832935154438019 0.022375304515783984 0.03345839927593867
0 0.41720110177993774 0.27968984842300415 0.022375304515783984 0.03345839927593867
0 0.33514535427093506 0.2760738432407379 0.022375304515783984 0.03345839927593867
0 0.2528079152107239 0.2724454402923584 0.022375304515783984 0.03345839927593867
0 0.7537028193473816 0.3845234513282776 0.022375304515783984 0.03345839927593867
0 0.6696562170982361 0.3809787631034851 0.022375304515783984 0.03345839927593867
0 0.585312008857727 0.3774215579032898 0.022375304515783984 0.03345839927593867
0 0.5006685853004456 0.3738517165184021 0.022375304515783984 0.03345839927593867
0 0.41572439670562744 0.37026920914649963 0.022375304515783984 0.03345839927593867
0 0.3304778039455414 0.36667391657829285 0.022375304515783984 0.03345839927593867
0 0.24492716789245605 0.36306580901145935 0.022375304515783984 0.03345839927593867
0 0.765656054019928 0.48226502537727356 0.022375304515783984 0.03345839927593867
0 0.6782588362693787 0.4787577986717224 0.022375304515783984 0.03345839927593867
0 0.5905396938323975 0.475237637758255 0.022375304515783984 0.03345839927593867
0 0.5024968385696411 0.47170451283454895 0.022375304515783984 0.03345839927593867
0 0.41412851214408875 0.4681583046913147 0.022375304515783984 0.03345839927593867
0 0.3254328668117523 0.46459898352622986 0.022375304515783984 0.03345839927593867
0 0.23640809953212738 0.46102645993232727 0.022375304515783984 0.03345839927593867
0 0.7786067724227905 0.5881631374359131 0.022375304515783984 0.03345839927593867
0 0.6875807046890259 0.5847121477127075 0.022375304515783984 0.03345839927593867
0 0.5962052941322327 0.581247866153717 0.022375304515783984 0.03345839927593867
0 0.5044785737991333 0.5777702331542969 0.022375304515783984 0.03345839927593867
0 0.41239842772483826 0.574279248714447 0.022375304515783984 0.03345839927593867
0 0.31996288895606995 0.5707747936248779 0.022375304515783984 0.03345839927593867
0 0.22716987133026123 0.5672568082809448 0.022375304515783984 0.03345839927593867
0 0.7926852703094482 0.7032833695411682 0.022375304515783984 0.03345839927593867
0 0.6977159976959229 0.6999118328094482 0.022375304515783984 0.03345839927593867
0 0.6023662686347961 0.696526825428009 0.022375304515783984 0.03345839927593867
0 0.5066338777542114 0.6931282877922058 0.022375304515783984 0.03345839927593867
0 0.4105164706707001 0.6897159814834595 0.022375304515783984 0.03345839927593867
0 0.31401175260543823 0.6862899661064148 0.022375304515783984 0.03345839927593867
0 0.21711738407611847 0.6828501224517822 0.022375304515783984 0.03345839927593867