0 0.6771985292434692 0.17453521490097046 0.025464078411459923 0.03395210454861323
0 0.6077114343643188 0.17936980724334717 0.025464078411459923 0.03395210454861323
0 0.5387536883354187 0.18416757881641388 0.025464078411459923 0.03395210454861323
0 0.4703192412853241 0.18892893195152283 0.025464078411459923 0.03395210454861323
0 0.4024021327495575 0.19365429878234863 0.025464078411459923 0.03395210454861323
0 0.3349965512752533 0.19834406673908234 0.025464078411459923 0.03395210454861323
0 0.2680967152118683 0.20299866795539856 0.025464078411459923 0.03395210454861323
0 0.6870541572570801 0.23823238909244537 0.025464078411459923 0.03395210454861323
0 0.6140606999397278 0.24305249750614166 0.025464078411459923 0.03395210454861323
0 0.5416508316993713 0.24783408641815186 0.025464078411459923 0.03395210454861323
0 0.4698176980018616 0.2525775730609894 0.025464078411459923 0.03395210454861323
0 0.39855435490608215 0.25728344917297363 0.025464078411459923 0.03395210454861323
0 0.32785409688949585 0.26195213198661804 0.025464078411459923 0.03395210454861323
0 0.2577102482318878 0.2665840685367584 0.025464078411459923 0.03395210454861323
0 0.6979493498802185 0.30864769220352173 0.025464078411459923 0.03395210454861323
0 0.621076762676239 0.31342342495918274 0.025464078411459923 0.03395210454861323
0 0.5448510050773621 0.31815898418426514 0.025464078411459923 0.03395210454861323
0 0.4692639112472534 0.3228548765182495 0.025464078411459923 0.03395210454861323
0 0.39430752396583557 0.32751157879829407 0.025464078411459923 0.03395210454861323
0 0.31997397541999817 0.332129567861557 0.025464078411459923 0.03395210454861323
0 0.2462555170059204 0.3367093503475189 0.025464078411459923 0.03395210454861323
0 0.7100575566291809 0.38690316677093506 0.025464078411459923 0.03395210454861323
0 0.6288704872131348 0.39159464836120605 0.025464078411459923 0.03395210454861323
0 0.5484042763710022 0.39624449610710144 0.025464078411459923 0.03395210454861323
0 0.468649297952652 0.4008532166481018 0.025464078411459923 0.03395210454861323
0 0.389596164226532 0.4054214060306549 0.025464078411459923 0.03395210454861323
0 0.3112356960773468 0.40994954109191895 0.025464078411459923 0.03395210454861323
0 0.233558788895607 0.4144381880760193 0.025464078411459923 0.03395210454861323
0 0.7235934138298035 0.47438541054725647 0.025464078411459923 0.03395210454861323
0 0.6375788450241089 0.4789392054080963 0.025464078411459923 0.03395210454861323
0 0.5523725748062134 0.4834502041339874 0.025464078411459923 0.03395210454861323
0 0.46796321868896484 0.48791900277137756 0.025464078411459923 0.03395210454861323
0 0.38433966040611267 0.4923461973667145 0.025464078411459923 0.03395210454861323
0 0.3014909625053406 0.49673235416412354 0.025464078411459923 0.03395210454861323
0 0.21940645575523376 0.5010780692100525 0.025464078411459923 0.03395210454861323
0 0.738825261592865 0.572828471660614 0.025464078411459923 0.03395210454861323
0 0.647372841835022 0.5771723985671997 0.025464078411459923 0.03395210454861323
0 0.5568330883979797 0.5814729928970337 0.025464078411459923 0.03395210454861323
0 0.46719247102737427 0.5857309103012085 0.025464078411459923 0.03395210454861323
0 0.3784375488758087 0.5899467468261719 0.025464078411459923 0.03395210454861323
0 0.29055532813072205 0.5941210985183716 0.025464078411459923 0.03395210454861323
0 0.20353299379348755 0.5982546210289001 0.025464078411459923 0.03395210454861323
0 0.7560930252075195 0.6844300031661987 0.025464078411459923 0.03395210454861323
0 0.6584689021110535 0.6884658336639404 0.025464078411459923 0.03395210454861323
0 0.5618835091590881 0.6924587488174438 0.025464078411459923 0.03395210454861323
0 0.46632033586502075 0.6964093446731567 0.025464078411459923 0.03395210454861323
0 0.3717631697654724 0.7003183960914612 0.025464078411459923 0.03395210454861323
0 0.2781962454319 0.7041865587234497 0.025464078411459923 0.03395210454861323
0 0.18560412526130676 0.7080143690109253 0.025464078411459923 0.03395210454861323