0 0.6513836979866028 0.18700963258743286 0.02570904605090618 0.03427872806787491
0 0.5837110877037048 0.1917376071214676 0.02570904605090618 0.03427872806787491
0 0.5159586668014526 0.19647116959095 0.02570904605090618 0.03427872806787491
0 0.44812625646591187 0.20121031999588013 0.02570904605090618 0.03427872806787491
0 0.3802136778831482 0.20595505833625793 0.02570904605090618 0.03427872806787491
0 0.31222084164619446 0.21070542931556702 0.02570904605090618 0.03427872806787491
0 0.24414753913879395 0.21546140313148499 0.02570904605090618 0.03427872806787491
0 0.6632611751556396 0.2495526522397995 0.02570904605090618 0.03427872806787491
0 0.5921646952629089 0.25455909967422485 0.02570904605090618 0.03427872806787491
0 0.5209800004959106 0.25957179069519043 0.02570904605090618 0.03427872806787491
0 0.44970703125 0.26459068059921265 0.02570904605090618 0.03427872806787491
0 0.3783455491065979 0.2696157991886139 0.02570904605090618 0.03427872806787491
0 0.3068954050540924 0.27464714646339417 0.02570904605090618 0.03427872806787491
0 0.23535646498203278 0.27968478202819824 0.02570904605090618 0.03427872806787491
0 0.676406741142273 0.3187725245952606 0.02570904605090618 0.03427872806787491
0 0.6015213131904602 0.3240915536880493 0.02570904605090618 0.03427872806787491
0 0.5265381336212158 0.32941755652427673 0.02570904605090618 0.03427872806787491
0 0.45145687460899353 0.33475053310394287 0.02570904605090618 0.03427872806787491
0 0.37627744674682617 0.34009045362472534 0.02570904605090618 0.03427872806787491
0 0.30099961161613464 0.3454373776912689 0.02570904605090618 0.03427872806787491
0 0.22562319040298462 0.350791335105896 0.02570904605090618 0.03427872806787491
0 0.691034734249115 0.3957987129688263 0.02570904605090618 0.03427872806787491
0 0.6119338870048523 0.40147101879119873 0.02570904605090618 0.03427872806787491
0 0.5327239036560059 0.40715113282203674 0.02570904605090618 0.03427872806787491
0 0.4534044861793518 0.4128391146659851 0.02570904605090618 0.03427872806787491
0 0.3739754557609558 0.41853493452072144 0.02570904605090618 0.03427872806787491
0 0.29443660378456116 0.4242386519908905 0.02570904605090618 0.03427872806787491
0 0.21478767693042755 0.4299502670764923 0.02570904605090618 0.03427872806787491
0 0.7074110507965088 0.4820306897163391 0.02570904605090618 0.03427872806787491
0 0.6235918402671814 0.4881052076816559 0.02570904605090618 0.03427872806787491
0 0.539650022983551 0.4941886067390442 0.02570904605090618 0.03427872806787491
0 0.4555853605270386 0.5002809166908264 0.02570904605090618 0.03427872806787491
0 0.37139755487442017 0.506382167339325 0.02570904605090618 0.03427872806787491
0 0.2870863378047943 0.5124923586845398 0.02570904605090618 0.03427872806787491
0 0.2026514708995819 0.518611490726471 0.02570904605090618 0.03427872806787491
0 0.7258689403533936 0.5792236328125 0.02570904605090618 0.03427872806787491
0 0.6367327570915222 0.5857601165771484 0.02570904605090618 0.03427872806787491
0 0.5474579334259033 0.5923067331314087 0.02570904605090618 0.03427872806787491
0 0.4580441117286682 0.5988634824752808 0.02570904605090618 0.03427872806787491
0 0.36849096417427063 0.605430543422699 0.02570904605090618 0.03427872806787491
0 0.2787981629371643 0.6120077967643738 0.02570904605090618 0.03427872806787491
0 0.18896539509296417 0.61859530210495 0.02570904605090618 0.03427872806787491
0 0.7468322515487671 0.6896094083786011 0.02570904605090618 0.03427872806787491
0 0.6516588926315308 0.6966814398765564 0.02570904605090618 0.03427872806787491
0 0.5563274025917053 0.7037652730941772 0.02570904605090618 0.03427872806787491
0 0.4608374238014221 0.7108608484268188 0.02570904605090618 0.03427872806787491
0 0.36518847942352295 0.717968225479126 0.02570904605090618 0.03427872806787491
0 0.26938027143478394 0.7250874638557434 0.02570904605090618 0.03427872806787491
0 0.17341230809688568 0.7322185635566711 0.02570904605090618 0.03427872806787491