0 0.26956644654273987 0.2831615209579468 0.033516302704811096 0.033516302704811096
0 0.2610025703907013 0.3396405279636383 0.033516302704811096 0.033516302704811096
0 0.25178492069244385 0.4004312753677368 0.033516302704811096 0.033516302704811096
0 0.24183566868305206 0.46604713797569275 0.033516302704811096 0.033516302704811096
0 0.2310640662908554 0.5370863080024719 0.033516302704811096 0.033516302704811096
0 0.21936377882957458 0.6142501831054688 0.033516302704811096 0.033516302704811096
0 0.206609308719635 0.6983665227890015 0.033516302704811096 0.033516302704811096
0 0.3443264663219452 0.28223344683647156 0.033516302704811096 0.033516302704811096
0 0.33850035071372986 0.33878540992736816 0.033516302704811096 0.033516302704811096
0 0.33222857117652893 0.39966318011283875 0.033516302704811096 0.033516302704811096
0 0.32545796036720276 0.4653828740119934 0.033516302704811096 0.033516302704811096
0 0.3181265592575073 0.5365460515022278 0.033516302704811096 0.033516302704811096
0 0.31016165018081665 0.6138582825660706 0.033516302704811096 0.033516302704811096
0 0.30147746205329895 0.6981524229049683 0.033516302704811096 0.033516302704811096
0 0.41936054825782776 0.28130200505256653 0.033516302704811096 0.033516302704811096
0 0.416292667388916 0.33792704343795776 0.033516302704811096 0.033516302704811096
0 0.41298967599868774 0.3988920748233795 0.033516302704811096 0.033516302704811096
0 0.40942344069480896 0.4647158980369568 0.033516302704811096 0.033516302704811096
0 0.4055611789226532 0.5360034704208374 0.033516302704811096 0.033516302704811096
0 0.40136444568634033 0.6134645938873291 0.033516302704811096 0.033516302704811096
0 0.3967878222465515 0.6979374289512634 0.033516302704811096 0.033516302704811096
0 0.49467018246650696 0.2803671061992645 0.033516302704811096 0.033516302704811096
0 0.49438127875328064 0.3370654284954071 0.033516302704811096 0.033516302704811096
0 0.4940701723098755 0.39811792969703674 0.033516302704811096 0.033516302704811096
0 0.493734210729599 0.4640461802482605 0.033516302704811096 0.033516302704811096
0 0.49337032437324524 0.5354585647583008 0.033516302704811096 0.033516302704811096
0 0.4929748475551605 0.6130691170692444 0.033516302704811096 0.033516302704811096
0 0.492543488740921 0.6977213621139526 0.033516302704811096 0.033516302704811096
0 0.5702569484710693 0.2794288098812103 0.033516302704811096 0.033516302704811096
0 0.5727678537368774 0.3362005054950714 0.033516302704811096 0.033516302704811096
0 0.5754719376564026 0.39734068512916565 0.033516302704811096 0.033516302704811096
0 0.5783924460411072 0.46337369084358215 0.033516302704811096 0.033516302704811096
0 0.5815564393997192 0.5349113345146179 0.033516302704811096 0.033516302704811096
0 0.5849956274032593 0.6126719117164612 0.033516302704811096 0.033516302704811096
0 0.5887475609779358 0.6975042819976807 0.033516302704811096 0.033516302704811096
0 0.6461222767829895 0.27848702669143677 0.033516302704811096 0.033516302704811096
0 0.6514540314674377 0.33533230423927307 0.033516302704811096 0.033516302704811096
0 0.6571968793869019 0.3965603709220886 0.033516302704811096 0.033516302704811096
0 0.6634002923965454 0.46269842982292175 0.033516302704811096 0.033516302704811096
0 0.6701219081878662 0.5343617796897888 0.033516302704811096 0.033516302704811096
0 0.6774294972419739 0.6122729182243347 0.033516302704811096 0.033516302704811096
0 0.6854032874107361 0.6972862482070923 0.033516302704811096 0.033516302704811096
0 0.7222678065299988 0.27754175662994385 0.033516302704811096 0.033516302704811096
0 0.7304416298866272 0.3344607651233673 0.033516302704811096 0.033516302704811096
0 0.7392469644546509 0.3957769572734833 0.033516302704811096 0.033516302704811096
0 0.7487598657608032 0.4620203673839569 0.033516302704811096 0.033516302704811096
0 0.7590692043304443 0.5338097810745239 0.033516302704811096 0.033516302704811096
0 0.7702793478965759 0.611872136592865 0.033516302704811096 0.033516302704811096
0 0.7825137376785278 0.697067141532898 0.033516302704811096 0.033516302704811096