0 0.2844143211841583 0.22711288928985596 0.03650901714960734 0.03650901714960734
0 0.3620901107788086 0.23041698336601257 0.03650901714960734 0.03650901714960734
0 0.4400113523006439 0.23373150825500488 0.03650901714960734 0.03650901714960734
0 0.518179178237915 0.23705653846263885 0.03650901714960734 0.03650901714960734
0 0.5965948700904846 0.24039208889007568 0.03650901714960734 0.03650901714960734
0 0.6752594709396362 0.24373823404312134 0.03650901714960734 0.03650901714960734
0 0.7541742324829102 0.2470950335264206 0.03650901714960734 0.03650901714960734
0 0.2743751108646393 0.2802618741989136 0.03650901714960734 0.03650901714960734
0 0.35531020164489746 0.2837926745414734 0.03650901714960734 0.03650901714960734
0 0.4365118741989136 0.2873350977897644 0.03650901714960734 0.03650901714960734
0 0.5179814100265503 0.2908892333507538 0.03650901714960734 0.03650901714960734
0 0.5997201800346375 0.2944551110267639 0.03650901714960734 0.03650901714960734
0 0.6817294359207153 0.2980327606201172 0.03650901714960734 0.03650901714960734
0 0.7640106081962585 0.30162230134010315 0.03650901714960734 0.03650901714960734
0 0.26345333456993103 0.3380831182003021 0.03650901714960734 0.03650901714960734
0 0.34793326258659363 0.34186863899230957 0.03650901714960734 0.03650901714960734
0 0.4327037036418915 0.34566715359687805 0.03650901714960734 0.03650901714960734
0 0.5177661776542664 0.3494787812232971 0.03650901714960734 0.03650901714960734
0 0.6031221151351929 0.35330355167388916 0.03650901714960734 0.03650901714960734
0 0.6887730956077576 0.35714155435562134 0.03650901714960734 0.03650901714960734
0 0.7747206687927246 0.36099281907081604 0.03650901714960734 0.03650901714960734
0 0.2515272796154022 0.40122106671333313 0.03650901714960734 0.03650901714960734
0 0.33987680077552795 0.4052942991256714 0.03650901714960734 0.03650901714960734
0 0.42854413390159607 0.4093821942806244 0.03650901714960734 0.03650901714960734
0 0.5175309777259827 0.4134848117828369 0.03650901714960734 0.03650901714960734
0 0.606839120388031 0.4176022410392761 0.03650901714960734 0.03650901714960734
0 0.696470320224762 0.4217345714569092 0.03650901714960734 0.03650901714960734
0 0.7864262461662292 0.42588186264038086 0.03650901714960734 0.03650901714960734
0 0.2384517937898636 0.4704444110393524 0.03650901714960734 0.03650901714960734
0 0.3310423493385315 0.4748446047306061 0.03650901714960734 0.03650901714960734
0 0.4239821135997772 0.4792613685131073 0.03650901714960734 0.03650901714960734
0 0.5172730684280396 0.48369482159614563 0.03650901714960734 0.03650901714960734
0 0.6109171509742737 0.4881450831890106 0.03650901714960734 0.03650901714960734
0 0.7049164175987244 0.49261221289634705 0.03650901714960734 0.03650901714960734
0 0.799272894859314 0.49709632992744446 0.03650901714960734 0.03650901714960734
0 0.22405225038528442 0.5466774106025696 0.03650901714960734 0.03650901714960734
0 0.3213115632534027 0.5514516234397888 0.03650901714960734 0.03650901714960734
0 0.41895630955696106 0.5562446713447571 0.03650901714960734 0.03650901714960734
0 0.5169888138771057 0.5610567927360535 0.03650901714960734 0.03650901714960734
0 0.6154113411903381 0.5658881068229675 0.03650901714960734 0.03650901714960734
0 0.7142263054847717 0.5707386136054993 0.03650901714960734 0.03650901714960734
0 0.8134360313415527 0.5756085515022278 0.03650901714960734 0.03650901714960734
0 0.208116814494133 0.6310416460037231 0.03650901714960734 0.03650901714960734
0 0.31054067611694336 0.6362467408180237 0.03650901714960734 0.03650901714960734
0 0.41339221596717834 0.6414735317230225 0.03650901714960734 0.03650901714960734
0 0.5166741013526917 0.6467221975326538 0.03650901714960734 0.03650901714960734
0 0.6203889846801758 0.6519928574562073 0.03650901714960734 0.03650901714960734
0 0.7245396375656128 0.6572856903076172 0.03650901714960734 0.03650901714960734
0 0.8291288614273071 0.6626008152961731 0.03650901714960734 0.03650901714960734