0 0.7042917609214783 0.18916280567646027 0.024984091520309448 0.03331212202707926
0 0.6363843679428101 0.18883657455444336 0.024984091520309448 0.03331212202707926
0 0.5686221122741699 0.18851104378700256 0.024984091520309448 0.03331212202707926
0 0.5010043978691101 0.18818621337413788 0.024984091520309448 0.03331212202707926
0 0.43353092670440674 0.1878620684146881 0.024984091520309448 0.03331212202707926
0 0.36620116233825684 0.18753862380981445 0.024984091520309448 0.03331212202707926
0 0.2990146279335022 0.18721584975719452 0.024984091520309448 0.03331212202707926
0 0.7139856219291687 0.25464868545532227 0.024984091520309448 0.03331212202707926
0 0.6427639126777649 0.25423315167427063 0.024984091520309448 0.03331212202707926
0 0.5717018246650696 0.253818541765213 0.024984091520309448 0.03331212202707926
0 0.5007987022399902 0.2534048557281494 0.024984091520309448 0.03331212202707926
0 0.4300541281700134 0.25299209356307983 0.024984091520309448 0.03331212202707926
0 0.3594675362110138 0.2525802552700043 0.024984091520309448 0.03331212202707926
0 0.28903836011886597 0.25216934084892273 0.024984091520309448 0.03331212202707926
0 0.7246720194816589 0.32683953642845154 0.024984091520309448 0.03331212202707926
0 0.6497958898544312 0.3263176679611206 0.024984091520309448 0.03331212202707926
0 0.5750961303710938 0.3257969915866852 0.024984091520309448 0.03331212202707926
0 0.5005720257759094 0.32527756690979004 0.024984091520309448 0.03331212202707926
0 0.4262230396270752 0.3247593343257904 0.024984091520309448 0.03331212202707926
0 0.35204848647117615 0.32424232363700867 0.024984091520309448 0.03331212202707926
0 0.2780478298664093 0.3237265348434448 0.024984091520309448 0.03331212202707926
0 0.7365116477012634 0.40682071447372437 0.024984091520309448 0.03331212202707926
0 0.6575857996940613 0.4061713218688965 0.024984091520309448 0.03331212202707926
0 0.5788558125495911 0.40552353858947754 0.024984091520309448 0.03331212202707926
0 0.5003209710121155 0.4048773944377899 0.024984091520309448 0.03331212202707926
0 0.42198053002357483 0.40423282980918884 0.024984091520309448 0.03331212202707926
0 0.3438338041305542 0.4035898447036743 0.024984091520309448 0.03331212202707926
0 0.2658800482749939 0.4029484689235687 0.024984091520309448 0.03331212202707926
0 0.749701738357544 0.49592509865760803 0.024984091520309448 0.03331212202707926
0 0.6662630438804626 0.49512171745300293 0.024984091520309448 0.03331212202707926
0 0.5830432176589966 0.49432045221328735 0.024984091520309448 0.03331212202707926
0 0.5000413656234741 0.4935212731361389 0.024984091520309448 0.03331212202707926
0 0.4172566533088684 0.4927241802215576 0.024984091520309448 0.03331212202707926
0 0.3346882164478302 0.49192917346954346 0.024984091520309448 0.03331212202707926
0 0.25233522057533264 0.49113625288009644 0.024984091520309448 0.03331212202707926
0 0.7644874453544617 0.5958080887794495 0.024984091520309448 0.03331212202707926
0 0.6759885549545288 0.5948171019554138 0.024984091520309448 0.03331212202707926
0 0.5877357721328735 0.5938289165496826 0.024984091520309448 0.03331212202707926
0 0.49972811341285706 0.5928434133529663 0.024984091520309448 0.03331212202707926
0 0.4119645059108734 0.5918606519699097 0.024984091520309448 0.03331212202707926
0 0.3244439661502838 0.5908806324005127 0.024984091520309448 0.03331212202707926
0 0.23716548085212708 0.5899032950401306 0.024984091520309448 0.03331212202707926
0 0.7811768054962158 0.7085514664649963 0.024984091520309448 0.03331212202707926
0 0.6869643330574036 0.7073296904563904 0.024984091520309448 0.03331212202707926
0 0.5930307507514954 0.7061115503311157 0.024984091520309448 0.03331212202707926
0 0.4993746876716614 0.7048969864845276 0.024984091520309448 0.03331212202707926
0 0.4059950113296509 0.703685998916626 0.024984091520309448 0.03331212202707926
0 0.3128904700279236 0.7024785876274109 0.024984091520309448 0.03331212202707926
0 0.2200598418712616 0.7012747526168823 0.024984091520309448 0.03331212202707926