0 0.6986263990402222 0.19426551461219788 0.024982530623674393 0.03331004083156586
0 0.630931556224823 0.1942085474729538 0.024982530623674393 0.03331004083156586
0 0.5633683204650879 0.19415168464183807 0.024982530623674393 0.03331004083156586
0 0.49593639373779297 0.1940949261188507 0.024982530623674393 0.03331004083156586
0 0.4286353290081024 0.1940382719039917 0.024982530623674393 0.03331004083156586
0 0.36146479845046997 0.19398173689842224 0.024982530623674393 0.03331004083156586
0 0.2944243550300598 0.19392532110214233 0.024982530623674393 0.03331004083156586
0 0.7084265947341919 0.25853535532951355 0.024982530623674393 0.03331004083156586
0 0.6374102830886841 0.2584099769592285 0.024982530623674393 0.03331004083156586
0 0.5665388107299805 0.2582848370075226 0.024982530623674393 0.03331004083156586
0 0.49581173062324524 0.25815996527671814 0.024982530623674393 0.03331004083156586
0 0.42522862553596497 0.2580353617668152 0.024982530623674393 0.03331004083156586
0 0.3547890782356262 0.25791099667549133 0.024982530623674393 0.03331004083156586
0 0.2844926118850708 0.25778689980506897 0.024982530623674393 0.03331004083156586
0 0.7192360758781433 0.32942357659339905 0.024982530623674393 0.03331004083156586
0 0.6445554494857788 0.3292156457901001 0.024982530623674393 0.03331004083156586
0 0.5700350403785706 0.32900816202163696 0.024982530623674393 0.03331004083156586
0 0.4956742525100708 0.32880112528800964 0.024982530623674393 0.03331004083156586
0 0.42147260904312134 0.32859453558921814 0.024982530623674393 0.03331004083156586
0 0.3474296033382416 0.32838839292526245 0.024982530623674393 0.03331004083156586
0 0.27354466915130615 0.3281826972961426 0.024982530623674393 0.03331004083156586
0 0.7312190532684326 0.40800797939300537 0.024982530623674393 0.03331004083156586
0 0.6524755358695984 0.407699853181839 0.024982530623674393 0.03331004083156586
0 0.5739099979400635 0.4073924422264099 0.024982530623674393 0.03331004083156586
0 0.4955219328403473 0.40708568692207336 0.024982530623674393 0.03331004083156586
0 0.4173106551170349 0.4067796468734741 0.024982530623674393 0.03331004083156586
0 0.339275598526001 0.4064742922782898 0.024982530623674393 0.03331004083156586
0 0.26141616702079773 0.4061696231365204 0.024982530623674393 0.03331004083156586
0 0.7445777058601379 0.4956139028072357 0.024982530623674393 0.03331004083156586
0 0.661303699016571 0.4951832890510559 0.024982530623674393 0.03331004083156586
0 0.578228771686554 0.4947536885738373 0.024982530623674393 0.03331004083156586
0 0.4953521490097046 0.4943251311779022 0.024982530623674393 0.03331004083156586
0 0.4126731753349304 0.49389758706092834 0.024982530623674393 0.03331004083156586
0 0.33019110560417175 0.49347105622291565 0.024982530623674393 0.03331004083156586
0 0.24790523946285248 0.4930455684661865 0.024982530623674393 0.03331004083156586
0 0.7595633268356323 0.5938894152641296 0.024982530623674393 0.03331004083156586
0 0.6712057590484619 0.5933078527450562 0.024982530623674393 0.03331004083156586
0 0.5830721855163574 0.592727780342102 0.024982530623674393 0.03331004083156586
0 0.4951618015766144 0.5921491980552673 0.024982530623674393 0.03331004083156586
0 0.40747374296188354 0.5915720462799072 0.024982530623674393 0.03331004083156586
0 0.32000717520713806 0.5909963846206665 0.024982530623674393 0.03331004083156586
0 0.23276124894618988 0.5904220938682556 0.024982530623674393 0.03331004083156586
0 0.7764923572540283 0.7049100995063782 0.024982530623674393 0.03331004083156586
0 0.6823902130126953 0.704140841960907 0.024982530623674393 0.03331004083156586
0 0.5885420441627502 0.7033736705780029 0.024982530623674393 0.03331004083156586
0 0.4949468672275543 0.702608585357666 0.024982530623674393 0.03331004083156586
0 0.40160366892814636 0.7018455266952515 0.024982530623674393 0.03331004083156586
0 0.3085114061832428 0.7010844945907593 0.024982530623674393 0.03331004083156586
0 0.21566909551620483 0.7003255486488342 0.024982530623674393 0.03331004083156586