0 0.15747708082199097 0.7154325246810913 0.030955734352270763 0.030955734352270763
0 0.24379801750183105 0.7219366431236267 0.030955734352270763 0.030955734352270763
0 0.3313661515712738 0.7285346984863281 0.030955734352270763 0.030955734352270763
0 0.42020872235298157 0.7352288365364075 0.030955734352270763 0.030955734352270763
0 0.5103537440299988 0.7420210838317871 0.030955734352270763 0.030955734352270763
0 0.601830005645752 0.7489136457443237 0.030955734352270763 0.030955734352270763
0 0.6946673393249512 0.755908727645874 0.030955734352270763 0.030955734352270763
0 0.17593933641910553 0.6293260455131531 0.030955734352270763 0.030955734352270763
0 0.2596648633480072 0.6350268721580505 0.030955734352270763 0.030955734352270763
0 0.3445616662502289 0.6408073902130127 0.030955734352270763 0.030955734352270763
0 0.43065446615219116 0.6466693878173828 0.030955734352270763 0.030955734352270763
0 0.5179687142372131 0.6526145339012146 0.030955734352270763 0.030955734352270763
0 0.6065306067466736 0.6586446166038513 0.030955734352270763 0.030955734352270763
0 0.696367084980011 0.664761483669281 0.030955734352270763 0.030955734352270763
0 0.1932797133922577 0.5484519600868225 0.030955734352270763 0.030955734352270763
0 0.2745610773563385 0.5534337759017944 0.030955734352270763 0.030955734352270763
0 0.3569444715976715 0.5584831833839417 0.030955734352270763 0.030955734352270763
0 0.4404524862766266 0.5636014938354492 0.030955734352270763 0.030955734352270763
0 0.525108277797699 0.5687901377677917 0.030955734352270763 0.030955734352270763
0 0.6109357476234436 0.5740506649017334 0.030955734352270763 0.030955734352270763
0 0.697959303855896 0.579384446144104 0.030955734352270763 0.030955734352270763
0 0.20959746837615967 0.47234728932380676 0.030955734352270763 0.030955734352270763
0 0.2885730266571045 0.476684033870697 0.030955734352270763 0.030955734352270763
0 0.3685874044895172 0.48107779026031494 0.030955734352270763 0.030955734352270763
0 0.44966116547584534 0.48552975058555603 0.030955734352270763 0.030955734352270763
0 0.5318155884742737 0.490041047334671 0.030955734352270763 0.030955734352270763
0 0.6150723099708557 0.4946128726005554 0.030955734352270763 0.030955734352270763
0 0.6994537711143494 0.4992464780807495 0.030955734352270763 0.030955734352270763
0 0.22498047351837158 0.400602251291275 0.030955734352270763 0.030955734352270763
0 0.3017772436141968 0.40435874462127686 0.030955734352270763 0.030955734352270763
0 0.3795548379421234 0.4081632196903229 0.030955734352270763 0.030955734352270763
0 0.4583321809768677 0.4120165705680847 0.030955734352270763 0.030955734352270763
0 0.538128674030304 0.41591978073120117 0.030955734352270763 0.030955734352270763
0 0.6189642548561096 0.41987383365631104 0.030955734352270763 0.030955734352270763
0 0.7008592486381531 0.4238797128200531 0.030955734352270763 0.030955734352270763
0 0.2395067811012268 0.33285272121429443 0.030955734352270763 0.030955734352270763
0 0.31424155831336975 0.33608609437942505 0.030955734352270763 0.030955734352270763
0 0.3899039328098297 0.3393596112728119 0.030955734352270763 0.030955734352270763
0 0.4665112793445587 0.34267401695251465 0.030955734352270763 0.030955734352270763
0 0.5440813899040222 0.3460300862789154 0.030955734352270763 0.030955734352270763
0 0.6226325631141663 0.34942859411239624 0.030955734352270763 0.030955734352270763
0 0.7021835446357727 0.3528703451156616 0.030955734352270763 0.030955734352270763
0 0.2532460391521454 0.2687738835811615 0.030955734352270763 0.030955734352270763
0 0.3260264992713928 0.2715347111225128 0.030955734352270763 0.030955734352270763
0 0.3996855318546295 0.27432888746261597 0.030955734352270763 0.030955734352270763
0 0.47423914074897766 0.2771569490432739 0.030955734352270763 0.030955734352270763
0 0.5497037172317505 0.280019611120224 0.030955734352270763 0.030955734352270763
0 0.6260960102081299 0.28291743993759155 0.030955734352270763 0.030955734352270763
0 0.7034333348274231 0.2858511209487915 0.030955734352270763 0.030955734352270763