0 0.7284793257713318 0.29230964183807373 0.033517949283123016 0.033517949283123016
0 0.654309868812561 0.29177096486091614 0.033517949283123016 0.033517949283123016
0 0.5801905393600464 0.2912326455116272 0.033517949283123016 0.033517949283123016
0 0.5061212778091431 0.2906946837902069 0.033517949283123016 0.033517949283123016
0 0.4321020245552063 0.2901570796966553 0.033517949283123016 0.033517949283123016
0 0.3581327795982361 0.2896198332309723 0.033517949283123016 0.033517949283123016
0 0.28421345353126526 0.28908297419548035 0.033517949283123016 0.033517949283123016
0 0.7366577982902527 0.3562307357788086 0.033517949283123016 0.033517949283123016
0 0.6595810055732727 0.3556484878063202 0.033517949283123016 0.033517949283123016
0 0.582558274269104 0.3550666570663452 0.033517949283123016 0.033517949283123016
0 0.5055896639823914 0.35448524355888367 0.033517949283123016 0.033517949283123016
0 0.4286750257015228 0.35390421748161316 0.033517949283123016 0.033517949283123016
0 0.3518143892288208 0.35332363843917847 0.033517949283123016 0.033517949283123016
0 0.2750076353549957 0.3527434170246124 0.033517949283123016 0.033517949283123016
0 0.7455031871795654 0.42536410689353943 0.033517949283123016 0.033517949283123016
0 0.6652817130088806 0.42473286390304565 0.033517949283123016 0.033517949283123016
0 0.5851189494132996 0.4241020679473877 0.033517949283123016 0.033517949283123016
0 0.5050147175788879 0.42347174882888794 0.033517949283123016 0.033517949283123016
0 0.42496898770332336 0.422841876745224 0.033517949283123016 0.033517949283123016
0 0.34498170018196106 0.42221248149871826 0.033517949283123016 0.033517949283123016
0 0.26505282521247864 0.42158353328704834 0.033517949283123016 0.033517949283123016
0 0.7551004886627197 0.5003743767738342 0.033517949283123016 0.033517949283123016
0 0.6714669466018677 0.49968773126602173 0.033517949283123016 0.033517949283123016
0 0.5878971219062805 0.4990015923976898 0.033517949283123016 0.033517949283123016
0 0.5043909549713135 0.4983159899711609 0.033517949283123016 0.033517949283123016
0 0.4209483861923218 0.49763089418411255 0.033517949283123016 0.033517949283123016
0 0.33756929636001587 0.4969463348388672 0.033517949283123016 0.033517949283123016
0 0.25425368547439575 0.4962622821331024 0.033517949283123016 0.033517949283123016
0 0.7655498385429382 0.5820441842079163 0.033517949283123016 0.033517949283123016
0 0.6782010197639465 0.581294596195221 0.033517949283123016 0.033517949283123016
0 0.5909217596054077 0.5805455446243286 0.033517949283123016 0.033517949283123016
0 0.5037118792533875 0.579797089099884 0.033517949283123016 0.033517949283123016
0 0.41657137870788574 0.5790492296218872 0.033517949283123016 0.033517949283123016
0 0.32950013875961304 0.5783020257949829 0.033517949283123016 0.033517949283123016
0 0.24249805510044098 0.5775553584098816 0.033517949283123016 0.033517949283123016
0 0.7769700288772583 0.6713016629219055 0.033517949283123016 0.033517949283123016
0 0.6855605244636536 0.6704800724983215 0.033517949283123016 0.033517949283123016
0 0.594227135181427 0.6696591377258301 0.033517949283123016 0.033517949283123016
0 0.5029698014259338 0.6688388586044312 0.033517949283123016 0.033517949283123016
0 0.4117884039878845 0.6680192947387695 0.033517949283123016 0.033517949283123016
0 0.3206828236579895 0.6672003865242004 0.033517949283123016 0.033517949283123016
0 0.2296529859304428 0.6663821935653687 0.033517949283123016 0.033517949283123016
0 0.7895028591156006 0.7692556977272034 0.033517949283123016 0.033517949283123016
0 0.6936367750167847 0.7683512568473816 0.033517949283123016 0.033517949283123016
0 0.5978543162345886 0.7674476504325867 0.033517949283123016 0.033517949283123016
0 0.5021555423736572 0.7665448188781738 0.033517949283123016 0.033517949283123016
0 0.4065402150154114 0.7656427621841431 0.033517949283123016 0.033517949283123016
0 0.3110083043575287 0.7647414803504944 0.033517949283123016 0.033517949283123016
0 0.21555966138839722 0.7638409733772278 0.033517949283123016 0.033517949283123016