0 0.6925823092460632 0.1515200138092041 0.0228912984021008 0.034229978919029236
0 0.6167608499526978 0.15145274996757507 0.0228912984021008 0.034229978919029236
0 0.5404566526412964 0.15138505399227142 0.0228912984021008 0.034229978919029236
0 0.4636651575565338 0.15131692588329315 0.0228912984021008 0.034229978919029236
0 0.3863816559314728 0.15124838054180145 0.0228912984021008 0.034229978919029236
0 0.30860140919685364 0.15117937326431274 0.0228912984021008 0.034229978919029236
0 0.23031964898109436 0.15110993385314941 0.0228912984021008 0.034229978919029236
0 0.70439213514328 0.23202037811279297 0.0228912984021008 0.034229978919029236
0 0.6258606910705566 0.23221535980701447 0.0228912984021008 0.034229978919029236
0 0.546811044216156 0.23241162300109863 0.0228912984021008 0.034229978919029236
0 0.4672382175922394 0.23260919749736786 0.0228912984021008 0.034229978919029236
0 0.38713687658309937 0.23280806839466095 0.0228912984021008 0.034229978919029236
0 0.30650174617767334 0.2330082803964615 0.0228912984021008 0.034229978919029236
0 0.2253275364637375 0.23320981860160828 0.0228912984021008 0.034229978919029236
0 0.71708744764328 0.3185565769672394 0.0228912984021008 0.034229978919029236
0 0.6356450915336609 0.31905412673950195 0.0228912984021008 0.034229978919029236
0 0.5536451935768127 0.3195550739765167 0.0228912984021008 0.034229978919029236
0 0.47108194231987 0.32005947828292847 0.0228912984021008 0.034229978919029236
0 0.38794949650764465 0.3205673396587372 0.0228912984021008 0.034229978919029236
0 0.30424192547798157 0.32107874751091003 0.0228912984021008 0.034229978919029236
0 0.21995331346988678 0.32159367203712463 0.0228912984021008 0.034229978919029236
0 0.7307716608047485 0.41183385252952576 0.0228912984021008 0.034229978919029236
0 0.6461944580078125 0.412681519985199 0.0228912984021008 0.034229978919029236
0 0.5610154867172241 0.4135352373123169 0.0228912984021008 0.034229978919029236
0 0.47522827982902527 0.4143950343132019 0.0228912984021008 0.034229978919029236
0 0.38882631063461304 0.4152609705924988 0.0228912984021008 0.034229978919029236
0 0.30180293321609497 0.41613316535949707 0.0228912984021008 0.034229978919029236
0 0.21415139734745026 0.41701164841651917 0.0228912984021008 0.034229978919029236
0 0.7455651164054871 0.5126718878746033 0.0228912984021008 0.034229978919029236
0 0.657602071762085 0.5139260292053223 0.0228912984021008 0.034229978919029236
0 0.5689876079559326 0.5151894688606262 0.0228912984021008 0.034229978919029236
0 0.4797144830226898 0.5164623260498047 0.0228912984021008 0.034229978919029236
0 0.38977527618408203 0.5177446603775024 0.0228912984021008 0.034229978919029236
0 0.29916250705718994 0.5190366506576538 0.0228912984021008 0.034229978919029236
0 0.20786859095096588 0.5203382968902588 0.0228912984021008 0.034229978919029236
0 0.7616083025932312 0.6220287084579468 0.0228912984021008 0.034229978919029236
0 0.6699771285057068 0.6237565875053406 0.0228912984021008 0.034229978919029236
0 0.5776384472846985 0.6254978179931641 0.0228912984021008 0.034229978919029236
0 0.48458409309387207 0.6272525787353516 0.0228912984021008 0.034229978919029236
0 0.3908056616783142 0.6290209293365479 0.0228912984021008 0.034229978919029236
0 0.2962946593761444 0.6308031678199768 0.0228912984021008 0.034229978919029236
0 0.2010425180196762 0.6325993537902832 0.0228912984021008 0.034229978919029236
0 0.7790665626525879 0.7410314679145813 0.0228912984021008 0.034229978919029236
0 0.683448076248169 0.7433137893676758 0.0228912984021008 0.034229978919029236
0 0.5870584845542908 0.7456145286560059 0.0228912984021008 0.034229978919029236
0 0.48988842964172363 0.7479338645935059 0.0228912984021008 0.034229978919029236
0 0.39192837476730347 0.7502720952033997 0.0228912984021008 0.034229978919029236
0 0.29316869378089905 0.7526293396949768 0.0228912984021008 0.034229978919029236
0 0.19359953701496124 0.755005955696106 0.0228912984021008 0.034229978919029236