0 0.6882932782173157 0.153670072555542 0.025286914780735973 0.03371588637431463
0 0.6190937161445618 0.15704043209552765 0.025286914780735973 0.03371588637431463
0 0.5499565005302429 0.16040775179862976 0.025286914780735973 0.03371588637431463
0 0.4808815121650696 0.16377204656600952 0.025286914780735973 0.03371588637431463
0 0.411868691444397 0.16713331639766693 0.025286914780735973 0.03371588637431463
0 0.3429179787635803 0.1704915463924408 0.025286914780735973 0.03371588637431463
0 0.2740292549133301 0.1738467812538147 0.025286914780735973 0.03371588637431463
0 0.6998291611671448 0.2200164496898651 0.025286914780735973 0.03371588637431463
0 0.6273425221443176 0.2235153317451477 0.025286914780735973 0.03371588637431463
0 0.5549243092536926 0.22701090574264526 0.025286914780735973 0.03371588637431463
0 0.48257434368133545 0.23050318658351898 0.025286914780735973 0.03371588637431463
0 0.4102925956249237 0.23399217426776886 0.025286914780735973 0.03371588637431463
0 0.33807897567749023 0.2374778687953949 0.025286914780735973 0.03371588637431463
0 0.2659333348274231 0.2409602850675583 0.025286914780735973 0.03371588637431463
0 0.7125142216682434 0.29297199845314026 0.025286914780735973 0.03371588637431463
0 0.6364126205444336 0.29660892486572266 0.025286914780735973 0.03371588637431463
0 0.5603864789009094 0.30024221539497375 0.025286914780735973 0.03371588637431463
0 0.4844355881214142 0.30387192964553833 0.025286914780735973 0.03371588637431463
0 0.4085598289966583 0.3074980676174164 0.025286914780735973 0.03371588637431463
0 0.3327591121196747 0.3111205995082855 0.025286914780735973 0.03371588637431463
0 0.2570333480834961 0.31473955512046814 0.025286914780735973 0.03371588637431463
0 0.7265291213989258 0.3735760450363159 0.025286914780735973 0.03371588637431463
0 0.6464331746101379 0.3773614764213562 0.025286914780735973 0.03371588637431463
0 0.5664207339286804 0.3811429738998413 0.025286914780735973 0.03371588637431463
0 0.4864916205406189 0.38492050766944885 0.025286914780735973 0.03371588637431463
0 0.4066457450389862 0.3886941075325012 0.025286914780735973 0.03371588637431463
0 0.3268829882144928 0.3924638032913208 0.025286914780735973 0.03371588637431463
0 0.24720320105552673 0.3962295651435852 0.025286914780735973 0.03371588637431463
0 0.7420945763587952 0.4630979299545288 0.025286914780735973 0.03371588637431463
0 0.657561719417572 0.467043399810791 0.025286914780735973 0.03371588637431463
0 0.5731218457221985 0.47098448872566223 0.025286914780735973 0.03371588637431463
0 0.48877477645874023 0.4749212861061096 0.025286914780735973 0.03371588637431463
0 0.4045203924179077 0.4788537323474884 0.025286914780735973 0.03371588637431463
0 0.320358544588089 0.48278188705444336 0.025286914780735973 0.03371588637431463
0 0.23628905415534973 0.4867057204246521 0.025286914780735973 0.03371588637431463
0 0.7594830393791199 0.5631042718887329 0.025286914780735973 0.03371588637431463
0 0.6699928045272827 0.5672223567962646 0.025286914780735973 0.03371588637431463
0 0.5806068181991577 0.5713356733322144 0.025286914780735973 0.03371588637431463
0 0.49132484197616577 0.575444221496582 0.025286914780735973 0.03371588637431463
0 0.40214669704437256 0.5795479416847229 0.025286914780735973 0.03371588637431463
0 0.31307217478752136 0.5836469531059265 0.025286914780735973 0.03371588637431463
0 0.22410112619400024 0.5877411365509033 0.025286914780735973 0.03371588637431463
0 0.7790346145629883 0.6755514740943909 0.025286914780735973 0.03371588637431463
0 0.6839694380760193 0.67985600233078 0.025286914780735973 0.03371588637431463
0 0.5890218019485474 0.6841551661491394 0.025286914780735973 0.03371588637431463
0 0.49419155716896057 0.6884490847587585 0.025286914780735973 0.03371588637431463
0 0.39947840571403503 0.6927376389503479 0.025286914780735973 0.03371588637431463
0 0.3048821687698364 0.697020947933197 0.025286914780735973 0.03371588637431463
0 0.21040263772010803 0.7012989521026611 0.025286914780735973 0.03371588637431463