0 0.1852671205997467 0.6290378570556641 0.031661895414193474 0.031661895414193474
0 0.2735026180744171 0.6349905133247375 0.031661895414193474 0.031661895414193474
0 0.36318057775497437 0.6410405039787292 0.031661895414193474 0.031661895414193474
0 0.4543367326259613 0.6471902132034302 0.031661895414193474 0.031661895414193474
0 0.5470078587532043 0.6534421443939209 0.031661895414193474 0.031661895414193474
0 0.6412320733070374 0.659798800945282 0.031661895414193474 0.031661895414193474
0 0.7370488047599792 0.6662629246711731 0.031661895414193474 0.031661895414193474
0 0.2015090137720108 0.5410784482955933 0.031661895414193474 0.031661895414193474
0 0.28739914298057556 0.5461710691452026 0.031661895414193474 0.031661895414193474
0 0.37465372681617737 0.551344633102417 0.031661895414193474 0.031661895414193474
0 0.46330559253692627 0.5566009879112244 0.031661895414193474 0.031661895414193474
0 0.5533885359764099 0.5619422197341919 0.031661895414193474 0.031661895414193474
0 0.6449374556541443 0.5673703551292419 0.031661895414193474 0.031661895414193474
0 0.7379885315895081 0.5728875994682312 0.031661895414193474 0.031661895414193474
0 0.21687190234661102 0.45787930488586426 0.031661895414193474 0.031661895414193474
0 0.3005378246307373 0.4621953070163727 0.031661895414193474 0.031661895414193474
0 0.3854963779449463 0.4665779769420624 0.031661895414193474 0.031661895414193474
0 0.47177770733833313 0.4710288941860199 0.031661895414193474 0.031661895414193474
0 0.5594130158424377 0.4755496382713318 0.031661895414193474 0.031661895414193474
0 0.6484344005584717 0.48014190793037415 0.031661895414193474 0.031661895414193474
0 0.7388749718666077 0.4848073720932007 0.031661895414193474 0.031661895414193474
0 0.23142528533935547 0.3790642023086548 0.031661895414193474 0.031661895414193474
0 0.3129790425300598 0.38267749547958374 0.031661895414193474 0.031661895414193474
0 0.39575907588005066 0.38634511828422546 0.031661895414193474 0.031661895414193474
0 0.4797932803630829 0.39006832242012024 0.031661895414193474 0.031661895414193474
0 0.5651103854179382 0.39384835958480835 0.031661895414193474 0.031661895414193474
0 0.6517399549484253 0.39768654108047485 0.031661895414193474 0.031661895414193474
0 0.7397124767303467 0.4015842378139496 0.031661895414193474 0.031661895414193474
0 0.2452314794063568 0.30429553985595703 0.031661895414193474 0.031661895414193474
0 0.32477685809135437 0.3072718679904938 0.031661895414193474 0.031661895414193474
0 0.40548717975616455 0.3102918267250061 0.031661895414193474 0.031661895414193474
0 0.4873882234096527 0.31335633993148804 0.031661895414193474 0.031661895414193474
0 0.5705065131187439 0.316466361284256 0.031661895414193474 0.031661895414193474
0 0.6548694372177124 0.3196229934692383 0.031661895414193474 0.031661895414193474
0 0.7405050992965698 0.32282721996307373 0.031661895414193474 0.031661895414193474
0 0.2583465874195099 0.23326945304870605 0.031661895414193474 0.031661895414193474
0 0.3359799385070801 0.23566749691963196 0.031661895414193474 0.031661895414193474
0 0.41472136974334717 0.23809976875782013 0.031661895414193474 0.031661895414193474
0 0.4945947825908661 0.24056699872016907 0.031661895414193474 0.031661895414193474
0 0.5756247639656067 0.24306996166706085 0.031661895414193474 0.031661895414193474
0 0.6578365564346313 0.24560943245887756 0.031661895414193474 0.031661895414193474
0 0.7412562966346741 0.24818621575832367 0.031661895414193474 0.031661895414193474
0 0.2708212435245514 0.16571183502674103 0.031661895414193474 0.031661895414193474
0 0.346632182598114 0.16758397221565247 0.031661895414193474 0.031661895414193474
0 0.42349836230278015 0.16948217153549194 0.031661895414193474 0.031661895414193474
0 0.501442015171051 0.17140698432922363 0.031661895414193474 0.031661895414193474
0 0.5804859399795532 0.1733589619398117 0.031661895414193474 0.031661895414193474
0 0.6606536507606506 0.17533870041370392 0.031661895414193474 0.031661895414193474
0 0.7419692277908325 0.17734678089618683 0.031661895414193474 0.031661895414193474