0 0.732815682888031 0.17573930323123932 0.03541893263657888 0.03541893263657888
0 0.6555452346801758 0.17672809958457947 0.03541893263657888 0.03541893263657888
0 0.5783101916313171 0.177716463804245 0.03541893263657888 0.03541893263657888
0 0.5011106729507446 0.1787043660879135 0.03541893263657888 0.03541893263657888
0 0.4239465296268463 0.17969180643558502 0.03541893263657888 0.03541893263657888
0 0.34681782126426697 0.18067879974842072 0.03541893263657888 0.03541893263657888
0 0.2697244882583618 0.1816653460264206 0.03541893263657888 0.03541893263657888
0 0.7426916360855103 0.22956740856170654 0.03541893263657888 0.03541893263657888
0 0.6622745990753174 0.23058359324932098 0.03541893263657888 0.03541893263657888
0 0.5818959474563599 0.23159928619861603 0.03541893263657888 0.03541893263657888
0 0.5015557408332825 0.23261448740959167 0.03541893263657888 0.03541893263657888
0 0.42125391960144043 0.2336292266845703 0.03541893263657888 0.03541893263657888
0 0.3409903943538666 0.23464345932006836 0.03541893263657888 0.03541893263657888
0 0.2607652246952057 0.2356572151184082 0.03541893263657888 0.03541893263657888
0 0.7534055709838867 0.2879630923271179 0.03541893263657888 0.03541893263657888
0 0.6695748567581177 0.2890078127384186 0.03541893263657888 0.03541893263657888
0 0.5857858657836914 0.29005202651023865 0.03541893263657888 0.03541893263657888
0 0.5020385980606079 0.2910957336425781 0.03541893263657888 0.03541893263657888
0 0.4183330237865448 0.2921389043331146 0.03541893263657888 0.03541893263657888
0 0.3346691429615021 0.29318156838417053 0.03541893263657888 0.03541893263657888
0 0.2510468661785126 0.29422369599342346 0.03541893263657888 0.03541893263657888
0 0.7650688886642456 0.351533442735672 0.03541893263657888 0.03541893263657888
0 0.677521824836731 0.3526079058647156 0.03541893263657888 0.03541893263657888
0 0.5900202393531799 0.3536818325519562 0.03541893263657888 0.03541893263657888
0 0.5025641918182373 0.3547551929950714 0.03541893263657888 0.03541893263657888
0 0.4151535928249359 0.35582801699638367 0.03541893263657888 0.03541893263657888
0 0.32778844237327576 0.35690024495124817 0.03541893263657888 0.03541893263657888
0 0.24046865105628967 0.3579719364643097 0.03541893263657888 0.03541893263657888
0 0.777813732624054 0.4209981858730316 0.03541893263657888 0.03541893263657888
0 0.6862054467201233 0.4221035838127136 0.03541893263657888 0.03541893263657888
0 0.5946470499038696 0.4232083559036255 0.03541893263657888 0.03541893263657888
0 0.5031384825706482 0.4243125021457672 0.03541893263657888 0.03541893263657888
0 0.4116796851158142 0.42541608214378357 0.03541893263657888 0.03541893263657888
0 0.3202705979347229 0.4265190660953522 0.03541893263657888 0.03541893263657888
0 0.22891120612621307 0.42762142419815063 0.03541893263657888 0.03541893263657888
0 0.7917976975440979 0.4972170293331146 0.03541893263657888 0.03541893263657888
0 0.6957331895828247 0.49835437536239624 0.03541893263657888 0.03541893263657888
0 0.5997235178947449 0.4994910657405853 0.03541893263657888 0.03541893263657888
0 0.5037685632705688 0.5006271004676819 0.03541893263657888 0.03541893263657888
0 0.407868355512619 0.5017625093460083 0.03541893263657888 0.03541893263657888
0 0.3120228350162506 0.5028972625732422 0.03541893263657888 0.03541893263657888
0 0.21623195707798004 0.5040313601493835 0.03541893263657888 0.03541893263657888
0 0.8072108626365662 0.5812253355979919 0.03541893263657888 0.03541893263657888
0 0.706234335899353 0.5823955535888672 0.03541893263657888 0.03541893263657888
0 0.6053184270858765 0.5835651159286499 0.03541893263657888 0.03541893263657888
0 0.5044629573822021 0.5847339630126953 0.03541893263657888 0.03541893263657888
0 0.40366801619529724 0.5859020948410034 0.03541893263657888 0.03541893263657888
0 0.3029334545135498 0.5870695114135742 0.03541893263657888 0.03541893263657888
0 0.20225924253463745 0.5882362723350525 0.03541893263657888 0.03541893263657888