0 0.7392097115516663 0.16471563279628754 0.035289267698923744 0.035289267698923744
0 0.6616817116737366 0.16796617209911346 0.035289267698923744 0.035289267698923744
0 0.5841235518455505 0.17121797800064087 0.035289267698923744 0.035289267698923744
0 0.5065351128578186 0.17447105050086975 0.035289267698923744 0.035289267698923744
0 0.42891642451286316 0.1777253895998001 0.035289267698923744 0.035289267698923744
0 0.3512674570083618 0.18098101019859314 0.035289267698923744 0.035289267698923744
0 0.2735881805419922 0.18423789739608765 0.035289267698923744 0.035289267698923744
0 0.7479519844055176 0.2187284529209137 0.035289267698923744 0.035289267698923744
0 0.6673611998558044 0.22211842238903046 0.035289267698923744 0.035289267698923744
0 0.5867376923561096 0.22550976276397705 0.035289267698923744 0.035289267698923744
0 0.5060815811157227 0.22890248894691467 0.035289267698923744 0.035289267698923744
0 0.425392746925354 0.23229658603668213 0.035289267698923744 0.035289267698923744
0 0.3446711599826813 0.23569205403327942 0.035289267698923744 0.035289267698923744
0 0.26391687989234924 0.23908890783786774 0.035289267698923744 0.035289267698923744
0 0.7574136853218079 0.27718621492385864 0.035289267698923744 0.035289267698923744
0 0.6735081076622009 0.2807280421257019 0.035289267698923744 0.035289267698923744
0 0.5895671248435974 0.28427135944366455 0.035289267698923744 0.035289267698923744
0 0.5055906772613525 0.2878161668777466 0.035289267698923744 0.035289267698923744
0 0.4215788245201111 0.291362464427948 0.035289267698923744 0.035289267698923744
0 0.3375314772129059 0.2949102818965912 0.035289267698923744 0.035289267698923744
0 0.2534486651420593 0.29845958948135376 0.035289267698923744 0.035289267698923744
0 0.7676874995231628 0.3406611979007721 0.035289267698923744 0.035289267698923744
0 0.680182695388794 0.34436899423599243 0.035289267698923744 0.035289267698923744
0 0.5926394462585449 0.3480784296989441 0.035289267698923744 0.035289267698923744
0 0.5050576329231262 0.3517895042896271 0.035289267698923744 0.035289267698923744
0 0.41743728518486023 0.3555022180080414 0.035289267698923744 0.035289267698923744
0 0.3297783434391022 0.3592165410518646 0.035289267698923744 0.035289267698923744
0 0.24208080768585205 0.3629325330257416 0.035289267698923744 0.035289267698923744
0 0.7788825631141663 0.40982821583747864 0.035289267698923744 0.035289267698923744
0 0.6874560117721558 0.41371822357177734 0.035289267698923744 0.035289267698923744
0 0.5959874391555786 0.4176099896430969 0.035289267698923744 0.035289267698923744
0 0.50447678565979 0.42150354385375977 0.035289267698923744 0.035289267698923744
0 0.41292402148246765 0.42539891600608826 0.035289267698923744 0.035289267698923744
0 0.32132917642593384 0.42929607629776 0.035289267698923744 0.035289267698923744
0 0.22969214618206024 0.43319499492645264 0.035289267698923744 0.035289267698923744
0 0.7911286354064941 0.4854888916015625 0.035289267698923744 0.035289267698923744
0 0.695412278175354 0.4895797371864319 0.035289267698923744 0.035289267698923744
0 0.5996498465538025 0.49367254972457886 0.035289267698923744 0.035289267698923744
0 0.5038413405418396 0.4977673292160034 0.035289267698923744 0.035289267698923744
0 0.4079866409301758 0.5018640756607056 0.035289267698923744 0.035289267698923744
0 0.3120857775211334 0.5059627890586853 0.035289267698923744 0.035289267698923744
0 0.21613870561122894 0.5100635290145874 0.035289267698923744 0.035289267698923744
0 0.8045811057090759 0.5686027407646179 0.035289267698923744 0.035289267698923744
0 0.704152524471283 0.5729160904884338 0.035289267698923744 0.035289267698923744
0 0.6036732792854309 0.5772316455841064 0.035289267698923744 0.035289267698923744
0 0.5031432509422302 0.581549346446991 0.035289267698923744 0.035289267698923744
0 0.40256237983703613 0.5858692526817322 0.035289267698923744 0.035289267698923744
0 0.301930695772171 0.5901913642883301 0.035289267698923744 0.035289267698923744
0 0.2012481391429901 0.5945156216621399 0.035289267698923744 0.035289267698923744