0 0.7312328219413757 0.14842599630355835 0.035365961492061615 0.035365961492061615
0 0.652682900428772 0.15166443586349487 0.035365961492061615 0.035365961492061615
0 0.5741426348686218 0.15490248799324036 0.035365961492061615 0.035365961492061615
0 0.49561214447021484 0.1581401228904724 0.035365961492061615 0.035365961492061615
0 0.41709136962890625 0.16137737035751343 0.035365961492061615 0.035365961492061615
0 0.33858031034469604 0.1646142154932022 0.035365961492061615 0.035365961492061615
0 0.26007896661758423 0.16785064339637756 0.035365961492061615 0.035365961492061615
0 0.7387559413909912 0.2054952085018158 0.035365961492061615 0.035365961492061615
0 0.657183825969696 0.2088545560836792 0.035365961492061615 0.035365961492061615
0 0.5756222605705261 0.21221348643302917 0.035365961492061615 0.035365961492061615
0 0.4940711557865143 0.21557196974754333 0.035365961492061615 0.035365961492061615
0 0.4125305414199829 0.21893002092838287 0.035365961492061615 0.035365961492061615
0 0.331000417470932 0.22228765487670898 0.035365961492061615 0.035365961492061615
0 0.24948076903820038 0.22564484179019928 0.035365961492061615 0.035365961492061615
0 0.7468810081481934 0.2671310305595398 0.035365961492061615 0.035365961492061615
0 0.6620449423789978 0.2706206738948822 0.035365961492061615 0.035365961492061615
0 0.5772202610969543 0.274109810590744 0.035365961492061615 0.035365961492061615
0 0.4924068748950958 0.2775985300540924 0.035365961492061615 0.035365961492061615
0 0.4076048731803894 0.2810867428779602 0.035365961492061615 0.035365961492061615
0 0.3228141963481903 0.2845745086669922 0.035365961492061615 0.035365961492061615
0 0.23803484439849854 0.28806179761886597 0.035365961492061615 0.035365961492061615
0 0.7556833028793335 0.3339044451713562 0.035365961492061615 0.035365961492061615
0 0.6673111915588379 0.3375348448753357 0.035365961492061615 0.035365961492061615
0 0.5789514183998108 0.3411647379398346 0.035365961492061615 0.035365961492061615
0 0.4906039237976074 0.3447941243648529 0.035365961492061615 0.035365961492061615
0 0.40226873755455017 0.3484230041503906 0.035365961492061615 0.035365961492061615
0 0.31394585967063904 0.35205137729644775 0.035365961492061615 0.035365961492061615
0 0.22563526034355164 0.3556792736053467 0.035365961492061615 0.035365961492061615
0 0.7652512788772583 0.4064857065677643 0.035365961492061615 0.035365961492061615
0 0.6730355024337769 0.4102686941623688 0.035365961492061615 0.035365961492061615
0 0.5808331370353699 0.4140511453151703 0.035365961492061615 0.035365961492061615
0 0.48864418268203735 0.4178330600261688 0.035365961492061615 0.035365961492061615
0 0.3964686095714569 0.421614408493042 0.035365961492061615 0.035365961492061615
0 0.30430641770362854 0.4253951907157898 0.035365961492061615 0.035365961492061615
0 0.21215765178203583 0.4291754364967346 0.035365961492061615 0.035365961492061615
0 0.7756892442703247 0.48566702008247375 0.035365961492061615 0.035365961492061615
0 0.6792802810668945 0.4896159768104553 0.035365961492061615 0.035365961492061615
0 0.5828859210014343 0.4935643672943115 0.035365961492061615 0.035365961492061615
0 0.48650625348091125 0.4975121319293976 0.035365961492061615 0.035365961492061615
0 0.39014121890068054 0.5014593005180359 0.035365961492061615 0.035365961492061615
0 0.2937907874584198 0.505405843257904 0.035365961492061615 0.035365961492061615
0 0.197455033659935 0.5093518495559692 0.035365961492061615 0.035365961492061615
0 0.7871216535568237 0.5723915100097656 0.035365961492061615 0.035365961492061615
0 0.6861199140548706 0.5765216946601868 0.035365961492061615 0.035365961492061615
0 0.5851342678070068 0.5806511640548706 0.035365961492061615 0.035365961492061615
0 0.4841647148132324 0.5847799777984619 0.035365961492061615 0.035365961492061615
0 0.383211225271225 0.5889081954956055 0.035365961492061615 0.035365961492061615
0 0.2822737991809845 0.5930356979370117 0.035365961492061615 0.035365961492061615
0 0.181352436542511 0.5971625447273254 0.035365961492061615 0.035365961492061615