0 0.7245395183563232 0.19694629311561584 0.03629816323518753 0.03629816323518753
0 0.6469029188156128 0.19718968868255615 0.03629816323518753 0.03629816323518753
0 0.5692887902259827 0.19743302464485168 0.03629816323518753 0.03629816323518753
0 0.4916971027851105 0.19767628610134125 0.03629816323518753 0.03629816323518753
0 0.4141278564929962 0.19791947305202484 0.03629816323518753 0.03629816323518753
0 0.3365810513496399 0.19816258549690247 0.03629816323518753 0.03629816323518753
0 0.2590566873550415 0.19840563833713531 0.03629816323518753 0.03629816323518753
0 0.7340360283851624 0.2497435212135315 0.03629816323518753 0.03629816323518753
0 0.6530709266662598 0.24998939037322998 0.03629816323518753 0.03629816323518753
0 0.5721303224563599 0.2502351701259613 0.03629816323518753 0.03629816323518753
0 0.4912140965461731 0.25048089027404785 0.03629816323518753 0.03629816323518753
0 0.41032227873802185 0.2507265508174896 0.03629816323518753 0.03629816323518753
0 0.32945486903190613 0.25097209215164185 0.03629816323518753 0.03629816323518753
0 0.24861186742782593 0.2512176036834717 0.03629816323518753 0.03629816323518753
0 0.7443829774856567 0.30726924538612366 0.03629816323518753 0.03629816323518753
0 0.6597912907600403 0.30751705169677734 0.03629816323518753 0.03629816323518753
0 0.5752262473106384 0.30776476860046387 0.03629816323518753 0.03629816323518753
0 0.49068784713745117 0.3080124258995056 0.03629816323518753 0.03629816323518753
0 0.4061760902404785 0.3082599937915802 0.03629816323518753 0.03629816323518753
0 0.32169097661972046 0.3085074722766876 0.03629816323518753 0.03629816323518753
0 0.2372324913740158 0.30875489115715027 0.03629816323518753 0.03629816323518753
0 0.7557000517845154 0.3701884150505066 0.03629816323518753 0.03629816323518753
0 0.6671415567398071 0.37043747305870056 0.03629816323518753 0.03629816323518753
0 0.5786123275756836 0.370686411857605 0.03629816323518753 0.03629816323518753
0 0.4901122748851776 0.3709352910518646 0.03629816323518753 0.03629816323518753
0 0.4016414284706116 0.3711840510368347 0.03629816323518753 0.03629816323518753
0 0.3131997585296631 0.3714327812194824 0.03629816323518753 0.03629816323518753
0 0.22478727996349335 0.3716813921928406 0.03629816323518753 0.03629816323518753
0 0.768130362033844 0.4392969310283661 0.03629816323518753 0.03629816323518753
0 0.6752147674560547 0.43954622745513916 0.03629816323518753 0.03629816323518753
0 0.5823313593864441 0.43979546427726746 0.03629816323518753 0.03629816323518753
0 0.4894801080226898 0.4400445818901062 0.03629816323518753 0.03629816323518753
0 0.3966609835624695 0.44029363989830017 0.03629816323518753 0.03629816323518753
0 0.30387401580810547 0.440542608499527 0.03629816323518753 0.03629816323518753
0 0.21111911535263062 0.4407914876937866 0.03629816323518753 0.03629816323518753
0 0.7818467020988464 0.515555202960968 0.03629816323518753 0.03629816323518753
0 0.6841230988502502 0.5158035159111023 0.03629816323518753 0.03629816323518753
0 0.586435079574585 0.5160517692565918 0.03629816323518753 0.03629816323518753
0 0.4887825846672058 0.5162999033927917 0.03629816323518753 0.03629816323518753
0 0.39116567373275757 0.5165479183197021 0.03629816323518753 0.03629816323518753
0 0.29358428716659546 0.5167958736419678 0.03629816323518753 0.03629816323518753
0 0.19603842496871948 0.5170437693595886 0.03629816323518753 0.03629816323518753
0 0.7970595359802246 0.6001333594322205 0.03629816323518753 0.03629816323518753
0 0.6940031051635742 0.6003789901733398 0.03629816323518753 0.03629816323518753
0 0.5909863114356995 0.6006245017051697 0.03629816323518753 0.03629816323518753
0 0.4880090057849884 0.6008699536323547 0.03629816323518753 0.03629816323518753
0 0.3850712776184082 0.6011152863502502 0.03629816323518753 0.03629816323518753
0 0.2821730375289917 0.6013604998588562 0.03629816323518753 0.03629816323518753
0 0.17931430041790009 0.6016056537628174 0.03629816323518753 0.03629816323518753