0 0.1548573225736618 0.6374281048774719 0.029418838520844776 0.029418838520844776
0 0.2356126606464386 0.6427989602088928 0.029418838520844776 0.029418838520844776
0 0.3182859420776367 0.6482973694801331 0.029418838520844776 0.029418838520844776
0 0.4029462933540344 0.6539279818534851 0.029418838520844776 0.029418838520844776
0 0.489666223526001 0.6596955060958862 0.029418838520844776 0.029418838520844776
0 0.5785218477249146 0.6656051278114319 0.029418838520844776 0.029418838520844776
0 0.6695930361747742 0.6716620922088623 0.029418838520844776 0.029418838520844776
0 0.17057794332504272 0.555264949798584 0.029418838520844776 0.029418838520844776
0 0.249568909406662 0.5595654845237732 0.029418838520844776 0.029418838520844776
0 0.33039018511772156 0.5639656782150269 0.029418838520844776 0.029418838520844776
0 0.41310617327690125 0.5684689879417419 0.029418838520844776 0.029418838520844776
0 0.497784286737442 0.5730791687965393 0.029418838520844776 0.029418838520844776
0 0.5844951868057251 0.5777999758720398 0.029418838520844776 0.029418838520844776
0 0.6733129024505615 0.5826355218887329 0.029418838520844776 0.029418838520844776
0 0.18556751310825348 0.4769226908683777 0.029418838520844776 0.029418838520844776
0 0.26286888122558594 0.4802459478378296 0.029418838520844776 0.029418838520844776
0 0.34191882610321045 0.48364439606666565 0.029418838520844776 0.029418838520844776
0 0.422777384519577 0.4871205687522888 0.029418838520844776 0.029418838520844776
0 0.5055073499679565 0.49067720770835876 0.029418838520844776 0.029418838520844776
0 0.5901744365692139 0.49431711435317993 0.029418838520844776 0.029418838520844776
0 0.6768474578857422 0.4980432689189911 0.029418838520844776 0.029418838520844776
0 0.1998758465051651 0.40214088559150696 0.029418838520844776 0.029418838520844776
0 0.2755577862262726 0.40457066893577576 0.029418838520844776 0.029418838520844776
0 0.35291194915771484 0.4070541262626648 0.029418838520844776 0.029418838520844776
0 0.43199434876441956 0.4095930755138397 0.029418838520844776 0.029418838520844776
0 0.5128635764122009 0.41218939423561096 0.029418838520844776 0.029418838520844776
0 0.5955808162689209 0.4148450493812561 0.029418838520844776 0.029418838520844776
0 0.680210292339325 0.4175620973110199 0.029418838520844776 0.029418838520844776
0 0.21354834735393524 0.3306821584701538 0.029418838520844776 0.029418838520844776
0 0.2876768410205841 0.3322940766811371 0.029418838520844776 0.029418838520844776
0 0.3634060323238373 0.3339408338069916 0.029418838520844776 0.029418838520844776
0 0.4407883286476135 0.33562353253364563 0.029418838520844776 0.029418838520844776
0 0.5198784470558167 0.33734333515167236 0.029418838520844776 0.029418838520844776
0 0.6007336378097534 0.33910155296325684 0.029418838520844776 0.029418838520844776
0 0.6834135055541992 0.34089943766593933 0.029418838520844776 0.029418838520844776
0 0.22662648558616638 0.2623298466205597 0.029418838520844776 0.029418838520844776
0 0.29926353693008423 0.2631922960281372 0.029418838520844776 0.029418838520844776
0 0.37343427538871765 0.264072984457016 0.029418838520844776 0.029418838520844776
0 0.4491877555847168 0.264972448348999 0.029418838520844776 0.029418838520844776
0 0.5265752673149109 0.26589131355285645 0.029418838520844776 0.029418838520844776
0 0.6056501865386963 0.2668302357196808 0.029418838520844776 0.029418838520844776
0 0.6864683032035828 0.2677898406982422 0.029418838520844776 0.029418838520844776
0 0.23914819955825806 0.19688569009304047 0.029418838520844776 0.029418838520844776
0 0.31035223603248596 0.19706062972545624 0.029418838520844776 0.029418838520844776
0 0.38302701711654663 0.19723917543888092 0.029418838520844776 0.029418838520844776
0 0.45721864700317383 0.19742144644260406 0.029418838520844776 0.029418838520844776
0 0.5329750776290894 0.19760757684707642 0.029418838520844776 0.029418838520844776
0 0.6103463768959045 0.19779765605926514 0.029418838520844776 0.029418838520844776
0 0.6893846988677979 0.19799184799194336 0.029418838520844776 0.029418838520844776