0 0.23737893998622894 0.6564505696296692 0.03357381373643875 0.03357381373643875
0 0.33578240871429443 0.656931459903717 0.03357381373643875 0.03357381373643875
0 0.4337007999420166 0.6574100255966187 0.03357381373643875 0.03357381373643875
0 0.5311376452445984 0.657886266708374 0.03357381373643875 0.03357381373643875
0 0.6280965209007263 0.6583601236343384 0.03357381373643875 0.03357381373643875
0 0.7245809435844421 0.6588316559791565 0.03357381373643875 0.03357381373643875
0 0.8205943703651428 0.6593009233474731 0.03357381373643875 0.03357381373643875
0 0.2465575486421585 0.5636518597602844 0.03357381373643875 0.03357381373643875
0 0.34160417318344116 0.564337968826294 0.03357381373643875 0.03357381373643875
0 0.43619805574417114 0.5650208592414856 0.03357381373643875 0.03357381373643875
0 0.5303425192832947 0.5657005310058594 0.03357381373643875 0.03357381373643875
0 0.6240406036376953 0.5663769245147705 0.03357381373643875 0.03357381373643875
0 0.7172956466674805 0.5670501589775085 0.03357381373643875 0.03357381373643875
0 0.8101106882095337 0.5677202343940735 0.03357381373643875 0.03357381373643875
0 0.2551330327987671 0.4769510328769684 0.03357381373643875 0.03357381373643875
0 0.3470442593097687 0.4778148829936981 0.03357381373643875 0.03357381373643875
0 0.4385319948196411 0.4786747395992279 0.03357381373643875 0.03357381373643875
0 0.5295992493629456 0.4795306622982025 0.03357381373643875 0.03357381373643875
0 0.6202487945556641 0.48038265109062195 0.03357381373643875 0.03357381373643875
0 0.7104836106300354 0.4812307357788086 0.03357381373643875 0.03357381373643875
0 0.8003064393997192 0.48207494616508484 0.03357381373643875 0.03357381373643875
0 0.2631629407405853 0.39576616883277893 0.03357381373643875 0.03357381373643875
0 0.3521389961242676 0.39678409695625305 0.03357381373643875 0.03357381373643875
0 0.4407181143760681 0.39779749512672424 0.03357381373643875 0.03357381373643875
0 0.5289029479026794 0.3988063633441925 0.03357381373643875 0.03357381373643875
0 0.6166960597038269 0.3998107612133026 0.03357381373643875 0.03357381373643875
0 0.7041001319885254 0.40081071853637695 0.03357381373643875 0.03357381373643875
0 0.7911177277565002 0.4018062353134155 0.03357381373643875 0.03357381373643875
0 0.2706977128982544 0.3195871412754059 0.03357381373643875 0.03357381373643875
0 0.3569203019142151 0.320738822221756 0.03357381373643875 0.03357381373643875
0 0.44277000427246094 0.32188552618026733 0.03357381373643875 0.03357381373643875
0 0.5282492637634277 0.32302728295326233 0.03357381373643875 0.03357381373643875
0 0.6133605241775513 0.32416412234306335 0.03357381373643875 0.03357381373643875
0 0.698106050491333 0.3252961039543152 0.03357381373643875 0.03357381373643875
0 0.782488226890564 0.32642319798469543 0.03357381373643875 0.03357381373643875
0 0.27778178453445435 0.2479647696018219 0.03357381373643875 0.03357381373643875
0 0.36141619086265564 0.24923264980316162 0.03357381373643875 0.03357381373643875
0 0.4446996748447418 0.25049522519111633 0.03357381373643875 0.03357381373643875
0 0.5276345014572144 0.25175249576568604 0.03357381373643875 0.03357381373643875
0 0.6102228164672852 0.2530045211315155 0.03357381373643875 0.03357381373643875
0 0.6924667358398438 0.25425130128860474 0.03357381373643875 0.03357381373643875
0 0.7743685245513916 0.2554929256439209 0.03357381373643875 0.03357381373643875
0 0.28445443511009216 0.18050210177898407 0.03357381373643875 0.03357381373643875
0 0.36565151810646057 0.1818709522485733 0.03357381373643875 0.03357381373643875
0 0.4465177357196808 0.18323422968387604 0.03357381373643875 0.03357381373643875
0 0.5270552039146423 0.18459194898605347 0.03357381373643875 0.03357381373643875
0 0.607265830039978 0.18594416975975037 0.03357381373643875 0.03357381373643875
0 0.6871516704559326 0.18729092180728912 0.03357381373643875 0.03357381373643875
0 0.7667146325111389 0.18863222002983093 0.03357381373643875 0.03357381373643875