0 0.30732548236846924 0.37470051646232605 0.019753366708755493 0.026337822278340656
0 0.30154934525489807 0.4382571280002594 0.019753366708755493 0.026337822278340656
0 0.2954239249229431 0.5056566596031189 0.019753366708755493 0.026337822278340656
0 0.28891661763191223 0.5772584080696106 0.019753366708755493 0.026337822278340656
0 0.28199052810668945 0.653468132019043 0.019753366708755493 0.026337822278340656
0 0.2746039032936096 0.7347453832626343 0.019753366708755493 0.026337822278340656
0 0.26670920848846436 0.8216130137443542 0.019753366708755493 0.026337822278340656
0 0.3707289695739746 0.37591201066970825 0.019753366708755493 0.026337822278340656
0 0.3668152093887329 0.43947428464889526 0.019753366708755493 0.026337822278340656
0 0.36266493797302246 0.5068779587745667 0.019753366708755493 0.026337822278340656
0 0.3582560122013092 0.5784820318222046 0.019753366708755493 0.026337822278340656
0 0.353563517332077 0.6546918153762817 0.019753366708755493 0.026337822278340656
0 0.3485591411590576 0.7359664440155029 0.019753366708755493 0.026337822278340656
0 0.34321075677871704 0.8228281736373901 0.019753366708755493 0.026337822278340656
0 0.4340745508670807 0.3771224021911621 0.019753366708755493 0.026337822278340656
0 0.43201974034309387 0.4406903088092804 0.019753366708755493 0.026337822278340656
0 0.4298408329486847 0.5080980658531189 0.019753366708755493 0.026337822278340656
0 0.42752617597579956 0.5797044038772583 0.019753366708755493 0.026337822278340656
0 0.42506274580955505 0.6559142470359802 0.019753366708755493 0.026337822278340656
0 0.4224356710910797 0.7371861934661865 0.019753366708755493 0.026337822278340656
0 0.4196281135082245 0.824042022228241 0.019753366708755493 0.026337822278340656
0 0.49736231565475464 0.3783316910266876 0.019753366708755493 0.026337822278340656
0 0.4971630275249481 0.4419052004814148 0.019753366708755493 0.026337822278340656
0 0.49695172905921936 0.5093169808387756 0.019753366708755493 0.026337822278340656
0 0.49672725796699524 0.5809255838394165 0.019753366708755493 0.026337822278340656
0 0.4964883625507355 0.6571353673934937 0.019753366708755493 0.026337822278340656
0 0.49623361229896545 0.7384046316146851 0.019753366708755493 0.026337822278340656
0 0.49596133828163147 0.825254499912262 0.019753366708755493 0.026337822278340656
0 0.5605923533439636 0.3795398771762848 0.019753366708755493 0.026337822278340656
0 0.5622451901435852 0.4431189298629761 0.019753366708755493 0.026337822278340656
0 0.563997745513916 0.5105347633361816 0.019753366708755493 0.026337822278340656
0 0.565859317779541 0.5821455121040344 0.019753366708755493 0.026337822278340656
0 0.5678404569625854 0.6583552956581116 0.019753366708755493 0.026337822278340656
0 0.5699530243873596 0.7396218180656433 0.019753366708755493 0.026337822278340656
0 0.5722106099128723 0.8264656662940979 0.019753366708755493 0.026337822278340656
0 0.6237648129463196 0.3807469606399536 0.019753366708755493 0.026337822278340656
0 0.6272662281990051 0.4443315267562866 0.019753366708755493 0.026337822278340656
0 0.6309788823127747 0.5117513537406921 0.019753366708755493 0.026337822278340656
0 0.634922444820404 0.5833642482757568 0.019753366708755493 0.026337822278340656
0 0.6391191482543945 0.6595739126205444 0.019753366708755493 0.026337822278340656
0 0.6435941457748413 0.7408376932144165 0.019753366708755493 0.026337822278340656
0 0.6483761072158813 0.8276755213737488 0.019753366708755493 0.026337822278340656
0 0.6868796348571777 0.3819529414176941 0.019753366708755493 0.026337822278340656
0 0.6922263503074646 0.44554299116134644 0.019753366708755493 0.026337822278340656
0 0.697895348072052 0.5129667520523071 0.019753366708755493 0.026337822278340656
0 0.7039167881011963 0.584581732749939 0.019753366708755493 0.026337822278340656
0 0.7103245258331299 0.6607913374900818 0.019753366708755493 0.026337822278340656
0 0.7171570062637329 0.7420522570610046 0.019753366708755493 0.026337822278340656
0 0.7244579195976257 0.8288840055465698 0.019753366708755493 0.026337822278340656