0 0.7524413466453552 0.19888019561767578 0.03126869102319082 0.03126869102319082
0 0.6687588691711426 0.19934843480587006 0.03126869102319082 0.03126869102319082
0 0.5870225429534912 0.19980578124523163 0.03126869102319082 0.03126869102319082
0 0.5071651339530945 0.20025260746479034 0.03126869102319082 0.03126869102319082
0 0.4291227161884308 0.20068928599357605 0.03126869102319082 0.03126869102319082
0 0.35283398628234863 0.201116144657135 0.03126869102319082 0.03126869102319082
0 0.2782405614852905 0.20153352618217468 0.03126869102319082 0.03126869102319082
0 0.7520307302474976 0.2729511857032776 0.03126869102319082 0.03126869102319082
0 0.6663561463356018 0.2725383937358856 0.03126869102319082 0.03126869102319082
0 0.582720935344696 0.2721354067325592 0.03126869102319082 0.03126869102319082
0 0.5010531544685364 0.27174192667007446 0.03126869102319082 0.03126869102319082
0 0.42128416895866394 0.27135756611824036 0.03126869102319082 0.03126869102319082
0 0.34334856271743774 0.2709820568561554 0.03126869102319082 0.03126869102319082
0 0.2671838104724884 0.2706151008605957 0.03126869102319082 0.03126869102319082
0 0.7515998482704163 0.3506893515586853 0.03126869102319082 0.03126869102319082
0 0.663835883140564 0.34930717945098877 0.03126869102319082 0.03126869102319082
0 0.5782115459442139 0.3479587137699127 0.03126869102319082 0.03126869102319082
0 0.4946494400501251 0.34664273262023926 0.03126869102319082 0.03126869102319082
0 0.4130760431289673 0.3453580439090729 0.03126869102319082 0.03126869102319082
0 0.33342114090919495 0.3441035747528076 0.03126869102319082 0.03126869102319082
0 0.25561782717704773 0.3428782820701599 0.03126869102319082 0.03126869102319082
0 0.7511470317840576 0.43237394094467163 0.03126869102319082 0.03126869102319082
0 0.6611893177032471 0.4299238920211792 0.03126869102319082 0.03126869102319082
0 0.5734789371490479 0.4275350570678711 0.03126869102319082 0.03126869102319082
0 0.4879327118396759 0.42520517110824585 0.03126869102319082 0.03126869102319082
0 0.4044715166091919 0.42293205857276917 0.03126869102319082 0.03126869102319082
0 0.3230200707912445 0.4207136929035187 0.03126869102319082 0.03126869102319082
0 0.24350662529468536 0.4185481071472168 0.03126869102319082 0.03126869102319082
0 0.7506706714630127 0.5183132886886597 0.03126869102319082 0.03126869102319082
0 0.658406674861908 0.5146852731704712 0.03126869102319082 0.03126869102319082
0 0.568506121635437 0.5111501812934875 0.03126869102319082 0.03126869102319082
0 0.48087936639785767 0.507704496383667 0.03126869102319082 0.03126869102319082
0 0.3954412043094635 0.5043448805809021 0.03126869102319082 0.03126869102319082
0 0.31211066246032715 0.501068115234375 0.03126869102319082 0.03126869102319082
0 0.23081067204475403 0.4978712499141693 0.03126869102319082 0.03126869102319082
0 0.7501688003540039 0.6088486909866333 0.03126869102319082 0.03126869102319082
0 0.6554772257804871 0.6039193272590637 0.03126869102319082 0.03126869102319082
0 0.5632743835449219 0.5991194844245911 0.03126869102319082 0.03126869102319082
0 0.4734635055065155 0.594444215297699 0.03126869102319082 0.03126869102319082
0 0.3859526813030243 0.5898886919021606 0.03126869102319082 0.03126869102319082
0 0.30065467953681946 0.5854483246803284 0.03126869102319082 0.03126869102319082
0 0.21748661994934082 0.5811188220977783 0.03126869102319082 0.03126869102319082
0 0.7496393918991089 0.7043589949607849 0.03126869102319082 0.03126869102319082
0 0.6523889899253845 0.6979897022247314 0.03126869102319082 0.03126869102319082
0 0.5577629208564758 0.6917923092842102 0.03126869102319082 0.03126869102319082
0 0.46565642952919006 0.6857599020004272 0.03126869102319082 0.03126869102319082
0 0.37597018480300903 0.6798860430717468 0.03126869102319082 0.03126869102319082
0 0.28861004114151 0.6741645336151123 0.03126869102319082 0.03126869102319082
0 0.2034866362810135 0.6685894727706909 0.03126869102319082 0.03126869102319082