0 0.18282294273376465 0.6335535645484924 0.029709741473197937 0.029709741473197937
0 0.2645217180252075 0.6377835273742676 0.029709741473197937 0.029709741473197937
0 0.3482317626476288 0.6421176195144653 0.029709741473197937 0.029709741473197937
0 0.4340282678604126 0.6465597152709961 0.029709741473197937 0.029709741473197937
0 0.521990180015564 0.6511139273643494 0.029709741473197937 0.029709741473197937
0 0.6122006177902222 0.655784547328949 0.029709741473197937 0.029709741473197937
0 0.7047468423843384 0.6605761051177979 0.029709741473197937 0.029709741473197937
0 0.19534245133399963 0.5500534772872925 0.029709741473197937 0.029709741473197937
0 0.2754797339439392 0.5532008409500122 0.029709741473197937 0.029709741473197937
0 0.3575480282306671 0.5564239621162415 0.029709741473197937 0.029709741473197937
0 0.4416179656982422 0.5597257614135742 0.029709741473197937 0.029709741473197937
0 0.5277637243270874 0.5631090998649597 0.029709741473197937 0.029709741473197937
0 0.616063117980957 0.5665769577026367 0.029709741473197937 0.029709741473197937
0 0.7065979838371277 0.5701326727867126 0.029709741473197937 0.029709741473197937
0 0.20735439658164978 0.469938725233078 0.029709741473197937 0.029709741473197937
0 0.28598830103874207 0.4720873236656189 0.029709741473197937 0.029709741473197937
0 0.3664776682853699 0.47428661584854126 0.029709741473197937 0.029709741473197937
0 0.44888895750045776 0.47653841972351074 0.029709741473197937 0.029709741473197937
0 0.5332918763160706 0.47884467244148254 0.029709741473197937 0.029709741473197937
0 0.6197595000267029 0.48120731115341187 0.029709741473197937 0.029709741473197937
0 0.7083684206008911 0.4836284816265106 0.029709741473197937 0.029709741473197937
0 0.2188889980316162 0.3930075168609619 0.029709741473197937 0.029709741473197937
0 0.2960744798183441 0.39423391222953796 0.029709741473197937 0.029709741473197937
0 0.3750442564487457 0.3954886198043823 0.029709741473197937 0.029709741473197937
0 0.4558608829975128 0.39677271246910095 0.029709741473197937 0.029709741473197937
0 0.5385899543762207 0.39808717370033264 0.029709741473197937 0.029709741473197937
0 0.6233001351356506 0.39943310618400574 0.029709741473197937 0.029709741473197937
0 0.7100634574890137 0.40081167221069336 0.029709741473197937 0.029709741473197937
0 0.2299741804599762 0.31907379627227783 0.029709741473197937 0.029709741473197937
0 0.305763304233551 0.3194478750228882 0.029709741473197937 0.029709741473197937
0 0.3832695186138153 0.31983041763305664 0.029709741473197937 0.029709741473197937
0 0.4625518321990967 0.32022175192832947 0.029709741473197937 0.029709741473197937
0 0.5436720252037048 0.32062214612960815 0.029709741473197937 0.029709741473197937
0 0.6266947388648987 0.32103192806243896 0.029709741473197937 0.029709741473197937
0 0.7116877436637878 0.32145142555236816 0.029709741473197937 0.029709741473197937
0 0.2406357079744339 0.2479657232761383 0.029709741473197937 0.029709741473197937
0 0.3150777518749237 0.24755147099494934 0.029709741473197937 0.029709741473197937
0 0.39117342233657837 0.24712800979614258 0.029709741473197937 0.029709741473197937
0 0.4689784348011017 0.24669504165649414 0.029709741473197937 0.029709741473197937
0 0.5485510230064392 0.24625222384929657 0.029709741473197937 0.029709741473197937
0 0.6299521923065186 0.2457992434501648 0.029709741473197937 0.029709741473197937
0 0.7132455706596375 0.24533572793006897 0.029709741473197937 0.029709741473197937
0 0.2508974075317383 0.17952434718608856 0.029709741473197937 0.029709741473197937
0 0.32403913140296936 0.17838037014007568 0.029709741473197937 0.029709741473197937
0 0.3987744450569153 0.1772114783525467 0.029709741473197937 0.029709741473197937
0 0.4751560688018799 0.17601683735847473 0.029709741473197937 0.029709741473197937
0 0.5532389283180237 0.17479558289051056 0.029709741473197937 0.029709741473197937
0 0.6330805420875549 0.17354682087898254 0.029709741473197937 0.029709741473197937
0 0.714741051197052 0.17226961255073547 0.029709741473197937 0.029709741473197937