0 0.2957232594490051 0.6480047702789307 0.02058468386530876 0.027446245153745014
0 0.3713266849517822 0.6466665863990784 0.02058468386530876 0.027446245153745014
0 0.44794419407844543 0.6453105211257935 0.02058468386530876 0.027446245153745014
0 0.5255963802337646 0.6439360976219177 0.02058468386530876 0.027446245153745014
0 0.6043043732643127 0.6425430178642273 0.02058468386530876 0.027446245153745014
0 0.684089720249176 0.6411308646202087 0.02058468386530876 0.027446245153745014
0 0.76497483253479 0.6396992802619934 0.02058468386530876 0.027446245153745014
0 0.30553025007247925 0.5592930316925049 0.02058468386530876 0.027446245153745014
0 0.3776642978191376 0.557453989982605 0.02058468386530876 0.027446245153745014
0 0.4507204294204712 0.5555914640426636 0.02058468386530876 0.027446245153745014
0 0.5247164368629456 0.5537049174308777 0.02058468386530876 0.027446245153745014
0 0.5996706485748291 0.5517939925193787 0.02058468386530876 0.027446245153745014
0 0.6756016612052917 0.5498581528663635 0.02058468386530876 0.027446245153745014
0 0.7525288462638855 0.5478969216346741 0.02058468386530876 0.027446245153745014
0 0.3144671618938446 0.47845160961151123 0.02058468386530876 0.027446245153745014
0 0.3834362328052521 0.47620412707328796 0.02058468386530876 0.027446245153745014
0 0.4532473385334015 0.473929226398468 0.02058468386530876 0.027446245153745014
0 0.5239160060882568 0.4716263711452484 0.02058468386530876 0.027446245153745014
0 0.5954581499099731 0.46929505467414856 0.02058468386530876 0.027446245153745014
0 0.6678900718688965 0.4669347405433655 0.02058468386530876 0.027446245153745014
0 0.741228461265564 0.4645448923110962 0.02058468386530876 0.027446245153745014
0 0.3226449191570282 0.40447765588760376 0.02058468386530876 0.027446245153745014
0 0.388714998960495 0.40189653635025024 0.02058468386530876 0.027446245153745014
0 0.45555710792541504 0.3992852568626404 0.02058468386530876 0.027446245153745014
0 0.5231847763061523 0.3966432809829712 0.02058468386530876 0.027446245153745014
0 0.5916120409965515 0.3939700722694397 0.02058468386530876 0.027446245153745014
0 0.6608530879020691 0.3912650942802429 0.02058468386530876 0.027446245153745014
0 0.730922520160675 0.3885277509689331 0.02058468386530876 0.027446245153745014
0 0.33015626668930054 0.33653169870376587 0.02058468386530876 0.027446245153745014
0 0.3935612142086029 0.33367785811424255 0.02058468386530876 0.027446245153745014
0 0.4576765298843384 0.33079203963279724 0.02058468386530876 0.027446245153745014
0 0.5225141644477844 0.32787370681762695 0.02058468386530876 0.027446245153745014
0 0.5880864262580872 0.3249223232269287 0.02058468386530876 0.027446245153745014
0 0.6544058322906494 0.32193729281425476 0.02058468386530876 0.027446245153745014
0 0.7214851975440979 0.31891804933547974 0.02058468386530876 0.027446245153745014
0 0.3370794653892517 0.27390581369400024 0.02058468386530876 0.027446245153745014
0 0.3980259597301483 0.2708291709423065 0.02058468386530876 0.027446245153745014
0 0.45962822437286377 0.26771941781044006 0.02058468386530876 0.027446245153745014
0 0.5218968987464905 0.2645760476589203 0.02058468386530876 0.027446245153745014
0 0.5848428010940552 0.26139846444129944 0.02058468386530876 0.027446245153745014
0 0.6484771370887756 0.25818613171577454 0.02058468386530876 0.027446245153745014
0 0.7128112316131592 0.2549384832382202 0.02058468386530876 0.027446245153745014
0 0.34348103404045105 0.21599867939949036 0.02058468386530876 0.027446245153745014
0 0.40215253829956055 0.21274042129516602 0.02058468386530876 0.027446245153745014
0 0.4614313244819641 0.2094484269618988 0.02058468386530876 0.027446245153745014
0 0.5213268399238586 0.20612218976020813 0.02058468386530876 0.027446245153745014
0 0.5818487405776978 0.20276115834712982 0.02058468386530876 0.027446245153745014
0 0.6430069804191589 0.1993647962808609 0.02058468386530876 0.027446245153745014
0 0.7048115730285645 0.195932537317276 0.02058468386530876 0.027446245153745014