0 0.701989471912384 0.13327306509017944 0.022184725974996884 0.03317342201868693
0 0.6273921132087708 0.1316576898097992 0.022184725974996884 0.03317342201868693
0 0.5523472428321838 0.13003262877464294 0.022184725974996884 0.03317342201868693
0 0.47685080766677856 0.12839777767658234 0.022184725974996884 0.03317342201868693
0 0.40089869499206543 0.1267530769109726 0.022184725974996884 0.03317342201868693
0 0.3244868218898773 0.12509840726852417 0.022184725974996884 0.03317342201868693
0 0.247610941529274 0.12343370169401169 0.022184725974996884 0.03317342201868693
0 0.7123711109161377 0.21106231212615967 0.022184725974996884 0.03317342201868693
0 0.6351786255836487 0.20963087677955627 0.022184725974996884 0.03317342201868693
0 0.5575066804885864 0.20819056034088135 0.022184725974996884 0.03317342201868693
0 0.4793508052825928 0.20674125850200653 0.022184725974996884 0.03317342201868693
0 0.4007064700126648 0.20528291165828705 0.022184725974996884 0.03317342201868693
0 0.3215690553188324 0.20381541550159454 0.022184725974996884 0.03317342201868693
0 0.2419338971376419 0.20233869552612305 0.022184725974996884 0.03317342201868693
0 0.7235082983970642 0.2945128083229065 0.022184725974996884 0.03317342201868693
0 0.6435336470603943 0.2932969033718109 0.022184725974996884 0.03317342201868693
0 0.5630440711975098 0.29207319021224976 0.022184725974996884 0.03317342201868693
0 0.4820345342159271 0.29084157943725586 0.022184725974996884 0.03317342201868693
0 0.4005000591278076 0.2896019518375397 0.022184725974996884 0.03317342201868693
0 0.3184354603290558 0.2883543074131012 0.022184725974996884 0.03317342201868693
0 0.23583561182022095 0.2870984971523285 0.022184725974996884 0.03317342201868693
0 0.735486626625061 0.3842658996582031 0.022184725974996884 0.03317342201868693
0 0.6525217890739441 0.38330286741256714 0.022184725974996884 0.03317342201868693
0 0.5690023899078369 0.3823333978652954 0.022184725974996884 0.03317342201868693
0 0.48492297530174255 0.38135743141174316 0.022184725974996884 0.03317342201868693
0 0.40027785301208496 0.3803749084472656 0.022184725974996884 0.03317342201868693
0 0.3150612413883209 0.37938573956489563 0.022184725974996884 0.03317342201868693
0 0.2292674034833908 0.3783898651599884 0.022184725974996884 0.03317342201868693
0 0.7484050989151001 0.4810636043548584 0.022184725974996884 0.03317342201868693
0 0.6622177958488464 0.4803977310657501 0.022184725974996884 0.03317342201868693
0 0.5754317045211792 0.47972723841667175 0.022184725974996884 0.03317342201868693
0 0.4880405068397522 0.4790520668029785 0.022184725974996884 0.03317342201868693
0 0.400037944316864 0.478372186422348 0.022184725974996884 0.03317342201868693
0 0.31141752004623413 0.4776875376701355 0.022184725974996884 0.03317342201868693
0 0.22217275202274323 0.4769980311393738 0.022184725974996884 0.03317342201868693
0 0.762378990650177 0.5857691764831543 0.022184725974996884 0.03317342201868693
0 0.6727088093757629 0.5854533314704895 0.022184725974996884 0.03317342201868693
0 0.5823900103569031 0.5851352214813232 0.022184725974996884 0.03317342201868693
0 0.49141550064086914 0.5848147869110107 0.022184725974996884 0.03317342201868693
0 0.3997781574726105 0.584492027759552 0.022184725974996884 0.03317342201868693
0 0.3074707090854645 0.5841668844223022 0.022184725974996884 0.03317342201868693
0 0.2144857496023178 0.5838394165039062 0.022184725974996884 0.03317342201868693
0 0.7775430679321289 0.6993929743766785 0.022184725974996884 0.03317342201868693
0 0.6840967535972595 0.6994906067848206 0.022184725974996884 0.03317342201868693
0 0.5899454355239868 0.6995889544487 0.022184725974996884 0.03317342201868693
0 0.49508121609687805 0.6996880769729614 0.022184725974996884 0.03317342201868693
0 0.399495929479599 0.6997879147529602 0.022184725974996884 0.03317342201868693
0 0.3031812906265259 0.6998885273933411 0.022184725974996884 0.03317342201868693
0 0.20612896978855133 0.6999899744987488 0.022184725974996884 0.03317342201868693