0 0.7134275436401367 0.18574748933315277 0.03413498898347219 0.03413498898347219
0 0.6384905576705933 0.1864629089832306 0.03413498898347219 0.03413498898347219
0 0.5636659264564514 0.18717724084854126 0.03413498898347219 0.03413498898347219
0 0.48895350098609924 0.18789051473140717 0.03413498898347219 0.03413498898347219
0 0.41435298323631287 0.18860271573066711 0.03413498898347219 0.03413498898347219
0 0.3398641049861908 0.1893138587474823 0.03413498898347219 0.03413498898347219
0 0.2654866874217987 0.19002392888069153 0.03413498898347219 0.03413498898347219
0 0.7228765487670898 0.23814493417739868 0.03413498898347219 0.03413498898347219
0 0.6449103951454163 0.23884828388690948 0.03413498898347219 0.03413498898347219
0 0.5670658946037292 0.23955053091049194 0.03413498898347219 0.03413498898347219
0 0.4893427789211273 0.24025169014930725 0.03413498898347219 0.03413498898347219
0 0.411740779876709 0.2409517467021942 0.03413498898347219 0.03413498898347219
0 0.33425959944725037 0.24165073037147522 0.03413498898347219 0.03413498898347219
0 0.2568989396095276 0.24234861135482788 0.03413498898347219 0.03413498898347219
0 0.733120322227478 0.29494932293891907 0.03413498898347219 0.03413498898347219
0 0.6518697738647461 0.29563599824905396 0.03413498898347219 0.03413498898347219
0 0.5707513093948364 0.2963215708732605 0.03413498898347219 0.03413498898347219
0 0.4897647202014923 0.2970060110092163 0.03413498898347219 0.03413498898347219
0 0.40890955924987793 0.2976893484592438 0.03413498898347219 0.03413498898347219
0 0.3281855881214142 0.2983715832233429 0.03413498898347219 0.03413498898347219
0 0.24759246408939362 0.2990526854991913 0.03413498898347219 0.03413498898347219
0 0.7442634105682373 0.3567410111427307 0.03413498898347219 0.03413498898347219
0 0.6594396233558655 0.35740530490875244 0.03413498898347219 0.03413498898347219
0 0.5747597813606262 0.3580684959888458 0.03413498898347219 0.03413498898347219
0 0.49022358655929565 0.3587305545806885 0.03413498898347219 0.03413498898347219
0 0.40583065152168274 0.3593914806842804 0.03413498898347219 0.03413498898347219
0 0.32158058881759644 0.36005130410194397 0.03413498898347219 0.03413498898347219
0 0.2374730408191681 0.3607099950313568 0.03413498898347219 0.03413498898347219
0 0.7564297914505005 0.4242069721221924 0.03413498898347219 0.03413498898347219
0 0.6677039861679077 0.42484182119369507 0.03413498898347219 0.03413498898347219
0 0.5791357159614563 0.425475537776947 0.03413498898347219 0.03413498898347219
0 0.49072450399398804 0.42610812187194824 0.03413498898347219 0.03413498898347219
0 0.4024699926376343 0.4267396032810211 0.03413498898347219 0.03413498898347219
0 0.3143717348575592 0.42736995220184326 0.03413498898347219 0.03413498898347219
0 0.2264292985200882 0.42799919843673706 0.03413498898347219 0.03413498898347219
0 0.7697671055793762 0.49816641211509705 0.03413498898347219 0.03413498898347219
0 0.6767630577087402 0.49876290559768677 0.03413498898347219 0.03413498898347219
0 0.5839319825172424 0.49935829639434814 0.03413498898347219 0.03413498898347219
0 0.4912734925746918 0.4999525845050812 0.03413498898347219 0.03413498898347219
0 0.39878708124160767 0.5005457997322083 0.03413498898347219 0.03413498898347219
0 0.3064722418785095 0.5011378526687622 0.03413498898347219 0.03413498898347219
0 0.21432851254940033 0.5017288327217102 0.03413498898347219 0.03413498898347219
0 0.7844530940055847 0.5796042084693909 0.03413498898347219 0.03413498898347219
0 0.6867372393608093 0.5801512002944946 0.03413498898347219 0.03413498898347219
0 0.5892123579978943 0.5806970596313477 0.03413498898347219 0.03413498898347219
0 0.49187785387039185 0.5812419056892395 0.03413498898347219 0.03413498898347219
0 0.3947332203388214 0.5817856788635254 0.03413498898347219 0.03413498898347219
0 0.2977778911590576 0.5823284387588501 0.03413498898347219 0.03413498898347219
0 0.2010113000869751 0.5828700661659241 0.03413498898347219 0.03413498898347219