0 0.3352567255496979 0.6133661270141602 0.019706934690475467 0.026275912920633953
0 0.4104028642177582 0.6107937693595886 0.019706934690475467 0.026275912920633953
0 0.485473096370697 0.608224093914032 0.019706934690475467 0.026275912920633953
0 0.560467541217804 0.6056569218635559 0.019706934690475467 0.026275912920633953
0 0.6353862881660461 0.6030924320220947 0.019706934690475467 0.026275912920633953
0 0.7102295160293579 0.6005304455757141 0.019706934690475467 0.026275912920633953
0 0.784997284412384 0.5979710817337036 0.019706934690475467 0.026275912920633953
0 0.34086689352989197 0.531291663646698 0.019706934690475467 0.026275912920633953
0 0.4125267267227173 0.5288781523704529 0.019706934690475467 0.026275912920633953
0 0.4841175377368927 0.526466965675354 0.019706934690475467 0.026275912920633953
0 0.555639386177063 0.5240581035614014 0.019706934690475467 0.026275912920633953
0 0.6270924806594849 0.521651566028595 0.019706934690475467 0.026275912920633953
0 0.6984767913818359 0.51924729347229 0.019706934690475467 0.026275912920633953
0 0.7697924375534058 0.5168454051017761 0.019706934690475467 0.026275912920633953
0 0.3459796905517578 0.4564930498600006 0.019706934690475467 0.026275912920633953
0 0.4144623875617981 0.45422089099884033 0.019706934690475467 0.026275912920633953
0 0.482882022857666 0.4519508481025696 0.019706934690475467 0.026275912920633953
0 0.5512387156486511 0.44968289136886597 0.019706934690475467 0.026275912920633953
0 0.6195324659347534 0.4474169909954071 0.019706934690475467 0.026275912920633953
0 0.687763512134552 0.44515320658683777 0.019706934690475467 0.026275912920633953
0 0.7559318542480469 0.4428914785385132 0.019706934690475467 0.026275912920633953
0 0.35065850615501404 0.38804373145103455 0.019706934690475467 0.026275912920633953
0 0.4162338078022003 0.3858981728553772 0.019706934690475467 0.026275912920633953
0 0.48175129294395447 0.3837544918060303 0.019706934690475467 0.026275912920633953
0 0.5472110509872437 0.38161271810531616 0.019706934690475467 0.026275912920633953
0 0.6126131415367126 0.3794728219509125 0.019706934690475467 0.026275912920633953
0 0.6779576539993286 0.3773348033428192 0.019706934690475467 0.026275912920633953
0 0.7432446479797363 0.3751986622810364 0.019706934690475467 0.026275912920633953
0 0.35495632886886597 0.325168251991272 0.019706934690475467 0.026275912920633953
0 0.41786104440689087 0.3231365978717804 0.019706934690475467 0.026275912920633953
0 0.48071256279945374 0.3211066722869873 0.019706934690475467 0.026275912920633953
0 0.5435109734535217 0.3190784454345703 0.019706934690475467 0.026275912920633953
0 0.6062563061714172 0.3170519471168518 0.019706934690475467 0.026275912920633953
0 0.6689485907554626 0.3150271475315094 0.019706934690475467 0.026275912920633953
0 0.7315880060195923 0.3130040764808655 0.019706934690475467 0.026275912920633953
0 0.35891789197921753 0.2672123908996582 0.019706934690475467 0.026275912920633953
0 0.41936102509498596 0.2652837336063385 0.019706934690475467 0.026275912920633953
0 0.4797550439834595 0.26335665583610535 0.019706934690475467 0.026275912920633953
0 0.5401000380516052 0.26143115758895874 0.019706934690475467 0.026275912920633953
0 0.6003959774971008 0.2595072090625763 0.019706934690475467 0.026275912920633953
0 0.6606430411338806 0.257584810256958 0.019706934690475467 0.026275912920633953
0 0.7208411693572998 0.25566399097442627 0.019706934690475467 0.026275912920633953
0 0.36258113384246826 0.21362048387527466 0.019706934690475467 0.026275912920633953
0 0.4207480847835541 0.21178539097309113 0.019706934690475467 0.026275912920633953
0 0.47886958718299866 0.2099517285823822 0.019706934690475467 0.026275912920633953
0 0.536945641040802 0.20811951160430908 0.019706934690475467 0.026275912920633953
0 0.5949763059616089 0.20628871023654938 0.019706934690475467 0.026275912920633953
0 0.6529616117477417 0.20445935428142548 0.019706934690475467 0.026275912920633953
0 0.71090167760849 0.202631413936615 0.019706934690475467 0.026275912920633953