0 0.705459713935852 0.1624559611082077 0.02286000782623887 0.034183189272880554
0 0.6297659873962402 0.16176968812942505 0.02286000782623887 0.034183189272880554
0 0.5536019802093506 0.16107913851737976 0.02286000782623887 0.034183189272880554
0 0.4769633114337921 0.16038429737091064 0.02286000782623887 0.034183189272880554
0 0.39984551072120667 0.15968510508537292 0.02286000782623887 0.034183189272880554
0 0.3222440481185913 0.1589815318584442 0.02286000782623887 0.034183189272880554
0 0.2441544085741043 0.15827353298664093 0.02286000782623887 0.034183189272880554
0 0.7171544432640076 0.2425568401813507 0.02286000782623887 0.034183189272880554
0 0.6387026309967041 0.24210244417190552 0.02286000782623887 0.034183189272880554
0 0.5597453713417053 0.24164511263370514 0.02286000782623887 0.034183189272880554
0 0.4802776873111725 0.24118483066558838 0.02286000782623887 0.034183189272880554
0 0.400294691324234 0.24072155356407166 0.02286000782623887 0.034183189272880554
0 0.3197912871837616 0.24025526642799377 0.02286000782623887 0.034183189272880554
0 0.23876242339611053 0.23978593945503235 0.02286000782623887 0.034183189272880554
0 0.729743242263794 0.3287810683250427 0.02286000782623887 0.034183189272880554
0 0.6483247876167297 0.32859674096107483 0.02286000782623887 0.034183189272880554
0 0.5663614869117737 0.32841119170188904 0.02286000782623887 0.034183189272880554
0 0.4838480055332184 0.32822439074516296 0.02286000782623887 0.034183189272880554
0 0.4007786512374878 0.3280363380908966 0.02286000782623887 0.034183189272880554
0 0.3171478509902954 0.3278470039367676 0.02286000782623887 0.034183189272880554
0 0.2329498678445816 0.3276563882827759 0.02286000782623887 0.034183189272880554
0 0.7433326244354248 0.42185866832733154 0.02286000782623887 0.034183189272880554
0 0.6587142944335938 0.4219897389411926 0.02286000782623887 0.034183189272880554
0 0.5735071897506714 0.42212170362472534 0.02286000782623887 0.034183189272880554
0 0.4877050518989563 0.42225462198257446 0.02286000782623887 0.034183189272880554
0 0.40130162239074707 0.4223884344100952 0.02286000782623887 0.034183189272880554
0 0.3142906129360199 0.4225232005119324 0.02286000782623887 0.034183189272880554
0 0.22666552662849426 0.42265892028808594 0.02286000782623887 0.034183189272880554
0 0.7580468058586121 0.522640585899353 0.02286000782623887 0.034183189272880554
0 0.6699669361114502 0.523141086101532 0.02286000782623887 0.034183189272880554
0 0.5812486410140991 0.5236451625823975 0.02286000782623887 0.034183189272880554
0 0.49188485741615295 0.524152934551239 0.02286000782623887 0.034183189272880554
0 0.4018685221672058 0.5246644020080566 0.02286000782623887 0.034183189272880554
0 0.31119251251220703 0.5251796245574951 0.02286000782623887 0.034183189272880554
0 0.21984954178333282 0.5256986618041992 0.02286000782623887 0.034183189272880554
0 0.7740315198898315 0.632124662399292 0.02286000782623887 0.034183189272880554
0 0.6821948885917664 0.6330593824386597 0.02286000782623887 0.034183189272880554
0 0.589663565158844 0.6340011358261108 0.02286000782623887 0.034183189272880554
0 0.4964296519756317 0.6349500417709351 0.02286000782623887 0.034183189272880554
0 0.4024851322174072 0.6359061598777771 0.02286000782623887 0.034183189272880554
0 0.3078218102455139 0.6368696093559265 0.02286000782623887 0.034183189272880554
0 0.21243144571781158 0.6378405094146729 0.02286000782623887 0.034183189272880554
0 0.7914587259292603 0.7514889240264893 0.02286000782623887 0.034183189272880554
0 0.6955306529998779 0.752936065196991 0.02286000782623887 0.034183189272880554
0 0.5988439321517944 0.7543946504592896 0.02286000782623887 0.034183189272880554
0 0.5013895034790039 0.7558648586273193 0.02286000782623887 0.034183189272880554
0 0.4031582772731781 0.7573467493057251 0.02286000782623887 0.034183189272880554
0 0.3041408360004425 0.7588405013084412 0.02286000782623887 0.034183189272880554
0 0.204327791929245 0.7603462338447571 0.02286000782623887 0.034183189272880554