0 0.7038043737411499 0.16388006508350372 0.022879213994989794 0.03421190877755483
0 0.6283681988716125 0.16313298046588898 0.022879213994989794 0.03421190877755483
0 0.5524815917015076 0.16238144040107727 0.022879213994989794 0.03421190877755483
0 0.4761405289173126 0.16162540018558502 0.022879213994989794 0.03421190877755483
0 0.3993408977985382 0.16086481511592865 0.022879213994989794 0.03421190877755483
0 0.32207852602005005 0.16009964048862457 0.022879213994989794 0.03421190877755483
0 0.24434928596019745 0.1593298465013504 0.022879213994989794 0.03421190877755483
0 0.7156503796577454 0.2433045655488968 0.022879213994989794 0.03421190877755483
0 0.6374217867851257 0.24277473986148834 0.022879213994989794 0.03421190877755483
0 0.5587086081504822 0.24224163591861725 0.022879213994989794 0.03421190877755483
0 0.4795061945915222 0.24170522391796112 0.022879213994989794 0.03421190877755483
0 0.3998100161552429 0.24116547405719757 0.022879213994989794 0.03421190877755483
0 0.3196154534816742 0.24062234163284302 0.022879213994989794 0.03421190877755483
0 0.23891779780387878 0.24007579684257507 0.022879213994989794 0.03421190877755483
0 0.7284165024757385 0.3288984000682831 0.022879213994989794 0.03421190877755483
0 0.6471809148788452 0.32862257957458496 0.022879213994989794 0.03421190877755483
0 0.5654223561286926 0.3283449709415436 0.022879213994989794 0.03421190877755483
0 0.48313578963279724 0.32806557416915894 0.022879213994989794 0.03421190877755483
0 0.400316059589386 0.32778435945510864 0.022879213994989794 0.03421190877755483
0 0.316957950592041 0.3275013267993927 0.022879213994989794 0.03421190877755483
0 0.2330561727285385 0.3272164463996887 0.022879213994989794 0.03421190877755483
0 0.7422142624855042 0.4214094579219818 0.022879213994989794 0.03421190877755483
0 0.6577313542366028 0.421431303024292 0.022879213994989794 0.03421190877755483
0 0.5726823806762695 0.4214532971382141 0.022879213994989794 0.03421190877755483
0 0.4870617091655731 0.42147544026374817 0.022879213994989794 0.03421190877755483
0 0.40086352825164795 0.42149773240089417 0.022879213994989794 0.03421190877755483
0 0.3140820264816284 0.4215201735496521 0.022879213994989794 0.03421190877755483
0 0.2267111986875534 0.421542763710022 0.022879213994989794 0.03421190877755483
0 0.7571740746498108 0.521711528301239 0.022879213994989794 0.03421190877755483
0 0.6691733598709106 0.5220833420753479 0.022879213994989794 0.03421190877755483
0 0.5805580615997314 0.5224577188491821 0.022879213994989794 0.03421190877755483
0 0.49132171273231506 0.5228347778320312 0.022879213994989794 0.03421190877755483
0 0.4014577865600586 0.5232143998146057 0.022879213994989794 0.03421190877755483
0 0.3109596371650696 0.5235967636108398 0.022879213994989794 0.03421190877755483
0 0.2198205143213272 0.5239818096160889 0.022879213994989794 0.03421190877755483
0 0.773449182510376 0.6308321356773376 0.022879213994989794 0.03421190877755483
0 0.6816250085830688 0.6316168308258057 0.022879213994989794 0.03421190877755483
0 0.5891311764717102 0.6324071884155273 0.022879213994989794 0.03421190877755483
0 0.4959603548049927 0.6332033276557922 0.022879213994989794 0.03421190877755483
0 0.40210503339767456 0.6340053677558899 0.022879213994989794 0.03421190877755483
0 0.3075576424598694 0.6348133087158203 0.022879213994989794 0.03421190877755483
0 0.2123105525970459 0.6356272101402283 0.022879213994989794 0.03421190877755483
0 0.7912209630012512 0.7499877214431763 0.022879213994989794 0.03421190877755483
0 0.6952261328697205 0.7512614727020264 0.022879213994989794 0.03421190877755483
0 0.5984987616539001 0.7525449395179749 0.022879213994989794 0.03421190877755483
0 0.5010305047035217 0.753838300704956 0.022879213994989794 0.03421190877755483
0 0.4028127193450928 0.75514155626297 0.022879213994989794 0.03421190877755483
0 0.30383679270744324 0.7564548850059509 0.022879213994989794 0.03421190877755483
0 0.20409388840198517 0.7577784061431885 0.022879213994989794 0.03421190877755483