0 0.27832844853401184 0.21619051694869995 0.03478681047757467 0.03478681047757467
0 0.35405078530311584 0.21726535260677338 0.03478681047757467 0.03478681047757467
0 0.4300311207771301 0.2183438390493393 0.03478681047757467 0.03478681047757467
0 0.506270706653595 0.2194260060787201 0.03478681047757467 0.03478681047757467
0 0.5827709436416626 0.22051188349723816 0.03478681047757467 0.03478681047757467
0 0.6595331430435181 0.2216014713048935 0.03478681047757467 0.03478681047757467
0 0.7365586161613464 0.22269479930400848 0.03478681047757467 0.03478681047757467
0 0.2677822709083557 0.2699965238571167 0.03478681047757467 0.03478681047757467
0 0.3464914560317993 0.27120915055274963 0.03478681047757467 0.03478681047757467
0 0.4254794716835022 0.2724260687828064 0.03478681047757467 0.03478681047757467
0 0.504747748374939 0.273647278547287 0.03478681047757467 0.03478681047757467
0 0.5842978358268738 0.27487286925315857 0.03478681047757467 0.03478681047757467
0 0.664131224155426 0.27610281109809875 0.03478681047757467 0.03478681047757467
0 0.7442494034767151 0.27733713388442993 0.03478681047757467 0.03478681047757467
0 0.25636589527130127 0.32824212312698364 0.03478681047757467 0.03478681047757467
0 0.3383072316646576 0.3296121060848236 0.03478681047757467 0.03478681047757467
0 0.4205508828163147 0.3309871256351471 0.03478681047757467 0.03478681047757467
0 0.5030984282493591 0.3323672413825989 0.03478681047757467 0.03478681047757467
0 0.5859516859054565 0.33375245332717896 0.03478681047757467 0.03478681047757467
0 0.6691122055053711 0.3351428210735321 0.03478681047757467 0.03478681047757467
0 0.7525818347930908 0.3365383446216583 0.03478681047757467 0.03478681047757467
0 0.24396701157093048 0.39150044322013855 0.03478681047757467 0.03478681047757467
0 0.32941731810569763 0.3930509686470032 0.03478681047757467 0.03478681047757467
0 0.4151964783668518 0.39460745453834534 0.03478681047757467 0.03478681047757467
0 0.5013063549995422 0.3961699306964874 0.03478681047757467 0.03478681047757467
0 0.5877489447593689 0.3977384567260742 0.03478681047757467 0.03478681047757467
0 0.674526035785675 0.3993130624294281 0.03478681047757467 0.03478681047757467
0 0.7616397142410278 0.40089377760887146 0.03478681047757467 0.03478681047757467
0 0.23045307397842407 0.46044766902923584 0.03478681047757467 0.03478681047757467
0 0.3197263181209564 0.4622064232826233 0.03478681047757467 0.03478681047757467
0 0.4093586206436157 0.4639722406864166 0.03478681047757467 0.03478681047757467
0 0.4993521571159363 0.465745210647583 0.03478681047757467 0.03478681047757467
0 0.5897091031074524 0.46752530336380005 0.03478681047757467 0.03478681047757467
0 0.6804316639900208 0.4693126082420349 0.03478681047757467 0.03478681047757467
0 0.7715221047401428 0.4711071848869324 0.03478681047757467 0.03478681047757467
0 0.21566659212112427 0.5358873605728149 0.03478681047757467 0.03478681047757467
0 0.3091208338737488 0.5378876328468323 0.03478681047757467 0.03478681047757467
0 0.40296873450279236 0.5398963689804077 0.03478681047757467 0.03478681047757467
0 0.4972127676010132 0.5419135689735413 0.03478681047757467 0.03478681047757467
0 0.5918554663658142 0.5439392924308777 0.03478681047757467 0.03478681047757467
0 0.6868993043899536 0.5459735989570618 0.03478681047757467 0.03478681047757467
0 0.7823469042778015 0.5480165481567383 0.03478681047757467 0.03478681047757467
0 0.19941894710063934 0.6187818646430969 0.03478681047757467 0.03478681047757467
0 0.2974650263786316 0.6210640668869019 0.03478681047757467 0.03478681047757467
0 0.39594462513923645 0.6233563423156738 0.03478681047757467 0.03478681047757467
0 0.49486055970191956 0.6256587505340576 0.03478681047757467 0.03478681047757467
0 0.5942157506942749 0.6279714107513428 0.03478681047757467 0.03478681047757467
0 0.6940131783485413 0.6302943825721741 0.03478681047757467 0.03478681047757467
0 0.7942557334899902 0.6326276659965515 0.03478681047757467 0.03478681047757467