0 0.6942226886749268 0.15570051968097687 0.022962127377589542 0.03433589140574137
0 0.6183735728263855 0.15505996346473694 0.022962127377589542 0.03433589140574137
0 0.5419688820838928 0.15441472828388214 0.022962127377589542 0.03433589140574137
0 0.4650025963783264 0.1537647396326065 0.022962127377589542 0.03433589140574137
0 0.38746845722198486 0.15310995280742645 0.022962127377589542 0.03433589140574137
0 0.30936017632484436 0.1524503380060196 0.022962127377589542 0.03433589140574137
0 0.23067134618759155 0.15178580582141876 0.022962127377589542 0.03433589140574137
0 0.7060273289680481 0.23618026077747345 0.022962127377589542 0.03433589140574137
0 0.627464771270752 0.2358207404613495 0.022962127377589542 0.03433589140574137
0 0.548305869102478 0.23545847833156586 0.022962127377589542 0.03433589140574137
0 0.46854373812675476 0.23509345948696136 0.022962127377589542 0.03433589140574137
0 0.388171523809433 0.23472563922405243 0.022962127377589542 0.03433589140574137
0 0.3071821630001068 0.23435500264167786 0.022962127377589542 0.03433589140574137
0 0.2255685180425644 0.23398150503635406 0.022962127377589542 0.03433589140574137
0 0.7187193036079407 0.32270991802215576 0.022962127377589542 0.03433589140574137
0 0.6372420787811279 0.3226763606071472 0.022962127377589542 0.03433589140574137
0 0.555122971534729 0.3226425349712372 0.022962127377589542 0.03433589140574137
0 0.4723542630672455 0.32260844111442566 0.022962127377589542 0.03433589140574137
0 0.38892826437950134 0.32257404923439026 0.022962127377589542 0.03433589140574137
0 0.3048371374607086 0.32253941893577576 0.022962127377589542 0.03433589140574137
0 0.2200728803873062 0.3225044906139374 0.022962127377589542 0.03433589140574137
0 0.7324026226997375 0.41599828004837036 0.022962127377589542 0.03433589140574137
0 0.6477862000465393 0.4163438081741333 0.022962127377589542 0.03433589140574137
0 0.5624768733978271 0.41669216752052307 0.022962127377589542 0.03433589140574137
0 0.4764660596847534 0.41704338788986206 0.022962127377589542 0.03433589140574137
0 0.3897450864315033 0.41739749908447266 0.022962127377589542 0.03433589140574137
0 0.3023051619529724 0.41775456070899963 0.022962127377589542 0.03433589140574137
0 0.2141372710466385 0.4181146025657654 0.022962127377589542 0.03433589140574137
0 0.747198224067688 0.5168694257736206 0.022962127377589542 0.03433589140574137
0 0.6591910123825073 0.5176571607589722 0.022962127377589542 0.03433589140574137
0 0.5704336166381836 0.5184516310691833 0.022962127377589542 0.03433589140574137
0 0.4809163808822632 0.5192528963088989 0.022962127377589542 0.03433589140574137
0 0.39062947034835815 0.5200610756874084 0.022962127377589542 0.03433589140574137
0 0.299562931060791 0.5208761692047119 0.022962127377589542 0.03433589140574137
0 0.20770663022994995 0.5216983556747437 0.022962127377589542 0.03433589140574137
0 0.7632473707199097 0.6262871026992798 0.022962127377589542 0.03433589140574137
0 0.6715664267539978 0.6275925040245056 0.022962127377589542 0.03433589140574137
0 0.5790705680847168 0.6289095282554626 0.022962127377589542 0.03433589140574137
0 0.485748827457428 0.6302382946014404 0.022962127377589542 0.03433589140574137
0 0.3915901184082031 0.6315789818763733 0.022962127377589542 0.03433589140574137
0 0.2965831458568573 0.6329317092895508 0.022962127377589542 0.03433589140574137
0 0.20071636140346527 0.6342967748641968 0.022962127377589542 0.03433589140574137
0 0.7807164788246155 0.7453854084014893 0.022962127377589542 0.03433589140574137
0 0.6850417852401733 0.7472992539405823 0.022962127377589542 0.03433589140574137
0 0.588478684425354 0.7492308020591736 0.022962127377589542 0.03433589140574137
0 0.4910147786140442 0.7511804699897766 0.022962127377589542 0.03433589140574137
0 0.39263734221458435 0.7531483173370361 0.022962127377589542 0.03433589140574137
0 0.293333500623703 0.7551347613334656 0.022962127377589542 0.03433589140574137
0 0.19309008121490479 0.7571399807929993 0.022962127377589542 0.03433589140574137