0 0.661453902721405 0.17241795361042023 0.025570144876837734 0.03409352650245031
0 0.5932270884513855 0.17806535959243774 0.025570144876837734 0.03409352650245031
0 0.5255208015441895 0.18366968631744385 0.025570144876837734 0.03409352650245031
0 0.4583292007446289 0.18923141062259674 0.025570144876837734 0.03409352650245031
0 0.3916464149951935 0.19475100934505463 0.025570144876837734 0.03409352650245031
0 0.32546666264533997 0.2002289742231369 0.025570144876837734 0.03409352650245031
0 0.2597842812538147 0.20566578209400177 0.025570144876837734 0.03409352650245031
0 0.6723177433013916 0.2353975772857666 0.025570144876837734 0.03409352650245031
0 0.600488007068634 0.24108581244945526 0.025570144876837734 0.03409352650245031
0 0.529234766960144 0.24672840535640717 0.025570144876837734 0.03409352650245031
0 0.45855119824409485 0.2523258626461029 0.025570144876837734 0.03409352650245031
0 0.3884304463863373 0.25787878036499023 0.025570144876837734 0.03409352650245031
0 0.3188658356666565 0.26338765025138855 0.025570144876837734 0.03409352650245031
0 0.249850794672966 0.26885297894477844 0.025570144876837734 0.03409352650245031
0 0.6843825578689575 0.3053392767906189 0.025570144876837734 0.03409352650245031
0 0.6085481643676758 0.31104326248168945 0.025570144876837734 0.03409352650245031
0 0.5333557724952698 0.31669893860816956 0.025570144876837734 0.03409352650245031
0 0.4587973952293396 0.32230693101882935 0.025570144876837734 0.03409352650245031
0 0.3848649561405182 0.3278678357601166 0.025570144876837734 0.03409352650245031
0 0.3115505874156952 0.333382248878479 0.025570144876837734 0.03409352650245031
0 0.23884664475917816 0.3388507664203644 0.025570144876837734 0.03409352650245031
0 0.6978590488433838 0.38346508145332336 0.025570144876837734 0.03409352650245031
0 0.6175472140312195 0.3891497850418091 0.025570144876837734 0.03409352650245031
0 0.5379547476768494 0.39478355646133423 0.025570144876837734 0.03409352650245031
0 0.4590720236301422 0.4003671109676361 0.025570144876837734 0.03409352650245031
0 0.3808896541595459 0.40590107440948486 0.025570144876837734 0.03409352650245031
0 0.3033982813358307 0.4113861322402954 0.025570144876837734 0.03409352650245031
0 0.22658886015415192 0.4168229401111603 0.025570144876837734 0.03409352650245031
0 0.7130104899406433 0.4713006317615509 0.025570144876837734 0.03409352650245031
0 0.6276593208312988 0.4769173264503479 0.025570144876837734 0.03409352650245031
0 0.5431197881698608 0.48248058557510376 0.025570144876837734 0.03409352650245031
0 0.45938029885292053 0.48799121379852295 0.025570144876837734 0.03409352650245031
0 0.37642958760261536 0.4934499263763428 0.025570144876837734 0.03409352650245031
0 0.2942565381526947 0.49885743856430054 0.025570144876837734 0.03409352650245031
0 0.21285027265548706 0.5042145252227783 0.025570144876837734 0.03409352650245031
0 0.7301697731018066 0.570776104927063 0.025570144876837734 0.03409352650245031
0 0.6391047239303589 0.576256513595581 0.025570144876837734 0.03409352650245031
0 0.548962414264679 0.5816813707351685 0.025570144876837734 0.03409352650245031
0 0.45972880721092224 0.5870515704154968 0.025570144876837734 0.03409352650245031
0 0.37139034271240234 0.5923678874969482 0.025570144876837734 0.03409352650245031
0 0.2839335501194 0.5976311564445496 0.025570144876837734 0.03409352650245031
0 0.1973453015089035 0.6028421521186829 0.025570144876837734 0.03409352650245031
0 0.7497643232345581 0.6843693852424622 0.025570144876837734 0.03409352650245031
0 0.6521655917167664 0.6896173357963562 0.025570144876837734 0.03409352650245031
0 0.5556252002716064 0.6948083639144897 0.025570144876837734 0.03409352650245031
0 0.46012598276138306 0.6999434232711792 0.025570144876837734 0.03409352650245031
0 0.3656512498855591 0.7050234079360962 0.025570144876837734 0.03409352650245031
0 0.2721845805644989 0.7100491523742676 0.025570144876837734 0.03409352650245031
0 0.17970989644527435 0.715021550655365 0.025570144876837734 0.03409352650245031