0 0.7172144651412964 0.22060516476631165 0.033173076808452606 0.033173076808452606
0 0.6435397267341614 0.22106020152568817 0.033173076808452606 0.033173076808452606
0 0.5700036287307739 0.22151437401771545 0.033173076808452606 0.033173076808452606
0 0.49660569429397583 0.2219676971435547 0.033173076808452606 0.033173076808452606
0 0.4233456552028656 0.22242017090320587 0.033173076808452606 0.033173076808452606
0 0.35022303462028503 0.222871795296669 0.033173076808452606 0.033173076808452606
0 0.27723750472068787 0.2233225703239441 0.033173076808452606 0.033173076808452606
0 0.7253751158714294 0.27340999245643616 0.033173076808452606 0.033173076808452606
0 0.648808479309082 0.27383115887641907 0.033173076808452606 0.033173076808452606
0 0.5723915100097656 0.2742515206336975 0.033173076808452606 0.033173076808452606
0 0.4961238205432892 0.2746710479259491 0.033173076808452606 0.033173076808452606
0 0.4200049340724945 0.2750897705554962 0.033173076808452606 0.033173076808452606
0 0.34403443336486816 0.2755076587200165 0.033173076808452606 0.033173076808452606
0 0.26821187138557434 0.2759247422218323 0.033173076808452606 0.033173076808452606
0 0.7342013716697693 0.3305216133594513 0.033173076808452606 0.033173076808452606
0 0.654506504535675 0.33090177178382874 0.033173076808452606 0.033173076808452606
0 0.5749738216400146 0.3312811851501465 0.033173076808452606 0.033173076808452606
0 0.4956027567386627 0.33165982365608215 0.033173076808452606 0.033173076808452606
0 0.41639283299446106 0.33203768730163574 0.033173076808452606 0.033173076808452606
0 0.33734360337257385 0.33241477608680725 0.033173076808452606 0.033173076808452606
0 0.2584545612335205 0.3327910900115967 0.033173076808452606 0.033173076808452606
0 0.7437781095504761 0.39248931407928467 0.033173076808452606 0.033173076808452606
0 0.6606885194778442 0.3928198516368866 0.033173076808452606 0.033173076808452606
0 0.5777751803398132 0.3931496739387512 0.033173076808452606 0.033173076808452606
0 0.4950374960899353 0.3934788107872009 0.033173076808452606 0.033173076808452606
0 0.41247493028640747 0.3938072621822357 0.033173076808452606 0.033173076808452606
0 0.33008691668510437 0.3941349983215332 0.033173076808452606 0.033173076808452606
0 0.24787288904190063 0.39446204900741577 0.033173076808452606 0.033173076808452606
0 0.7542052865028381 0.4599599540233612 0.033173076808452606 0.033173076808452606
0 0.6674189567565918 0.46023035049438477 0.033173076808452606 0.033173076808452606
0 0.5808247923851013 0.4605001211166382 0.033173076808452606 0.033173076808452606
0 0.49442222714424133 0.46076932549476624 0.033173076808452606 0.033173076808452606
0 0.4082106351852417 0.46103793382644653 0.033173076808452606 0.033173076808452606
0 0.3221893310546875 0.4613059461116791 0.033173076808452606 0.033173076808452606
0 0.23635773360729218 0.46157336235046387 0.033173076808452606 0.033173076808452606
0 0.7656014561653137 0.5337005853652954 0.033173076808452606 0.033173076808452606
0 0.6747740507125854 0.5338979959487915 0.033173076808452606 0.033173076808452606
0 0.5841571092605591 0.5340949296951294 0.033173076808452606 0.033173076808452606
0 0.4937499761581421 0.5342913866043091 0.033173076808452606 0.033173076808452606
0 0.4035518765449524 0.5344874262809753 0.033173076808452606 0.033173076808452606
0 0.3135620951652527 0.5346829891204834 0.033173076808452606 0.033173076808452606
0 0.22377988696098328 0.534878134727478 0.033173076808452606 0.033173076808452606
0 0.7781082987785339 0.6146278977394104 0.033173076808452606 0.033173076808452606
0 0.6828451156616211 0.6147364377975464 0.033173076808452606 0.033173076808452606
0 0.5878134369850159 0.6148446798324585 0.033173076808452606 0.033173076808452606
0 0.4930124580860138 0.6149526834487915 0.033173076808452606 0.033173076808452606
0 0.39844128489494324 0.6150604486465454 0.033173076808452606 0.033173076808452606
0 0.3040991425514221 0.6151679754257202 0.033173076808452606 0.033173076808452606
0 0.20998512208461761 0.6152752041816711 0.033173076808452606 0.033173076808452606