0 0.6740923523902893 0.16573743522167206 0.024979405105113987 0.03330587347348531
0 0.6068511605262756 0.1682025045156479 0.024979405105113987 0.03330587347348531
0 0.5392816066741943 0.17067959904670715 0.024979405105113987 0.03330587347348531
0 0.471381276845932 0.1731688380241394 0.024979405105113987 0.03330587347348531
0 0.40314769744873047 0.17567028105258942 0.024979405105113987 0.03330587347348531
0 0.33457839488983154 0.17818403244018555 0.024979405105113987 0.03330587347348531
0 0.2656709551811218 0.18071018159389496 0.024979405105113987 0.03330587347348531
0 0.6857011914253235 0.2311139702796936 0.024979405105113987 0.03330587347348531
0 0.6153070330619812 0.23386250436306 0.024979405105113987 0.03330587347348531
0 0.5445526838302612 0.2366250902414322 0.024979405105113987 0.03330587347348531
0 0.47343552112579346 0.23940184712409973 0.024979405105113987 0.03330587347348531
0 0.4019526541233063 0.24219289422035217 0.024979405105113987 0.03330587347348531
0 0.3301013112068176 0.24499832093715668 0.024979405105113987 0.03330587347348531
0 0.2578786015510559 0.2478182315826416 0.024979405105113987 0.03330587347348531
0 0.698460578918457 0.30296945571899414 0.024979405105113987 0.03330587347348531
0 0.6246030926704407 0.3060469627380371 0.024979405105113987 0.03330587347348531
0 0.5503489375114441 0.30914101004600525 0.024979405105113987 0.03330587347348531
0 0.4756949543952942 0.3122517168521881 0.024979405105113987 0.03330587347348531
0 0.4006379246711731 0.31537920236587524 0.024979405105113987 0.03330587347348531
0 0.3251745104789734 0.318523645401001 0.024979405105113987 0.03330587347348531
0 0.24930143356323242 0.32168513536453247 0.024979405105113987 0.03330587347348531
0 0.7125502824783325 0.3823172152042389 0.024979405105113987 0.03330587347348531
0 0.6348711252212524 0.3857792317867279 0.024979405105113987 0.03330587347348531
0 0.5567529797554016 0.38926079869270325 0.024979405105113987 0.03330587347348531
0 0.4781920313835144 0.39276212453842163 0.024979405105113987 0.03330587347348531
0 0.39918452501296997 0.3962833285331726 0.024979405105113987 0.03330587347348531
0 0.3197266757488251 0.3998246192932129 0.024979405105113987 0.03330587347348531
0 0.2398146092891693 0.4033861458301544 0.024979405105113987 0.03330587347348531
0 0.7281899452209473 0.4703935384750366 0.024979405105113987 0.03330587347348531
0 0.6462721228599548 0.47430840134620667 0.024979405105113987 0.03330587347348531
0 0.5638656616210938 0.47824665904045105 0.024979405105113987 0.03330587347348531
0 0.4809662103652954 0.4822084307670593 0.024979405105113987 0.03330587347348531
0 0.39756935834884644 0.48619401454925537 0.024979405105113987 0.03330587347348531
0 0.3136705458164215 0.4902035593986511 0.024979405105113987 0.03330587347348531
0 0.22926528751850128 0.49423733353614807 0.024979405105113987 0.03330587347348531
0 0.7456501722335815 0.5687224864959717 0.024979405105113987 0.03330587347348531
0 0.6590043902397156 0.5731753706932068 0.024979405105113987 0.03330587347348531
0 0.5718115568161011 0.5776563882827759 0.024979405105113987 0.03330587347348531
0 0.4840664267539978 0.5821657776832581 0.024979405105113987 0.03330587347348531
0 0.3957637548446655 0.5867038369178772 0.024979405105113987 0.03330587347348531
0 0.30689820647239685 0.5912708044052124 0.024979405105113987 0.03330587347348531
0 0.217464417219162 0.5958670377731323 0.024979405105113987 0.03330587347348531
0 0.7652684450149536 0.6792048811912537 0.024979405105113987 0.03330587347348531
0 0.6733156442642212 0.6843031048774719 0.024979405105113987 0.03330587347348531
0 0.5807461142539978 0.689435601234436 0.024979405105113987 0.03330587347348531
0 0.4875536859035492 0.6946026086807251 0.024979405105113987 0.03330587347348531
0 0.3937319815158844 0.6998044848442078 0.024979405105113987 0.03330587347348531
0 0.29927465319633484 0.7050415873527527 0.024979405105113987 0.03330587347348531
0 0.20417520403862 0.7103143334388733 0.024979405105113987 0.03330587347348531