0 0.7352597117424011 0.2639794647693634 0.032748820881048836 0.032748820881048836
0 0.6633211374282837 0.2594587206840515 0.032748820881048836 0.032748820881048836
0 0.589103639125824 0.25479474663734436 0.032748820881048836 0.032748820881048836
0 0.5124971866607666 0.24998065829277039 0.032748820881048836 0.032748820881048836
0 0.4333844780921936 0.24500907957553864 0.032748820881048836 0.032748820881048836
0 0.3516405522823334 0.23987214267253876 0.032748820881048836 0.032748820881048836
0 0.26713186502456665 0.23456145823001862 0.032748820881048836 0.032748820881048836
0 0.7489274144172668 0.3290817141532898 0.032748820881048836 0.032748820881048836
0 0.6750385761260986 0.32547035813331604 0.032748820881048836 0.032748820881048836
0 0.5987372398376465 0.3217410445213318 0.032748820881048836 0.032748820881048836
0 0.519903302192688 0.3178879916667938 0.032748820881048836 0.032748820881048836
0 0.43840858340263367 0.31390488147735596 0.032748820881048836 0.032748820881048836
0 0.3541160225868225 0.30978500843048096 0.032748820881048836 0.032748820881048836
0 0.26687902212142944 0.3055212199687958 0.032748820881048836 0.032748820881048836
0 0.7634313702583313 0.3981674015522003 0.032748820881048836 0.032748820881048836
0 0.6874848008155823 0.3955879509449005 0.032748820881048836 0.032748820881048836
0 0.608980119228363 0.3929215967655182 0.032748820881048836 0.032748820881048836
0 0.5277858972549438 0.3901638984680176 0.032748820881048836 0.032748820881048836
0 0.44376152753829956 0.38731005787849426 0.032748820881048836 0.032748820881048836
0 0.35675638914108276 0.38435500860214233 0.032748820881048836 0.032748820881048836
0 0.2666090428829193 0.3812932074069977 0.032748820881048836 0.032748820881048836
0 0.778850793838501 0.47161364555358887 0.032748820881048836 0.032748820881048836
0 0.70073002576828 0.4702068865299225 0.032748820881048836 0.032748820881048836
0 0.6198920011520386 0.4687511622905731 0.032748820881048836 0.032748820881048836
0 0.5361924171447754 0.4672439396381378 0.032748820881048836 0.032748820881048836
0 0.4494766891002655 0.46568238735198975 0.032748820881048836 0.032748820881048836
0 0.3595787286758423 0.46406352519989014 0.032748820881048836 0.032748820881048836
0 0.2663200795650482 0.4623841643333435 0.032748820881048836 0.032748820881048836
0 0.7952751517295837 0.5498467683792114 0.032748820881048836 0.032748820881048836
0 0.7148537635803223 0.5497750043869019 0.032748820881048836 0.032748820881048836
0 0.6315405964851379 0.5497006773948669 0.032748820881048836 0.032748820881048836
0 0.5451769828796387 0.5496236085891724 0.032748820881048836 0.032748820881048836
0 0.4555921256542206 0.5495436787605286 0.032748820881048836 0.032748820881048836
0 0.36260247230529785 0.5494607090950012 0.032748820881048836 0.032748820881048836
0 0.2660101056098938 0.549374520778656 0.032748820881048836 0.032748820881048836
0 0.8128060698509216 0.6333504319190979 0.032748820881048836 0.032748820881048836
0 0.7299463748931885 0.6348015666007996 0.032748820881048836 0.032748820881048836
0 0.6440032124519348 0.636306643486023 0.032748820881048836 0.032748820881048836
0 0.5548012256622314 0.6378688812255859 0.032748820881048836 0.032748820881048836
0 0.4621514081954956 0.6394914388656616 0.032748820881048836 0.032748820881048836
0 0.3658500015735626 0.6411779522895813 0.032748820881048836 0.032748820881048836
0 0.26567673683166504 0.6429322957992554 0.032748820881048836 0.032748820881048836
0 0.8315591812133789 0.7226759195327759 0.032748820881048836 0.032748820881048836
0 0.7461111545562744 0.7258682250976562 0.032748820881048836 0.032748820881048836
0 0.6573681831359863 0.7291836142539978 0.032748820881048836 0.032748820881048836
0 0.5651360154151917 0.7326293587684631 0.032748820881048836 0.032748820881048836
0 0.46920469403266907 0.7362132668495178 0.032748820881048836 0.032748820881048836
0 0.36934712529182434 0.7399439215660095 0.032748820881048836 0.032748820881048836
0 0.26531723141670227 0.7438303828239441 0.032748820881048836 0.032748820881048836