0 0.7073419094085693 0.19725757837295532 0.02493458241224289 0.03324610988299052
0 0.6393126845359802 0.19700464606285095 0.02493458241224289 0.03324610988299052
0 0.5712658166885376 0.1967516541481018 0.02493458241224289 0.03324610988299052
0 0.503201425075531 0.1964985877275467 0.02493458241224289 0.03324610988299052
0 0.4351194500923157 0.1962454617023468 0.02493458241224289 0.03324610988299052
0 0.3670198619365692 0.19599227607250214 0.02493458241224289 0.03324610988299052
0 0.2989026606082916 0.1957390159368515 0.02493458241224289 0.03324610988299052
0 0.7171225547790527 0.26271799206733704 0.02493458241224289 0.03324610988299052
0 0.6458635330200195 0.26246190071105957 0.02493458241224289 0.03324610988299052
0 0.5745851993560791 0.26220574975013733 0.02493458241224289 0.03324610988299052
0 0.5032875537872314 0.2619495391845703 0.02493458241224289 0.03324610988299052
0 0.43197062611579895 0.26169323921203613 0.02493458241224289 0.03324610988299052
0 0.36063438653945923 0.2614368796348572 0.02493458241224289 0.03324610988299052
0 0.2892788052558899 0.26118043065071106 0.02493458241224289 0.03324610988299052
0 0.7278785705566406 0.33470579981803894 0.02493458241224289 0.03324610988299052
0 0.6530677080154419 0.3344471752643585 0.02493458241224289 0.03324610988299052
0 0.5782356262207031 0.3341884911060333 0.02493458241224289 0.03324610988299052
0 0.5033822655677795 0.33392971754074097 0.02493458241224289 0.03324610988299052
0 0.42850762605667114 0.33367085456848145 0.02493458241224289 0.03324610988299052
0 0.35361170768737793 0.33341193199157715 0.02493458241224289 0.03324610988299052
0 0.2786945104598999 0.3331529498100281 0.02493458241224289 0.03324610988299052
0 0.7397633194923401 0.4142485558986664 0.02493458241224289 0.03324610988299052
0 0.6610280871391296 0.41398826241493225 0.02493458241224289 0.03324610988299052
0 0.5822692513465881 0.41372787952423096 0.02493458241224289 0.03324610988299052
0 0.5034869313240051 0.4134674072265625 0.02493458241224289 0.03324610988299052
0 0.42468100786209106 0.41320687532424927 0.02493458241224289 0.03324610988299052
0 0.34585148096084595 0.41294625401496887 0.02493458241224289 0.03324610988299052
0 0.26699838042259216 0.4126855432987213 0.02493458241224289 0.03324610988299052
0 0.752964437007904 0.5026014447212219 0.02493458241224289 0.03324610988299052
0 0.6698702573776245 0.5023406744003296 0.02493458241224289 0.03324610988299052
0 0.5867498517036438 0.5020797848701477 0.02493458241224289 0.03324610988299052
0 0.5036031603813171 0.501818835735321 0.02493458241224289 0.03324610988299052
0 0.4204302430152893 0.5015578269958496 0.02493458241224289 0.03324610988299052
0 0.3372310698032379 0.5012966990470886 0.02493458241224289 0.03324610988299052
0 0.2540056109428406 0.5010355114936829 0.02493458241224289 0.03324610988299052
0 0.7677134275436401 0.6013139486312866 0.02493458241224289 0.03324610988299052
0 0.6797493696212769 0.6010543704032898 0.02493458241224289 0.03324610988299052
0 0.5917559266090393 0.6007947325706482 0.02493458241224289 0.03324610988299052
0 0.5037330389022827 0.600534975528717 0.02493458241224289 0.03324610988299052
0 0.41568076610565186 0.6002750992774963 0.02493458241224289 0.03324610988299052
0 0.32759904861450195 0.6000151634216309 0.02493458241224289 0.03324610988299052
0 0.23948785662651062 0.5997551679611206 0.02493458241224289 0.03324610988299052
0 0.7842994928359985 0.7123216390609741 0.02493458241224289 0.03324610988299052
0 0.6908592581748962 0.712065577507019 0.02493458241224289 0.03324610988299052
0 0.5973857641220093 0.7118094563484192 0.02493458241224289 0.03324610988299052
0 0.5038791298866272 0.7115532159805298 0.02493458241224289 0.03324610988299052
0 0.4103392958641052 0.7112969160079956 0.02493458241224289 0.03324610988299052
0 0.31676623225212097 0.7110404968261719 0.02493458241224289 0.03324610988299052
0 0.22315990924835205 0.7107839584350586 0.02493458241224289 0.03324610988299052