0 0.7062753438949585 0.15860174596309662 0.0227705722519507 0.034049453834692635
0 0.6301347613334656 0.15847128629684448 0.0227705722519507 0.034049453834692635
0 0.55363529920578 0.1583402007818222 0.0227705722519507 0.034049453834692635
0 0.4767744243144989 0.15820851922035217 0.0227705722519507 0.034049453834692635
0 0.39954954385757446 0.1580761969089508 0.0227705722519507 0.034049453834692635
0 0.321958065032959 0.1579432487487793 0.0227705722519507 0.034049453834692635
0 0.24399739503860474 0.15780965983867645 0.0227705722519507 0.034049453834692635
0 0.7177197933197021 0.2389902025461197 0.0227705722519507 0.034049453834692635
0 0.6388455033302307 0.23905088007450104 0.0227705722519507 0.034049453834692635
0 0.5595859885215759 0.23911184072494507 0.0227705722519507 0.034049453834692635
0 0.4799383282661438 0.23917311429977417 0.0227705722519507 0.034049453834692635
0 0.3998996913433075 0.23923467099666595 0.0227705722519507 0.034049453834692635
0 0.3194671869277954 0.2392965406179428 0.0227705722519507 0.034049453834692635
0 0.23863792419433594 0.23935872316360474 0.0227705722519507 0.034049453834692635
0 0.7300234436988831 0.32541415095329285 0.0227705722519507 0.034049453834692635
0 0.6482119560241699 0.32569557428359985 0.0227705722519507 0.034049453834692635
0 0.5659856796264648 0.32597845792770386 0.0227705722519507 0.034049453834692635
0 0.4833415746688843 0.32626277208328247 0.0227705722519507 0.034049453834692635
0 0.40027639269828796 0.3265485465526581 0.0227705722519507 0.034049453834692635
0 0.31678691506385803 0.3268357515335083 0.0227705722519507 0.034049453834692635
0 0.23286989331245422 0.3271244466304779 0.0227705722519507 0.034049453834692635
0 0.7432869076728821 0.41857975721359253 0.0227705722519507 0.034049453834692635
0 0.6583109498023987 0.41911694407463074 0.0227705722519507 0.034049453834692635
0 0.5728872418403625 0.41965699195861816 0.0227705722519507 0.034049453834692635
0 0.48701241612434387 0.4201998710632324 0.0227705722519507 0.034049453834692635
0 0.40068280696868896 0.4207456409931183 0.0227705722519507 0.034049453834692635
0 0.31389477849006653 0.42129430174827576 0.0227705722519507 0.034049453834692635
0 0.22664470970630646 0.4218458831310272 0.0227705722519507 0.034049453834692635
0 0.757627010345459 0.5193079113960266 0.0227705722519507 0.034049453834692635
0 0.6692318916320801 0.5201423764228821 0.0227705722519507 0.034049453834692635
0 0.5803521275520325 0.5209813714027405 0.0227705722519507 0.034049453834692635
0 0.4909836947917938 0.5218250155448914 0.0227705722519507 0.034049453834692635
0 0.4011225700378418 0.5226733088493347 0.0227705722519507 0.034049453834692635
0 0.3107646405696869 0.5235263109207153 0.0227705722519507 0.034049453834692635
0 0.219905823469162 0.5243840217590332 0.0227705722519507 0.034049453834692635
0 0.773180365562439 0.6285583972930908 0.0227705722519507 0.034049453834692635
0 0.6810795068740845 0.6297395825386047 0.0227705722519507 0.034049453834692635
0 0.588452160358429 0.630927562713623 0.0227705722519507 0.034049453834692635
0 0.49529385566711426 0.6321223378181458 0.0227705722519507 0.034049453834692635
0 0.4015999436378479 0.6333239674568176 0.0227705722519507 0.034049453834692635
0 0.30736586451530457 0.6345325112342834 0.0227705722519507 0.034049453834692635
0 0.2125868797302246 0.6357480883598328 0.0227705722519507 0.034049453834692635
0 0.790107786655426 0.7474605441093445 0.0227705722519507 0.034049453834692635
0 0.6939769387245178 0.7490479350090027 0.0227705722519507 0.034049453834692635
0 0.5972720980644226 0.750644862651825 0.0227705722519507 0.034049453834692635
0 0.4999881982803345 0.7522513270378113 0.0227705722519507 0.034049453834692635
0 0.40212002396583557 0.7538673877716064 0.0227705722519507 0.034049453834692635
0 0.3036623001098633 0.7554932236671448 0.0227705722519507 0.034049453834692635
0 0.20460963249206543 0.757128894329071 0.0227705722519507 0.034049453834692635