0 0.29189443588256836 0.649633526802063 0.021056175231933597 0.028074900309244793
0 0.37074267864227295 0.6477595567703247 0.021056175231933597 0.028074900309244793
0 0.4499646723270416 0.6458767056465149 0.021056175231933597 0.028074900309244793
0 0.5295631289482117 0.6439849138259888 0.021056175231933597 0.028074900309244793
0 0.6095406413078308 0.6420841217041016 0.021056175231933597 0.028074900309244793
0 0.6899000406265259 0.6401742696762085 0.021056175231933597 0.028074900309244793
0 0.7706440091133118 0.63825523853302 0.021056175231933597 0.028074900309244793
0 0.3023030459880829 0.5584820508956909 0.021056175231933597 0.028074900309244793
0 0.37727054953575134 0.5564959645271301 0.021056175231933597 0.028074900309244793
0 0.45257580280303955 0.5545009970664978 0.021056175231933597 0.028074900309244793
0 0.528221070766449 0.5524970293045044 0.021056175231933597 0.028074900309244793
0 0.6042086482048035 0.5504839420318604 0.021056175231933597 0.028074900309244793
0 0.680540919303894 0.5484617352485657 0.021056175231933597 0.028074900309244793
0 0.7572201490402222 0.5464303493499756 0.021056175231933597 0.028074900309244793
0 0.31173160672187805 0.4759128987789154 0.021056175231933597 0.028074900309244793
0 0.38318246603012085 0.4738437235355377 0.021056175231933597 0.028074900309244793
0 0.45493999123573303 0.4717656970024109 0.021056175231933597 0.028074900309244793
0 0.5270061492919922 0.46967869997024536 0.021056175231933597 0.028074900309244793
0 0.5993829965591431 0.46758273243904114 0.021056175231933597 0.028074900309244793
0 0.6720724701881409 0.46547770500183105 0.021056175231933597 0.028074900309244793
0 0.7450766563415527 0.46336355805397034 0.021056175231933597 0.028074900309244793
0 0.32031235098838806 0.400768518447876 0.021056175231933597 0.028074900309244793
0 0.3885616958141327 0.39863890409469604 0.021056175231933597 0.028074900309244793
0 0.45709073543548584 0.3965005874633789 0.021056175231933597 0.028074900309244793
0 0.525901198387146 0.394353449344635 0.021056175231933597 0.028074900309244793
0 0.594994843006134 0.39219751954078674 0.021056175231933597 0.028074900309244793
0 0.6643733978271484 0.39003267884254456 0.021056175231933597 0.028074900309244793
0 0.7340386509895325 0.38785889744758606 0.021056175231933597 0.028074900309244793
0 0.32815468311309814 0.3320905268192291 0.021056175231933597 0.028074900309244793
0 0.39347711205482483 0.3299183249473572 0.021056175231933597 0.028074900309244793
0 0.45905566215515137 0.32773762941360474 0.021056175231933597 0.028074900309244793
0 0.5248919129371643 0.32554835081100464 0.021056175231933597 0.028074900309244793
0 0.5909872651100159 0.3233504593372345 0.021056175231933597 0.028074900309244793
0 0.6573433876037598 0.32114389538764954 0.021056175231933597 0.028074900309244793
0 0.7239617705345154 0.31892862915992737 0.021056175231933597 0.028074900309244793
0 0.33535000681877136 0.26907867193222046 0.021056175231933597 0.028074900309244793
0 0.3979862332344055 0.26687803864479065 0.021056175231933597 0.028074900309244793
0 0.4608578681945801 0.26466915011405945 0.021056175231933597 0.028074900309244793
0 0.5239663124084473 0.2624519467353821 0.021056175231933597 0.028074900309244793
0 0.5873128771781921 0.26022636890411377 0.021056175231933597 0.028074900309244793
0 0.6508988738059998 0.25799238681793213 0.021056175231933597 0.028074900309244793
0 0.7147256731987 0.2557499408721924 0.021056175231933597 0.028074900309244793
0 0.34197521209716797 0.21105952560901642 0.021056175231933597 0.028074900309244793
0 0.40213742852211 0.2088417261838913 0.021056175231933597 0.028074900309244793
0 0.46251678466796875 0.20661592483520508 0.021056175231933597 0.028074900309244793
0 0.5231144428253174 0.20438207685947418 0.021056175231933597 0.028074900309244793
0 0.5839316844940186 0.20214012265205383 0.021056175231933597 0.028074900309244793
0 0.6449695825576782 0.19989004731178284 0.021056175231933597 0.028074900309244793
0 0.7062294483184814 0.19763177633285522 0.021056175231933597 0.028074900309244793