0 0.3297926187515259 0.22762547433376312 0.01261884905397892 0.022433509429295857
0 0.32618004083633423 0.2813686430454254 0.01261884905397892 0.022433509429295857
0 0.3222911059856415 0.3392227292060852 0.01261884905397892 0.022433509429295857
0 0.3180929124355316 0.4016781747341156 0.01261884905397892 0.022433509429295857
0 0.31354695558547974 0.4693066477775574 0.01261884905397892 0.022433509429295857
0 0.30860820412635803 0.5427786707878113 0.01261884905397892 0.022433509429295857
0 0.30322346091270447 0.6228857040405273 0.01261884905397892 0.022433509429295857
0 0.37469053268432617 0.2274278700351715 0.01261884905397892 0.022433509429295857
0 0.37273985147476196 0.2809438705444336 0.01261884905397892 0.022433509429295857
0 0.3706406354904175 0.33853599429130554 0.01261884905397892 0.022433509429295857
0 0.36837518215179443 0.40068843960762024 0.01261884905397892 0.022433509429295857
0 0.3659229278564453 0.46796512603759766 0.01261884905397892 0.022433509429295857
0 0.36325982213020325 0.5410270690917969 0.01261884905397892 0.022433509429295857
0 0.3603574335575104 0.6206539273262024 0.01261884905397892 0.022433509429295857
0 0.41923534870147705 0.22723183035850525 0.01261884905397892 0.022433509429295857
0 0.4189201593399048 0.28052255511283875 0.01261884905397892 0.022433509429295857
0 0.4185810685157776 0.3378550708293915 0.01261884905397892 0.022433509429295857
0 0.418215274810791 0.3997073769569397 0.01261884905397892 0.022433509429295857
0 0.41781941056251526 0.46663588285446167 0.01261884905397892 0.022433509429295857
0 0.4173896908760071 0.5392921566963196 0.01261884905397892 0.022433509429295857
0 0.41692155599594116 0.6184444427490234 0.01261884905397892 0.022433509429295857
0 0.4634312391281128 0.22703732550144196 0.01261884905397892 0.022433509429295857
0 0.4647255837917328 0.2801046371459961 0.01261884905397892 0.022433509429295857
0 0.46611765027046204 0.33717989921569824 0.01261884905397892 0.022433509429295857
0 0.4676189720630646 0.3987349271774292 0.01261884905397892 0.022433509429295857
0 0.46924296021461487 0.4653187394142151 0.01261884905397892 0.022433509429295857
0 0.47100529074668884 0.5375737547874451 0.01261884905397892 0.022433509429295857
0 0.4729243814945221 0.6162568926811218 0.01261884905397892 0.022433509429295857
0 0.5072823166847229 0.22684434056282043 0.01261884905397892 0.022433509429295857
0 0.5101606249809265 0.27969011664390564 0.01261884905397892 0.022433509429295857
0 0.5132554173469543 0.3365103602409363 0.01261884905397892 0.022433509429295857
0 0.5165920257568359 0.3977709412574768 0.01261884905397892 0.022433509429295857
0 0.5202000141143799 0.46401354670524597 0.01261884905397892 0.022433509429295857
0 0.5241138935089111 0.5358716249465942 0.01261884905397892 0.022433509429295857
0 0.528374195098877 0.6140909194946289 0.01261884905397892 0.022433509429295857
0 0.5507925152778625 0.2266528606414795 0.01261884905397892 0.022433509429295857
0 0.5552297830581665 0.279278963804245 0.01261884905397892 0.022433509429295857
0 0.5599993467330933 0.3358464539051056 0.01261884905397892 0.022433509429295857
0 0.5651400089263916 0.39681532979011536 0.01261884905397892 0.022433509429295857
0 0.5706968903541565 0.46272012591362 0.01261884905397892 0.022433509429295857
0 0.5767226219177246 0.534185528755188 0.01261884905397892 0.022433509429295857
0 0.5832791328430176 0.6119462251663208 0.01261884905397892 0.022433509429295857
0 0.5939658880233765 0.22646285593509674 0.01261884905397892 0.022433509429295857
0 0.5999374389648438 0.2788710594177246 0.01261884905397892 0.022433509429295857
0 0.6063544154167175 0.33518803119659424 0.01261884905397892 0.022433509429295857
0 0.6132684946060181 0.3958680033683777 0.01261884905397892 0.022433509429295857
0 0.620739758014679 0.4614383578300476 0.01261884905397892 0.022433509429295857
0 0.6288385391235352 0.5325151681900024 0.01261884905397892 0.022433509429295857
0 0.6376471519470215 0.6098225116729736 0.01261884905397892 0.022433509429295857