0 0.3412415385246277 0.38432732224464417 0.019217571243643764 0.02562342832485835
0 0.33585914969444275 0.4424925148487091 0.019217571243643764 0.02562342832485835
0 0.3301554322242737 0.5041298866271973 0.019217571243643764 0.02562342832485835
0 0.3241007626056671 0.5695598125457764 0.019217571243643764 0.02562342832485835
0 0.31766173243522644 0.6391434669494629 0.019217571243643764 0.02562342832485835
0 0.3108005225658417 0.7132894396781921 0.019217571243643764 0.02562342832485835
0 0.30347421765327454 0.7924615740776062 0.019217571243643764 0.02562342832485835
0 0.4034053385257721 0.3867410719394684 0.019217571243643764 0.02562342832485835
0 0.3998295068740845 0.44489577412605286 0.019217571243643764 0.02562342832485835
0 0.39604052901268005 0.5065170526504517 0.019217571243643764 0.02562342832485835
0 0.39201876521110535 0.5719243288040161 0.019217571243643764 0.02562342832485835
0 0.3877420723438263 0.6414777040481567 0.019217571243643764 0.02562342832485835
0 0.38318541646003723 0.7155842185020447 0.019217571243643764 0.02562342832485835
0 0.3783203363418579 0.7947061061859131 0.019217571243643764 0.02562342832485835
0 0.46540239453315735 0.3891483545303345 0.019217571243643764 0.02562342832485835
0 0.46362337470054626 0.44729238748550415 0.019217571243643764 0.02562342832485835
0 0.4617384374141693 0.5088974237442017 0.019217571243643764 0.02562342832485835
0 0.4597378671169281 0.5742819905281067 0.019217571243643764 0.02562342832485835
0 0.4576106667518616 0.6438049077987671 0.019217571243643764 0.02562342832485835
0 0.45534443855285645 0.7178718447685242 0.019217571243643764 0.02562342832485835
0 0.45292508602142334 0.7969434261322021 0.019217571243643764 0.02562342832485835
0 0.5272334218025208 0.3915491998195648 0.019217571243643764 0.02562342832485835
0 0.5272414088249207 0.44968241453170776 0.019217571243643764 0.02562342832485835
0 0.5272499322891235 0.511271059513092 0.019217571243643764 0.02562342832485835
0 0.5272589325904846 0.5766327381134033 0.019217571243643764 0.02562342832485835
0 0.5272684693336487 0.646125078201294 0.019217571243643764 0.02562342832485835
0 0.5272786617279053 0.7201523184776306 0.019217571243643764 0.02562342832485835
0 0.5272895693778992 0.7991735339164734 0.019217571243643764 0.02562342832485835
0 0.5888990759849548 0.3939436078071594 0.019217571243643764 0.02562342832485835
0 0.5906844139099121 0.4520658552646637 0.019217571243643764 0.02562342832485835
0 0.5925757884979248 0.5136380195617676 0.019217571243643764 0.02562342832485835
0 0.5945827960968018 0.5789766311645508 0.019217571243643764 0.02562342832485835
0 0.5967164635658264 0.6484382152557373 0.019217571243643764 0.02562342832485835
0 0.5989891886711121 0.7224257588386536 0.019217571243643764 0.02562342832485835
0 0.6014149785041809 0.8013964295387268 0.019217571243643764 0.02562342832485835
0 0.6503999829292297 0.3963316082954407 0.019217571243643764 0.02562342832485835
0 0.6539530754089355 0.45444273948669434 0.019217571243643764 0.02562342832485835
0 0.6577168107032776 0.5159982442855835 0.019217571243643764 0.02562342832485835
0 0.6617103815078735 0.5813136696815491 0.019217571243643764 0.02562342832485835
0 0.6659556031227112 0.6507444381713867 0.019217571243643764 0.02562342832485835
0 0.6704769730567932 0.7246921062469482 0.019217571243643764 0.02562342832485835
0 0.6753023862838745 0.803612232208252 0.019217571243643764 0.02562342832485835
0 0.7117368578910828 0.39871326088905334 0.019217571243643764 0.02562342832485835
0 0.717048168182373 0.45681309700012207 0.019217571243643764 0.02562342832485835
0 0.722673773765564 0.5183517932891846 0.019217571243643764 0.02562342832485835
0 0.7286425232887268 0.583643913269043 0.019217571243643764 0.02562342832485835
0 0.7349867820739746 0.6530437469482422 0.019217571243643764 0.02562342832485835
0 0.7417431473731995 0.7269514203071594 0.019217571243643764 0.02562342832485835
0 0.7489530444145203 0.8058209419250488 0.019217571243643764 0.02562342832485835