0 0.3351983428001404 0.3893014192581177 0.01921756938099861 0.025623425841331482
0 0.3298977315425873 0.44604745507240295 0.01921756938099861 0.025623425841331482
0 0.32426443696022034 0.5063546299934387 0.01921756938099861 0.025623425841331482
0 0.3182661831378937 0.5705690383911133 0.01921756938099861 0.025623425841331482
0 0.31186631321907043 0.6390830874443054 0.01921756938099861 0.025623425841331482
0 0.30502304434776306 0.7123435139656067 0.01921756938099861 0.025623425841331482
0 0.29768872261047363 0.7908613681793213 0.01921756938099861 0.025623425841331482
0 0.395844966173172 0.39058059453964233 0.01921756938099861 0.025623425841331482
0 0.392386257648468 0.4474169909954071 0.01921756938099861 0.025623425841331482
0 0.38871029019355774 0.5078235268592834 0.01921756938099861 0.025623425841331482
0 0.3847959339618683 0.5721474885940552 0.01921756938099861 0.025623425841331482
0 0.38061922788619995 0.6407827734947205 0.01921756938099861 0.025623425841331482
0 0.3761528730392456 0.7141777873039246 0.01921756938099861 0.025623425841331482
0 0.37136566638946533 0.7928454279899597 0.01921756938099861 0.025623425841331482
0 0.45659828186035156 0.39186203479766846 0.01921756938099861 0.025623425841331482
0 0.45498812198638916 0.4487890303134918 0.01921756938099861 0.025623425841331482
0 0.45327669382095337 0.5092952251434326 0.01921756938099861 0.025623425841331482
0 0.45145419239997864 0.5737290382385254 0.01921756938099861 0.025623425841331482
0 0.4495094120502472 0.6424858570098877 0.01921756938099861 0.025623425841331482
0 0.4474296271800995 0.7160157561302185 0.01921756938099861 0.025623425841331482
0 0.44520026445388794 0.7948336601257324 0.01921756938099861 0.025623425841331482
0 0.5174586176872253 0.39314571022987366 0.01921756938099861 0.025623425841331482
0 0.5177035927772522 0.4501635432243347 0.01921756938099861 0.025623425841331482
0 0.5179640054702759 0.5107696056365967 0.01921756938099861 0.025623425841331482
0 0.518241286277771 0.5753136277198792 0.01921756938099861 0.025623425841331482
0 0.5185372233390808 0.6441923379898071 0.01921756938099861 0.025623425841331482
0 0.5188537240028381 0.7178575992584229 0.01921756938099861 0.025623425841331482
0 0.5191930532455444 0.796826183795929 0.01921756938099861 0.025623425841331482
0 0.5784263014793396 0.3944316804409027 0.01921756938099861 0.025623425841331482
0 0.5805330276489258 0.4515405595302582 0.01921756938099861 0.025623425841331482
0 0.5827725529670715 0.5122467875480652 0.01921756938099861 0.025623425841331482
0 0.5851576328277588 0.5769013166427612 0.01921756938099861 0.025623425841331482
0 0.5877031087875366 0.6459022760391235 0.01921756938099861 0.025623425841331482
0 0.5904256701469421 0.719703197479248 0.01921756938099861 0.025623425841331482
0 0.5933444499969482 0.7988229990005493 0.01921756938099861 0.025623425841331482
0 0.6395015120506287 0.39571988582611084 0.01921756938099861 0.025623425841331482
0 0.6434767842292786 0.4529200792312622 0.01921756938099861 0.025623425841331482
0 0.6477026343345642 0.5137267708778381 0.01921756938099861 0.025623425841331482
0 0.6522036194801331 0.5784920454025269 0.01921756938099861 0.025623425841331482
0 0.6570075154304504 0.6476156115531921 0.01921756938099861 0.025623425841331482
0 0.6621459126472473 0.7215526103973389 0.01921756938099861 0.025623425841331482
0 0.6676550507545471 0.8008240461349487 0.01921756938099861 0.025623425841331482
0 0.7006846070289612 0.3970103859901428 0.01921756938099861 0.025623425841331482
0 0.7065350413322449 0.4543021023273468 0.01921756938099861 0.025623425841331482
0 0.7127546668052673 0.5152094960212708 0.01921756938099861 0.025623425841331482
0 0.7193796038627625 0.5800858736038208 0.01921756938099861 0.025623425841331482
0 0.7264507412910461 0.6493324041366577 0.01921756938099861 0.025623425841331482
0 0.7340148687362671 0.7234058976173401 0.01921756938099861 0.025623425841331482
0 0.7421252727508545 0.8028294444084167 0.01921756938099861 0.025623425841331482