0 0.30738165974617004 0.3777591586112976 0.019526446238160133 0.026035261650880177
0 0.30194923281669617 0.44088003039360046 0.019526446238160133 0.026035261650880177
0 0.2961992919445038 0.5076902508735657 0.019526446238160133 0.026035261650880177
0 0.29010316729545593 0.5785228610038757 0.019526446238160133 0.026035261650880177
0 0.2836286127567291 0.6537525057792664 0.019526446238160133 0.026035261650880177
0 0.27673929929733276 0.7338017225265503 0.019526446238160133 0.026035261650880177
0 0.2693939805030823 0.8191490173339844 0.019526446238160133 0.026035261650880177
0 0.3704858124256134 0.3784851133823395 0.019526446238160133 0.026035261650880177
0 0.3668462038040161 0.4416091740131378 0.019526446238160133 0.026035261650880177
0 0.36299389600753784 0.5084216594696045 0.019526446238160133 0.026035261650880177
0 0.3589097559452057 0.5792555212974548 0.019526446238160133 0.026035261650880177
0 0.3545721173286438 0.6544851660728455 0.019526446238160133 0.026035261650880177
0 0.3499567210674286 0.73453289270401 0.019526446238160133 0.026035261650880177
0 0.34503594040870667 0.8198768496513367 0.019526446238160133 0.026035261650880177
0 0.43355607986450195 0.3792107105255127 0.019526446238160133 0.026035261650880177
0 0.4317072927951813 0.44233790040016174 0.019526446238160133 0.026035261650880177
0 0.4297505021095276 0.5091526508331299 0.019526446238160133 0.026035261650880177
0 0.4276759922504425 0.5799877643585205 0.019526446238160133 0.026035261650880177
0 0.42547276616096497 0.6552174091339111 0.019526446238160133 0.026035261650880177
0 0.42312848567962646 0.7352635860443115 0.019526446238160133 0.026035261650880177
0 0.4206291437149048 0.8206042051315308 0.019526446238160133 0.026035261650880177
0 0.4965924024581909 0.3799358904361725 0.019526446238160133 0.026035261650880177
0 0.49653252959251404 0.44306620955467224 0.019526446238160133 0.026035261650880177
0 0.4964691400527954 0.5098832249641418 0.019526446238160133 0.026035261650880177
0 0.49640193581581116 0.5807195901870728 0.019526446238160133 0.026035261650880177
0 0.4963305592536926 0.6559491753578186 0.019526446238160133 0.026035261650880177
0 0.4962546229362488 0.7359938621520996 0.019526446238160133 0.026035261650880177
0 0.4961736500263214 0.8213310837745667 0.019526446238160133 0.026035261650880177
0 0.5595948696136475 0.38066068291664124 0.019526446238160133 0.026035261650880177
0 0.5613219738006592 0.4437941312789917 0.019526446238160133 0.026035261650880177
0 0.5631498098373413 0.5106133818626404 0.019526446238160133 0.026035261650880177
0 0.565087616443634 0.5814509391784668 0.019526446238160133 0.026035261650880177
0 0.567145586013794 0.6566805243492126 0.019526446238160133 0.026035261650880177
0 0.5693352222442627 0.7367236018180847 0.019526446238160133 0.026035261650880177
0 0.5716695785522461 0.8220575451850891 0.019526446238160133 0.026035261650880177
0 0.6225635409355164 0.38138511776924133 0.019526446238160133 0.026035261650880177
0 0.6260755658149719 0.4445216655731201 0.019526446238160133 0.026035261650880177
0 0.6297926306724548 0.5113431215286255 0.019526446238160133 0.026035261650880177
0 0.6337330937385559 0.5821818709373474 0.019526446238160133 0.026035261650880177
0 0.6379178166389465 0.6574113965034485 0.019526446238160133 0.026035261650880177
0 0.6423702239990234 0.7374529838562012 0.019526446238160133 0.026035261650880177
0 0.6471168398857117 0.8227834701538086 0.019526446238160133 0.026035261650880177
0 0.6854983568191528 0.382109135389328 0.019526446238160133 0.026035261650880177
0 0.6907934546470642 0.4452487528324127 0.019526446238160133 0.026035261650880177
0 0.6963974833488464 0.5120725035667419 0.019526446238160133 0.026035261650880177
0 0.7023383975028992 0.5829124450683594 0.019526446238160133 0.026035261650880177
0 0.7086473703384399 0.6581418514251709 0.019526446238160133 0.026035261650880177
0 0.7153597474098206 0.7381818294525146 0.019526446238160133 0.026035261650880177
0 0.7225155830383301 0.8235089778900146 0.019526446238160133 0.026035261650880177