0 0.33649739623069763 0.38681119680404663 0.019448800012469295 0.025931733349959057
0 0.3311331868171692 0.44412362575531006 0.019448800012469295 0.025931733349959057
0 0.32544368505477905 0.5049114227294922 0.019448800012469295 0.025931733349959057
0 0.3193984031677246 0.5695006847381592 0.019448800012469295 0.025931733349959057
0 0.3129628896713257 0.6382594704627991 0.019448800012469295 0.025931733349959057
0 0.3060980439186096 0.7116050124168396 0.019448800012469295 0.025931733349959057
0 0.29875949025154114 0.790012001991272 0.019448800012469295 0.025931733349959057
0 0.3984662890434265 0.38881608843803406 0.019448800012469295 0.025931733349959057
0 0.39492350816726685 0.44622308015823364 0.019448800012469295 0.025931733349959057
0 0.39116573333740234 0.5071134567260742 0.019448800012469295 0.025931733349959057
0 0.3871728181838989 0.5718141198158264 0.019448800012469295 0.025931733349959057
0 0.38292196393013 0.6406944394111633 0.019448800012469295 0.025931733349959057
0 0.37838736176490784 0.7141727209091187 0.019448800012469295 0.025931733349959057
0 0.3735395669937134 0.7927254438400269 0.019448800012469295 0.025931733349959057
0 0.46050989627838135 0.3908233940601349 0.019448800012469295 0.025931733349959057
0 0.45879295468330383 0.44832515716552734 0.019448800012469295 0.025931733349959057
0 0.45697179436683655 0.5093182325363159 0.019448800012469295 0.025931733349959057
0 0.45503658056259155 0.574130654335022 0.019448800012469295 0.025931733349959057
0 0.4529762864112854 0.6431326866149902 0.019448800012469295 0.025931733349959057
0 0.4507783353328705 0.7167441248893738 0.019448800012469295 0.025931733349959057
0 0.4484284818172455 0.7954428195953369 0.019448800012469295 0.025931733349959057
0 0.5226283073425293 0.3928331136703491 0.019448800012469295 0.025931733349959057
0 0.5227417349815369 0.4504298269748688 0.019448800012469295 0.025931733349959057
0 0.5228620171546936 0.5115258693695068 0.019448800012469295 0.025931733349959057
0 0.5229898691177368 0.5764501690864563 0.019448800012469295 0.025931733349959057
0 0.5231260061264038 0.6455742120742798 0.019448800012469295 0.025931733349959057
0 0.5232712030410767 0.7193191051483154 0.019448800012469295 0.025931733349959057
0 0.5234264731407166 0.7981641888618469 0.019448800012469295 0.025931733349959057
0 0.5848217010498047 0.39484527707099915 0.019448800012469295 0.025931733349959057
0 0.5867699384689331 0.4525371193885803 0.019448800012469295 0.025931733349959057
0 0.588836669921875 0.5137363076210022 0.019448800012469295 0.025931733349959057
0 0.5910329222679138 0.578772783279419 0.019448800012469295 0.025931733349959057
0 0.5933713316917419 0.6480191349983215 0.019448800012469295 0.025931733349959057
0 0.5958662033081055 0.7218977212905884 0.019448800012469295 0.025931733349959057
0 0.5985337495803833 0.8008894920349121 0.019448800012469295 0.025931733349959057
0 0.6470901966094971 0.3968598544597626 0.019448800012469295 0.025931733349959057
0 0.6508777737617493 0.454647034406662 0.019448800012469295 0.025931733349959057
0 0.6548957824707031 0.5159496068954468 0.019448800012469295 0.025931733349959057
0 0.6591658592224121 0.5810984969139099 0.019448800012469295 0.025931733349959057
0 0.6637125015258789 0.6504673361778259 0.019448800012469295 0.025931733349959057
0 0.6685635447502136 0.7244799733161926 0.019448800012469295 0.025931733349959057
0 0.6737505793571472 0.8036187291145325 0.019448800012469295 0.025931733349959057
0 0.7094339728355408 0.3988768756389618 0.019448800012469295 0.025931733349959057
0 0.7150653600692749 0.45675957202911377 0.019448800012469295 0.025931733349959057
0 0.7210395336151123 0.5181657671928406 0.019448800012469295 0.025931733349959057
0 0.727388858795166 0.5834272503852844 0.019448800012469295 0.025931733349959057
0 0.734149694442749 0.6529189348220825 0.019448800012469295 0.025931733349959057
0 0.7413634061813354 0.7270658612251282 0.019448800012469295 0.025931733349959057
0 0.7490772008895874 0.8063520193099976 0.019448800012469295 0.025931733349959057