0 0.7742772102355957 0.18644988536834717 0.036066594223181404 0.036066594223181404
0 0.6957348585128784 0.18773843348026276 0.036066594223181404 0.036066594223181404
0 0.6170508861541748 0.18902932107448578 0.036066594223181404 0.036066594223181404
0 0.5382247567176819 0.19032253324985504 0.036066594223181404 0.036066594223181404
0 0.45925620198249817 0.19161807000637054 0.036066594223181404 0.036066594223181404
0 0.38014480471611023 0.19291597604751587 0.036066594223181404 0.036066594223181404
0 0.30089014768600464 0.19421620666980743 0.036066594223181404 0.036066594223181404
0 0.7865017652511597 0.24115455150604248 0.036066594223181404 0.036066594223181404
0 0.704815685749054 0.24254615604877472 0.036066594223181404 0.036066594223181404
0 0.6229763627052307 0.24394036829471588 0.036066594223181404 0.036066594223181404
0 0.540983259677887 0.24533720314502716 0.036066594223181404 0.036066594223181404
0 0.45883598923683167 0.24673666059970856 0.036066594223181404 0.036066594223181404
0 0.3765341341495514 0.24813875555992126 0.036066594223181404 0.036066594223181404
0 0.2940772473812103 0.24954348802566528 0.036066594223181404 0.036066594223181404
0 0.7997486591339111 0.3004339337348938 0.036066594223181404 0.036066594223181404
0 0.71465665102005 0.3019416630268097 0.036066594223181404 0.036066594223181404
0 0.6293982863426208 0.30345237255096436 0.036066594223181404 0.036066594223181404
0 0.5439730882644653 0.304966002702713 0.036066594223181404 0.036066594223181404
0 0.45838049054145813 0.30648261308670044 0.036066594223181404 0.036066594223181404
0 0.3726200461387634 0.30800220370292664 0.036066594223181404 0.036066594223181404
0 0.286691278219223 0.3095247745513916 0.036066594223181404 0.036066594223181404
0 0.8141516447067261 0.36488690972328186 0.036066594223181404 0.036066594223181404
0 0.7253573536872864 0.36652618646621704 0.036066594223181404 0.036066594223181404
0 0.6363818645477295 0.36816883087158203 0.036066594223181404 0.036066594223181404
0 0.5472246408462524 0.36981484293937683 0.036066594223181404 0.036066594223181404
0 0.4578850567340851 0.37146422266960144 0.036066594223181404 0.036066594223181404
0 0.3683626055717468 0.37311697006225586 0.036066594223181404 0.036066594223181404
0 0.2786567211151123 0.3747730851173401 0.036066594223181404 0.036066594223181404
0 0.8298689723014832 0.4352216422557831 0.036066594223181404 0.036066594223181404
0 0.7370355725288391 0.437010794878006 0.036066594223181404 0.036066594223181404
0 0.6440041065216064 0.4388037323951721 0.036066594223181404 0.036066594223181404
0 0.5507738590240479 0.44060054421424866 0.036066594223181404 0.036066594223181404
0 0.4573442339897156 0.4424011707305908 0.036066594223181404 0.036066594223181404
0 0.3637145757675171 0.4442056715488434 0.036066594223181404 0.036066594223181404
0 0.26988425850868225 0.44601404666900635 0.036066594223181404 0.036066594223181404
0 0.8470892310142517 0.5122817754745483 0.036066594223181404 0.036066594223181404
0 0.7498317360877991 0.5142425894737244 0.036066594223181404 0.036066594223181404
0 0.6523568034172058 0.5162078738212585 0.036066594223181404 0.036066594223181404
0 0.5546635985374451 0.5181775093078613 0.036066594223181404 0.036066594223181404
0 0.4567514657974243 0.5201515555381775 0.036066594223181404 0.036066594223181404
0 0.3586196005344391 0.522130012512207 0.036066594223181404 0.036066594223181404
0 0.26026731729507446 0.5241129398345947 0.036066594223181404 0.036066594223181404
0 0.8660387396812439 0.5970803499221802 0.036066594223181404 0.036066594223181404
0 0.7639144062995911 0.5992392301559448 0.036066594223181404 0.036066594223181404
0 0.6615502238273621 0.6014031767845154 0.036066594223181404 0.036066594223181404
0 0.55894535779953 0.6035722494125366 0.036066594223181404 0.036066594223181404
0 0.45609888434410095 0.6057463884353638 0.036066594223181404 0.036066594223181404
0 0.353009968996048 0.6079257130622864 0.036066594223181404 0.036066594223181404
0 0.24967779219150543 0.6101101040840149 0.036066594223181404 0.036066594223181404