0 0.29543498158454895 0.18868207931518555 0.01900401106104255 0.03378490855296453
0 0.29010048508644104 0.2701984941959381 0.01900401106104255 0.03378490855296453
0 0.28436630964279175 0.357822448015213 0.01900401106104255 0.03378490855296453
0 0.27818581461906433 0.452267050743103 0.01900401106104255 0.03378490855296453
0 0.2715047299861908 0.5543608665466309 0.01900401106104255 0.03378490855296453
0 0.2642596960067749 0.665072500705719 0.01900401106104255 0.03378490855296453
0 0.25637614727020264 0.7855411171913147 0.01900401106104255 0.03378490855296453
0 0.3566899597644806 0.19065406918525696 0.01900401106104255 0.03378490855296453
0 0.3535785377025604 0.27194926142692566 0.01900401106104255 0.03378490855296453
0 0.35023486614227295 0.3593127727508545 0.01900401106104255 0.03378490855296453
0 0.3466319143772125 0.45345038175582886 0.01900401106104255 0.03378490855296453
0 0.3427383601665497 0.5551817417144775 0.01900401106104255 0.03378490855296453
0 0.3385174870491028 0.6654643416404724 0.01900401106104255 0.03378490855296453
0 0.333926260471344 0.7854236960411072 0.01900401106104255 0.03378490855296453
0 0.4175225794315338 0.1926124542951584 0.01900401106104255 0.03378490855296453
0 0.4166031777858734 0.27368754148483276 0.01900401106104255 0.03378490855296453
0 0.415615439414978 0.3607920706272125 0.01900401106104255 0.03378490855296453
0 0.41455137729644775 0.45462462306022644 0.01900401106104255 0.03378490855296453
0 0.41340184211730957 0.5559960603713989 0.01900401106104255 0.03378490855296453
0 0.4121560752391815 0.6658529043197632 0.01900401106104255 0.03378490855296453
0 0.4108014702796936 0.7853072285652161 0.01900401106104255 0.03378490855296453
0 0.47793713212013245 0.19455738365650177 0.01900401106104255 0.03378490855296453
0 0.4791792631149292 0.2754134237766266 0.01900401106104255 0.03378490855296453
0 0.48051342368125916 0.3622604310512543 0.01900401106104255 0.03378490855296453
0 0.48195022344589233 0.45578986406326294 0.01900401106104255 0.03378490855296453
0 0.48350200057029724 0.556803822517395 0.01900401106104255 0.03378490855296453
0 0.48518314957618713 0.6662382483482361 0.01900401106104255 0.03378490855296453
0 0.48701053857803345 0.7851917743682861 0.01900401106104255 0.03378490855296453
0 0.5379379391670227 0.19648899137973785 0.01900401106104255 0.03378490855296453
0 0.541311502456665 0.27712705731391907 0.01900401106104255 0.03378490855296453
0 0.5449341535568237 0.3637179732322693 0.01900401106104255 0.03378490855296453
0 0.5488344430923462 0.4569461941719055 0.01900401106104255 0.03378490855296453
0 0.5530455708503723 0.5576052665710449 0.01900401106104255 0.03378490855296453
0 0.5576063394546509 0.6666204333305359 0.01900401106104255 0.03378490855296453
0 0.5625620484352112 0.7850773334503174 0.01900401106104255 0.03378490855296453
0 0.5975292921066284 0.19840741157531738 0.01900401106104255 0.03378490855296453
0 0.6030046939849854 0.27882859110832214 0.01900401106104255 0.03378490855296453
0 0.6088828444480896 0.3651648461818695 0.01900401106104255 0.03378490855296453
0 0.6152098178863525 0.4580937325954437 0.01900401106104255 0.03378490855296453
0 0.6220391392707825 0.5584002733230591 0.01900401106104255 0.03378490855296453
0 0.6294330358505249 0.6669994592666626 0.01900401106104255 0.03378490855296453
0 0.6374645829200745 0.784963846206665 0.01900401106104255 0.03378490855296453
0 0.6567152738571167 0.2003127932548523 0.01900401106104255 0.03378490855296453
0 0.6642634272575378 0.28051814436912537 0.01900401106104255 0.03378490855296453
0 0.6723647117614746 0.3666011691093445 0.01900401106104255 0.03378490855296453
0 0.6810823082923889 0.4592325687408447 0.01900401106104255 0.03378490855296453
0 0.6904892325401306 0.5591890811920166 0.01900401106104255 0.03378490855296453
0 0.7006706595420837 0.6673753261566162 0.01900401106104255 0.03378490855296453
0 0.7117263674736023 0.7848513722419739 0.01900401106104255 0.03378490855296453