0 0.7290264964103699 0.2628347873687744 0.033940389752388 0.033940389752388
0 0.6526639461517334 0.2631578743457794 0.033940389752388 0.033940389752388
0 0.5768285393714905 0.26347872614860535 0.033940389752388 0.033940389752388
0 0.5015146732330322 0.2637973725795746 0.033940389752388 0.033940389752388
0 0.4267171323299408 0.2641138434410095 0.033940389752388 0.033940389752388
0 0.3524305820465088 0.26442813873291016 0.033940389752388 0.033940389752388
0 0.27864977717399597 0.26474031805992126 0.033940389752388 0.033940389752388
0 0.7362233400344849 0.3262009918689728 0.033940389752388 0.033940389752388
0 0.6568325161933899 0.3263086974620819 0.033940389752388 0.033940389752388
0 0.5780112147331238 0.32641565799713135 0.033940389752388 0.033940389752388
0 0.4997532367706299 0.3265218436717987 0.033940389752388 0.033940389752388
0 0.4220525920391083 0.326627254486084 0.033940389752388 0.033940389752388
0 0.3449033200740814 0.32673192024230957 0.033940389752388 0.033940389752388
0 0.2682996094226837 0.32683587074279785 0.033940389752388 0.033940389752388
0 0.744011402130127 0.39477330446243286 0.033940389752388 0.033940389752388
0 0.6613423228263855 0.39462852478027344 0.033940389752388 0.033940389752388
0 0.5792903900146484 0.39448481798171997 0.033940389752388 0.033940389752388
0 0.4978486895561218 0.39434218406677246 0.033940389752388 0.033940389752388
0 0.41701048612594604 0.3942006230354309 0.033940389752388 0.033940389752388
0 0.3367690443992615 0.39406007528305054 0.033940389752388 0.033940389752388
0 0.2571178376674652 0.39392057061195374 0.033940389752388 0.033940389752388
0 0.7524667382240295 0.4692208468914032 0.033940389752388 0.033940389752388
0 0.6662369966506958 0.468779057264328 0.033940389752388 0.033940389752388
0 0.5806782841682434 0.4683407247066498 0.033940389752388 0.033940389752388
0 0.49578285217285156 0.46790575981140137 0.033940389752388 0.033940389752388
0 0.4115430414676666 0.46747416257858276 0.033940389752388 0.033940389752388
0 0.32795125246047974 0.4670459032058716 0.033940389752388 0.033940389752388
0 0.24500004947185516 0.46662092208862305 0.033940389752388 0.033940389752388
0 0.7616789937019348 0.5503324866294861 0.033940389752388 0.033940389752388
0 0.671567976474762 0.5495400428771973 0.033940389752388 0.033940389752388
0 0.5821893811225891 0.5487539768218994 0.033940389752388 0.033940389752388
0 0.4935343563556671 0.5479743480682373 0.033940389752388 0.033940389752388
0 0.4055940806865692 0.5472009778022766 0.033940389752388 0.033940389752388
0 0.31835997104644775 0.5464338064193726 0.033940389752388 0.033940389752388
0 0.23182356357574463 0.5456727743148804 0.033940389752388 0.033940389752388
0 0.7717544436454773 0.6390448808670044 0.033940389752388 0.033940389752388
0 0.6773964166641235 0.6378365755081177 0.033940389752388 0.033940389752388
0 0.5838409066200256 0.6366385221481323 0.033940389752388 0.033940389752388
0 0.49107781052589417 0.6354506611824036 0.033940389752388 0.033940389752388
0 0.3990970551967621 0.6342727541923523 0.033940389752388 0.033940389752388
0 0.30788880586624146 0.6331047415733337 0.033940389752388 0.033940389752388
0 0.2174433320760727 0.6319465637207031 0.033940389752388 0.033940389752388
0 0.7828205227851868 0.7364789843559265 0.033940389752388 0.033940389752388
0 0.6837952733039856 0.7347750663757324 0.033940389752388 0.033940389752388
0 0.5856533646583557 0.7330862879753113 0.033940389752388 0.033940389752388
0 0.4883829951286316 0.7314125299453735 0.033940389752388 0.033940389752388
0 0.3919726014137268 0.7297535538673401 0.033940389752388 0.033940389752388
0 0.29641079902648926 0.7281092405319214 0.033940389752388 0.033940389752388
0 0.20168648660182953 0.7264792919158936 0.033940389752388 0.033940389752388