0 0.3331902325153351 0.389706015586853 0.01944294944405556 0.025923932592074077
0 0.3280585706233978 0.446875661611557 0.01944294944405556 0.025923932592074077
0 0.3226054012775421 0.5076267719268799 0.01944294944405556 0.025923932592074077
0 0.3167995810508728 0.5723066926002502 0.01944294944405556 0.025923932592074077
0 0.3106057643890381 0.6413093209266663 0.01944294944405556 0.025923932592074077
0 0.3039836585521698 0.7150830030441284 0.01944294944405556 0.025923932592074077
0 0.2968873083591461 0.7941403388977051 0.01944294944405556 0.025923932592074077
0 0.3945751190185547 0.39098528027534485 0.01944294944405556 0.025923932592074077
0 0.3913048505783081 0.4482453167438507 0.01944294944405556 0.025923932592074077
0 0.3878295421600342 0.5090957880020142 0.01944294944405556 0.025923932592074077
0 0.38412922620773315 0.5738853216171265 0.01944294944405556 0.025923932592074077
0 0.3801814019680023 0.6430091857910156 0.01944294944405556 0.025923932592074077
0 0.3759602904319763 0.7169173955917358 0.01944294944405556 0.025923932592074077
0 0.37143656611442566 0.7961244583129883 0.01944294944405556 0.025923932592074077
0 0.4560674726963043 0.39226675033569336 0.01944294944405556 0.025923932592074077
0 0.45466524362564087 0.4496174454689026 0.01944294944405556 0.025923932592074077
0 0.45317500829696655 0.5105676054954529 0.01944294944405556 0.025923932592074077
0 0.4515881836414337 0.575467050075531 0.01944294944405556 0.025923932592074077
0 0.44989514350891113 0.6447124481201172 0.01944294944405556 0.025923932592074077
0 0.4480847716331482 0.7187555432319641 0.01944294944405556 0.025923932592074077
0 0.4461444616317749 0.7981128096580505 0.01944294944405556 0.025923932592074077
0 0.5176675915718079 0.39355048537254333 0.01944294944405556 0.025923932592074077
0 0.5181400179862976 0.45099204778671265 0.01944294944405556 0.025923932592074077
0 0.5186421275138855 0.5120421051979065 0.01944294944405556 0.025923932592074077
0 0.5191768407821655 0.5770517587661743 0.01944294944405556 0.025923932592074077
0 0.5197473764419556 0.646419107913971 0.01944294944405556 0.025923932592074077
0 0.5203574895858765 0.720597505569458 0.01944294944405556 0.025923932592074077
0 0.521011471748352 0.8001054525375366 0.01944294944405556 0.025923932592074077
0 0.579375684261322 0.3948364853858948 0.01944294944405556 0.025923932592074077
0 0.5817294716835022 0.4523691236972809 0.01944294944405556 0.025923932592074077
0 0.5842313170433044 0.5135194063186646 0.01944294944405556 0.025923932592074077
0 0.5868955850601196 0.578639566898346 0.01944294944405556 0.025923932592074077
0 0.5897386074066162 0.6481291651725769 0.01944294944405556 0.025923932592074077
0 0.5927789807319641 0.7224432229995728 0.01944294944405556 0.025923932592074077
0 0.5960380434989929 0.802102267742157 0.01944294944405556 0.025923932592074077
0 0.6411920785903931 0.3961247205734253 0.01944294944405556 0.025923932592074077
0 0.6454339623451233 0.4537487030029297 0.01944294944405556 0.025923932592074077
0 0.6499428749084473 0.5149994492530823 0.01944294944405556 0.025923932592074077
0 0.6547447443008423 0.5802303552627563 0.01944294944405556 0.025923932592074077
0 0.6598691344261169 0.6498425602912903 0.01944294944405556 0.025923932592074077
0 0.6653496623039246 0.7242927551269531 0.01944294944405556 0.025923932592074077
0 0.6712247729301453 0.804103434085846 0.01944294944405556 0.025923932592074077
0 0.7031170725822449 0.39741525053977966 0.01944294944405556 0.025923932592074077
0 0.7092537879943848 0.45513078570365906 0.01944294944405556 0.025923932592074077
0 0.7157770991325378 0.5164822340011597 0.01944294944405556 0.025923932592074077
0 0.7227246761322021 0.5818243026733398 0.01944294944405556 0.025923932592074077
0 0.730139434337616 0.6515594124794006 0.01944294944405556 0.025923932592074077
0 0.7380699515342712 0.7261461019515991 0.01944294944405556 0.025923932592074077
0 0.7465721368789673 0.8061087727546692 0.01944294944405556 0.025923932592074077