0 0.3087937831878662 0.37631291151046753 0.0195721834897995 0.026096244653065998
0 0.30291298031806946 0.43942058086395264 0.0195721834897995 0.026096244653065998
0 0.29668882489204407 0.506212592124939 0.0195721834897995 0.026096244653065998
0 0.2900903820991516 0.5770213007926941 0.0195721834897995 0.026096244653065998
0 0.2830828130245209 0.6522202491760254 0.0195721834897995 0.026096244653065998
0 0.27562689781188965 0.7322308421134949 0.0195721834897995 0.026096244653065998
0 0.2676781117916107 0.81753009557724 0.0195721834897995 0.026096244653065998
0 0.3722398281097412 0.37750622630119324 0.0195721834897995 0.026096244653065998
0 0.36816179752349854 0.4405973255634308 0.0195721834897995 0.026096244653065998
0 0.3638458549976349 0.5073687434196472 0.0195721834897995 0.026096244653065998
0 0.3592706024646759 0.5781521797180176 0.0195721834897995 0.026096244653065998
0 0.35441192984580994 0.6533205509185791 0.0195721834897995 0.026096244653065998
0 0.3492426574230194 0.7332941889762878 0.0195721834897995 0.026096244653065998
0 0.34373199939727783 0.8185491561889648 0.0195721834897995 0.026096244653065998
0 0.4355873465538025 0.3786976933479309 0.0195721834897995 0.026096244653065998
0 0.43330642580986023 0.4417721629142761 0.0195721834897995 0.026096244653065998
0 0.43089255690574646 0.5085229873657227 0.0195721834897995 0.026096244653065998
0 0.42833375930786133 0.579281210899353 0.0195721834897995 0.026096244653065998
0 0.425616592168808 0.6544188857078552 0.0195721834897995 0.026096244653065998
0 0.4227258861064911 0.734355628490448 0.0195721834897995 0.026096244653065998
0 0.41964447498321533 0.8195663690567017 0.0195721834897995 0.026096244653065998
0 0.49883660674095154 0.37988731265068054 0.0195721834897995 0.026096244653065998
0 0.4983471632003784 0.44294512271881104 0.0195721834897995 0.026096244653065998
0 0.4978291988372803 0.5096753239631653 0.0195721834897995 0.026096244653065998
0 0.49728015065193176 0.5804082751274109 0.0195721834897995 0.026096244653065998
0 0.49669715762138367 0.6555153131484985 0.0195721834897995 0.026096244653065998
0 0.4960769712924957 0.7354151606559753 0.0195721834897995 0.026096244653065998
0 0.49541589617729187 0.8205816149711609 0.0195721834897995 0.026096244653065998
0 0.5619878172874451 0.38107508420944214 0.0195721834897995 0.026096244653065998
0 0.5632842183113098 0.4441162347793579 0.0195721834897995 0.026096244653065998
0 0.5646560192108154 0.5108257532119751 0.0195721834897995 0.026096244653065998
0 0.5661100745201111 0.5815334320068359 0.0195721834897995 0.026096244653065998
0 0.5676538944244385 0.656609833240509 0.0195721834897995 0.026096244653065998
0 0.5692961812019348 0.7364727854728699 0.0195721834897995 0.026096244653065998
0 0.5710466504096985 0.8215950131416321 0.0195721834897995 0.026096244653065998
0 0.6250412464141846 0.3822610080242157 0.0195721834897995 0.026096244653065998
0 0.6281178593635559 0.445285439491272 0.0195721834897995 0.026096244653065998
0 0.6313733458518982 0.5119742751121521 0.0195721834897995 0.026096244653065998
0 0.634823739528656 0.582656741142273 0.0195721834897995 0.026096244653065998
0 0.6384872198104858 0.6577025055885315 0.0195721834897995 0.026096244653065998
0 0.6423839926719666 0.7375285029411316 0.0195721834897995 0.026096244653065998
0 0.646537184715271 0.8226065635681152 0.0195721834897995 0.026096244653065998
0 0.687997043132782 0.3834451138973236 0.0195721834897995 0.026096244653065998
0 0.6928483247756958 0.4464528262615204 0.0195721834897995 0.026096244653065998
0 0.6979814171791077 0.5131210088729858 0.0195721834897995 0.026096244653065998
0 0.7034215927124023 0.5837780833244324 0.0195721834897995 0.026096244653065998
0 0.7091973423957825 0.6587932109832764 0.0195721834897995 0.026096244653065998
0 0.7153406739234924 0.7385823130607605 0.0195721834897995 0.026096244653065998
0 0.7218877673149109 0.8236162066459656 0.0195721834897995 0.026096244653065998