0 0.7288181185722351 0.17602786421775818 0.025265749543905258 0.033687666058540344
0 0.6615301966667175 0.17426247894763947 0.025265749543905258 0.033687666058540344
0 0.5941140055656433 0.17249372601509094 0.025265749543905258 0.033687666058540344
0 0.5265692472457886 0.17072159051895142 0.025265749543905258 0.033687666058540344
0 0.4588954448699951 0.16894608736038208 0.025265749543905258 0.033687666058540344
0 0.39109230041503906 0.16716718673706055 0.025265749543905258 0.033687666058540344
0 0.32315945625305176 0.16538487374782562 0.025265749543905258 0.033687666058540344
0 0.7398428916931152 0.23977093398571014 0.025265749543905258 0.033687666058540344
0 0.6692330241203308 0.23798181116580963 0.025265749543905258 0.033687666058540344
0 0.5984819531440735 0.2361890822649002 0.025265749543905258 0.033687666058540344
0 0.5275891423225403 0.23439277708530426 0.025265749543905258 0.033687666058540344
0 0.45655426383018494 0.2325928807258606 0.025265749543905258 0.033687666058540344
0 0.38537684082984924 0.23078936338424683 0.025265749543905258 0.033687666058540344
0 0.31405648589134216 0.22898222506046295 0.025265749543905258 0.033687666058540344
0 0.7520154714584351 0.3101508319377899 0.025265749543905258 0.033687666058540344
0 0.6777387261390686 0.30834242701530457 0.025265749543905258 0.033687666058540344
0 0.6033055782318115 0.306530237197876 0.025265749543905258 0.033687666058540344
0 0.5287156105041504 0.30471423268318176 0.025265749543905258 0.033687666058540344
0 0.4539682865142822 0.30289438366889954 0.025265749543905258 0.033687666058540344
0 0.3790631890296936 0.3010707199573517 0.025265749543905258 0.033687666058540344
0 0.30399972200393677 0.29924318194389343 0.025265749543905258 0.033687666058540344
0 0.7655251026153564 0.38826093077659607 0.025265749543905258 0.033687666058540344
0 0.6871796250343323 0.3864397704601288 0.025265749543905258 0.033687666058540344
0 0.6086601614952087 0.3846145272254944 0.025265749543905258 0.033687666058540344
0 0.5299661755561829 0.38278526067733765 0.025265749543905258 0.033687666058540344
0 0.4510970413684845 0.3809519112110138 0.025265749543905258 0.033687666058540344
0 0.3720521628856659 0.3791144788265228 0.025265749543905258 0.033687666058540344
0 0.2928310036659241 0.37727293372154236 0.025265749543905258 0.033687666058540344
0 0.7806047797203064 0.475448876619339 0.025265749543905258 0.033687666058540344
0 0.6977190375328064 0.4736240804195404 0.025265749543905258 0.033687666058540344
0 0.6146385669708252 0.471794992685318 0.025265749543905258 0.033687666058540344
0 0.5313625931739807 0.46996158361434937 0.025265749543905258 0.033687666058540344
0 0.4478905200958252 0.4681238830089569 0.025265749543905258 0.033687666058540344
0 0.3642215430736542 0.46628183126449585 0.025265749543905258 0.033687666058540344
0 0.2803550362586975 0.4644354283809662 0.025265749543905258 0.033687666058540344
0 0.7975450754165649 0.5733948349952698 0.025265749543905258 0.033687666058540344
0 0.7095605731010437 0.5715793371200562 0.025265749543905258 0.033687666058540344
0 0.6213564872741699 0.5697593092918396 0.025265749543905258 0.033687666058540344
0 0.5329320430755615 0.5679348111152649 0.025265749543905258 0.033687666058540344
0 0.4442863464355469 0.5661056637763977 0.025265749543905258 0.033687666058540344
0 0.35541868209838867 0.5642719864845276 0.025265749543905258 0.033687666058540344
0 0.2663281261920929 0.562433660030365 0.025265749543905258 0.033687666058540344
0 0.8167130947113037 0.6842207312583923 0.025265749543905258 0.033687666058540344
0 0.7229613065719604 0.6824329495429993 0.025265749543905258 0.033687666058540344
0 0.628960132598877 0.6806403994560242 0.025265749543905258 0.033687666058540344
0 0.5347086191177368 0.6788430213928223 0.025265749543905258 0.033687666058540344
0 0.44020572304725647 0.6770408749580383 0.025265749543905258 0.033687666058540344
0 0.3454504907131195 0.6752339601516724 0.025265749543905258 0.033687666058540344
0 0.25044184923171997 0.6734221577644348 0.025265749543905258 0.033687666058540344