0 0.7073127031326294 0.1621602177619934 0.02290453378421565 0.03424977014462153
0 0.6318891644477844 0.16122163832187653 0.02290453378421565 0.03424977014462153
0 0.5558966994285583 0.16027598083019257 0.02290453378421565 0.03424977014462153
0 0.4793289303779602 0.15932317078113556 0.02290453378421565 0.03424977014462153
0 0.4021792411804199 0.15836311876773834 0.02290453378421565 0.03424977014462153
0 0.32444101572036743 0.15739573538303375 0.02290453378421565 0.03424977014462153
0 0.24610747396945953 0.15642094612121582 0.02290453378421565 0.03424977014462153
0 0.7189143896102905 0.24221491813659668 0.02290453378421565 0.03424977014462153
0 0.6407677531242371 0.24155369400978088 0.02290453378421565 0.03424977014462153
0 0.5620099902153015 0.24088729918003082 0.02290453378421565 0.03424977014462153
0 0.48263388872146606 0.24021568894386292 0.02290453378421565 0.03424977014462153
0 0.4026321470737457 0.23953877389431 0.02290453378421565 0.03424977014462153
0 0.32199734449386597 0.2388564944267273 0.02290453378421565 0.03424977014462153
0 0.2407219409942627 0.23816880583763123 0.02290453378421565 0.03424977014462153
0 0.7313965559005737 0.328345388174057 0.02290453378421565 0.03424977014462153
0 0.6503229141235352 0.32800722122192383 0.02290453378421565 0.03424977014462153
0 0.5685909986495972 0.327666312456131 0.02290453378421565 0.03424977014462153
0 0.4861927330493927 0.3273226320743561 0.02290453378421565 0.03424977014462153
0 0.4031199812889099 0.32697615027427673 0.02290453378421565 0.03424977014462153
0 0.31936439871788025 0.32662680745124817 0.02290453378421565 0.03424977014462153
0 0.234917551279068 0.326274573802948 0.02290453378421565 0.03424977014462153
0 0.7448633909225464 0.42127060890197754 0.02290453378421565 0.03424977014462153
0 0.6606349945068359 0.4213096797466278 0.02290453378421565 0.03424977014462153
0 0.5756955146789551 0.42134904861450195 0.02290453378421565 0.03424977014462153
0 0.49003592133522034 0.42138877511024475 0.02290453378421565 0.03424977014462153
0 0.40364694595336914 0.4214288294315338 0.02290453378421565 0.03424977014462153
0 0.3165193200111389 0.42146924138069153 0.02290453378421565 0.03424977014462153
0 0.22864346206188202 0.4215099811553955 0.02290453378421565 0.03424977014462153
0 0.7594362497329712 0.5218276381492615 0.02290453378421565 0.03424977014462153
0 0.6717977523803711 0.5223084688186646 0.02290453378421565 0.03424977014462153
0 0.5833886861801147 0.5227934718132019 0.02290453378421565 0.03424977014462153
0 0.49419888854026794 0.5232827663421631 0.02290453378421565 0.03424977014462153
0 0.40421798825263977 0.5237764120101929 0.02290453378421565 0.03424977014462153
0 0.3134353458881378 0.524274468421936 0.02290453378421565 0.03424977014462153
0 0.2218402475118637 0.5247769355773926 0.02290453378421565 0.03424977014462153
0 0.7752572298049927 0.6309969425201416 0.02290453378421565 0.03424977014462153
0 0.6839209198951721 0.6319968104362488 0.02290453378421565 0.03424977014462153
0 0.5917468070983887 0.6330057978630066 0.02290453378421565 0.03424977014462153
0 0.4987233579158783 0.6340241432189941 0.02290453378421565 0.03424977014462153
0 0.40483880043029785 0.6350518465042114 0.02290453378421565 0.03424977014462153
0 0.3100811243057251 0.6360892057418823 0.02290453378421565 0.03424977014462153
0 0.2144380509853363 0.6371361613273621 0.02290453378421565 0.03424977014462153
0 0.7924938201904297 0.7499344348907471 0.02290453378421565 0.03424977014462153
0 0.6971339583396912 0.7515465617179871 0.02290453378421565 0.03424977014462153
0 0.6008599400520325 0.7531741857528687 0.02290453378421565 0.03424977014462153
0 0.5036585330963135 0.7548174858093262 0.02290453378421565 0.03424977014462153
0 0.40551626682281494 0.7564767003059387 0.02290453378421565 0.03424977014462153
0 0.3064194619655609 0.7581520676612854 0.02290453378421565 0.03424977014462153
0 0.20635409653186798 0.7598437666893005 0.02290453378421565 0.03424977014462153