0 0.7005690336227417 0.37386107444763184 0.029775644342104595 0.029775644342104595
0 0.6357995867729187 0.3741615116596222 0.029775644342104595 0.029775644342104595
0 0.5709163546562195 0.37446245551109314 0.029775644342104595 0.029775644342104595
0 0.5059190392494202 0.37476393580436707 0.029775644342104595 0.029775644342104595
0 0.44080740213394165 0.37506595253944397 0.029775644342104595 0.029775644342104595
0 0.3755810558795929 0.37536850571632385 0.029775644342104595 0.029775644342104595
0 0.3102397620677948 0.3756715655326843 0.029775644342104595 0.029775644342104595
0 0.7095730900764465 0.42601314187049866 0.029775644342104595 0.029775644342104595
0 0.6422004103660583 0.42637330293655396 0.029775644342104595 0.029775644342104595
0 0.574704647064209 0.4267341196537018 0.029775644342104595 0.029775644342104595
0 0.507085382938385 0.42709556221961975 0.029775644342104595 0.029775644342104595
0 0.4393423795700073 0.42745769023895264 0.029775644342104595 0.029775644342104595
0 0.3714752197265625 0.42782047390937805 0.029775644342104595 0.029775644342104595
0 0.30348360538482666 0.4281839430332184 0.029775644342104595 0.029775644342104595
0 0.7193329930305481 0.4825431704521179 0.029775644342104595 0.029775644342104595
0 0.6491391062736511 0.4829722046852112 0.029775644342104595 0.029775644342104595
0 0.578811526298523 0.4834020733833313 0.029775644342104595 0.029775644342104595
0 0.5083499550819397 0.48383277654647827 0.029775644342104595 0.029775644342104595
0 0.43775391578674316 0.4842642843723297 0.029775644342104595 0.029775644342104595
0 0.3670230507850647 0.4846965968608856 0.029775644342104595 0.029775644342104595
0 0.29615700244903564 0.4851297438144684 0.029775644342104595 0.029775644342104595
0 0.7299480438232422 0.5440265536308289 0.029775644342104595 0.029775644342104595
0 0.6566863656044006 0.5445354580879211 0.029775644342104595 0.029775644342104595
0 0.583279013633728 0.5450453758239746 0.029775644342104595 0.029775644342104595
0 0.5097256302833557 0.5455563068389893 0.029775644342104595 0.029775644342104595
0 0.4360257089138031 0.5460682511329651 0.029775644342104595 0.029775644342104595
0 0.36217886209487915 0.5465812087059021 0.029775644342104595 0.029775644342104595
0 0.28818461298942566 0.5470952391624451 0.029775644342104595 0.029775644342104595
0 0.7415359020233154 0.6111441254615784 0.029775644342104595 0.029775644342104595
0 0.6649259924888611 0.611746072769165 0.029775644342104595 0.029775644342104595
0 0.5881567597389221 0.612349271774292 0.029775644342104595 0.029775644342104595
0 0.5112277269363403 0.6129537224769592 0.029775644342104595 0.029775644342104595
0 0.4341384768486023 0.6135594248771667 0.029775644342104595 0.029775644342104595
0 0.35688841342926025 0.6141664385795593 0.029775644342104595 0.029775644342104595
0 0.279477059841156 0.6147747039794922 0.029775644342104595 0.029775644342104595
0 0.75423663854599 0.6847075819969177 0.029775644342104595 0.029775644342104595
0 0.6739577651023865 0.6854185461997986 0.029775644342104595 0.029775644342104595
0 0.5935039520263672 0.6861310005187988 0.029775644342104595 0.029775644342104595
0 0.5128746032714844 0.686845064163208 0.029775644342104595 0.029775644342104595
0 0.43206918239593506 0.6875606775283813 0.029775644342104595 0.029775644342104595
0 0.3510870933532715 0.6882779002189636 0.029775644342104595 0.029775644342104595
0 0.2699277698993683 0.6889966726303101 0.029775644342104595 0.029775644342104595
0 0.7682186365127563 0.7656922936439514 0.029775644342104595 0.029775644342104595
0 0.6839017271995544 0.766531765460968 0.029775644342104595 0.029775644342104595
0 0.5993918180465698 0.7673731446266174 0.029775644342104595 0.029775644342104595
0 0.5146881937980652 0.7682164311408997 0.029775644342104595 0.029775644342104595
0 0.429790198802948 0.7690616846084595 0.029775644342104595 0.029775644342104595
0 0.34469717741012573 0.7699088454246521 0.029775644342104595 0.029775644342104595
0 0.25940847396850586 0.7707579731941223 0.029775644342104595 0.029775644342104595