0 0.7217904329299927 0.20269545912742615 0.03421483685572942 0.03421483685572942
0 0.6460518836975098 0.2024865448474884 0.03421483685572942 0.03421483685572942
0 0.5701961517333984 0.2022773176431656 0.03421483685572942 0.03421483685572942
0 0.4942229688167572 0.2020677626132965 0.03421483685572942 0.03421483685572942
0 0.4181320071220398 0.20185787975788116 0.03421483685572942 0.03421483685572942
0 0.3419230580329895 0.20164768397808075 0.03421483685572942 0.03421483685572942
0 0.26559579372406006 0.20143716037273407 0.03421483685572942 0.03421483685572942
0 0.7306056022644043 0.2576214671134949 0.03421483685572942 0.03421483685572942
0 0.6519657969474792 0.25744864344596863 0.03421483685572942 0.03421483685572942
0 0.5731996297836304 0.2572755217552185 0.03421483685572942 0.03421483685572942
0 0.4943068027496338 0.2571021318435669 0.03421483685572942 0.03421483685572942
0 0.41528698801994324 0.2569284737110138 0.03421483685572942 0.03421483685572942
0 0.3361399173736572 0.2567545175552368 0.03421483685572942 0.03421483685572942
0 0.2568652331829071 0.25658029317855835 0.03421483685572942 0.03421483685572942
0 0.7401242256164551 0.3169305920600891 0.03421483685572942 0.03421483685572942
0 0.6583520174026489 0.3168003559112549 0.03421483685572942 0.03421483685572942
0 0.5764431953430176 0.31666994094848633 0.03421483685572942 0.03421483685572942
0 0.4943973422050476 0.3165392577648163 0.03421483685572942 0.03421483685572942
0 0.4122141897678375 0.3164083957672119 0.03421483685572942 0.03421483685572942
0 0.3298933506011963 0.31627729535102844 0.03421483685572942 0.03421483685572942
0 0.24743446707725525 0.31614598631858826 0.03421483685572942 0.03421483685572942
0 0.7504339814186096 0.38116925954818726 0.03421483685572942 0.03421483685572942
0 0.6652694940567017 0.3810894787311554 0.03421483685572942 0.03421483685572942
0 0.5799567699432373 0.3810095489025116 0.03421483685572942 0.03421483685572942
0 0.4944954514503479 0.38092949986457825 0.03421483685572942 0.03421483685572942
0 0.40888509154319763 0.38084930181503296 0.03421483685572942 0.03421483685572942
0 0.32312530279159546 0.38076895475387573 0.03421483685572942 0.03421483685572942
0 0.23721574246883392 0.38068848848342896 0.03421483685572942 0.03421483685572942
0 0.761637806892395 0.45097869634628296 0.03421483685572942 0.03421483685572942
0 0.6727874279022217 0.450958788394928 0.03421483685572942 0.03421483685572942
0 0.5837756395339966 0.4509388506412506 0.03421483685572942 0.03421483685572942
0 0.4946020841598511 0.45091885328292847 0.03421483685572942 0.03421483685572942
0 0.4052662253379822 0.4508988559246063 0.03421483685572942 0.03421483685572942
0 0.31576767563819885 0.4508787989616394 0.03421483685572942 0.03421483685572942
0 0.22610600292682648 0.4508587121963501 0.03421483685572942 0.03421483685572942
0 0.7738572955131531 0.5271164178848267 0.03421483685572942 0.03421483685572942
0 0.6809874773025513 0.527167797088623 0.03421483685572942 0.03421483685572942
0 0.5879413485527039 0.527219295501709 0.03421483685572942 0.03421483685572942
0 0.49471840262413025 0.5272709131240845 0.03421483685572942 0.03421483685572942
0 0.4013180732727051 0.5273225903511047 0.03421483685572942 0.03421483685572942
0 0.30773991346359253 0.5273743867874146 0.03421483685572942 0.03421483685572942
0 0.21398338675498962 0.5274263024330139 0.03421483685572942 0.03421483685572942
0 0.7872370481491089 0.610483705997467 0.03421483685572942 0.03421483685572942
0 0.6899669766426086 0.610620379447937 0.03421483685572942 0.03421483685572942
0 0.5925034284591675 0.6107573509216309 0.03421483685572942 0.03421483685572942
0 0.49484577775001526 0.6108945608139038 0.03421483685572942 0.03421483685572942
0 0.3969935476779938 0.6110320687294006 0.03421483685572942 0.03421483685572942
0 0.2989460527896881 0.6111698150634766 0.03421483685572942 0.03421483685572942
0 0.20070278644561768 0.6113078594207764 0.03421483685572942 0.03421483685572942