0 0.6910471320152283 0.15331147611141205 0.02489718236029148 0.033196243147055306
0 0.6229597330093384 0.15489932894706726 0.02489718236029148 0.033196243147055306
0 0.5548109412193298 0.15648861229419708 0.02489718236029148 0.033196243147055306
0 0.486600786447525 0.1580793261528015 0.02489718236029148 0.033196243147055306
0 0.418329119682312 0.15967147052288055 0.02489718236029148 0.033196243147055306
0 0.349995881319046 0.1612650454044342 0.02489718236029148 0.033196243147055306
0 0.2816009819507599 0.16286006569862366 0.02489718236029148 0.033196243147055306
0 0.7010581493377686 0.21895191073417664 0.02489718236029148 0.033196243147055306
0 0.6297752261161804 0.22064532339572906 0.02489718236029148 0.033196243147055306
0 0.5584250688552856 0.22234034538269043 0.02489718236029148 0.033196243147055306
0 0.4870075583457947 0.22403696179389954 0.02489718236029148 0.033196243147055306
0 0.41552266478538513 0.22573517262935638 0.02489718236029148 0.033196243147055306
0 0.34397023916244507 0.22743499279022217 0.02489718236029148 0.033196243147055306
0 0.2723502218723297 0.2291364222764969 0.02489718236029148 0.033196243147055306
0 0.7120561599731445 0.29106390476226807 0.02489718236029148 0.033196243147055306
0 0.6372630000114441 0.2928765118122101 0.02489718236029148 0.033196243147055306
0 0.5623958110809326 0.29469090700149536 0.02489718236029148 0.033196243147055306
0 0.48745447397232056 0.2965070903301239 0.02489718236029148 0.033196243147055306
0 0.41243892908096313 0.2983250916004181 0.02489718236029148 0.033196243147055306
0 0.3373490273952484 0.30014488101005554 0.02489718236029148 0.033196243147055306
0 0.26218467950820923 0.30196648836135864 0.02489718236029148 0.033196243147055306
0 0.7241946458816528 0.3706541359424591 0.02489718236029148 0.033196243147055306
0 0.6455276608467102 0.3726021647453308 0.02489718236029148 0.033196243147055306
0 0.5667787194252014 0.37455224990844727 0.02489718236029148 0.033196243147055306
0 0.48794782161712646 0.3765043318271637 0.02489718236029148 0.033196243147055306
0 0.40903475880622864 0.3784584701061249 0.02489718236029148 0.033196243147055306
0 0.330039381980896 0.3804146647453308 0.02489718236029148 0.033196243147055306
0 0.25096163153648376 0.3823728561401367 0.02489718236029148 0.033196243147055306
0 0.737660825252533 0.458949476480484 0.02489718236029148 0.033196243147055306
0 0.6546967625617981 0.4610525667667389 0.02489718236029148 0.033196243147055306
0 0.5716416239738464 0.4631579518318176 0.02489718236029148 0.033196243147055306
0 0.48849520087242126 0.4652656614780426 0.02489718236029148 0.033196243147055306
0 0.4052574038505554 0.4673756957054138 0.02489718236029148 0.033196243147055306
0 0.32192808389663696 0.4694880247116089 0.02489718236029148 0.033196243147055306
0 0.23850703239440918 0.4716026782989502 0.02489718236029148 0.033196243147055306
0 0.7526850700378418 0.5574607849121094 0.02489718236029148 0.033196243147055306
0 0.6649273633956909 0.5597427487373352 0.02489718236029148 0.033196243147055306
0 0.5770677924156189 0.5620273947715759 0.02489718236029148 0.033196243147055306
0 0.48910605907440186 0.5643147230148315 0.02489718236029148 0.033196243147055306
0 0.40104201436042786 0.5666046738624573 0.02489718236029148 0.033196243147055306
0 0.31287553906440735 0.5688973069190979 0.02489718236029148 0.033196243147055306
0 0.22460637986660004 0.5711926221847534 0.02489718236029148 0.033196243147055306
0 0.7695543766021729 0.6680698394775391 0.02489718236029148 0.033196243147055306
0 0.6764151453971863 0.6705602407455444 0.02489718236029148 0.033196243147055306
0 0.5831611156463623 0.6730536222457886 0.02489718236029148 0.033196243147055306
0 0.4897920489311218 0.6755501627922058 0.02489718236029148 0.033196243147055306
0 0.39630767703056335 0.6780497431755066 0.02489718236029148 0.033196243147055306
0 0.30270785093307495 0.6805524230003357 0.02489718236029148 0.033196243147055306
0 0.20899231731891632 0.6830582022666931 0.02489718236029148 0.033196243147055306