0 0.308719277381897 0.3760741651058197 0.01952709257602692 0.026036123434702556
0 0.30313581228256226 0.43919238448143005 0.01952709257602692 0.026036123434702556
0 0.2972259223461151 0.5060006380081177 0.01952709257602692 0.026036123434702556
0 0.2909601032733917 0.5768322348594666 0.01952709257602692 0.026036123434702556
0 0.28430524468421936 0.652061939239502 0.01952709257602692 0.026036123434702556
0 0.2772239148616791 0.7321125864982605 0.01952709257602692 0.026036123434702556
0 0.26967379450798035 0.8174627423286438 0.01952709257602692 0.026036123434702556
0 0.37185168266296387 0.3770425617694855 0.01952709257602692 0.026036123434702556
0 0.3680626153945923 0.4401649832725525 0.01952709257602692 0.026036123434702556
0 0.3640521466732025 0.506976306438446 0.01952709257602692 0.026036123434702556
0 0.35980021953582764 0.5778095722198486 0.01952709257602692 0.026036123434702556
0 0.3552844226360321 0.6530393362045288 0.01952709257602692 0.026036123434702556
0 0.3504793345928192 0.733087956905365 0.01952709257602692 0.026036123434702556
0 0.345356285572052 0.8184337019920349 0.01952709257602692 0.026036123434702556
0 0.43493881821632385 0.37801027297973633 0.01952709257602692 0.026036123434702556
0 0.43294158577919006 0.44113689661026 0.01952709257602692 0.026036123434702556
0 0.43082767724990845 0.5079512596130371 0.01952709257602692 0.026036123434702556
0 0.42858654260635376 0.5787861943244934 0.01952709257602692 0.026036123434702556
0 0.4262063801288605 0.6540158987045288 0.01952709257602692 0.026036123434702556
0 0.4236738383769989 0.7340624928474426 0.01952709257602692 0.026036123434702556
0 0.4209737479686737 0.819403886795044 0.01952709257602692 0.026036123434702556
0 0.4979807734489441 0.3789772689342499 0.01952709257602692 0.026036123434702556
0 0.4977727234363556 0.44210806488990784 0.01952709257602692 0.026036123434702556
0 0.4975525736808777 0.5089254379272461 0.01952709257602692 0.026036123434702556
0 0.49731913208961487 0.5797620415687561 0.01952709257602692 0.026036123434702556
0 0.497071236371994 0.6549916863441467 0.01952709257602692 0.026036123434702556
0 0.4968074858188629 0.7350362539291382 0.01952709257602692 0.026036123434702556
0 0.4965262711048126 0.8203731775283813 0.01952709257602692 0.026036123434702556
0 0.5609775185585022 0.3799435794353485 0.01952709257602692 0.026036123434702556
0 0.5625561475753784 0.44307854771614075 0.01952709257602692 0.026036123434702556
0 0.5642268657684326 0.5098989009857178 0.01952709257602692 0.026036123434702556
0 0.5659980773925781 0.5807371139526367 0.01952709257602692 0.026036123434702556
0 0.5678790211677551 0.6559666991233826 0.01952709257602692 0.026036123434702556
0 0.5698803663253784 0.7360091805458069 0.01952709257602692 0.026036123434702556
0 0.5720139741897583 0.8213416337966919 0.01952709257602692 0.026036123434702556
0 0.6239292025566101 0.3809092044830322 0.01952709257602692 0.026036123434702556
0 0.6272917985916138 0.44404828548431396 0.01952709257602692 0.026036123434702556
0 0.630850613117218 0.5108716487884521 0.01952709257602692 0.026036123434702556
0 0.6346233487129211 0.5817114114761353 0.01952709257602692 0.026036123434702556
0 0.6386298537254333 0.6569409370422363 0.01952709257602692 0.026036123434702556
0 0.642892599105835 0.7369813323020935 0.01952709257602692 0.026036123434702556
0 0.6474369168281555 0.8223092555999756 0.01952709257602692 0.026036123434702556
0 0.6868358254432678 0.381874144077301 0.01952709257602692 0.026036123434702556
0 0.6919798851013184 0.4450173079967499 0.01952709257602692 0.026036123434702556
0 0.6974239349365234 0.5118436217308044 0.01952709257602692 0.026036123434702556
0 0.7031950950622559 0.5826849341392517 0.01952709257602692 0.026036123434702556
0 0.7093237638473511 0.657914400100708 0.01952709257602692 0.026036123434702556
0 0.7158441543579102 0.7379526495933533 0.01952709257602692 0.026036123434702556
0 0.7227951288223267 0.8232761025428772 0.01952709257602692 0.026036123434702556