0 0.7560174465179443 0.26792070269584656 0.034645880262056984 0.034645880262056984
0 0.671371340751648 0.2621277868747711 0.034645880262056984 0.034645880262056984
0 0.5887656807899475 0.25647449493408203 0.034645880262056984 0.034645880262056984
0 0.5081275105476379 0.25095587968826294 0.034645880262056984 0.034645880262056984
0 0.4293874204158783 0.24556714296340942 0.034645880262056984 0.034645880262056984
0 0.35247915983200073 0.24030378460884094 0.034645880262056984 0.034645880262056984
0 0.27733954787254333 0.2351614534854889 0.034645880262056984 0.034645880262056984
0 0.7513633370399475 0.33778291940689087 0.034645880262056984 0.034645880262056984
0 0.6637722849845886 0.3309018909931183 0.034645880262056984 0.034645880262056984
0 0.5783666372299194 0.3241925537586212 0.034645880262056984 0.034645880262056984
0 0.4950656294822693 0.3176485300064087 0.034645880262056984 0.034645880262056984
0 0.4137924313545227 0.3112638294696808 0.034645880262056984 0.034645880262056984
0 0.3344738185405731 0.3050326704978943 0.034645880262056984 0.034645880262056984
0 0.2570401728153229 0.29894956946372986 0.034645880262056984 0.034645880262056984
0 0.7463621497154236 0.41285401582717896 0.034645880262056984 0.034645880262056984
0 0.6556140184402466 0.40473657846450806 0.034645880262056984 0.034645880262056984
0 0.5672123432159424 0.3968290388584137 0.034645880262056984 0.034645880262056984
0 0.4810671806335449 0.3891233503818512 0.034645880262056984 0.034645880262056984
0 0.397093266248703 0.3816118538379669 0.034645880262056984 0.034645880262056984
0 0.3152095377445221 0.37428733706474304 0.034645880262056984 0.034645880262056984
0 0.23533892631530762 0.367142915725708 0.034645880262056984 0.034645880262056984
0 0.740973711013794 0.4937390685081482 0.034645880262056984 0.034645880262056984
0 0.6468325853347778 0.4842117130756378 0.034645880262056984 0.034645880262056984
0 0.5552173256874084 0.4749400019645691 0.034645880262056984 0.034645880262056984
0 0.4660276174545288 0.4659137725830078 0.034645880262056984 0.034645880262056984
0 0.37916842103004456 0.45712336897850037 0.034645880262056984 0.034645880262056984
0 0.29454952478408813 0.4485597014427185 0.034645880262056984 0.034645880262056984
0 0.21208538115024567 0.4402140974998474 0.034645880262056984 0.034645880262056984
0 0.7351511120796204 0.5811406970024109 0.034645880262056984 0.034645880262056984
0 0.6373536586761475 0.5699993371963501 0.034645880262056984 0.034645880262056984
0 0.5422828793525696 0.5591685771942139 0.034645880262056984 0.034645880262056984
0 0.4498263895511627 0.5486356616020203 0.034645880262056984 0.034645880262056984
0 0.3598777651786804 0.5383884906768799 0.034645880262056984 0.034645880262056984
0 0.27233636379241943 0.5284155011177063 0.034645880262056984 0.034645880262056984
0 0.18710681796073914 0.5187059044837952 0.034645880262056984 0.034645880262056984
0 0.7288396954536438 0.6758794784545898 0.034645880262056984 0.034645880262056984
0 0.6270906925201416 0.6628825664520264 0.034645880262056984 0.034645880262056984
0 0.5282941460609436 0.6502627730369568 0.034645880262056984 0.034645880262056984
0 0.4323234558105469 0.6380040049552917 0.034645880262056984 0.034645880262056984
0 0.33905908465385437 0.6260908842086792 0.034645880262056984 0.034645880262056984
0 0.2483881115913391 0.6145089864730835 0.034645880262056984 0.034645880262056984
0 0.16020390391349792 0.6032447814941406 0.034645880262056984 0.034645880262056984
0 0.7219752669334412 0.7789198160171509 0.034645880262056984 0.034645880262056984
0 0.6159422397613525 0.7637797594070435 0.034645880262056984 0.034645880262056984
0 0.513116717338562 0.7490977048873901 0.034645880262056984 0.034645880262056984
0 0.41335535049438477 0.734853208065033 0.034645880262056984 0.034645880262056984
0 0.3165232539176941 0.7210268974304199 0.034645880262056984 0.034645880262056984
0 0.22249320149421692 0.7076007127761841 0.034645880262056984 0.034645880262056984
0 0.13114532828330994 0.6945575475692749 0.034645880262056984 0.034645880262056984