0 0.6044357419013977 0.2547540068626404 0.014773741364479065 0.026264429092407227
0 0.5575370788574219 0.25523605942726135 0.014773741364479065 0.026264429092407227
0 0.5104473829269409 0.2557201087474823 0.014773741364479065 0.026264429092407227
0 0.46316537261009216 0.25620612502098083 0.014773741364479065 0.026264429092407227
0 0.4156899154186249 0.25669410824775696 0.014773741364479065 0.026264429092407227
0 0.36801984906196594 0.25718411803245544 0.014773741364479065 0.026264429092407227
0 0.32015395164489746 0.2576761245727539 0.014773741364479065 0.026264429092407227
0 0.6084163188934326 0.317725270986557 0.014773741364479065 0.026264429092407227
0 0.559917688369751 0.31835630536079407 0.014773741364479065 0.026264429092407227
0 0.5112146735191345 0.31898999214172363 0.014773741364479065 0.026264429092407227
0 0.4623059332370758 0.3196263313293457 0.014773741364479065 0.026264429092407227
0 0.41319021582603455 0.32026538252830505 0.014773741364479065 0.026264429092407227
0 0.3638661503791809 0.3209071457386017 0.014773741364479065 0.026264429092407227
0 0.3143324553966522 0.3215516209602356 0.014773741364479065 0.026264429092407227
0 0.6126790046691895 0.38515931367874146 0.014773741364479065 0.026264429092407227
0 0.5624673962593079 0.38595959544181824 0.014773741364479065 0.026264429092407227
0 0.5120366215705872 0.3867633640766144 0.014773741364479065 0.026264429092407227
0 0.46138522028923035 0.3875706195831299 0.014773741364479065 0.026264429092407227
0 0.4105117917060852 0.3883814513683319 0.014773741364479065 0.026264429092407227
0 0.35941487550735474 0.38919582962989807 0.014773741364479065 0.026264429092407227
0 0.30809298157691956 0.39001378417015076 0.014773741364479065 0.026264429092407227
0 0.617254912853241 0.45754796266555786 0.014773741364479065 0.026264429092407227
0 0.5652048587799072 0.4585411250591278 0.014773741364479065 0.026264429092407227
0 0.5129191875457764 0.4595387876033783 0.014773741364479065 0.026264429092407227
0 0.460396409034729 0.4605409801006317 0.014773741364479065 0.026264429092407227
0 0.40763482451438904 0.46154773235321045 0.014773741364479065 0.026264429092407227
0 0.35463282465934753 0.4625590741634369 0.014773741364479065 0.026264429092407227
0 0.30138877034187317 0.46357500553131104 0.014773741364479065 0.026264429092407227
0 0.6221798062324524 0.5354580879211426 0.014773741364479065 0.026264429092407227
0 0.568151593208313 0.5366718769073486 0.014773741364479065 0.026264429092407227
0 0.5138694047927856 0.5378913283348083 0.014773741364479065 0.026264429092407227
0 0.45933160185813904 0.5391165018081665 0.014773741364479065 0.026264429092407227
0 0.40453630685806274 0.5403475165367126 0.014773741364479065 0.026264429092407227
0 0.3494817018508911 0.541584312915802 0.014773741364479065 0.026264429092407227
0 0.2941659092903137 0.5428270101547241 0.014773741364479065 0.026264429092407227
0 0.627495288848877 0.6195464730262756 0.014773741364479065 0.026264429092407227
0 0.5713325142860413 0.6210134029388428 0.014773741364479065 0.026264429092407227
0 0.5148953795433044 0.6224875450134277 0.014773741364479065 0.026264429092407227
0 0.458181768655777 0.6239688396453857 0.014773741364479065 0.026264429092407227
0 0.4011896848678589 0.6254574656486511 0.014773741364479065 0.026264429092407227
0 0.34391704201698303 0.6269533634185791 0.014773741364479065 0.026264429092407227
0 0.28636181354522705 0.6284566521644592 0.014773741364479065 0.026264429092407227
0 0.6332496404647827 0.7105783820152283 0.014773741364479065 0.026264429092407227
0 0.574776828289032 0.712337076663971 0.014773741364479065 0.026264429092407227
0 0.5160064697265625 0.7141047120094299 0.014773741364479065 0.026264429092407227
0 0.456936240196228 0.7158814072608948 0.014773741364479065 0.026264429092407227
0 0.3975638747215271 0.7176671624183655 0.014773741364479065 0.026264429092407227
0 0.3378870189189911 0.7194620370864868 0.014773741364479065 0.026264429092407227
0 0.27790334820747375 0.7212662100791931 0.014773741364479065 0.026264429092407227