0 0.3033226430416107 0.6482245326042175 0.020257897675037384 0.02701053023338318
0 0.378108412027359 0.6486046314239502 0.020257897675037384 0.02701053023338318
0 0.45374736189842224 0.6489890813827515 0.020257897675037384 0.02701053023338318
0 0.5302541851997375 0.6493780016899109 0.020257897675037384 0.02701053023338318
0 0.6076438426971436 0.6497713327407837 0.020257897675037384 0.02701053023338318
0 0.6859317421913147 0.6501692533493042 0.020257897675037384 0.02701053023338318
0 0.7651336789131165 0.6505718231201172 0.020257897675037384 0.02701053023338318
0 0.31382980942726135 0.5618667006492615 0.020257897675037384 0.02701053023338318
0 0.38516372442245483 0.5617622137069702 0.020257897675037384 0.02701053023338318
0 0.457273006439209 0.5616565346717834 0.020257897675037384 0.02701053023338318
0 0.5301704406738281 0.561549723148346 0.020257897675037384 0.02701053023338318
0 0.6038689613342285 0.5614417195320129 0.020257897675037384 0.02701053023338318
0 0.6783818602561951 0.5613325238227844 0.020257897675037384 0.02701053023338318
0 0.7537227272987366 0.5612221360206604 0.020257897675037384 0.02701053023338318
0 0.32340008020401 0.4832092225551605 0.020257897675037384 0.02701053023338318
0 0.39158666133880615 0.48270323872566223 0.020257897675037384 0.02701053023338318
0 0.46048101782798767 0.4821919798851013 0.020257897675037384 0.02701053023338318
0 0.5300942659378052 0.4816754162311554 0.020257897675037384 0.02701053023338318
0 0.6004377603530884 0.4811534285545349 0.020257897675037384 0.02701053023338318
0 0.6715229153633118 0.4806259274482727 0.020257897675037384 0.02701053023338318
0 0.7433616518974304 0.4800928235054016 0.020257897675037384 0.02701053023338318
0 0.33215343952178955 0.411266028881073 0.020257897675037384 0.02701053023338318
0 0.39745861291885376 0.41042619943618774 0.020257897675037384 0.02701053023338318
0 0.46341249346733093 0.40957802534103394 0.020257897675037384 0.02701053023338318
0 0.5300247669219971 0.4087214171886444 0.020257897675037384 0.02701053023338318
0 0.5973052978515625 0.40785616636276245 0.020257897675037384 0.02701053023338318
0 0.6652642488479614 0.4069822430610657 0.020257897675037384 0.02701053023338318
0 0.73391193151474 0.40609943866729736 0.020257897675037384 0.02701053023338318
0 0.3401901423931122 0.3452126383781433 0.020257897675037384 0.02701053023338318
0 0.4028475880622864 0.34409433603286743 0.020257897675037384 0.02701053023338318
0 0.46610167622566223 0.34296539425849915 0.020257897675037384 0.02701053023338318
0 0.5299609899520874 0.3418256640434265 0.020257897675037384 0.02701053023338318
0 0.5944342017173767 0.3406749665737152 0.020257897675037384 0.02701053023338318
0 0.6595302820205688 0.3395131528377533 0.020257897675037384 0.02701053023338318
0 0.7252582907676697 0.33834007382392883 0.020257897675037384 0.02701053023338318
0 0.3475947976112366 0.28435420989990234 0.020257897675037384 0.02701053023338318
0 0.407810777425766 0.2830030918121338 0.020257897675037384 0.02701053023338318
0 0.46857741475105286 0.28163963556289673 0.020257897675037384 0.02701053023338318
0 0.5299022793769836 0.28026363253593445 0.020257897675037384 0.02701053023338318
0 0.5917931199073792 0.2788749635219574 0.020257897675037384 0.02701053023338318
0 0.6542577743530273 0.2774733901023865 0.020257897675037384 0.02701053023338318
0 0.7173042893409729 0.27605876326560974 0.020257897675037384 0.02701053023338318
0 0.3544391393661499 0.22810107469558716 0.020257897675037384 0.02701053023338318
0 0.41239675879478455 0.2265550047159195 0.020257897675037384 0.02701053023338318
0 0.4708641767501831 0.22499534487724304 0.020257897675037384 0.02701053023338318
0 0.5298480987548828 0.2234218865633011 0.020257897675037384 0.02701053023338318
0 0.5893554091453552 0.2218344807624817 0.020257897675037384 0.02701053023338318
0 0.6493931412696838 0.22023291885852814 0.020257897675037384 0.02701053023338318
0 0.7099683880805969 0.2186170220375061 0.020257897675037384 0.02701053023338318