0 0.6833981275558472 0.1742439866065979 0.02515258826315403 0.03353678435087204
0 0.6170133352279663 0.17498965561389923 0.02515258826315403 0.03353678435087204
0 0.5500913262367249 0.17574134469032288 0.02515258826315403 0.03353678435087204
0 0.4826256334781647 0.1764991581439972 0.02515258826315403 0.03353678435087204
0 0.4146095812320709 0.17726314067840576 0.02515258826315403 0.03353678435087204
0 0.3460364043712616 0.17803338170051575 0.02515258826315403 0.03353678435087204
0 0.27689918875694275 0.17880995571613312 0.02515258826315403 0.03353678435087204
0 0.6958724856376648 0.23783865571022034 0.02515258826315403 0.03353678435087204
0 0.6263187527656555 0.2388892024755478 0.02515258826315403 0.03353678435087204
0 0.5561748147010803 0.23994866013526917 0.02515258826315403 0.03353678435087204
0 0.48543307185173035 0.241017147898674 0.02515258826315403 0.03353678435087204
0 0.41408586502075195 0.24209477007389069 0.02515258826315403 0.03353678435087204
0 0.34212538599967957 0.24318167567253113 0.02515258826315403 0.03353678435087204
0 0.26954373717308044 0.2442779541015625 0.02515258826315403 0.03353678435087204
0 0.7096136808395386 0.3078918755054474 0.02515258826315403 0.03353678435087204
0 0.6365734338760376 0.3093070685863495 0.02515258826315403 0.03353678435087204
0 0.562881588935852 0.31073489785194397 0.02515258826315403 0.03353678435087204
0 0.48852941393852234 0.31217554211616516 0.02515258826315403 0.03353678435087204
0 0.41350799798965454 0.3136291205883026 0.02515258826315403 0.03353678435087204
0 0.337808221578598 0.31509584188461304 0.02515258826315403 0.03353678435087204
0 0.2614209055900574 0.31657591462135315 0.02515258826315403 0.03353678435087204
0 0.7248250842094421 0.3854401707649231 0.02515258826315403 0.03353678435087204
0 0.647930383682251 0.38729429244995117 0.02515258826315403 0.03353678435087204
0 0.5703126788139343 0.38916584849357605 0.02515258826315403 0.03353678435087204
0 0.4919617474079132 0.3910551071166992 0.02515258826315403 0.03353678435087204
0 0.41286712884902954 0.3929622769355774 0.02515258826315403 0.03353678435087204
0 0.33301815390586853 0.39488765597343445 0.02515258826315403 0.03353678435087204
0 0.25240403413772583 0.3968314826488495 0.02515258826315403 0.03353678435087204
0 0.7417559027671814 0.4717543423175812 0.02515258826315403 0.03353678435087204
0 0.6605774760246277 0.47414061427116394 0.02515258826315403 0.03353678435087204
0 0.5785921216011047 0.4765506088733673 0.02515258826315403 0.03353678435087204
0 0.4957878887653351 0.47898465394973755 0.02515258826315403 0.03353678435087204
0 0.41215234994888306 0.4814431667327881 0.02515258826315403 0.03353678435087204
0 0.32767295837402344 0.4839264750480652 0.02515258826315403 0.03353678435087204
0 0.24233689904212952 0.4864349663257599 0.02515258826315403 0.03353678435087204
0 0.7607152462005615 0.56840980052948 0.02515258826315403 0.03353678435087204
0 0.6747477054595947 0.5714464783668518 0.02515258826315403 0.03353678435087204
0 0.5878739953041077 0.5745152235031128 0.02515258826315403 0.03353678435087204
0 0.5000796914100647 0.5776164531707764 0.02515258826315403 0.03353678435087204
0 0.4113501310348511 0.5807507634162903 0.02515258826315403 0.03353678435087204
0 0.3216702342033386 0.5839186310768127 0.02515258826315403 0.03353678435087204
0 0.23102466762065887 0.5871205925941467 0.02515258826315403 0.03353678435087204
0 0.7820908427238464 0.6773833632469177 0.02515258826315403 0.03353678435087204
0 0.6907339692115784 0.6812226176261902 0.02515258826315403 0.03353678435087204
0 0.5983520746231079 0.6851049661636353 0.02515258826315403 0.03353678435087204
0 0.5049277544021606 0.6890310645103455 0.02515258826315403 0.03353678435087204
0 0.41044333577156067 0.6930017471313477 0.02515258826315403 0.03353678435087204
0 0.3148806393146515 0.6970177292823792 0.02515258826315403 0.03353678435087204
0 0.21822111308574677 0.7010798454284668 0.02515258826315403 0.03353678435087204