0 0.22527024149894714 0.7382993102073669 0.03068963686625163 0.03068963686625163
0 0.31297558546066284 0.7374458312988281 0.03068963686625163 0.03068963686625163
0 0.40093469619750977 0.7365898489952087 0.03068963686625163 0.03068963686625163
0 0.48914870619773865 0.7357314229011536 0.03068963686625163 0.03068963686625163
0 0.5776187181472778 0.7348704934120178 0.03068963686625163 0.03068963686625163
0 0.6663458347320557 0.7340070605278015 0.03068963686625163 0.03068963686625163
0 0.7553312182426453 0.7331411242485046 0.03068963686625163 0.03068963686625163
0 0.23488479852676392 0.6485368609428406 0.03068963686625163 0.03068963686625163
0 0.3192068636417389 0.6475917100906372 0.03068963686625163 0.03068963686625163
0 0.40376347303390503 0.6466439962387085 0.03068963686625163 0.03068963686625163
0 0.4885556101799011 0.6456936597824097 0.03068963686625163 0.03068963686625163
0 0.5735841989517212 0.644740641117096 0.03068963686625163 0.03068963686625163
0 0.6588503122329712 0.6437849402427673 0.03068963686625163 0.03068963686625163
0 0.7443549036979675 0.6428266167640686 0.03068963686625163 0.03068963686625163
0 0.2437833994626999 0.5654587745666504 0.03068963686625163 0.03068963686625163
0 0.32497352361679077 0.5644378662109375 0.03068963686625163 0.03068963686625163
0 0.4063810408115387 0.5634141564369202 0.03068963686625163 0.03068963686625163
0 0.4880068302154541 0.5623877644538879 0.03068963686625163 0.03068963686625163
0 0.5698517560958862 0.561358630657196 0.03068963686625163 0.03068963686625163
0 0.6519167423248291 0.5603266954421997 0.03068963686625163 0.03068963686625163
0 0.7342026233673096 0.5592919588088989 0.03068963686625163 0.03068963686625163
0 0.25204309821128845 0.48834529519081116 0.03068963686625163 0.03068963686625163
0 0.3303256332874298 0.48726165294647217 0.03068963686625163 0.03068963686625163
0 0.40881019830703735 0.4861752390861511 0.03068963686625163 0.03068963686625163
0 0.48749762773513794 0.48508599400520325 0.03068963686625163 0.03068963686625163
0 0.5663886666297913 0.4839939475059509 0.03068963686625163 0.03068963686625163
0 0.6454841494560242 0.4828990399837494 0.03068963686625163 0.03068963686625163
0 0.7247848510742188 0.4818013310432434 0.03068963686625163 0.03068963686625163
0 0.25973036885261536 0.4165762662887573 0.03068963686625163 0.03068963686625163
0 0.335306316614151 0.41544094681739807 0.03068963686625163 0.03068963686625163
0 0.4110705554485321 0.414302796125412 0.03068963686625163 0.03068963686625163
0 0.48702383041381836 0.4131617844104767 0.03068963686625163 0.03068963686625163
0 0.5631667971611023 0.41201794147491455 0.03068963686625163 0.03068963686625163
0 0.6395002007484436 0.4108712375164032 0.03068963686625163 0.03068963686625163
0 0.7160246968269348 0.40972164273262024 0.03068963686625163 0.03068963686625163
0 0.26690271496772766 0.3496147394180298 0.03068963686625163 0.03068963686625163
0 0.3399529755115509 0.34843698143959045 0.03068963686625163 0.03068963686625163
0 0.4131791591644287 0.3472563624382019 0.03068963686625163 0.03068963686625163
0 0.4865818917751312 0.34607288241386414 0.03068963686625163 0.03068963686625163
0 0.5601617693901062 0.34488657116889954 0.03068963686625163 0.03068963686625163
0 0.6339194774627686 0.34369736909866333 0.03068963686625163 0.03068963686625163
0 0.7078556418418884 0.3425053060054779 0.03068963686625163 0.03068963686625163
0 0.2736101746559143 0.2869932949542999 0.03068963686625163 0.03068963686625163
0 0.3442981243133545 0.2857808768749237 0.03068963686625163 0.03068963686625163
0 0.41515079140663147 0.28456562757492065 0.03068963686625163 0.03068963686625163
0 0.48616868257522583 0.28334754705429077 0.03068963686625163 0.03068963686625163
0 0.5573524236679077 0.28212660551071167 0.03068963686625163 0.03068963686625163
0 0.6287025809288025 0.28090283274650574 0.03068963686625163 0.03068963686625163
0 0.7002197504043579 0.2796761691570282 0.03068963686625163 0.03068963686625163