0 0.29843685030937195 0.19256635010242462 0.018882564269006252 0.0335690031449
0 0.29266270995140076 0.2730935215950012 0.018882564269006252 0.0335690031449
0 0.28644487261772156 0.3598092198371887 0.018882564269006252 0.0335690031449
0 0.27973005175590515 0.4534553289413452 0.018882564269006252 0.0335690031449
0 0.27245625853538513 0.5548973083496094 0.018882564269006252 0.0335690031449
0 0.2645506262779236 0.6651508808135986 0.018882564269006252 0.0335690031449
0 0.25592711567878723 0.7854162454605103 0.018882564269006252 0.0335690031449
0 0.3584260940551758 0.19386112689971924 0.018882564269006252 0.0335690031449
0 0.3548811078071594 0.27422454953193665 0.018882564269006252 0.0335690031449
0 0.35106444358825684 0.3607470989227295 0.018882564269006252 0.0335690031449
0 0.34694358706474304 0.4541650116443634 0.018882564269006252 0.0335690031449
0 0.34248068928718567 0.5553367733955383 0.018882564269006252 0.0335690031449
0 0.33763134479522705 0.6652696132659912 0.018882564269006252 0.0335690031449
0 0.33234307169914246 0.7851529717445374 0.018882564269006252 0.0335690031449
0 0.418112188577652 0.19514937698841095 0.018882564269006252 0.0335690031449
0 0.4167734980583191 0.2753496766090393 0.018882564269006252 0.0335690031449
0 0.41533246636390686 0.36167988181114197 0.018882564269006252 0.0335690031449
0 0.4137769341468811 0.45487067103385925 0.018882564269006252 0.0335690031449
0 0.4120926856994629 0.5557736754417419 0.018882564269006252 0.0335690031449
0 0.4102630317211151 0.6653876304626465 0.018882564269006252 0.0335690031449
0 0.4082682728767395 0.7848913669586182 0.018882564269006252 0.0335690031449
0 0.477497398853302 0.19643111526966095 0.018882564269006252 0.0335690031449
0 0.4783424139022827 0.2764689326286316 0.018882564269006252 0.0335690031449
0 0.4792518615722656 0.36260759830474854 0.018882564269006252 0.0335690031449
0 0.480233371257782 0.45557233691215515 0.018882564269006252 0.0335690031449
0 0.4812958538532257 0.5562080144882202 0.018882564269006252 0.0335690031449
0 0.48244979977607727 0.6655049324035645 0.018882564269006252 0.0335690031449
0 0.4837075173854828 0.7846314907073975 0.018882564269006252 0.0335690031449
0 0.5365840196609497 0.1977064162492752 0.018882564269006252 0.0335690031449
0 0.5395904183387756 0.2775823175907135 0.018882564269006252 0.0335690031449
0 0.5428254008293152 0.3635302782058716 0.018882564269006252 0.0335690031449
0 0.5463159680366516 0.4562700390815735 0.018882564269006252 0.0335690031449
0 0.5500937700271606 0.5566397905349731 0.018882564269006252 0.0335690031449
0 0.5541957020759583 0.6656214594841003 0.018882564269006252 0.0335690031449
0 0.55866539478302 0.7843732237815857 0.018882564269006252 0.0335690031449
0 0.5953742265701294 0.1989753246307373 0.018882564269006252 0.0335690031449
0 0.6005200147628784 0.2786899507045746 0.018882564269006252 0.0335690031449
0 0.6060559153556824 0.36444801092147827 0.018882564269006252 0.0335690031449
0 0.6120280027389526 0.4569638669490814 0.018882564269006252 0.0335690031449
0 0.6184900403022766 0.5570690631866455 0.018882564269006252 0.0335690031449
0 0.6255048513412476 0.6657373309135437 0.018882564269006252 0.0335690031449
0 0.6331464648246765 0.7841166257858276 0.018882564269006252 0.0335690031449
0 0.6538703441619873 0.20023788511753082 0.018882564269006252 0.0335690031449
0 0.6611336469650269 0.27979183197021484 0.018882564269006252 0.0335690031449
0 0.6689461469650269 0.3653607964515686 0.018882564269006252 0.0335690031449
0 0.6773725152015686 0.45765379071235657 0.018882564269006252 0.0335690031449
0 0.6864880919456482 0.5574958324432373 0.018882564269006252 0.0335690031449
0 0.6963810920715332 0.6658524870872498 0.018882564269006252 0.0335690031449
0 0.7071554064750671 0.7838616371154785 0.018882564269006252 0.0335690031449