0 0.7132481932640076 0.17715269327163696 0.025134716182947162 0.033512954910596214
0 0.644446849822998 0.17624075710773468 0.025134716182947162 0.033512954910596214
0 0.5759224891662598 0.17533250153064728 0.025134716182947162 0.033512954910596214
0 0.5076733827590942 0.17442788183689117 0.025134716182947162 0.033512954910596214
0 0.43969789147377014 0.17352689802646637 0.025134716182947162 0.033512954910596214
0 0.37199440598487854 0.17262952029705048 0.025134716182947162 0.033512954910596214
0 0.3045612871646881 0.1717357188463211 0.025134716182947162 0.033512954910596214
0 0.7223437428474426 0.24314160645008087 0.025134716182947162 0.033512954910596214
0 0.6501889228820801 0.24204593896865845 0.025134716182947162 0.033512954910596214
0 0.5783385634422302 0.2409549057483673 0.025134716182947162 0.033512954910596214
0 0.5067907571792603 0.23986846208572388 0.025134716182947162 0.033512954910596214
0 0.43554365634918213 0.23878657817840576 0.025134716182947162 0.033512954910596214
0 0.36459535360336304 0.23770923912525177 0.025134716182947162 0.033512954910596214
0 0.29394394159317017 0.23663640022277832 0.025134716182947162 0.033512954910596214
0 0.7323678731918335 0.31586718559265137 0.025134716182947162 0.033512954910596214
0 0.6565158367156982 0.3145540952682495 0.025134716182947162 0.033512954910596214
0 0.5810002088546753 0.31324684619903564 0.025134716182947162 0.033512954910596214
0 0.5058186650276184 0.311945378780365 0.025134716182947162 0.033512954910596214
0 0.43096911907196045 0.31064966320991516 0.025134716182947162 0.033512954910596214
0 0.35644927620887756 0.3093596398830414 0.025134716182947162 0.033512954910596214
0 0.28225699067115784 0.30807527899742126 0.025134716182947162 0.033512954910596214
0 0.7434703707695007 0.3964165449142456 0.025134716182947162 0.033512954910596214
0 0.6635218262672424 0.3948443830013275 0.025134716182947162 0.033512954910596214
0 0.5839468240737915 0.3932795822620392 0.025134716182947162 0.033512954910596214
0 0.5047427415847778 0.39172208309173584 0.025134716182947162 0.033512954910596214
0 0.4259069859981537 0.3901717960834503 0.025134716182947162 0.033512954910596214
0 0.3474369943141937 0.3886287212371826 0.025134716182947162 0.033512954910596214
0 0.2693302035331726 0.38709279894828796 0.025134716182947162 0.033512954910596214
0 0.7558351755142212 0.4861239194869995 0.025134716182947162 0.033512954910596214
0 0.6713224053382874 0.48424065113067627 0.025134716182947162 0.033512954910596214
0 0.5872268676757812 0.4823667109012604 0.025134716182947162 0.033512954910596214
0 0.5035454034805298 0.4805019497871399 0.025134716182947162 0.033512954910596214
0 0.4202750027179718 0.4786463975906372 0.025134716182947162 0.033512954910596214
0 0.33741262555122375 0.4767999053001404 0.025134716182947162 0.033512954910596214
0 0.2549552917480469 0.474962443113327 0.025134716182947162 0.033512954910596214
0 0.7696905136108398 0.5866453051567078 0.025134716182947162 0.033512954910596214
0 0.680060863494873 0.5843852162361145 0.025134716182947162 0.033512954910596214
0 0.590900182723999 0.582136869430542 0.025134716182947162 0.033512954910596214
0 0.5022048354148865 0.5799002647399902 0.025134716182947162 0.033512954910596214
0 0.4139711558818817 0.5776753425598145 0.025134716182947162 0.033512954910596214
0 0.32619553804397583 0.5754619836807251 0.025134716182947162 0.033512954910596214
0 0.2388744205236435 0.5732600092887878 0.025134716182947162 0.033512954910596214
0 0.7853232026100159 0.700061559677124 0.025134716182947162 0.033512954910596214
0 0.6899171471595764 0.6973403692245483 0.025134716182947162 0.033512954910596214
0 0.5950421690940857 0.6946342587471008 0.025134716182947162 0.033512954910596214
0 0.5006937384605408 0.6919432282447815 0.025134716182947162 0.033512954910596214
0 0.4068675935268402 0.689267098903656 0.025134716182947162 0.033512954910596214
0 0.313559353351593 0.68660569190979 0.025134716182947162 0.033512954910596214
0 0.22076475620269775 0.6839589476585388 0.025134716182947162 0.033512954910596214