0 0.19122064113616943 0.5866539478302002 0.031094697614510853 0.031094697614510853
0 0.2769623398780823 0.5983390212059021 0.031094697614510853 0.031094697614510853
0 0.3642662763595581 0.6102369427680969 0.031094697614510853 0.031094697614510853
0 0.45317551493644714 0.622353732585907 0.031094697614510853 0.031094697614510853
0 0.5437347888946533 0.6346953511238098 0.031094697614510853 0.031094697614510853
0 0.6359903812408447 0.6472681164741516 0.031094697614510853 0.031094697614510853
0 0.7299904823303223 0.6600787043571472 0.031094697614510853 0.031094697614510853
0 0.21220555901527405 0.5038293600082397 0.031094697614510853 0.031094697614510853
0 0.2958304286003113 0.5144731402397156 0.031094697614510853 0.031094697614510853
0 0.38093772530555725 0.5253056287765503 0.031094697614510853 0.031094697614510853
0 0.46756717562675476 0.5363318920135498 0.031094697614510853 0.031094697614510853
0 0.5557600259780884 0.5475570559501648 0.031094697614510853 0.031094697614510853
0 0.6455589532852173 0.5589867234230042 0.031094697614510853 0.031094697614510853
0 0.7370082139968872 0.570626437664032 0.031094697614510853 0.031094697614510853
0 0.23210279643535614 0.42529767751693726 0.031094697614510853 0.031094697614510853
0 0.3137122094631195 0.43499135971069336 0.031094697614510853 0.031094697614510853
0 0.3967301547527313 0.444852352142334 0.031094697614510853 0.031094697614510853
0 0.4811934232711792 0.4548850357532501 0.031094697614510853 0.031094697614510853
0 0.5671401023864746 0.4650939106941223 0.031094697614510853 0.031094697614510853
0 0.6546095609664917 0.4754836857318878 0.031094697614510853 0.031094697614510853
0 0.7436426877975464 0.48605915904045105 0.031094697614510853 0.031094697614510853
0 0.25099480152130127 0.3507334887981415 0.031094697614510853 0.031094697614510853
0 0.33068305253982544 0.3595585525035858 0.031094697614510853 0.031094697614510853
0 0.41171130537986755 0.3685320317745209 0.031094697614510853 0.031094697614510853
0 0.4941137433052063 0.3776576817035675 0.031094697614510853 0.031094697614510853
0 0.5779255628585815 0.3869394063949585 0.031094697614510853 0.031094697614510853
0 0.6631832122802734 0.3963812589645386 0.031094697614510853 0.031094697614510853
0 0.7499244809150696 0.405987411737442 0.031094697614510853 0.031094697614510853
0 0.26895588636398315 0.27984359860420227 0.031094697614510853 0.031094697614510853
0 0.34681081771850586 0.2878730595111847 0.031094697614510853 0.031094697614510853
0 0.42594215273857117 0.29603418707847595 0.031094697614510853 0.031094697614510853
0 0.5063815712928772 0.3043301999568939 0.031094697614510853 0.031094697614510853
0 0.588161826133728 0.3127644956111908 0.031094697614510853 0.031094697614510853
0 0.6713166236877441 0.32134056091308594 0.031094697614510853 0.031094697614510853
0 0.7558810114860535 0.33006200194358826 0.031094697614510853 0.031094697614510853
0 0.2860531806945801 0.21236293017864227 0.031094697614510853 0.031094697614510853
0 0.36215680837631226 0.21966241300106049 0.031094697614510853 0.031094697614510853
0 0.4394776523113251 0.2270786464214325 0.031094697614510853 0.031094697614510853
0 0.51804518699646 0.23461444675922394 0.031094697614510853 0.031094697614510853
0 0.5978898406028748 0.24227274954319 0.031094697614510853 0.031094697614510853
0 0.6790428757667542 0.25005656480789185 0.031094697614510853 0.031094697614510853
0 0.7615368962287903 0.2579689621925354 0.031094697614510853 0.031094697614510853
0 0.3023475408554077 0.14805132150650024 0.031094697614510853 0.031094697614510853
0 0.3767765164375305 0.15467990934848785 0.031094697614510853 0.031094697614510853
0 0.4523675739765167 0.16141200065612793 0.031094697614510853 0.031094697614510853
0 0.5291481018066406 0.16825000941753387 0.031094697614510853 0.031094697614510853
0 0.6071464419364929 0.17519648373126984 0.031094697614510853 0.031094697614510853
0 0.6863918304443359 0.18225401639938354 0.031094697614510853 0.031094697614510853
0 0.7669143080711365 0.1894252896308899 0.031094697614510853 0.031094697614510853