0 0.6940967440605164 0.15623895823955536 0.022962127377589542 0.03433589140574137
0 0.6192413568496704 0.1551138162612915 0.022962127377589542 0.03433589140574137
0 0.543595552444458 0.15397679805755615 0.022962127377589542 0.03433589140574137
0 0.46714672446250916 0.1528276950120926 0.022962127377589542 0.03433589140574137
0 0.38988208770751953 0.15166634321212769 0.022962127377589542 0.03433589140574137
0 0.3117884695529938 0.15049251914024353 0.022962127377589542 0.03433589140574137
0 0.232852503657341 0.1493060439825058 0.022962127377589542 0.03433589140574137
0 0.7062236070632935 0.23540112376213074 0.022962127377589542 0.03433589140574137
0 0.6286737322807312 0.23466555774211884 0.022962127377589542 0.03433589140574137
0 0.5502746105194092 0.23392193019390106 0.022962127377589542 0.03433589140574137
0 0.47101226449012756 0.23317012190818787 0.022962127377589542 0.03433589140574137
0 0.39087235927581787 0.2324099987745285 0.022962127377589542 0.03433589140574137
0 0.30984020233154297 0.23164139688014984 0.022962127377589542 0.03433589140574137
0 0.22790083289146423 0.23086419701576233 0.022962127377589542 0.03433589140574137
0 0.7192739248275757 0.32059141993522644 0.022962127377589542 0.03433589140574137
0 0.638828456401825 0.3203093409538269 0.022962127377589542 0.03433589140574137
0 0.5574681162834167 0.3200240731239319 0.022962127377589542 0.03433589140574137
0 0.47517722845077515 0.3197355270385742 0.022962127377589542 0.03433589140574137
0 0.39193975925445557 0.3194436728954315 0.022962127377589542 0.03433589140574137
0 0.3077392578125 0.319148451089859 0.022962127377589542 0.03433589140574137
0 0.22255894541740417 0.3188497722148895 0.022962127377589542 0.03433589140574137
0 0.7333573698997498 0.4125256836414337 0.022962127377589542 0.03433589140574137
0 0.6497917771339417 0.41277289390563965 0.022962127377589542 0.03433589140574137
0 0.5652377605438232 0.4130229949951172 0.022962127377589542 0.03433589140574137
0 0.4796777665615082 0.4132760763168335 0.022962127377589542 0.03433589140574137
0 0.39309367537498474 0.41353219747543335 0.022962127377589542 0.03433589140574137
0 0.30546700954437256 0.41379138827323914 0.022962127377589542 0.03433589140574137
0 0.21677879989147186 0.414053738117218 0.022962127377589542 0.03433589140574137
0 0.7486016154289246 0.5120377540588379 0.022962127377589542 0.03433589140574137
0 0.6616643071174622 0.5129044651985168 0.022962127377589542 0.03433589140574137
0 0.5736557841300964 0.5137819051742554 0.022962127377589542 0.03433589140574137
0 0.4845561981201172 0.514670193195343 0.022962127377589542 0.03433589140574137
0 0.39434510469436646 0.5155695676803589 0.022962127377589542 0.03433589140574137
0 0.3030015826225281 0.5164802074432373 0.022962127377589542 0.03433589140574137
0 0.2105041742324829 0.5174024105072021 0.022962127377589542 0.03433589140574137
0 0.7651564478874207 0.6201047897338867 0.022962127377589542 0.03433589140574137
0 0.674564003944397 0.621699333190918 0.022962127377589542 0.03433589140574137
0 0.5828067660331726 0.6233143210411072 0.022962127377589542 0.03433589140574137
0 0.4898621439933777 0.6249502897262573 0.022962127377589542 0.03433589140574137
0 0.3957068920135498 0.6266074776649475 0.022962127377589542 0.03433589140574137
0 0.30031725764274597 0.6282864809036255 0.022962127377589542 0.03433589140574137
0 0.2036687582731247 0.6299875974655151 0.022962127377589542 0.03433589140574137
0 0.783198356628418 0.7378795146942139 0.022962127377589542 0.03433589140574137
0 0.688630223274231 0.7403324842453003 0.022962127377589542 0.03433589140574137
0 0.5927908420562744 0.7428184151649475 0.022962127377589542 0.03433589140574137
0 0.4956544041633606 0.745337963104248 0.022962127377589542 0.03433589140574137
0 0.39719435572624207 0.747891902923584 0.022962127377589542 0.03433589140574137
0 0.29738351702690125 0.7504808306694031 0.022962127377589542 0.03433589140574137
0 0.1961938738822937 0.7531055212020874 0.022962127377589542 0.03433589140574137