0 0.7138159275054932 0.3060888350009918 0.033350070317586265 0.033350070317586265
0 0.6406273245811462 0.3068157136440277 0.033350070317586265 0.033350070317586265
0 0.5675811767578125 0.307541161775589 0.033350070317586265 0.033350070317586265
0 0.4946771264076233 0.30826523900032043 0.033350070317586265 0.033350070317586265
0 0.4219147562980652 0.30898788571357727 0.033350070317586265 0.033350070317586265
0 0.34929364919662476 0.3097091317176819 0.033350070317586265 0.033350070317586265
0 0.2768133878707886 0.3104289770126343 0.033350070317586265 0.033350070317586265
0 0.7223992943763733 0.3664521872997284 0.033350070317586265 0.033350070317586265
0 0.6462366580963135 0.3671473264694214 0.033350070317586265 0.033350070317586265
0 0.5702282786369324 0.36784103512763977 0.033350070317586265 0.033350070317586265
0 0.49437376856803894 0.36853334307670593 0.033350070317586265 0.033350070317586265
0 0.4186725914478302 0.3692242503166199 0.033350070317586265 0.033350070317586265
0 0.3431243300437927 0.369913786649704 0.033350070317586265 0.033350070317586265
0 0.2677284777164459 0.3706018924713135 0.033350070317586265 0.033350070317586265
0 0.731708288192749 0.4319188594818115 0.033350070317586265 0.033350070317586265
0 0.6523196697235107 0.43257415294647217 0.033350070317586265 0.033350070317586265
0 0.5730987191200256 0.433228075504303 0.033350070317586265 0.033350070317586265
0 0.49404481053352356 0.43388059735298157 0.033350070317586265 0.033350070317586265
0 0.4151574671268463 0.4345317482948303 0.033350070317586265 0.033350070317586265
0 0.3364361822605133 0.43518155813217163 0.033350070317586265 0.033350070317586265
0 0.2578803598880768 0.4358299672603607 0.033350070317586265 0.033350070317586265
0 0.7418389916419983 0.503164529800415 0.033350070317586265 0.033350070317586265
0 0.6589391231536865 0.503770112991333 0.033350070317586265 0.033350070317586265
0 0.5762219429016113 0.5043743848800659 0.033350070317586265 0.033350070317586265
0 0.4936869442462921 0.504977285861969 0.033350070317586265 0.033350070317586265
0 0.41133344173431396 0.505578875541687 0.033350070317586265 0.033350070317586265
0 0.3291608691215515 0.50617915391922 0.033350070317586265 0.033350070317586265
0 0.247168630361557 0.5067781209945679 0.033350070317586265 0.033350070317586265
0 0.7529053688049316 0.5809898376464844 0.033350070317586265 0.033350070317586265
0 0.6661691665649414 0.5815335512161255 0.033350070317586265 0.033350070317586265
0 0.5796329975128174 0.5820759534835815 0.033350070317586265 0.033350070317586265
0 0.4932961165904999 0.5826171040534973 0.033350070317586265 0.033350070317586265
0 0.40715786814689636 0.5831570625305176 0.033350070317586265 0.033350070317586265
0 0.32121753692626953 0.5836957693099976 0.033350070317586265 0.033350070317586265
0 0.23547448217868805 0.5842332243919373 0.033350070317586265 0.033350070317586265
0 0.7650431394577026 0.6663503050804138 0.033350070317586265 0.033350070317586265
0 0.6740983724594116 0.6668169498443604 0.033350070317586265 0.033350070317586265
0 0.583373486995697 0.6672825217247009 0.033350070317586265 0.033350070317586265
0 0.4928675889968872 0.6677469611167908 0.033350070317586265 0.033350070317586265
0 0.4025799632072449 0.6682102680206299 0.033350070317586265 0.033350070317586265
0 0.31250977516174316 0.6686724424362183 0.033350070317586265 0.033350070317586265
0 0.22265625 0.6691335439682007 0.033350070317586265 0.033350070317586265
0 0.7784159183502197 0.7603959441184998 0.033350070317586265 0.033350070317586265
0 0.6828333735466003 0.7607667446136475 0.033350070317586265 0.033350070317586265
0 0.5874935984611511 0.7611365914344788 0.033350070317586265 0.033350070317586265
0 0.49239563941955566 0.7615055441856384 0.033350070317586265 0.033350070317586265
0 0.39753860235214233 0.7618734836578369 0.033350070317586265 0.033350070317586265
0 0.3029215931892395 0.7622405886650085 0.033350070317586265 0.033350070317586265
0 0.20854368805885315 0.762606680393219 0.033350070317586265 0.033350070317586265