0 0.7073484063148499 0.19290122389793396 0.02452688105404377 0.03270250807205836
0 0.641380786895752 0.19403329491615295 0.02452688105404377 0.03270250807205836
0 0.5751850008964539 0.19516927003860474 0.02452688105404377 0.03270250807205836
0 0.5087597370147705 0.1963091939687729 0.02452688105404377 0.03270250807205836
0 0.4421039819717407 0.1974530667066574 0.02452688105404377 0.03270250807205836
0 0.37521642446517944 0.1986009180545807 0.02452688105404377 0.03270250807205836
0 0.30809587240219116 0.19975276291370392 0.02452688105404377 0.03270250807205836
0 0.7180410027503967 0.2544681429862976 0.02452688105404377 0.03270250807205836
0 0.6489282846450806 0.2557659149169922 0.02452688105404377 0.03270250807205836
0 0.5795649886131287 0.257068395614624 0.02452688105404377 0.03270250807205836
0 0.5099497437477112 0.2583755850791931 0.02452688105404377 0.03270250807205836
0 0.44008123874664307 0.25968754291534424 0.02452688105404377 0.03270250807205836
0 0.3699580430984497 0.2610042989253998 0.02452688105404377 0.03270250807205836
0 0.2995787560939789 0.26232585310935974 0.02452688105404377 0.03270250807205836
0 0.729809045791626 0.3222275972366333 0.02452688105404377 0.03270250807205836
0 0.6572363376617432 0.3237195312976837 0.02452688105404377 0.03270250807205836
0 0.5843872427940369 0.3252171576023102 0.02452688105404377 0.03270250807205836
0 0.5112601518630981 0.3267205059528351 0.02452688105404377 0.03270250807205836
0 0.43785351514816284 0.3282295763492584 0.02452688105404377 0.03270250807205836
0 0.364165723323822 0.32974445819854736 0.02452688105404377 0.03270250807205836
0 0.290195107460022 0.3312651216983795 0.02452688105404377 0.03270250807205836
0 0.7428233623504639 0.3971633017063141 0.02452688105404377 0.03270250807205836
0 0.6664260029792786 0.3988843858242035 0.02452688105404377 0.03270250807205836
0 0.589722216129303 0.40061238408088684 0.02452688105404377 0.03270250807205836
0 0.5127101540565491 0.40234729647636414 0.02452688105404377 0.03270250807205836
0 0.4353879392147064 0.40408921241760254 0.02452688105404377 0.03270250807205836
0 0.357753723859787 0.40583816170692444 0.02452688105404377 0.03270250807205836
0 0.27980560064315796 0.4075942039489746 0.02452688105404377 0.03270250807205836
0 0.757293164730072 0.48047906160354614 0.02452688105404377 0.03270250807205836
0 0.6766455769538879 0.482472687959671 0.02452688105404377 0.03270250807205836
0 0.5956563353538513 0.4844747483730316 0.02452688105404377 0.03270250807205836
0 0.514323353767395 0.4864853024482727 0.02452688105404377 0.03270250807205836
0 0.4326443076133728 0.48850443959236145 0.02452688105404377 0.03270250807205836
0 0.35061705112457275 0.49053215980529785 0.02452688105404377 0.03270250807205836
0 0.2682393491268158 0.4925685524940491 0.02452688105404377 0.03270250807205836
0 0.7734768986701965 0.5736638903617859 0.02452688105404377 0.03270250807205836
0 0.6880783438682556 0.5759844779968262 0.02452688105404377 0.03270250807205836
0 0.6022965312004089 0.5783154964447021 0.02452688105404377 0.03270250807205836
0 0.5161288976669312 0.5806570053100586 0.02452688105404377 0.03270250807205836
0 0.429572731256485 0.5830090641975403 0.02452688105404377 0.03270250807205836
0 0.3426254689693451 0.585371732711792 0.02452688105404377 0.03270250807205836
0 0.2552844285964966 0.5877451300621033 0.02452688105404377 0.03270250807205836
0 0.7916983366012573 0.6785815954208374 0.02452688105404377 0.03270250807205836
0 0.7009540796279907 0.6812984347343445 0.02452688105404377 0.03270250807205836
0 0.6097768545150757 0.684028148651123 0.02452688105404377 0.03270250807205836
0 0.5181634426116943 0.6867709755897522 0.02452688105404377 0.03270250807205836
0 0.42611071467399597 0.6895269155502319 0.02452688105404377 0.03270250807205836
0 0.33361557126045227 0.6922961473464966 0.02452688105404377 0.03270250807205836
0 0.24067477881908417 0.6950787305831909 0.02452688105404377 0.03270250807205836