0 0.24668824672698975 0.18353839218616486 0.0357375368475914 0.0357375368475914
0 0.32466959953308105 0.18425413966178894 0.0357375368475914 0.0357375368475914
0 0.4025377631187439 0.18496885895729065 0.0357375368475914 0.0357375368475914
0 0.4802929759025574 0.1856825351715088 0.0357375368475914 0.0357375368475914
0 0.5579354763031006 0.18639516830444336 0.0357375368475914 0.0357375368475914
0 0.6354655027389526 0.18710677325725555 0.0357375368475914 0.0357375368475914
0 0.7128833532333374 0.18781736493110657 0.0357375368475914 0.0357375368475914
0 0.23464593291282654 0.2377699613571167 0.0357375368475914 0.0357375368475914
0 0.31583136320114136 0.2384740263223648 0.0357375368475914 0.0357375368475914
0 0.3968941271305084 0.23917703330516815 0.0357375368475914 0.0357375368475914
0 0.4778344929218292 0.23987898230552673 0.0357375368475914 0.0357375368475914
0 0.5586527585983276 0.24057987332344055 0.0357375368475914 0.0357375368475914
0 0.6393491625785828 0.2412797063589096 0.0357375368475914 0.0357375368475914
0 0.7199240326881409 0.2419784814119339 0.0357375368475914 0.0357375368475914
0 0.2215738743543625 0.2966388761997223 0.0357375368475914 0.0357375368475914
0 0.30623796582221985 0.29732662439346313 0.0357375368475914 0.0357375368475914
0 0.3907686769962311 0.29801326990127563 0.0357375368475914 0.0357375368475914
0 0.47516632080078125 0.2986988425254822 0.0357375368475914 0.0357375368475914
0 0.5594311952590942 0.29938334226608276 0.0357375368475914 0.0357375368475914
0 0.6435636281967163 0.3000667691230774 0.0357375368475914 0.0357375368475914
0 0.7275638580322266 0.3007490932941437 0.0357375368475914 0.0357375368475914
0 0.20733410120010376 0.3607665002346039 0.0357375368475914 0.0357375368475914
0 0.29578831791877747 0.36143213510513306 0.0357375368475914 0.0357375368475914
0 0.3840969502925873 0.3620966672897339 0.0357375368475914 0.0357375368475914
0 0.47226035594940186 0.36276009678840637 0.0357375368475914 0.0357375368475914
0 0.5602788925170898 0.3634224236011505 0.0357375368475914 0.0357375368475914
0 0.6481529474258423 0.3640836775302887 0.0357375368475914 0.0357375368475914
0 0.7358828783035278 0.3647438585758209 0.0357375368475914 0.0357375368475914
0 0.19176281988620758 0.4308904707431793 0.0357375368475914 0.0357375368475914
0 0.2843623757362366 0.43152672052383423 0.0357375368475914 0.0357375368475914
0 0.3768024146556854 0.4321618974208832 0.0357375368475914 0.0357375368475914
0 0.46908336877822876 0.4327959716320038 0.0357375368475914 0.0357375368475914
0 0.5612056255340576 0.43342894315719604 0.0357375368475914 0.0357375368475914
0 0.6531696319580078 0.43406084179878235 0.0357375368475914 0.0357375368475914
0 0.744975745677948 0.4346916377544403 0.0357375368475914 0.0357375368475914
0 0.17466412484645844 0.5078930258750916 0.0357375368475914 0.0357375368475914
0 0.2718166708946228 0.508490800857544 0.0357375368475914 0.0357375368475914
0 0.36879366636276245 0.5090875625610352 0.0357375368475914 0.0357375368475914
0 0.4655956029891968 0.5096831917762756 0.0357375368475914 0.0357375368475914
0 0.562222957611084 0.5102777481079102 0.0357375368475914 0.0357375368475914
0 0.6586761474609375 0.5108712911605835 0.0357375368475914 0.0357375368475914
0 0.7549557089805603 0.5114637017250061 0.0357375368475914 0.0357375368475914
0 0.1558016836643219 0.59283846616745 0.0357375368475914 0.0357375368475914
0 0.2579781115055084 0.5933862924575806 0.0357375368475914 0.0357375368475914
0 0.3599603772163391 0.59393310546875 0.0357375368475914 0.0357375368475914
0 0.4617491066455841 0.5944788455963135 0.0357375368475914 0.0357375368475914
0 0.5633447766304016 0.5950235724449158 0.0357375368475914 0.0357375368475914
0 0.6647480130195618 0.5955672860145569 0.0357375368475914 0.0357375368475914
0 0.7659592628479004 0.596109926700592 0.0357375368475914 0.0357375368475914