0 0.7226729393005371 0.26458460092544556 0.03626480450232824 0.03626480450232824
0 0.6445002555847168 0.2608066201210022 0.03626480450232824 0.03626480450232824
0 0.5663884282112122 0.25703155994415283 0.03626480450232824 0.03626480450232824
0 0.48833754658699036 0.25325945019721985 0.03626480450232824 0.03626480450232824
0 0.4103474020957947 0.24949026107788086 0.03626480450232824 0.03626480450232824
0 0.33241796493530273 0.24572400748729706 0.03626480450232824 0.03626480450232824
0 0.25454920530319214 0.24196070432662964 0.03626480450232824 0.03626480450232824
0 0.7307872772216797 0.31975439190864563 0.03626480450232824 0.03626480450232824
0 0.649327278137207 0.31579527258872986 0.03626480450232824 0.03626480450232824
0 0.5679334402084351 0.31183937191963196 0.03626480450232824 0.03626480450232824
0 0.486605703830719 0.30788666009902954 0.03626480450232824 0.03626480450232824
0 0.4053439497947693 0.303937166929245 0.03626480450232824 0.03626480450232824
0 0.3241480886936188 0.2999908924102783 0.03626480450232824 0.03626480450232824
0 0.24301809072494507 0.29604780673980713 0.03626480450232824 0.03626480450232824
0 0.7396135330200195 0.3797647953033447 0.03626480450232824 0.03626480450232824
0 0.6545776724815369 0.37560659646987915 0.03626480450232824 0.03626480450232824
0 0.5696138739585876 0.3714519441127777 0.03626480450232824 0.03626480450232824
0 0.4847221076488495 0.367300808429718 0.03626480450232824 0.03626480450232824
0 0.39990222454071045 0.3631531596183777 0.03626480450232824 0.03626480450232824
0 0.31515416502952576 0.3590090572834015 0.03626480450232824 0.03626480450232824
0 0.23047780990600586 0.35486844182014465 0.03626480450232824 0.03626480450232824
0 0.7492497563362122 0.44528207182884216 0.03626480450232824 0.03626480450232824
0 0.6603096723556519 0.4409041404724121 0.03626480450232824 0.03626480450232824
0 0.5714483857154846 0.43653005361557007 0.03626480450232824 0.03626480450232824
0 0.48266589641571045 0.4321598708629608 0.03626480450232824 0.03626480450232824
0 0.393962025642395 0.42779356241226196 0.03626480450232824 0.03626480450232824
0 0.30533671379089355 0.4234310984611511 0.03626480450232824 0.03626480450232824
0 0.2167898267507553 0.4190725088119507 0.03626480450232824 0.03626480450232824
0 0.7598127722740173 0.5171007513999939 0.03626480450232824 0.03626480450232824
0 0.6665926575660706 0.5124790072441101 0.03626480450232824 0.03626480450232824
0 0.5734591484069824 0.5078614950180054 0.03626480450232824 0.03626480450232824
0 0.48041218519210815 0.5032483339309692 0.03626480450232824 0.03626480450232824
0 0.38745155930519104 0.49863943457603455 0.03626480450232824 0.03626480450232824
0 0.2945772111415863 0.4940347969532013 0.03626480450232824 0.03626480450232824
0 0.201788991689682 0.48943445086479187 0.03626480450232824 0.03626480450232824
0 0.7714430689811707 0.5961758494377136 0.03626480450232824 0.03626480450232824
0 0.6735101938247681 0.591282069683075 0.03626480450232824 0.03626480450232824
0 0.5756729245185852 0.5863931179046631 0.03626480450232824 0.03626480450232824
0 0.47793111205101013 0.5815088748931885 0.03626480450232824 0.03626480450232824
0 0.3802846074104309 0.5766294598579407 0.03626480450232824 0.03626480450232824
0 0.2827332615852356 0.5717547535896301 0.03626480450232824 0.03626480450232824
0 0.18527695536613464 0.5668848156929016 0.03626480450232824 0.03626480450232824
0 0.7843109965324402 0.6836655735969543 0.03626480450232824 0.03626480450232824
0 0.681163489818573 0.6784665584564209 0.03626480450232824 0.03626480450232824
0 0.5781220197677612 0.6732729077339172 0.03626480450232824 0.03626480450232824
0 0.47518640756607056 0.6680846214294434 0.03626480450232824 0.03626480450232824
0 0.3723565340042114 0.6629016399383545 0.03626480450232824 0.03626480450232824
0 0.2696321904659271 0.6577239632606506 0.03626480450232824 0.03626480450232824
0 0.16701321303844452 0.6525516510009766 0.03626480450232824 0.03626480450232824