0 0.694385290145874 0.15554820001125336 0.02297101131019493 0.03434917579094569
0 0.6186466217041016 0.15520116686820984 0.02297101131019493 0.03434917579094569
0 0.5423714518547058 0.15485166013240814 0.02297101131019493 0.03434917579094569
0 0.4655541479587555 0.15449967980384827 0.02297101131019493 0.03434917579094569
0 0.38818883895874023 0.15414518117904663 0.02297101131019493 0.03434917579094569
0 0.31026962399482727 0.15378813445568085 0.02297101131019493 0.03434917579094569
0 0.23179060220718384 0.15342853963375092 0.02297101131019493 0.03434917579094569
0 0.7062347531318665 0.23565396666526794 0.02297101131019493 0.03434917579094569
0 0.627733588218689 0.2355872392654419 0.02297101131019493 0.03434917579094569
0 0.5486557483673096 0.23552002012729645 0.02297101131019493 0.03434917579094569
0 0.46899479627609253 0.2354523092508316 0.02297101131019493 0.03434917579094569
0 0.3887442946434021 0.23538409173488617 0.02297101131019493 0.03434917579094569
0 0.3078976571559906 0.23531536757946014 0.02297101131019493 0.03434917579094569
0 0.22644822299480438 0.23524612188339233 0.02297101131019493 0.03434917579094569
0 0.7189924716949463 0.32189998030662537 0.02297101131019493 0.03434917579094569
0 0.6375197172164917 0.32215845584869385 0.02297101131019493 0.03434917579094569
0 0.5554253458976746 0.3224189281463623 0.02297101131019493 0.03434917579094569
0 0.47270217537879944 0.32268139719963074 0.02297101131019493 0.03434917579094569
0 0.3893429636955261 0.32294586300849915 0.02297101131019493 0.03434917579094569
0 0.30534034967422485 0.3232123851776123 0.02297101131019493 0.03434917579094569
0 0.22068680822849274 0.3234809637069702 0.02297101131019493 0.03434917579094569
0 0.7327670454978943 0.4150203466415405 0.02297101131019493 0.03434917579094569
0 0.6480889916419983 0.41565725207328796 0.02297101131019493 0.03434917579094569
0 0.562738835811615 0.4162992238998413 0.02297101131019493 0.03434917579094569
0 0.47670862078666687 0.41694629192352295 0.02297101131019493 0.03434917579094569
0 0.3899901211261749 0.41759854555130005 0.02297101131019493 0.03434917579094569
0 0.30257508158683777 0.4182560443878174 0.02297101131019493 0.03434917579094569
0 0.21445508301258087 0.4189188480377197 0.02297101131019493 0.03434917579094569
0 0.7476851344108582 0.5158711075782776 0.02297101131019493 0.03434917579094569
0 0.6595392227172852 0.5169498324394226 0.02297101131019493 0.03434917579094569
0 0.5706644654273987 0.5180374383926392 0.02297101131019493 0.03434917579094569
0 0.48105180263519287 0.5191341042518616 0.02297101131019493 0.03434917579094569
0 0.39069193601608276 0.5202398896217346 0.02297101131019493 0.03434917579094569
0 0.2995755076408386 0.5213549137115479 0.02297101131019493 0.03434917579094569
0 0.2076929658651352 0.5224793553352356 0.02297101131019493 0.03434917579094569
0 0.7638952732086182 0.6254565715789795 0.02297101131019493 0.03434917579094569
0 0.6719855070114136 0.6270530223846436 0.02297101131019493 0.03434917579094569
0 0.5792825222015381 0.6286632418632507 0.02297101131019493 0.03434917579094569
0 0.48577600717544556 0.6302874088287354 0.02297101131019493 0.03434917579094569
0 0.3914555609226227 0.6319257616996765 0.02297101131019493 0.03434917579094569
0 0.2963104248046875 0.633578360080719 0.02297101131019493 0.03434917579094569
0 0.2003297507762909 0.6352455019950867 0.02297101131019493 0.03434917579094569
0 0.7815729379653931 0.7449628710746765 0.02297101131019493 0.03434917579094569
0 0.6855635643005371 0.7471686601638794 0.02297101131019493 0.03434917579094569
0 0.5886877179145813 0.749394416809082 0.02297101131019493 0.03434917579094569
0 0.49093374609947205 0.7516403198242188 0.02297101131019493 0.03434917579094569
0 0.39228957891464233 0.7539067268371582 0.02297101131019493 0.03434917579094569
0 0.2927429974079132 0.7561938166618347 0.02297101131019493 0.03434917579094569
0 0.192281574010849 0.7585019469261169 0.02297101131019493 0.03434917579094569