0 0.6732787489891052 0.15852518379688263 0.024940507486462597 0.033254009981950126
0 0.6044816374778748 0.16271105408668518 0.024940507486462597 0.033254009981950126
0 0.5356212854385376 0.16690078377723694 0.024940507486462597 0.033254009981950126
0 0.466697633266449 0.17109434306621552 0.024940507486462597 0.033254009981950126
0 0.3977106213569641 0.1752917766571045 0.024940507486462597 0.033254009981950126
0 0.32866016030311584 0.17949305474758148 0.024940507486462597 0.033254009981950126
0 0.259546160697937 0.18369820713996887 0.024940507486462597 0.033254009981950126
0 0.6842932105064392 0.22482933104038239 0.024940507486462597 0.033254009981950126
0 0.6123443841934204 0.22923912107944489 0.024940507486462597 0.033254009981950126
0 0.5403265357017517 0.23365314304828644 0.024940507486462597 0.033254009981950126
0 0.4682393968105316 0.23807141184806824 0.024940507486462597 0.033254009981950126
0 0.39608293771743774 0.24249392747879028 0.024940507486462597 0.033254009981950126
0 0.32385706901550293 0.24692068994045258 0.024940507486462597 0.033254009981950126
0 0.25156164169311523 0.2513517141342163 0.024940507486462597 0.033254009981950126
0 0.696366548538208 0.29750797152519226 0.024940507486462597 0.033254009981950126
0 0.6209635138511658 0.3021664023399353 0.024940507486462597 0.033254009981950126
0 0.5454846024513245 0.3068295419216156 0.024940507486462597 0.033254009981950126
0 0.469929575920105 0.31149736046791077 0.024940507486462597 0.033254009981950126
0 0.3942984342575073 0.3161699175834656 0.024940507486462597 0.033254009981950126
0 0.31859102845191956 0.32084715366363525 0.024940507486462597 0.033254009981950126
0 0.24280720949172974 0.3255291283130646 0.024940507486462597 0.033254009981950126
0 0.709659218788147 0.37752673029899597 0.024940507486462597 0.033254009981950126
0 0.6304535865783691 0.38246285915374756 0.024940507486462597 0.033254009981950126
0 0.5511641502380371 0.3874041736125946 0.024940507486462597 0.033254009981950126
0 0.47179076075553894 0.3923507332801819 0.024940507486462597 0.033254009981950126
0 0.39233335852622986 0.3973025381565094 0.024940507486462597 0.033254009981950126
0 0.31279173493385315 0.40225958824157715 0.024940507486462597 0.033254009981950126
0 0.23316578567028046 0.4072219133377075 0.024940507486462597 0.033254009981950126
0 0.7243658304214478 0.46605679392814636 0.024940507486462597 0.033254009981950126
0 0.6409536004066467 0.47130486369132996 0.024940507486462597 0.033254009981950126
0 0.5574485063552856 0.47655877470970154 0.024940507486462597 0.033254009981950126
0 0.4738502502441406 0.4818185269832611 0.024940507486462597 0.033254009981950126
0 0.3901587724685669 0.48708418011665344 0.024940507486462597 0.033254009981950126
0 0.30637386441230774 0.49235570430755615 0.024940507486462597 0.033254009981950126
0 0.2224954217672348 0.49763309955596924 0.024940507486462597 0.033254009981950126
0 0.7407245635986328 0.5645323395729065 0.024940507486462597 0.033254009981950126
0 0.6526339650154114 0.5701332688331604 0.024940507486462597 0.033254009981950126
0 0.5644396543502808 0.5757408142089844 0.024940507486462597 0.033254009981950126
0 0.4761415123939514 0.5813549757003784 0.024940507486462597 0.033254009981950126
0 0.38773930072784424 0.5869756937026978 0.024940507486462597 0.033254009981950126
0 0.2992329001426697 0.5926030874252319 0.024940507486462597 0.033254009981950126
0 0.21062210202217102 0.5982370972633362 0.024940507486462597 0.033254009981950126
0 0.7590304017066956 0.67472904920578 0.024940507486462597 0.033254009981950126
0 0.6657053828239441 0.6807321906089783 0.024940507486462597 0.033254009981950126
0 0.5722639560699463 0.6867428421974182 0.024940507486462597 0.033254009981950126
0 0.4787059724330902 0.6927609443664551 0.024940507486462597 0.033254009981950126
0 0.38503116369247437 0.6987866163253784 0.024940507486462597 0.033254009981950126
0 0.29123932123184204 0.7048197984695435 0.024940507486462597 0.033254009981950126
0 0.19733023643493652 0.7108604907989502 0.024940507486462597 0.033254009981950126