0 0.7105515599250793 0.3033287227153778 0.03301897644996643 0.03301897644996643
0 0.6381598711013794 0.3042212128639221 0.03301897644996643 0.03301897644996643
0 0.5661900043487549 0.30510851740837097 0.03301897644996643 0.03301897644996643
0 0.49463823437690735 0.30599066615104675 0.03301897644996643 0.03301897644996643
0 0.42350098490715027 0.30686768889427185 0.03301897644996643 0.03301897644996643
0 0.35277459025382996 0.30773964524269104 0.03301897644996643 0.03301897644996643
0 0.28245556354522705 0.3086065948009491 0.03301897644996643 0.03301897644996643
0 0.7192907333374023 0.3627375066280365 0.03301897644996643 0.03301897644996643
0 0.6438419222831726 0.36348649859428406 0.03301897644996643 0.03301897644996643
0 0.5688510537147522 0.3642309606075287 0.03301897644996643 0.03301897644996643
0 0.4943139851093292 0.3649709224700928 0.03301897644996643 0.03301897644996643
0 0.4202266335487366 0.3657064437866211 0.03301897644996643 0.03301897644996643
0 0.34658488631248474 0.36643749475479126 0.03301897644996643 0.03301897644996643
0 0.2733847498893738 0.3671641945838928 0.03301897644996643 0.03301897644996643
0 0.7287960648536682 0.42735421657562256 0.03301897644996643 0.03301897644996643
0 0.6500204801559448 0.42793065309524536 0.03301897644996643 0.03301897644996643
0 0.571743905544281 0.42850345373153687 0.03301897644996643 0.03301897644996643
0 0.4939616024494171 0.42907261848449707 0.03301897644996643 0.03301897644996643
0 0.4166688323020935 0.42963823676109314 0.03301897644996643 0.03301897644996643
0 0.33986106514930725 0.4302002787590027 0.03301897644996643 0.03301897644996643
0 0.26353371143341064 0.4307588040828705 0.03301897644996643 0.03301897644996643
0 0.7391728162765503 0.49789509177207947 0.03301897644996643 0.03301897644996643
0 0.6567636728286743 0.49826353788375854 0.03301897644996643 0.03301897644996643
0 0.5749002695083618 0.49862951040267944 0.03301897644996643 0.03301897644996643
0 0.4935772120952606 0.49899306893348694 0.03301897644996643 0.03301897644996643
0 0.4127891957759857 0.4993542730808258 0.03301897644996643 0.03301897644996643
0 0.3325309157371521 0.49971306324005127 0.03301897644996643 0.03301897644996643
0 0.2527972161769867 0.5000695586204529 0.03301897644996643 0.03301897644996643
0 0.7505466341972351 0.5752139687538147 0.03301897644996643 0.03301897644996643
0 0.6641524434089661 0.575330913066864 0.03301897644996643 0.03301897644996643
0 0.5783577561378479 0.5754469633102417 0.03301897644996643 0.03301897644996643
0 0.4931562542915344 0.5755622386932373 0.03301897644996643 0.03301897644996643
0 0.40854185819625854 0.5756767392158508 0.03301897644996643 0.03301897644996643
0 0.32450851798057556 0.5757904052734375 0.03301897644996643 0.03301897644996643
0 0.24105025827884674 0.5759033560752869 0.03301897644996643 0.03301897644996643
0 0.763068437576294 0.6603370904922485 0.03301897644996643 0.03301897644996643
0 0.6722843647003174 0.6601486206054688 0.03301897644996643 0.03301897644996643
0 0.5821616649627686 0.6599615216255188 0.03301897644996643 0.03301897644996643
0 0.49269330501556396 0.6597757935523987 0.03301897644996643 0.03301897644996643
0 0.4038720726966858 0.6595913767814636 0.03301897644996643 0.03301897644996643
0 0.3156909942626953 0.6594083309173584 0.03301897644996643 0.03301897644996643
0 0.22814318537712097 0.6592265963554382 0.03301897644996643 0.03301897644996643
0 0.7769213914871216 0.7545087933540344 0.03301897644996643 0.03301897644996643
0 0.681277334690094 0.7539477944374084 0.03301897644996643 0.03301897644996643
0 0.5863668918609619 0.7533910870552063 0.03301897644996643 0.03301897644996643
0 0.4921816885471344 0.752838671207428 0.03301897644996643 0.03301897644996643
0 0.3987134099006653 0.7522904276847839 0.03301897644996643 0.03301897644996643
0 0.3059539198875427 0.7517462968826294 0.03301897644996643 0.03301897644996643
0 0.21389515697956085 0.7512063384056091 0.03301897644996643 0.03301897644996643