0 0.753069281578064 0.1881493180990219 0.03542763491471609 0.03542763491471609
0 0.6748667359352112 0.19084042310714722 0.03542763491471609 0.03542763491471609
0 0.5968926548957825 0.19352367520332336 0.03542763491471609 0.03542763491471609
0 0.5191460847854614 0.19619908928871155 0.03542763491471609 0.03542763491471609
0 0.44162604212760925 0.19886671006679535 0.03542763491471609 0.03542763491471609
0 0.36433145403862 0.20152658224105835 0.03542763491471609 0.03542763491471609
0 0.287261426448822 0.20417870581150055 0.03542763491471609 0.03542763491471609
0 0.7631558179855347 0.2431001365184784 0.03542763491471609 0.03542763491471609
0 0.6818006634712219 0.24581559002399445 0.03542763491471609 0.03542763491471609
0 0.6006926894187927 0.2485227882862091 0.03542763491471609 0.03542763491471609
0 0.5198308825492859 0.25122177600860596 0.03542763491471609 0.03542763491471609
0 0.43921399116516113 0.2539125680923462 0.03542763491471609 0.03542763491471609
0 0.3588409721851349 0.256595253944397 0.03542763491471609 0.03542763491471609
0 0.2787107229232788 0.2592698037624359 0.03542763491471609 0.03542763491471609
0 0.7740867733955383 0.30265146493911743 0.03542763491471609 0.03542763491471609
0 0.6893141269683838 0.3053860068321228 0.03542763491471609 0.03542763491471609
0 0.6048098802566528 0.30811187624931335 0.03542763491471609 0.03542763491471609
0 0.5205726623535156 0.31082913279533386 0.03542763491471609 0.03542763491471609
0 0.43660128116607666 0.3135378360748291 0.03542763491471609 0.03542763491471609
0 0.35289445519447327 0.3162379860877991 0.03542763491471609 0.03542763491471609
0 0.26945093274116516 0.31892964243888855 0.03542763491471609 0.03542763491471609
0 0.7859728932380676 0.36740627884864807 0.03542763491471609 0.03542763491471609
0 0.6974831223487854 0.37015295028686523 0.03542763491471609 0.03542763491471609
0 0.6092855930328369 0.37289056181907654 0.03542763491471609 0.03542763491471609
0 0.5213789939880371 0.37561914324760437 0.03542763491471609 0.03542763491471609
0 0.4337617754936218 0.3783387243747711 0.03542763491471609 0.03542763491471609
0 0.3464325964450836 0.38104936480522156 0.03542763491471609 0.03542763491471609
0 0.2593899965286255 0.38375112414360046 0.03542763491471609 0.03542763491471609
0 0.7989450693130493 0.43807777762413025 0.03542763491471609 0.03542763491471609
0 0.7063971161842346 0.44082745909690857 0.03542763491471609 0.03542763491471609
0 0.6141688823699951 0.4435676336288452 0.03542763491471609 0.03542763491471609
0 0.5222585797309875 0.44629839062690735 0.03542763491471609 0.03542763491471609
0 0.43066462874412537 0.44901973009109497 0.03542763491471609 0.03542763491471609
0 0.33938539028167725 0.45173171162605286 0.03542763491471609 0.03542763491471609
0 0.24841926991939545 0.4544343948364258 0.03542763491471609 0.03542763491471609
0 0.8131592273712158 0.5155156254768372 0.03542763491471609 0.03542763491471609
0 0.7161630988121033 0.5182563662528992 0.03542763491471609 0.03542763491471609
0 0.619517982006073 0.5209871530532837 0.03542763491471609 0.03542763491471609
0 0.5232219099998474 0.5237081050872803 0.03542763491471609 0.03542763491471609
0 0.42727306485176086 0.5264192223548889 0.03542763491471609 0.03542763491471609
0 0.33166953921318054 0.5291205644607544 0.03542763491471609 0.03542763491471609
0 0.23640945553779602 0.5318122506141663 0.03542763491471609 0.03542763491471609
0 0.828802764415741 0.6007404923439026 0.03542763491471609 0.03542763491471609
0 0.7269092798233032 0.6034564971923828 0.03542763491471609 0.03542763491471609
0 0.6254029273986816 0.6061622500419617 0.03542763491471609 0.03542763491471609
0 0.5242816209793091 0.6088576912879944 0.03542763491471609 0.03542763491471609
0 0.4235430359840393 0.6115429401397705 0.03542763491471609 0.03542763491471609
0 0.32318511605262756 0.61421799659729 0.03542763491471609 0.03542763491471609
0 0.22320562601089478 0.6168830394744873 0.03542763491471609 0.03542763491471609