0 0.6971541047096252 0.15902438759803772 0.022984666889533403 0.03436959534883499
0 0.6218740940093994 0.15810835361480713 0.022984666889533403 0.03436959534883499
0 0.5458617210388184 0.1571834236383438 0.022984666889533403 0.03436959534883499
0 0.46910619735717773 0.15624944865703583 0.022984666889533403 0.03436959534883499
0 0.39159658551216125 0.15530629456043243 0.022984666889533403 0.03436959534883499
0 0.3133217394351959 0.15435382723808289 0.022984666889533403 0.03436959534883499
0 0.23427025973796844 0.15339191257953644 0.022984666889533403 0.03436959534883499
0 0.7087507247924805 0.23878918588161469 0.022984666889533403 0.03436959534883499
0 0.6307942271232605 0.238240048289299 0.022984666889533403 0.03436959534883499
0 0.5520516037940979 0.23768536746501923 0.022984666889533403 0.03436959534883499
0 0.4725109040737152 0.23712506890296936 0.022984666889533403 0.03436959534883499
0 0.39215993881225586 0.23655906319618225 0.022984666889533403 0.03436959534883499
0 0.3109862804412842 0.23598726093769073 0.022984666889533403 0.03436959534883499
0 0.22897718846797943 0.23540957272052765 0.022984666889533403 0.03436959534883499
0 0.7212170958518982 0.32453653216362 0.022984666889533403 0.03436959534883499
0 0.6403868198394775 0.3244130611419678 0.022984666889533403 0.03436959534883499
0 0.5587105751037598 0.32428833842277527 0.022984666889533403 0.03436959534883499
0 0.4761749804019928 0.3241622745990753 0.022984666889533403 0.03436959534883499
0 0.39276641607284546 0.3240348696708679 0.022984666889533403 0.03436959534883499
0 0.3084709644317627 0.3239061236381531 0.022984666889533403 0.03436959534883499
0 0.2232743799686432 0.3237760066986084 0.022984666889533403 0.03436959534883499
0 0.7346549034118652 0.41696566343307495 0.022984666889533403 0.03436959534883499
0 0.6507309675216675 0.4173373878002167 0.022984666889533403 0.03436959534883499
0 0.5658941268920898 0.4177131652832031 0.022984666889533403 0.03436959534883499
0 0.48012927174568176 0.4180930554866791 0.022984666889533403 0.03436959534883499
0 0.3934212028980255 0.4184771180152893 0.022984666889533403 0.03436959534883499
0 0.30575424432754517 0.418865442276001 0.022984666889533403 0.03436959534883499
0 0.21711237728595734 0.4192580580711365 0.022984666889533403 0.03436959534883499
0 0.7491823434829712 0.5168892741203308 0.022984666889533403 0.03436959534883499
0 0.6619186401367188 0.517838716506958 0.022984666889533403 0.03436959534883499
0 0.5736666917800903 0.5187990069389343 0.022984666889533403 0.03436959534883499
0 0.4844096899032593 0.5197701454162598 0.022984666889533403 0.03436959534883499
0 0.39413028955459595 0.520752489566803 0.022984666889533403 0.03436959534883499
0 0.3028108775615692 0.5217460989952087 0.022984666889533403 0.03436959534883499
0 0.21043334901332855 0.5227512121200562 0.022984666889533403 0.03436959534883499
0 0.7649374604225159 0.6252573728561401 0.022984666889533403 0.03436959534883499
0 0.6740572452545166 0.6268832683563232 0.022984666889533403 0.03436959534883499
0 0.5821039080619812 0.6285284161567688 0.022984666889533403 0.03436959534883499
0 0.489058256149292 0.6301931142807007 0.022984666889533403 0.03436959534883499
0 0.39490073919296265 0.6318776607513428 0.022984666889533403 0.03436959534883499
0 0.29961130023002625 0.6335824728012085 0.022984666889533403 0.03436959534883499
0 0.20316942036151886 0.6353079080581665 0.022984666889533403 0.03436959534883499
0 0.7820827960968018 0.7431876063346863 0.022984666889533403 0.03436959534883499
0 0.6872735619544983 0.7456086874008179 0.022984666889533403 0.03436959534883499
0 0.5912947654724121 0.7480595707893372 0.022984666889533403 0.03436959534883499
0 0.4941246509552002 0.7505409121513367 0.022984666889533403 0.03436959534883499
0 0.3957408666610718 0.7530532479286194 0.022984666889533403 0.03436959534883499
0 0.2961205542087555 0.7555971741676331 0.022984666889533403 0.03436959534883499
0 0.19524019956588745 0.7581732273101807 0.022984666889533403 0.03436959534883499