0 0.3304068446159363 0.3899069130420685 0.019307721406221393 0.02574362854162852
0 0.3253897726535797 0.4469901919364929 0.019307721406221393 0.02574362854162852
0 0.3200624883174896 0.5076027512550354 0.019307721406221393 0.02574362854162852
0 0.31439533829689026 0.5720823407173157 0.019307721406221393 0.02574362854162852
0 0.3083547055721283 0.6408112645149231 0.019307721406221393 0.02574362854162852
0 0.3019024431705475 0.7142238616943359 0.019307721406221393 0.02574362854162852
0 0.29499495029449463 0.7928157448768616 0.019307721406221393 0.02574362854162852
0 0.3917173743247986 0.3914116322994232 0.019307721406221393 0.02574362854162852
0 0.38853734731674194 0.4485657215118408 0.019307721406221393 0.02574362854162852
0 0.3851606249809265 0.5092551708221436 0.019307721406221393 0.02574362854162852
0 0.38156837224960327 0.5738183856010437 0.019307721406221393 0.02574362854162852
0 0.3777392506599426 0.6426385045051575 0.019307721406221393 0.02574362854162852
0 0.37364906072616577 0.7161509394645691 0.019307721406221393 0.02574362854162852
0 0.3692701458930969 0.7948524951934814 0.019307721406221393 0.02574362854162852
0 0.45308151841163635 0.3929176330566406 0.019307721406221393 0.02574362854162852
0 0.4517418146133423 0.45014268159866333 0.019307721406221393 0.02574362854162852
0 0.45031920075416565 0.5109090805053711 0.019307721406221393 0.02574362854162852
0 0.4488057494163513 0.5755560398101807 0.019307721406221393 0.02574362854162852
0 0.4471924602985382 0.6444675326347351 0.019307721406221393 0.02574362854162852
0 0.44546911120414734 0.7180799841880798 0.019307721406221393 0.02574362854162852
0 0.4436240494251251 0.7968913316726685 0.019307721406221393 0.02574362854162852
0 0.5144993662834167 0.3944249749183655 0.019307721406221393 0.02574362854162852
0 0.5150032639503479 0.45172107219696045 0.019307721406221393 0.02574362854162852
0 0.5155383348464966 0.5125645399093628 0.019307721406221393 0.02574362854162852
0 0.5161076188087463 0.5772953629493713 0.019307721406221393 0.02574362854162852
0 0.5167144536972046 0.6462984085083008 0.019307721406221393 0.02574362854162852
0 0.5173627138137817 0.7200109958648682 0.019307721406221393 0.02574362854162852
0 0.5180568099021912 0.7989323735237122 0.019307721406221393 0.02574362854162852
0 0.5759709477424622 0.3959336280822754 0.019307721406221393 0.02574362854162852
0 0.5783216953277588 0.4533008635044098 0.019307721406221393 0.02574362854162852
0 0.5808180570602417 0.5142215490341187 0.019307721406221393 0.02574362854162852
0 0.5834739804267883 0.5790363550186157 0.019307721406221393 0.02574362854162852
0 0.5863053202629089 0.6481310725212097 0.019307721406221393 0.02574362854162852
0 0.5893300175666809 0.7219439744949341 0.019307721406221393 0.02574362854162852
0 0.5925685167312622 0.8009755611419678 0.019307721406221393 0.02574362854162852
0 0.6374963521957397 0.39744359254837036 0.019307721406221393 0.02574362854162852
0 0.6416972279548645 0.45488208532333374 0.019307721406221393 0.02574362854162852
0 0.6461585164070129 0.5158801078796387 0.019307721406221393 0.02574362854162852
0 0.6509050726890564 0.5807790160179138 0.019307721406221393 0.02574362854162852
0 0.6559652090072632 0.6499655246734619 0.019307721406221393 0.02574362854162852
0 0.6613710522651672 0.7238789796829224 0.019307721406221393 0.02574362854162852
0 0.6671593189239502 0.8030209541320801 0.019307721406221393 0.02574362854162852
0 0.6990756392478943 0.3989548981189728 0.019307721406221393 0.02574362854162852
0 0.7051299810409546 0.4564647376537323 0.019307721406221393 0.02574362854162852
0 0.7115597128868103 0.5175401568412781 0.019307721406221393 0.02574362854162852
0 0.7184008359909058 0.5825234055519104 0.019307721406221393 0.02574362854162852
0 0.7256941199302673 0.6518018245697021 0.019307721406221393 0.02574362854162852
0 0.733485996723175 0.7258159518241882 0.019307721406221393 0.02574362854162852
0 0.7418292760848999 0.8050684332847595 0.019307721406221393 0.02574362854162852