0 0.7202361226081848 0.1902335286140442 0.02559560164809227 0.034127468864123024
0 0.6496247053146362 0.19181814789772034 0.02559560164809227 0.034127468864123024
0 0.5796995162963867 0.19338734447956085 0.02559560164809227 0.034127468864123024
0 0.5104506611824036 0.19494137167930603 0.02559560164809227 0.034127468864123024
0 0.4418683648109436 0.19648045301437378 0.02559560164809227 0.034127468864123024
0 0.3739430010318756 0.19800476729869843 0.02559560164809227 0.034127468864123024
0 0.30666521191596985 0.19951456785202026 0.02559560164809227 0.034127468864123024
0 0.7293885350227356 0.2547592520713806 0.02559560164809227 0.034127468864123024
0 0.6552371382713318 0.25609156489372253 0.02559560164809227 0.034127468864123024
0 0.5818418264389038 0.25741031765937805 0.02559560164809227 0.034127468864123024
0 0.5091912150382996 0.2587156593799591 0.02559560164809227 0.034127468864123024
0 0.43727391958236694 0.2600078284740448 0.02559560164809227 0.034127468864123024
0 0.3660789430141449 0.26128703355789185 0.02559560164809227 0.034127468864123024
0 0.2955954372882843 0.26255345344543457 0.02559560164809227 0.034127468864123024
0 0.7394987344741821 0.3260376751422882 0.02559560164809227 0.034127468864123024
0 0.6614336967468262 0.32705503702163696 0.02559560164809227 0.034127468864123024
0 0.5842059254646301 0.3280614912509918 0.02559560164809227 0.034127468864123024
0 0.5078020691871643 0.3290572166442871 0.02559560164809227 0.034127468864123024
0 0.4322088658809662 0.33004236221313477 0.02559560164809227 0.034127468864123024
0 0.3574136197566986 0.3310171067714691 0.02559560164809227 0.034127468864123024
0 0.2834036946296692 0.3319816291332245 0.02559560164809227 0.034127468864123024
0 0.7507253885269165 0.40518730878829956 0.02559560164809227 0.034127468864123024
0 0.6683107018470764 0.4058103859424591 0.02559560164809227 0.034127468864123024
0 0.5868281722068787 0.40642639994621277 0.02559560164809227 0.034127468864123024
0 0.5062620639801025 0.4070354700088501 0.02559560164809227 0.034127468864123024
0 0.426596999168396 0.40763774514198303 0.02559560164809227 0.034127468864123024
0 0.347817987203598 0.40823331475257874 0.02559560164809227 0.034127468864123024
0 0.2699102759361267 0.40882229804992676 0.02559560164809227 0.034127468864123024
0 0.7632642388343811 0.4935882091522217 0.02559560164809227 0.034127468864123024
0 0.675986647605896 0.4937154948711395 0.02559560164809227 0.034127468864123024
0 0.5897532105445862 0.4938412308692932 0.02559560164809227 0.034127468864123024
0 0.504545271396637 0.4939655065536499 0.02559560164809227 0.034127468864123024
0 0.4203447103500366 0.4940882921218872 0.02559560164809227 0.034127468864123024
0 0.3371337354183197 0.4942096173763275 0.02559560164809227 0.034127468864123024
0 0.25489500164985657 0.4943295419216156 0.02559560164809227 0.034127468864123024
0 0.777359664440155 0.5929630398750305 0.02559560164809227 0.034127468864123024
0 0.6846093535423279 0.5924632549285889 0.02559560164809227 0.034127468864123024
0 0.5930367112159729 0.5919697880744934 0.02559560164809227 0.034127468864123024
0 0.5026194453239441 0.5914825797080994 0.02559560164809227 0.034127468864123024
0 0.41333574056625366 0.5910015106201172 0.02559560164809227 0.034127468864123024
0 0.3251644968986511 0.5905264019966125 0.02559560164809227 0.034127468864123024
0 0.23808498680591583 0.5900571942329407 0.02559560164809227 0.034127468864123024
0 0.7933205962181091 0.7054903507232666 0.02559560164809227 0.034127468864123024
0 0.6943655610084534 0.7041915655136108 0.02559560164809227 0.034127468864123024
0 0.596748948097229 0.702910304069519 0.02559560164809227 0.034127468864123024
0 0.5004438161849976 0.7016462683677673 0.02559560164809227 0.034127468864123024
0 0.4054238796234131 0.7003991007804871 0.02559560164809227 0.034127468864123024
0 0.31166356801986694 0.6991685032844543 0.02559560164809227 0.034127468864123024
0 0.219138041138649 0.6979540586471558 0.02559560164809227 0.034127468864123024