0 0.24211199581623077 0.6473404169082642 0.02841615428527196 0.02841615428527196
0 0.31853049993515015 0.6534120440483093 0.02841615428527196 0.02841615428527196
0 0.3973129987716675 0.6596715450286865 0.02841615428527196 0.02841615428527196
0 0.47857099771499634 0.6661277413368225 0.02841615428527196 0.02841615428527196
0 0.5624229907989502 0.672789990901947 0.02841615428527196 0.02841615428527196
0 0.6489951610565186 0.6796684265136719 0.02841615428527196 0.02841615428527196
0 0.7384220957756042 0.6867735981941223 0.02841615428527196 0.02841615428527196
0 0.25772660970687866 0.5682348608970642 0.02841615428527196 0.02841615428527196
0 0.3325444459915161 0.5729848146438599 0.02841615428527196 0.02841615428527196
0 0.409620463848114 0.5778781771659851 0.02841615428527196 0.02841615428527196
0 0.4890584349632263 0.5829215049743652 0.02841615428527196 0.02841615428527196
0 0.5709686279296875 0.588121771812439 0.02841615428527196 0.02841615428527196
0 0.6554682850837708 0.593486487865448 0.02841615428527196 0.02841615428527196
0 0.7426822185516357 0.5990234613418579 0.02841615428527196 0.02841615428527196
0 0.27262023091316223 0.4927818477153778 0.02841615428527196 0.02841615428527196
0 0.3459019362926483 0.49632513523101807 0.02841615428527196 0.02841615428527196
0 0.4213428497314453 0.49997279047966003 0.02841615428527196 0.02841615428527196
0 0.499039888381958 0.5037295818328857 0.02841615428527196 0.02841615428527196
0 0.5790957808494568 0.5076003670692444 0.02841615428527196 0.02841615428527196
0 0.6616195440292358 0.5115905404090881 0.02841615428527196 0.02841615428527196
0 0.7467271089553833 0.5157055854797363 0.02841615428527196 0.02841615428527196
0 0.2868416905403137 0.420734167098999 0.02841615428527196 0.02841615428527196
0 0.35864803194999695 0.42317426204681396 0.02841615428527196 0.02841615428527196
0 0.4325210154056549 0.4256845712661743 0.02841615428527196 0.02841615428527196
0 0.5085511803627014 0.4282681941986084 0.02841615428527196 0.02841615428527196
0 0.5868343710899353 0.43092840909957886 0.02841615428527196 0.02841615428527196
0 0.6674723029136658 0.4336686134338379 0.02841615428527196 0.02841615428527196
0 0.7505728006362915 0.4364925026893616 0.02841615428527196 0.02841615428527196
0 0.30043548345565796 0.35186633467674255 0.02841615428527196 0.02841615428527196
0 0.37082377076148987 0.3532967269420624 0.02841615428527196 0.02841615428527196
0 0.44319191575050354 0.3547673225402832 0.02841615428527196 0.02841615428527196
0 0.5176246762275696 0.3562799096107483 0.02841615428527196 0.02841615428527196
0 0.5942116379737854 0.3578362464904785 0.02841615428527196 0.02841615428527196
0 0.6730477213859558 0.35943830013275146 0.02841615428527196 0.02841615428527196
0 0.7542335391044617 0.3610880970954895 0.02841615428527196 0.02841615428527196
0 0.31344226002693176 0.28597238659858704 0.02841615428527196 0.02841615428527196
0 0.382466584444046 0.28647759556770325 0.02841615428527196 0.02841615428527196
0 0.45338934659957886 0.2869966924190521 0.02841615428527196 0.02841615428527196
0 0.5262899398803711 0.2875302731990814 0.02841615428527196 0.02841615428527196
0 0.6012523174285889 0.2880789339542389 0.02841615428527196 0.02841615428527196
0 0.678365170955658 0.28864333033561707 0.02841615428527196 0.02841615428527196
0 0.7577223777770996 0.28922417759895325 0.02841615428527196 0.02841615428527196
0 0.325899213552475 0.22286377847194672 0.02841615428527196 0.02841615428527196
0 0.39361074566841125 0.22252041101455688 0.02841615428527196 0.02841615428527196
0 0.4631441533565521 0.22216780483722687 0.02841615428527196 0.02841615428527196
0 0.534574031829834 0.22180557250976562 0.02841615428527196 0.02841615428527196
0 0.6079789400100708 0.22143332660198212 0.02841615428527196 0.02841615428527196
0 0.6834420561790466 0.22105063498020172 0.02841615428527196 0.02841615428527196
0 0.7610511779785156 0.220657080411911 0.02841615428527196 0.02841615428527196