0 0.6952801942825317 0.15499457716941833 0.023024329853554567 0.03442890445391337
0 0.6200466752052307 0.15443836152553558 0.023024329853554567 0.03442890445391337
0 0.5440945029258728 0.15387682616710663 0.023024329853554567 0.03442890445391337
0 0.4674133360385895 0.1533099114894867 0.023024329853554567 0.03442890445391337
0 0.3899926245212555 0.15273752808570862 0.023024329853554567 0.03442890445391337
0 0.3118216395378113 0.15215960144996643 0.023024329853554567 0.03442890445391337
0 0.23288938403129578 0.15157604217529297 0.023024329853554567 0.03442890445391337
0 0.7074227333068848 0.23474210500717163 0.023024329853554567 0.03442890445391337
0 0.6294940114021301 0.23455847799777985 0.023024329853554567 0.03442890445391337
0 0.5507935285568237 0.2343730330467224 0.023024329853554567 0.03442890445391337
0 0.47130969166755676 0.23418574035167694 0.023024329853554567 0.03442890445391337
0 0.39103081822395325 0.23399658501148224 0.023024329853554567 0.03442890445391337
0 0.30994486808776855 0.23380550742149353 0.023024329853554567 0.03442890445391337
0 0.22803963720798492 0.23361250758171082 0.023024329853554567 0.03442890445391337
0 0.7204837203025818 0.3205214738845825 0.023024329853554567 0.03442890445391337
0 0.639659583568573 0.32076963782310486 0.023024329853554567 0.03442890445391337
0 0.5580044388771057 0.32102030515670776 0.023024329853554567 0.03442890445391337
0 0.4755053222179413 0.3212735950946808 0.023024329853554567 0.03442890445391337
0 0.3921491503715515 0.3215295076370239 0.023024329853554567 0.03442890445391337
0 0.30792245268821716 0.32178807258605957 0.023024329853554567 0.03442890445391337
0 0.2228115350008011 0.3220493793487549 0.023024329853554567 0.03442890445391337
0 0.7345713973045349 0.41304394602775574 0.023024329853554567 0.03442890445391337
0 0.6506285667419434 0.41379380226135254 0.023024329853554567 0.03442890445391337
0 0.5657882690429688 0.414551705121994 0.023024329853554567 0.03442890445391337
0 0.4800361096858978 0.41531774401664734 0.023024329853554567 0.03442890445391337
0 0.3933572769165039 0.41609206795692444 0.023024329853554567 0.03442890445391337
0 0.3057367205619812 0.41687479615211487 0.023024329853554567 0.03442890445391337
0 0.2171589732170105 0.4176660478115082 0.023024329853554567 0.03442890445391337
0 0.7498118877410889 0.5131371021270752 0.023024329853554567 0.03442890445391337
0 0.6625000238418579 0.5144718885421753 0.023024329853554567 0.03442890445391337
0 0.5742160677909851 0.5158215761184692 0.023024329853554567 0.03442890445391337
0 0.48494383692741394 0.5171863436698914 0.023024329853554567 0.03442890445391337
0 0.39466652274131775 0.5185664892196655 0.023024329853554567 0.03442890445391337
0 0.30336707830429077 0.5199622511863708 0.023024329853554567 0.03442890445391337
0 0.2110280990600586 0.5213739275932312 0.023024329853554567 0.03442890445391337
0 0.7663525938987732 0.6217698454856873 0.023024329853554567 0.03442890445391337
0 0.6753901243209839 0.6237890720367432 0.023024329853554567 0.03442890445391337
0 0.5833712816238403 0.6258317232131958 0.023024329853554567 0.03442890445391337
0 0.49027761816978455 0.6278982758522034 0.023024329853554567 0.03442890445391337
0 0.3960900604724884 0.6299890875816345 0.023024329853554567 0.03442890445391337
0 0.30078932642936707 0.6321046352386475 0.023024329853554567 0.03442890445391337
0 0.20435549318790436 0.6342452764511108 0.023024329853554567 0.03442890445391337
0 0.7843673229217529 0.7400836944580078 0.023024329853554567 0.03442890445391337
0 0.6894358992576599 0.7429071068763733 0.023024329853554567 0.03442890445391337
0 0.5933523178100586 0.7457647919654846 0.023024329853554567 0.03442890445391337
0 0.4960954189300537 0.7486573457717896 0.023024329853554567 0.03442890445391337
0 0.3976435959339142 0.7515854239463806 0.023024329853554567 0.03442890445391337
0 0.29797470569610596 0.7545497417449951 0.023024329853554567 0.03442890445391337
0 0.1970660537481308 0.7575508952140808 0.023024329853554567 0.03442890445391337