0 0.6932894587516785 0.15524353086948395 0.02297101131019493 0.03434917579094569
0 0.6182016730308533 0.15459956228733063 0.02297101131019493 0.03434917579094569
0 0.542566180229187 0.15395089983940125 0.02297101131019493 0.03434917579094569
0 0.46637699007987976 0.15329749882221222 0.02297101131019493 0.03434917579094569
0 0.38962793350219727 0.15263928472995758 0.02297101131019493 0.03434917579094569
0 0.3123128116130829 0.15197622776031494 0.02297101131019493 0.03434917579094569
0 0.2344254106283188 0.15130825340747833 0.02297101131019493 0.03434917579094569
0 0.7049993872642517 0.23533858358860016 0.02297101131019493 0.03434917579094569
0 0.6271722912788391 0.23497261106967926 0.02297101131019493 0.03434917579094569
0 0.5487563014030457 0.2346038520336151 0.02297101131019493 0.03434917579094569
0 0.46974480152130127 0.23423230648040771 0.02297101131019493 0.03434917579094569
0 0.3901309669017792 0.2338579148054123 0.02297101131019493 0.03434917579094569
0 0.3099078834056854 0.23348066210746765 0.02297101131019493 0.03434917579094569
0 0.22906848788261414 0.2331005185842514 0.02297101131019493 0.03434917579094569
0 0.7176074385643005 0.32157644629478455 0.02297101131019493 0.03434917579094569
0 0.6368335485458374 0.3215338885784149 0.02297101131019493 0.03434917579094569
0 0.5554248690605164 0.321491003036499 0.02297101131019493 0.03434917579094569
0 0.47337397933006287 0.3214477598667145 0.02297101131019493 0.03434917579094569
0 0.3906732201576233 0.32140418887138367 0.02297101131019493 0.03434917579094569
0 0.30731481313705444 0.3213602602481842 0.02297101131019493 0.03434917579094569
0 0.22329089045524597 0.3213160037994385 0.02297101131019493 0.03434917579094569
0 0.7312209606170654 0.4146919548511505 0.02297101131019493 0.03434917579094569
0 0.6472684144973755 0.4150266945362091 0.02297101131019493 0.03434917579094569
0 0.5626296401023865 0.41536420583724976 0.02297101131019493 0.03434917579094569
0 0.4772961735725403 0.41570448875427246 0.02297101131019493 0.03434917579094569
0 0.39125943183898926 0.4160475432872772 0.02297101131019493 0.03434917579094569
0 0.3045106530189514 0.4163934588432312 0.02297101131019493 0.03434917579094569
0 0.217041015625 0.4167422354221344 0.02297101131019493 0.03434917579094569
0 0.745965301990509 0.5155420303344727 0.02297101131019493 0.03434917579094569
0 0.6585737466812134 0.5163183808326721 0.02297101131019493 0.03434917579094569
0 0.5704379677772522 0.5171013474464417 0.02297101131019493 0.03434917579094569
0 0.4815483093261719 0.517890989780426 0.02297101131019493 0.03434917579094569
0 0.3918951451778412 0.5186874270439148 0.02297101131019493 0.03434917579094569
0 0.3014685809612274 0.5194907784461975 0.02297101131019493 0.03434917579094569
0 0.21025851368904114 0.5203010439872742 0.02297101131019493 0.03434917579094569
0 0.7619874477386475 0.625132143497467 0.02297101131019493 0.03434917579094569
0 0.6708632111549377 0.6264272332191467 0.02297101131019493 0.03434917579094569
0 0.5789289474487305 0.6277337670326233 0.02297101131019493 0.03434917579094569
0 0.48617392778396606 0.6290519833564758 0.02297101131019493 0.03434917579094569
0 0.39258697628974915 0.6303820610046387 0.02297101131019493 0.03434917579094569
0 0.29815688729286194 0.6317241191864014 0.02297101131019493 0.03434917579094569
0 0.20287224650382996 0.6330782771110535 0.02297101131019493 0.03434917579094569
0 0.7794609665870667 0.7446499466896057 0.02297101131019493 0.03434917579094569
0 0.6842710971832275 0.74655681848526 0.02297101131019493 0.03434917579094569
0 0.588196337223053 0.7484814524650574 0.02297101131019493 0.03434917579094569
0 0.49122440814971924 0.7504240274429321 0.02297101131019493 0.03434917579094569
0 0.39334264397621155 0.7523848414421082 0.02297101131019493 0.03434917579094569
0 0.29453814029693604 0.7543641328811646 0.02297101131019493 0.03434917579094569
0 0.19479787349700928 0.7563621997833252 0.02297101131019493 0.03434917579094569