0 0.2284616380929947 0.7186757326126099 0.0309381236632665 0.0309381236632665
0 0.31639161705970764 0.7184686660766602 0.0309381236632665 0.0309381236632665
0 0.4047030210494995 0.718260645866394 0.0309381236632665 0.0309381236632665
0 0.4933983385562897 0.7180517315864563 0.0309381236632665 0.0309381236632665
0 0.5824801325798035 0.7178419232368469 0.0309381236632665 0.0309381236632665
0 0.6719508171081543 0.7176311612129211 0.0309381236632665 0.0309381236632665
0 0.7618131041526794 0.7174195051193237 0.0309381236632665 0.0309381236632665
0 0.23891006410121918 0.6306848526000977 0.0309381236632665 0.0309381236632665
0 0.32331469655036926 0.6303033232688904 0.0309381236632665 0.0309381236632665
0 0.4080706834793091 0.629920244216919 0.0309381236632665 0.0309381236632665
0 0.49318021535873413 0.6295355558395386 0.0309381236632665 0.0309381236632665
0 0.5786455273628235 0.6291492581367493 0.0309381236632665 0.0309381236632665
0 0.6644687652587891 0.6287612915039062 0.0309381236632665 0.0309381236632665
0 0.7506523132324219 0.6283717751502991 0.0309381236632665 0.0309381236632665
0 0.24854983389377594 0.5495040416717529 0.0309381236632665 0.0309381236632665
0 0.32970091700553894 0.5489752888679504 0.0309381236632665 0.0309381236632665
0 0.4111766815185547 0.5484443306922913 0.0309381236632665 0.0309381236632665
0 0.4929790794849396 0.5479113459587097 0.0309381236632665 0.0309381236632665
0 0.5751100778579712 0.5473761558532715 0.0309381236632665 0.0309381236632665
0 0.6575716137886047 0.5468388199806213 0.0309381236632665 0.0309381236632665
0 0.7403658032417297 0.5462992787361145 0.0309381236632665 0.0309381236632665
0 0.25747132301330566 0.4743722379207611 0.0309381236632665 0.0309381236632665
0 0.33561035990715027 0.4737187623977661 0.0309381236632665 0.0309381236632665
0 0.4140503406524658 0.47306281328201294 0.0309381236632665 0.0309381236632665
0 0.4927930235862732 0.4724043011665344 0.0309381236632665 0.0309381236632665
0 0.5718401074409485 0.47174325585365295 0.0309381236632665 0.0309381236632665
0 0.651193380355835 0.47107964754104614 0.0309381236632665 0.0309381236632665
0 0.7308546900749207 0.470413476228714 0.0309381236632665 0.0309381236632665
0 0.2657519280910492 0.40463754534721375 0.0309381236632665 0.0309381236632665
0 0.3410945236682892 0.40387842059135437 0.0309381236632665 0.0309381236632665
0 0.4167168140411377 0.40311646461486816 0.0309381236632665 0.0309381236632665
0 0.4926203787326813 0.40235164761543274 0.0309381236632665 0.0309381236632665
0 0.5688067674636841 0.40158402919769287 0.0309381236632665 0.0309381236632665
0 0.6452776193618774 0.4008135199546814 0.0309381236632665 0.0309381236632665
0 0.7220344543457031 0.4000401198863983 0.0309381236632665 0.0309381236632665
0 0.2734583020210266 0.3397386372089386 0.0309381236632665 0.0309381236632665
0 0.3461976945400238 0.33888980746269226 0.0309381236632665 0.0309381236632665
0 0.4191977083683014 0.3380379378795624 0.0309381236632665 0.0309381236632665
0 0.49245980381965637 0.33718299865722656 0.0309381236632665 0.0309381236632665
0 0.5659853219985962 0.3363249599933624 0.0309381236632665 0.0309381236632665
0 0.6397757530212402 0.33546388149261475 0.0309381236632665 0.0309381236632665
0 0.7138324975967407 0.33459964394569397 0.0309381236632665 0.0309381236632665
0 0.28064820170402527 0.2791893482208252 0.0309381236632665 0.0309381236632665
0 0.3509582579135895 0.2782643437385559 0.0309381236632665 0.0309381236632665
0 0.42151176929473877 0.27733615040779114 0.0309381236632665 0.0309381236632665
0 0.4923100173473358 0.2764047384262085 0.0309381236632665 0.0309381236632665
0 0.5633543133735657 0.2754700779914856 0.0309381236632665 0.0309381236632665
0 0.6346458196640015 0.27453216910362244 0.0309381236632665 0.0309381236632665
0 0.7061859965324402 0.27359098196029663 0.0309381236632665 0.0309381236632665