0 0.7069808840751648 0.16438791155815125 0.0228614693817993 0.034185374776522316
0 0.6313636898994446 0.16344980895519257 0.0228614693817993 0.034185374776522316
0 0.5551742315292358 0.16250459849834442 0.0228614693817993 0.034185374776522316
0 0.4784059226512909 0.16155222058296204 0.0228614693817993 0.034185374776522316
0 0.40105223655700684 0.16059257090091705 0.0228614693817993 0.034185374776522316
0 0.32310640811920166 0.1596255898475647 0.0228614693817993 0.034185374776522316
0 0.24456164240837097 0.15865115821361542 0.0228614693817993 0.034185374776522316
0 0.7184275388717651 0.24424684047698975 0.0228614693817993 0.034185374776522316
0 0.6400861740112305 0.2435864508152008 0.0228614693817993 0.034185374776522316
0 0.561130166053772 0.2429208904504776 0.0228614693817993 0.034185374776522316
0 0.4815521836280823 0.24225008487701416 0.0228614693817993 0.034185374776522316
0 0.4013448655605316 0.2415739744901657 0.0228614693817993 0.034185374776522316
0 0.32050076127052307 0.24089249968528748 0.0228614693817993 0.034185374776522316
0 0.2390121966600418 0.2402055859565735 0.0228614693817993 0.034185374776522316
0 0.7307408452033997 0.33015191555023193 0.0228614693817993 0.034185374776522316
0 0.6494717597961426 0.3298148810863495 0.0228614693817993 0.034185374776522316
0 0.56754070520401 0.3294751048088074 0.0228614693817993 0.034185374776522316
0 0.4849395453929901 0.3291325569152832 0.0228614693817993 0.034185374776522316
0 0.4016600251197815 0.3287872076034546 0.0228614693817993 0.034185374776522316
0 0.3176937401294708 0.32843899726867676 0.0228614693817993 0.034185374776522316
0 0.23303218185901642 0.3280878961086273 0.0228614693817993 0.034185374776522316
0 0.7440230250358582 0.42281678318977356 0.0228614693817993 0.034185374776522316
0 0.6595989465713501 0.4228571653366089 0.0228614693817993 0.034185374776522316
0 0.574459969997406 0.4228978753089905 0.0228614693817993 0.034185374776522316
0 0.4885968565940857 0.4229389727115631 0.0228614693817993 0.034185374776522316
0 0.40200039744377136 0.422980397939682 0.0228614693817993 0.034185374776522316
0 0.3146611154079437 0.42302215099334717 0.0228614693817993 0.034185374776522316
0 0.22656944394111633 0.42306429147720337 0.0228614693817993 0.034185374776522316
0 0.7583931684494019 0.5230720043182373 0.0228614693817993 0.034185374776522316
0 0.6705593466758728 0.5235541462898254 0.0228614693817993 0.034185374776522316
0 0.5819510221481323 0.5240405797958374 0.0228614693817993 0.034185374776522316
0 0.49255773425102234 0.5245313048362732 0.0228614693817993 0.034185374776522316
0 0.4023691415786743 0.5250263810157776 0.0228614693817993 0.034185374776522316
0 0.3113745450973511 0.5255259275436401 0.0228614693817993 0.034185374776522316
0 0.2195630669593811 0.5260299444198608 0.0228614693817993 0.034185374776522316
0 0.7739906907081604 0.6318899989128113 0.0228614693817993 0.034185374776522316
0 0.6824601888656616 0.632891058921814 0.0228614693817993 0.034185374776522316
0 0.5900877118110657 0.6339013576507568 0.0228614693817993 0.034185374776522316
0 0.49686160683631897 0.6349209547042847 0.0228614693817993 0.034185374776522316
0 0.4027699828147888 0.635949969291687 0.0228614693817993 0.034185374776522316
0 0.3078007102012634 0.636988639831543 0.0228614693817993 0.034185374776522316
0 0.2119414508342743 0.6380370855331421 0.0228614693817993 0.034185374776522316
0 0.79097980260849 0.7504167556762695 0.0228614693817993 0.034185374776522316
0 0.6954278945922852 0.7520296573638916 0.0228614693817993 0.034185374776522316
0 0.598957359790802 0.7536580562591553 0.0228614693817993 0.034185374776522316
0 0.5015550255775452 0.7553022503852844 0.0228614693817993 0.034185374776522316
0 0.40320727229118347 0.7569622993469238 0.0228614693817993 0.034185374776522316
0 0.30390024185180664 0.7586386203765869 0.0228614693817993 0.034185374776522316
0 0.2036198377609253 0.7603313326835632 0.0228614693817993 0.034185374776522316