0 0.7076216340065002 0.16397295892238617 0.02284265517567595 0.03415724138418833
0 0.6324943900108337 0.1630549132823944 0.02284265517567595 0.03415724138418833
0 0.5567569136619568 0.16212941706180573 0.02284265517567595 0.03415724138418833
0 0.48040175437927246 0.16119636595249176 0.02284265517567595 0.03415724138418833
0 0.4034213125705719 0.16025568544864655 0.02284265517567595 0.03415724138418833
0 0.32580792903900146 0.15930725634098053 0.02284265517567595 0.03415724138418833
0 0.24755370616912842 0.15835100412368774 0.02284265517567595 0.03415724138418833
0 0.7191974520683289 0.24343451857566833 0.02284265517567595 0.03415724138418833
0 0.6413414478302002 0.24281582236289978 0.02284265517567595 0.03415724138418833
0 0.5628296136856079 0.24219192564487457 0.02284265517567595 0.03415724138418833
0 0.48365354537963867 0.24156273901462555 0.02284265517567595 0.03415724138418833
0 0.40380486845970154 0.24092820286750793 0.02284265517567595 0.03415724138418833
0 0.3232749402523041 0.24028827250003815 0.02284265517567595 0.03415724138418833
0 0.2420549988746643 0.23964284360408783 0.02284265517567595 0.03415724138418833
0 0.7316581606864929 0.3289702236652374 0.02284265517567595 0.03415724138418833
0 0.650867760181427 0.32870030403137207 0.02284265517567595 0.03415724138418833
0 0.5693705677986145 0.3284280300140381 0.02284265517567595 0.03415724138418833
0 0.4871572256088257 0.3281533718109131 0.02284265517567595 0.03415724138418833
0 0.40421825647354126 0.3278762996196747 0.02284265517567595 0.03415724138418833
0 0.32054403424263 0.3275967538356781 0.02284265517567595 0.03415724138418833
0 0.23612473905086517 0.32731473445892334 0.02284265517567595 0.03415724138418833
0 0.7451092600822449 0.42130422592163086 0.02284265517567595 0.03415724138418833
0 0.6611546874046326 0.4214417338371277 0.02284265517567595 0.03415724138418833
0 0.5764361023902893 0.4215804934501648 0.02284265517567595 0.03415724138418833
0 0.49094316363334656 0.4217205345630646 0.02284265517567595 0.03415724138418833
0 0.4046650826931 0.421861857175827 0.02284265517567595 0.03415724138418833
0 0.3175910711288452 0.42200446128845215 0.02284265517567595 0.03415724138418833
0 0.22971004247665405 0.4221484065055847 0.02284265517567595 0.03415724138418833
0 0.7596736550331116 0.5212805271148682 0.02284265517567595 0.03415724138418833
0 0.6722970008850098 0.5218954086303711 0.02284265517567595 0.03415724138418833
0 0.5840920209884644 0.5225160717964172 0.02284265517567595 0.03415724138418833
0 0.4950469434261322 0.5231426954269409 0.02284265517567595 0.03415724138418833
0 0.4051496386528015 0.5237752795219421 0.02284265517567595 0.03415724138418833
0 0.31438782811164856 0.5244140028953552 0.02284265517567595 0.03415724138418833
0 0.2227490097284317 0.5250588655471802 0.02284265517567595 0.03415724138418833
0 0.7754955887794495 0.6298888921737671 0.02284265517567595 0.03415724138418833
0 0.6844061017036438 0.6310650110244751 0.02284265517567595 0.03415724138418833
0 0.5924155116081238 0.6322528123855591 0.02284265517567595 0.03415724138418833
0 0.4995103180408478 0.6334523558616638 0.02284265517567595 0.03415724138418833
0 0.40567684173583984 0.6346639394760132 0.02284265517567595 0.03415724138418833
0 0.31090107560157776 0.6358876824378967 0.02284265517567595 0.03415724138418833
0 0.215168759226799 0.6371237635612488 0.02284265517567595 0.03415724138418833
0 0.7927451729774475 0.7482977509498596 0.02284265517567595 0.03415724138418833
0 0.697613537311554 0.7501364946365356 0.02284265517567595 0.03415724138418833
0 0.6014978289604187 0.751994252204895 0.02284265517567595 0.03415724138418833
0 0.5043827295303345 0.7538713216781616 0.02284265517567595 0.03415724138418833
0 0.40625259280204773 0.7557680010795593 0.02284265517567595 0.03415724138418833
0 0.3070914149284363 0.757684588432312 0.02284265517567595 0.03415724138418833
0 0.20688281953334808 0.7596215009689331 0.02284265517567595 0.03415724138418833