0 0.692725419998169 0.15513378381729126 0.022880330091963216 0.03421357770760854
0 0.6174371242523193 0.1547997146844864 0.022880330091963216 0.03421357770760854
0 0.5415526628494263 0.154462993144989 0.022880330091963216 0.03421357770760854
0 0.4650648236274719 0.15412360429763794 0.022880330091963216 0.03421357770760854
0 0.38796642422676086 0.15378150343894958 0.022880330091963216 0.03421357770760854
0 0.31025010347366333 0.15343666076660156 0.022880330091963216 0.03421357770760854
0 0.23190844058990479 0.1530890315771103 0.022880330091963216 0.03421357770760854
0 0.7047557234764099 0.23482267558574677 0.022880330091963216 0.03421357770760854
0 0.6267496943473816 0.23480217158794403 0.022880330091963216 0.03421357770760854
0 0.5481030344963074 0.23478150367736816 0.022880330091963216 0.03421357770760854
0 0.4688079357147217 0.23476065695285797 0.022880330091963216 0.03421357770760854
0 0.38885632157325745 0.23473964631557465 0.022880330091963216 0.03421357770760854
0 0.30823996663093567 0.2347184717655182 0.022880330091963216 0.03421357770760854
0 0.22695057094097137 0.2346971035003662 0.022880330091963216 0.03421357770760854
0 0.7177002429962158 0.3205668330192566 0.022880330091963216 0.03421357770760854
0 0.6367728114128113 0.3209095299243927 0.022880330091963216 0.03421357770760854
0 0.5551553964614868 0.3212551474571228 0.022880330091963216 0.03421357770760854
0 0.4728391468524933 0.3216037452220917 0.022880330091963216 0.03421357770760854
0 0.38981497287750244 0.3219553232192993 0.022880330091963216 0.03421357770760854
0 0.30607378482818604 0.3223099410533905 0.022880330091963216 0.03421357770760854
0 0.22160618007183075 0.3226676285266876 0.022880330091963216 0.03421357770760854
0 0.731667160987854 0.41308367252349854 0.022880330091963216 0.03421357770760854
0 0.6475911736488342 0.41384828090667725 0.022880330091963216 0.03421357770760854
0 0.5627697706222534 0.41461968421936035 0.022880330091963216 0.03421357770760854
0 0.4771929979324341 0.4153979420661926 0.022880330091963216 0.03421357770760854
0 0.3908507227897644 0.4161831736564636 0.022880330091963216 0.03421357770760854
0 0.30373263359069824 0.4169754385948181 0.022880330091963216 0.03421357770760854
0 0.21582822501659393 0.41777485609054565 0.022880330091963216 0.03421357770760854
0 0.746782660484314 0.5132086873054504 0.022880330091963216 0.03421357770760854
0 0.6593032479286194 0.5144649744033813 0.022880330091963216 0.03421357770760854
0 0.5710160732269287 0.5157329440116882 0.022880330091963216 0.03421357770760854
0 0.4819099009037018 0.5170126557350159 0.022880330091963216 0.03421357770760854
0 0.39197325706481934 0.5183042883872986 0.022880330091963216 0.03421357770760854
0 0.3011944890022278 0.5196080207824707 0.022880330091963216 0.03421357770760854
0 0.20956170558929443 0.5209239721298218 0.022880330091963216 0.03421357770760854
0 0.7631944417953491 0.6219204664230347 0.022880330091963216 0.03421357770760854
0 0.6720246076583862 0.6237521171569824 0.022880330091963216 0.03421357770760854
0 0.5799764394760132 0.6256013512611389 0.022880330091963216 0.03421357770760854
0 0.48703718185424805 0.627468466758728 0.022880330091963216 0.03421357770760854
0 0.39319390058517456 0.6293538212776184 0.022880330091963216 0.03421357770760854
0 0.2984333336353302 0.6312575340270996 0.022880330091963216 0.03421357770760854
0 0.20274192094802856 0.6331799626350403 0.022880330091963216 0.03421357770760854
0 0.7810768485069275 0.7403733134269714 0.022880330091963216 0.03421357770760854
0 0.6858915090560913 0.7428807616233826 0.022880330091963216 0.03421357770760854
0 0.5897477269172668 0.7454134821891785 0.022880330091963216 0.03421357770760854
0 0.49263086915016174 0.7479718327522278 0.022880330091963216 0.03421357770760854
0 0.3945261538028717 0.750556230545044 0.022880330091963216 0.03421357770760854
0 0.2954184412956238 0.7531670331954956 0.022880330091963216 0.03421357770760854
0 0.19529221951961517 0.7558046579360962 0.022880330091963216 0.03421357770760854