0 0.8028482794761658 0.15138164162635803 0.020313029622452128 0.03409179796775182
0 0.7306289672851562 0.15194359421730042 0.020313029622452128 0.03409179796775182
0 0.6587196588516235 0.1525031179189682 0.020313029622452128 0.03409179796775182
0 0.5871184468269348 0.15306024253368378 0.020313029622452128 0.03409179796775182
0 0.5158233046531677 0.15361498296260834 0.020313029622452128 0.03409179796775182
0 0.4448322653770447 0.15416736900806427 0.020313029622452128 0.03409179796775182
0 0.3741433918476105 0.15471740067005157 0.020313029622452128 0.03409179796775182
0 0.8029899597167969 0.23106174170970917 0.020313029622452128 0.03409179796775182
0 0.727879524230957 0.23146791756153107 0.020313029622452128 0.03409179796775182
0 0.6531044244766235 0.23187226057052612 0.020313029622452128 0.03409179796775182
0 0.5786623954772949 0.23227481544017792 0.020313029622452128 0.03409179796775182
0 0.5045512318611145 0.23267558217048645 0.020313029622452128 0.03409179796775182
0 0.430768758058548 0.23307456076145172 0.020313029622452128 0.03409179796775182
0 0.35731279850006104 0.23347178101539612 0.020313029622452128 0.03409179796775182
0 0.8031435012817383 0.3174022436141968 0.020313029622452128 0.03409179796775182
0 0.7249007821083069 0.31762412190437317 0.020313029622452128 0.03409179796775182
0 0.6470219492912292 0.317844957113266 0.020313029622452128 0.03409179796775182
0 0.5695043802261353 0.31806477904319763 0.020313029622452128 0.03409179796775182
0 0.4923456907272339 0.3182835876941681 0.020313029622452128 0.03409179796775182
0 0.4155432879924774 0.31850138306617737 0.020313029622452128 0.03409179796775182
0 0.33909478783607483 0.31871816515922546 0.020313029622452128 0.03409179796775182
0 0.8033103942871094 0.41127464175224304 0.020313029622452128 0.03409179796775182
0 0.7216628193855286 0.4112778604030609 0.020313029622452128 0.03409179796775182
0 0.6404114365577698 0.41128110885620117 0.020313029622452128 0.03409179796775182
0 0.559553325176239 0.41128429770469666 0.020313029622452128 0.03409179796775182
0 0.47908568382263184 0.41128748655319214 0.020313029622452128 0.03409179796775182
0 0.39900562167167664 0.4112906754016876 0.020313029622452128 0.03409179796775182
0 0.31931042671203613 0.4112938344478607 0.020313029622452128 0.03409179796775182
0 0.8034924864768982 0.5137094855308533 0.020313029622452128 0.03409179796775182
0 0.7181302309036255 0.513452410697937 0.020313029622452128 0.03409179796775182
0 0.633201003074646 0.5131966471672058 0.020313029622452128 0.03409179796775182
0 0.5487014651298523 0.5129421949386597 0.020313029622452128 0.03409179796775182
0 0.4646283686161041 0.5126889944076538 0.020313029622452128 0.03409179796775182
0 0.3809784948825836 0.5124370455741882 0.020313029622452128 0.03409179796775182
0 0.2977486550807953 0.5121864080429077 0.020313029622452128 0.03409179796775182
0 0.8036920428276062 0.6259342432022095 0.020313029622452128 0.03409179796775182
0 0.714260995388031 0.6253659725189209 0.020313029622452128 0.03409179796775182
0 0.62530517578125 0.6248007416725159 0.020313029622452128 0.03409179796775182
0 0.5368207097053528 0.6242384910583496 0.020313029622452128 0.03409179796775182
0 0.44880393147468567 0.6236792206764221 0.020313029622452128 0.03409179796775182
0 0.3612511456012726 0.6231228709220886 0.020313029622452128 0.03409179796775182
0 0.27415865659713745 0.6225695013999939 0.020313029622452128 0.03409179796775182
0 0.803911566734314 0.7494227886199951 0.020313029622452128 0.03409179796775182
0 0.710004448890686 0.7484807372093201 0.020313029622452128 0.03409179796775182
0 0.616621196269989 0.7475438714027405 0.020313029622452128 0.03409179796775182
0 0.5237574577331543 0.7466121912002563 0.020313029622452128 0.03409179796775182
0 0.4314088821411133 0.7456857562065125 0.020313029622452128 0.03409179796775182
0 0.3395712077617645 0.7447643876075745 0.020313029622452128 0.03409179796775182
0 0.24824018776416779 0.7438481450080872 0.020313029622452128 0.03409179796775182