0 0.7271177172660828 0.2363678514957428 0.03285107264916102 0.03285107264916102
0 0.6533281803131104 0.237060084939003 0.03285107264916102 0.03285107264916102
0 0.5797752141952515 0.2377500981092453 0.03285107264916102 0.03285107264916102
0 0.5064575672149658 0.23843790590763092 0.03285107264916102 0.03285107264916102
0 0.43337422609329224 0.23912352323532104 0.03285107264916102 0.03285107264916102
0 0.3605239987373352 0.23980695009231567 0.03285107264916102 0.03285107264916102
0 0.28790581226348877 0.2404881864786148 0.03285107264916102 0.03285107264916102
0 0.7358103394508362 0.2966289222240448 0.03285107264916102 0.03285107264916102
0 0.6591827869415283 0.2972472310066223 0.03285107264916102 0.03285107264916102
0 0.5828101634979248 0.2978634536266327 0.03285107264916102 0.03285107264916102
0 0.5066913366317749 0.2984776496887207 0.03285107264916102 0.03285107264916102
0 0.43082496523857117 0.29908978939056396 0.03285107264916102 0.03285107264916102
0 0.3552097976207733 0.29969990253448486 0.03285107264916102 0.03285107264916102
0 0.27984461188316345 0.3003080189228058 0.03285107264916102 0.03285107264916102
0 0.7451959252357483 0.3616936504840851 0.03285107264916102 0.03285107264916102
0 0.665503203868866 0.3622237741947174 0.03285107264916102 0.03285107264916102
0 0.5860862731933594 0.3627520799636841 0.03285107264916102 0.03285107264916102
0 0.5069436430931091 0.3632785677909851 0.03285107264916102 0.03285107264916102
0 0.4280738830566406 0.3638032078742981 0.03285107264916102 0.03285107264916102
0 0.349475622177124 0.3643260598182678 0.03285107264916102 0.03285107264916102
0 0.2711474299430847 0.3648471236228943 0.03285107264916102 0.03285107264916102
0 0.7553606629371643 0.4321601986885071 0.03285107264916102 0.03285107264916102
0 0.6723474860191345 0.43258512020111084 0.03285107264916102 0.03285107264916102
0 0.5896334052085876 0.4330085217952728 0.03285107264916102 0.03285107264916102
0 0.50721675157547 0.43343040347099304 0.03285107264916102 0.03285107264916102
0 0.4250960648059845 0.4338507354259491 0.03285107264916102 0.03285107264916102
0 0.3432696461677551 0.43426960706710815 0.03285107264916102 0.03285107264916102
0 0.2617359459400177 0.43468692898750305 0.03285107264916102 0.03285107264916102
0 0.7664058804512024 0.5087304711341858 0.03285107264916102 0.03285107264916102
0 0.6797834634780884 0.5090295672416687 0.03285107264916102 0.03285107264916102
0 0.5934865474700928 0.5093275904655457 0.03285107264916102 0.03285107264916102
0 0.5075134634971619 0.5096244812011719 0.03285107264916102 0.03285107264916102
0 0.4218622148036957 0.5099202394485474 0.03285107264916102 0.03285107264916102
0 0.3365311324596405 0.5102148652076721 0.03285107264916102 0.03285107264916102
0 0.2515183687210083 0.5105084776878357 0.03285107264916102 0.03285107264916102
0 0.778451144695282 0.5922333002090454 0.03285107264916102 0.03285107264916102
0 0.6878913640975952 0.5923815965652466 0.03285107264916102 0.03285107264916102
0 0.5976872444152832 0.5925293564796448 0.03285107264916102 0.03285107264916102
0 0.5078368186950684 0.5926765203475952 0.03285107264916102 0.03285107264916102
0 0.418337881565094 0.5928230881690979 0.03285107264916102 0.03285107264916102
0 0.3291884958744049 0.5929691195487976 0.03285107264916102 0.03285107264916102
0 0.24038653075695038 0.5931145548820496 0.03285107264916102 0.03285107264916102
0 0.7916386723518372 0.6836549639701843 0.03285107264916102 0.03285107264916102
0 0.6967665553092957 0.683621883392334 0.03285107264916102 0.03285107264916102
0 0.6022846698760986 0.6835889220237732 0.03285107264916102 0.03285107264916102
0 0.5081906318664551 0.683556079864502 0.03285107264916102 0.03285107264916102
0 0.41448208689689636 0.683523416519165 0.03285107264916102 0.03285107264916102
0 0.3211566209793091 0.6834908723831177 0.03285107264916102 0.03285107264916102
0 0.22821193933486938 0.6834584474563599 0.03285107264916102 0.03285107264916102