0 0.7254225015640259 0.18429742753505707 0.033691982428232826 0.033691982428232826
0 0.6512959599494934 0.1875583827495575 0.033691982428232826 0.033691982428232826
0 0.5770868062973022 0.19082295894622803 0.033691982428232826 0.033691982428232826
0 0.5027949810028076 0.19409118592739105 0.033691982428232826 0.033691982428232826
0 0.4284202456474304 0.19736306369304657 0.033691982428232826 0.033691982428232826
0 0.3539625406265259 0.2006385773420334 0.033691982428232826 0.033691982428232826
0 0.27942168712615967 0.2039177566766739 0.033691982428232826 0.033691982428232826
0 0.7364738583564758 0.23658159375190735 0.033691982428232826 0.033691982428232826
0 0.6594535112380981 0.24000036716461182 0.033691982428232826 0.033691982428232826
0 0.5823439359664917 0.24342311918735504 0.033691982428232826 0.033691982428232826
0 0.5051450729370117 0.24684982001781464 0.033691982428232826 0.033691982428232826
0 0.4278567135334015 0.250280499458313 0.033691982428232826 0.033691982428232826
0 0.35047876834869385 0.2537151575088501 0.033691982428232826 0.033691982428232826
0 0.2730109989643097 0.25715380907058716 0.033691982428232826 0.033691982428232826
0 0.7484247088432312 0.2931210398674011 0.033691982428232826 0.033691982428232826
0 0.6682753562927246 0.29671308398246765 0.033691982428232826 0.033691982428232826
0 0.5880294442176819 0.3003094494342804 0.033691982428232826 0.033691982428232826
0 0.5076867938041687 0.30391013622283936 0.033691982428232826 0.033691982428232826
0 0.42724722623825073 0.3075151741504669 0.033691982428232826 0.033691982428232826
0 0.34671059250831604 0.3111245632171631 0.033691982428232826 0.033691982428232826
0 0.2660766541957855 0.31473830342292786 0.033691982428232826 0.033691982428232826
0 0.761389434337616 0.3544573187828064 0.033691982428232826 0.033691982428232826
0 0.6778461337089539 0.3582403361797333 0.033691982428232826 0.033691982428232826
0 0.5941979289054871 0.3620280623435974 0.033691982428232826 0.033691982428232826
0 0.5104445815086365 0.36582058668136597 0.033691982428232826 0.033691982428232826
0 0.4265859127044678 0.36961784958839417 0.033691982428232826 0.033691982428232826
0 0.34262171387672424 0.3734199106693268 0.033691982428232826 0.033691982428232826
0 0.25855180621147156 0.37722674012184143 0.033691982428232826 0.033691982428232826
0 0.7755028009414673 0.42122793197631836 0.033691982428232826 0.033691982428232826
0 0.6882654428482056 0.42522236704826355 0.033691982428232826 0.033691982428232826
0 0.6009136438369751 0.42922207713127136 0.033691982428232826 0.033691982428232826
0 0.5134471654891968 0.433227002620697 0.033691982428232826 0.033691982428232826
0 0.4258658289909363 0.4372372031211853 0.033691982428232826 0.033691982428232826
0 0.3381693959236145 0.4412526786327362 0.033691982428232826 0.033691982428232826
0 0.25035759806632996 0.44527342915534973 0.033691982428232826 0.033691982428232826
0 0.7909245491027832 0.494188517332077 0.033691982428232826 0.033691982428232826
0 0.699651300907135 0.49841830134391785 0.033691982428232826 0.033691982428232826
0 0.608252763748169 0.5026538372039795 0.033691982428232826 0.033691982428232826
0 0.5167286992073059 0.5068952441215515 0.033691982428232826 0.033691982428232826
0 0.425078809261322 0.5111424922943115 0.033691982428232826 0.033691982428232826
0 0.33330288529396057 0.5153955221176147 0.033691982428232826 0.033691982428232826
0 0.24140064418315887 0.5196544528007507 0.033691982428232826 0.033691982428232826
0 0.8078455328941345 0.5742416977882385 0.033691982428232826 0.033691982428232826
0 0.7121447920799255 0.578734815120697 0.033691982428232826 0.033691982428232826
0 0.6163063645362854 0.5832343697547913 0.033691982428232826 0.033691982428232826
0 0.5203298926353455 0.5877403616905212 0.033691982428232826 0.033691982428232826
0 0.42421507835388184 0.5922529101371765 0.033691982428232826 0.033691982428232826
0 0.32796159386634827 0.5967718958854675 0.033691982428232826 0.033691982428232826
0 0.23156917095184326 0.6012974977493286 0.033691982428232826 0.033691982428232826