0 0.2974313199520111 0.18981443345546722 0.018809218425303698 0.03343861053387324
0 0.29192715883255005 0.2703373432159424 0.018809218425303698 0.03343861053387324
0 0.286006897687912 0.3569473326206207 0.018809218425303698 0.03343861053387324
0 0.27962154150009155 0.4503617286682129 0.018809218425303698 0.03343861053387324
0 0.2727139890193939 0.5514151453971863 0.018809218425303698 0.03343861053387324
0 0.26521748304367065 0.6610846519470215 0.018809218425303698 0.03343861053387324
0 0.25705334544181824 0.7805212140083313 0.018809218425303698 0.03343861053387324
0 0.3577014207839966 0.19108378887176514 0.018809218425303698 0.03343861053387324
0 0.35440224409103394 0.2714114189147949 0.018809218425303698 0.03343861053387324
0 0.35085442662239075 0.357792466878891 0.018809218425303698 0.03343861053387324
0 0.34702879190444946 0.45093798637390137 0.018809218425303698 0.03343861053387324
0 0.3428913652896881 0.5516749620437622 0.018809218425303698 0.03343861053387324
0 0.3384024202823639 0.6609708666801453 0.018809218425303698 0.03343861053387324
0 0.33351513743400574 0.7799649238586426 0.018809218425303698 0.03343861053387324
0 0.4176238477230072 0.19234582781791687 0.018809218425303698 0.03343861053387324
0 0.4165038764476776 0.2724790573120117 0.018809218425303698 0.03343861053387324
0 0.41529977321624756 0.35863232612609863 0.018809218425303698 0.03343861053387324
0 0.4140016734600067 0.4515105187892914 0.018809218425303698 0.03343861053387324
0 0.4125981628894806 0.5519329905509949 0.018809218425303698 0.03343861053387324
0 0.41107580065727234 0.6608578562736511 0.018809218425303698 0.03343861053387324
0 0.40941885113716125 0.7794126272201538 0.018809218425303698 0.03343861053387324
0 0.47720158100128174 0.193600594997406 0.018809218425303698 0.03343861053387324
0 0.4782353937625885 0.27354034781455994 0.018809218425303698 0.03343861053387324
0 0.4793466627597809 0.3594670295715332 0.018809218425303698 0.03343861053387324
0 0.48054438829421997 0.4520793855190277 0.018809218425303698 0.03343861053387324
0 0.48183906078338623 0.552189290523529 0.018809218425303698 0.03343861053387324
0 0.4832429885864258 0.6607456207275391 0.018809218425303698 0.03343861053387324
0 0.4847705662250519 0.7788643836975098 0.018809218425303698 0.03343861053387324
0 0.5364376306533813 0.1948481798171997 0.018809218425303698 0.03343861053387324
0 0.539600133895874 0.27459532022476196 0.018809218425303698 0.03343861053387324
0 0.5429987907409668 0.3602965772151947 0.018809218425303698 0.03343861053387324
0 0.5466610193252563 0.45264461636543274 0.018809218425303698 0.03343861053387324
0 0.5506187677383423 0.5524439215660095 0.018809218425303698 0.03343861053387324
0 0.5549092888832092 0.6606341600418091 0.018809218425303698 0.03343861053387324
0 0.5595763325691223 0.7783201336860657 0.018809218425303698 0.03343861053387324
0 0.5953348278999329 0.19608861207962036 0.018809218425303698 0.03343861053387324
0 0.600601315498352 0.2756440341472626 0.018809218425303698 0.03343861053387324
0 0.6062597632408142 0.3611210286617279 0.018809218425303698 0.03343861053387324
0 0.6123557090759277 0.45320621132850647 0.018809218425303698 0.03343861053387324
0 0.6189418435096741 0.5526968240737915 0.018809218425303698 0.03343861053387324
0 0.626079797744751 0.660523533821106 0.018809218425303698 0.03343861053387324
0 0.6338419914245605 0.7777798175811768 0.018809218425303698 0.03343861053387324
0 0.6538962125778198 0.19732198119163513 0.018809218425303698 0.03343861053387324
0 0.6612421870231628 0.27668657898902893 0.018809218425303698 0.03343861053387324
0 0.6691332459449768 0.3619404137134552 0.018809218425303698 0.03343861053387324
0 0.6776323914527893 0.45376425981521606 0.018809218425303698 0.03343861053387324
0 0.6868128180503845 0.5529480576515198 0.018809218425303698 0.03343861053387324
0 0.6967597603797913 0.6604136228561401 0.018809218425303698 0.03343861053387324
0 0.7075734734535217 0.7772433757781982 0.018809218425303698 0.03343861053387324