0 0.7329416275024414 0.2975088059902191 0.032268901666005455 0.032268901666005455
0 0.6598294377326965 0.29772597551345825 0.032268901666005455 0.032268901666005455
0 0.5868237018585205 0.29794278740882874 0.032268901666005455 0.032268901666005455
0 0.5139243006706238 0.29815933108329773 0.032268901666005455 0.032268901666005455
0 0.44113096594810486 0.29837551712989807 0.032268901666005455 0.032268901666005455
0 0.36844342947006226 0.29859140515327454 0.032268901666005455 0.032268901666005455
0 0.29586151242256165 0.2988069951534271 0.032268901666005455 0.032268901666005455
0 0.740714430809021 0.35948824882507324 0.032268901666005455 0.032268901666005455
0 0.6649123430252075 0.35966652631759644 0.032268901666005455 0.032268901666005455
0 0.5892247557640076 0.35984453558921814 0.032268901666005455 0.032268901666005455
0 0.513651430606842 0.36002227663993835 0.032268901666005455 0.032268901666005455
0 0.43819206953048706 0.3601997494697571 0.032268901666005455 0.032268901666005455
0 0.36284640431404114 0.3603769540786743 0.032268901666005455 0.032268901666005455
0 0.28761422634124756 0.36055389046669006 0.032268901666005455 0.032268901666005455
0 0.7490801215171814 0.426195353269577 0.032268901666005455 0.032268901666005455
0 0.6703826785087585 0.4263280928134918 0.032268901666005455 0.032268901666005455
0 0.5918086767196655 0.4264606237411499 0.032268901666005455 0.032268901666005455
0 0.5133577585220337 0.42659294605255127 0.032268901666005455 0.032268901666005455
0 0.43502968549728394 0.4267250597476959 0.032268901666005455 0.032268901666005455
0 0.35682412981987 0.42685699462890625 0.032268901666005455 0.032268901666005455
0 0.278740793466568 0.4269886910915375 0.032268901666005455 0.032268901666005455
0 0.7581092119216919 0.49819257855415344 0.032268901666005455 0.032268901666005455
0 0.676286518573761 0.4982718527317047 0.032268901666005455 0.032268901666005455
0 0.5945971608161926 0.49835097789764404 0.032268901666005455 0.032268901666005455
0 0.5130409002304077 0.4984300136566162 0.032268901666005455 0.032268901666005455
0 0.4316173493862152 0.49850890040397644 0.032268901666005455 0.032268901666005455
0 0.35032621026039124 0.49858763813972473 0.032268901666005455 0.032268901666005455
0 0.26916712522506714 0.49866628646850586 0.032268901666005455 0.032268901666005455
0 0.7678838968276978 0.5761350989341736 0.032268901666005455 0.032268901666005455
0 0.6826774477958679 0.5761514902114868 0.032268901666005455 0.032268901666005455
0 0.5976155400276184 0.5761677622795105 0.032268901666005455 0.032268901666005455
0 0.5126979351043701 0.576184093952179 0.032268901666005455 0.032268901666005455
0 0.42792418599128723 0.5762003064155579 0.032268901666005455 0.032268901666005455
0 0.3432939648628235 0.5762165784835815 0.032268901666005455 0.032268901666005455
0 0.25880688428878784 0.5762327909469604 0.032268901666005455 0.032268901666005455
0 0.7785005569458008 0.6607911586761475 0.032268901666005455 0.032268901666005455
0 0.6896183490753174 0.6607332229614258 0.032268901666005455 0.032268901666005455
0 0.6008934378623962 0.6606753468513489 0.032268901666005455 0.032268901666005455
0 0.5123255252838135 0.6606176495552063 0.032268901666005455 0.032268901666005455
0 0.4239140450954437 0.6605600118637085 0.032268901666005455 0.032268901666005455
0 0.3356586992740631 0.6605024337768555 0.032268901666005455 0.032268901666005455
0 0.24755899608135223 0.6604450345039368 0.032268901666005455 0.032268901666005455
0 0.7900727987289429 0.7530670762062073 0.032268901666005455 0.032268901666005455
0 0.6971834301948547 0.7529211044311523 0.032268901666005455 0.032268901666005455
0 0.6044658422470093 0.7527754306793213 0.032268901666005455 0.032268901666005455
0 0.5119196176528931 0.7526299953460693 0.032268901666005455 0.032268901666005455
0 0.4195442795753479 0.7524848580360413 0.032268901666005455 0.032268901666005455
0 0.3273393213748932 0.7523399591445923 0.032268901666005455 0.032268901666005455
0 0.23530428111553192 0.7521952986717224 0.032268901666005455 0.032268901666005455