0 0.700204610824585 0.12655891478061676 0.022318903418878717 0.03337406118710836
0 0.6252219676971436 0.12521597743034363 0.022318903418878717 0.03337406118710836
0 0.5498515963554382 0.12386608123779297 0.022318903418878717 0.03337406118710836
0 0.4740903377532959 0.1225091964006424 0.022318903418878717 0.03337406118710836
0 0.3979352116584778 0.12114525586366653 0.022318903418878717 0.03337406118710836
0 0.32138314843177795 0.11977420747280121 0.022318903418878717 0.03337406118710836
0 0.2444310337305069 0.11839599162340164 0.022318903418878717 0.03337406118710836
0 0.71083003282547 0.2046077847480774 0.022318903418878717 0.03337406118710836
0 0.633207380771637 0.20342552661895752 0.022318903418878717 0.03337406118710836
0 0.555168867111206 0.20223693549633026 0.022318903418878717 0.03337406118710836
0 0.47671130299568176 0.20104195177555084 0.022318903418878717 0.03337406118710836
0 0.39783117175102234 0.19984054565429688 0.022318903418878717 0.03337406118710836
0 0.318525105714798 0.19863265752792358 0.022318903418878717 0.03337406118710836
0 0.2387896329164505 0.197418212890625 0.022318903418878717 0.03337406118710836
0 0.7222374677658081 0.2884008586406708 0.022318903418878717 0.03337406118710836
0 0.6417820453643799 0.2874070703983307 0.022318903418878717 0.03337406118710836
0 0.5608797073364258 0.2864077389240265 0.022318903418878717 0.03337406118710836
0 0.4795267581939697 0.2854028344154358 0.022318903418878717 0.03337406118710836
0 0.3977193534374237 0.2843923270702362 0.022318903418878717 0.03337406118710836
0 0.31545373797416687 0.28337618708610535 0.022318903418878717 0.03337406118710836
0 0.23272602260112762 0.28235429525375366 0.022318903418878717 0.03337406118710836
0 0.7345165610313416 0.37859654426574707 0.022318903418878717 0.03337406118710836
0 0.6510138511657715 0.3778240382671356 0.022318903418878717 0.03337406118710836
0 0.5670294165611267 0.3770470917224884 0.022318903418878717 0.03337406118710836
0 0.4825592041015625 0.37626564502716064 0.022318903418878717 0.03337406118710836
0 0.39759892225265503 0.37547966837882996 0.022318903418878717 0.03337406118710836
0 0.31214427947998047 0.37468910217285156 0.022318903418878717 0.03337406118710836
0 0.226190984249115 0.3738939166069031 0.022318903418878717 0.03337406118710836
0 0.747771143913269 0.47595781087875366 0.022318903418878717 0.03337406118710836
0 0.6609811782836914 0.4754456579685211 0.022318903418878717 0.03337406118710836
0 0.5736706256866455 0.47493046522140503 0.022318903418878717 0.03337406118710836
0 0.4858347475528717 0.47441214323043823 0.022318903418878717 0.03337406118710836
0 0.39746877551078796 0.4738907217979431 0.022318903418878717 0.03337406118710836
0 0.30856794118881226 0.4733661413192749 0.022318903418878717 0.03337406118710836
0 0.2191273272037506 0.4728383719921112 0.022318903418878717 0.03337406118710836
0 0.7621222734451294 0.5813738107681274 0.022318903418878717 0.03337406118710836
0 0.671775758266449 0.5811687707901001 0.022318903418878717 0.03337406118710836
0 0.5808647274971008 0.5809624195098877 0.022318903418878717 0.03337406118710836
0 0.4893838167190552 0.5807547569274902 0.022318903418878717 0.03337406118710836
0 0.3973277509212494 0.5805458426475525 0.022318903418878717 0.03337406118710836
0 0.30469104647636414 0.5803355574607849 0.022318903418878717 0.03337406118710836
0 0.2114681899547577 0.5801239609718323 0.022318903418878717 0.03337406118710836
0 0.7777119278907776 0.6958873867988586 0.022318903418878717 0.03337406118710836
0 0.6835049390792847 0.6960455179214478 0.022318903418878717 0.03337406118710836
0 0.5886836647987366 0.696204662322998 0.022318903418878717 0.03337406118710836
0 0.49324220418930054 0.6963648796081543 0.022318903418878717 0.03337406118710836
0 0.3971743881702423 0.6965261101722717 0.022318903418878717 0.03337406118710836
0 0.30047407746315 0.6966884732246399 0.022318903418878717 0.03337406118710836
0 0.2031349539756775 0.6968518495559692 0.022318903418878717 0.03337406118710836