0 0.7076581120491028 0.1585588902235031 0.0228631302403907 0.03418785830338796
0 0.6313365697860718 0.1584712713956833 0.0228631302403907 0.03418785830338796
0 0.5545691847801208 0.15838314592838287 0.0228631302403907 0.03418785830338796
0 0.4773520231246948 0.15829449892044067 0.0228631302403907 0.03418785830338796
0 0.39968109130859375 0.1582053303718567 0.0228631302403907 0.03418785830338796
0 0.3215523958206177 0.15811564028263092 0.0228631302403907 0.03418785830338796
0 0.24296189844608307 0.15802541375160217 0.0228631302403907 0.03418785830338796
0 0.7189800143241882 0.23887035250663757 0.0228631302403907 0.03418785830338796
0 0.6399381756782532 0.2390219122171402 0.0228631302403907 0.03418785830338796
0 0.5604178309440613 0.23917439579963684 0.0228631302403907 0.03418785830338796
0 0.4804146885871887 0.2393278032541275 0.0228631302403907 0.03418785830338796
0 0.39992427825927734 0.23948214948177338 0.0228631302403907 0.03418785830338796
0 0.3189421594142914 0.23963741958141327 0.0228631302403907 0.03418785830338796
0 0.2374638468027115 0.23979365825653076 0.0228631302403907 0.03418785830338796
0 0.7311471700668335 0.32517707347869873 0.0228631302403907 0.03418785830338796
0 0.6491838693618774 0.32560449838638306 0.0228631302403907 0.03418785830338796
0 0.5667058229446411 0.3260346055030823 0.0228631302403907 0.03418785830338796
0 0.48370814323425293 0.3264674246311188 0.0228631302403907 0.03418785830338796
0 0.40018585324287415 0.32690298557281494 0.0228631302403907 0.03418785830338796
0 0.3161340057849884 0.3273412883281708 0.0228631302403907 0.03418785830338796
0 0.2315475195646286 0.32778242230415344 0.0228631302403907 0.03418785830338796
0 0.7442577481269836 0.41817641258239746 0.0228631302403907 0.03418785830338796
0 0.6591488718986511 0.41892293095588684 0.0228631302403907 0.03418785830338796
0 0.5734845995903015 0.4196743071079254 0.0228631302403907 0.03418785830338796
0 0.48725950717926025 0.42043063044548035 0.0228631302403907 0.03418785830338796
0 0.40046799182891846 0.42119190096855164 0.0228631302403907 0.03418785830338796
0 0.3131044805049896 0.42195817828178406 0.0228631302403907 0.03418785830338796
0 0.2251633256673813 0.4227295517921448 0.0228631302403907 0.03418785830338796
0 0.7584260106086731 0.5186782479286194 0.0228631302403907 0.03418785830338796
0 0.6699205040931702 0.5197950601577759 0.0228631302403907 0.03418785830338796
0 0.580814003944397 0.5209194421768188 0.0228631302403907 0.03418785830338796
0 0.4911002814769745 0.5220515131950378 0.0228631302403907 0.03418785830338796
0 0.40077319741249084 0.5231913328170776 0.0228631302403907 0.03418785830338796
0 0.3098263740539551 0.524338960647583 0.0228631302403907 0.03418785830338796
0 0.2182534635066986 0.5254945158958435 0.0228631302403907 0.03418785830338796
0 0.7737852931022644 0.6276285648345947 0.0228631302403907 0.03418785830338796
0 0.68160080909729 0.6291767358779907 0.0228631302403907 0.03418785830338796
0 0.5887638330459595 0.6307358145713806 0.0228631302403907 0.03418785830338796
0 0.495267391204834 0.6323060393333435 0.0228631302403907 0.03418785830338796
0 0.4011044204235077 0.6338874101638794 0.0228631302403907 0.03418785830338796
0 0.30626779794692993 0.6354801058769226 0.0228631302403907 0.03418785830338796
0 0.21075022220611572 0.6370842456817627 0.0228631302403907 0.03418785830338796
0 0.7904923558235168 0.7461394667625427 0.0228631302403907 0.03418785830338796
0 0.6943098902702332 0.7481921315193176 0.0228631302403907 0.03418785830338796
0 0.5974164605140686 0.7502599954605103 0.0228631302403907 0.03418785830338796
0 0.49980422854423523 0.7523432374000549 0.0228631302403907 0.03418785830338796
0 0.40146514773368835 0.7544419169425964 0.0228631302403907 0.03418785830338796
0 0.30239108204841614 0.7565563321113586 0.0228631302403907 0.03418785830338796
0 0.2025737464427948 0.7586866021156311 0.0228631302403907 0.03418785830338796