0 0.26052260398864746 0.3280399739742279 0.03135572373867035 0.03135572373867035
0 0.2530529499053955 0.38547950983047485 0.03135572373867035 0.03135572373867035
0 0.2450651079416275 0.4469034969806671 0.03135572373867035 0.03135572373867035
0 0.2365032583475113 0.5127414464950562 0.03135572373867035 0.03135572373867035
0 0.22730322182178497 0.5834868550300598 0.03135572373867035 0.03135572373867035
0 0.21739089488983154 0.6597097516059875 0.03135572373867035 0.03135572373867035
0 0.20668019354343414 0.7420717477798462 0.03135572373867035 0.03135572373867035
0 0.33283355832099915 0.32680758833885193 0.03135572373867035 0.03135572373867035
0 0.3277830183506012 0.3842606842517853 0.03135572373867035 0.03135572373867035
0 0.32238179445266724 0.4457031786441803 0.03135572373867035 0.03135572373867035
0 0.3165920376777649 0.5115654468536377 0.03135572373867035 0.03135572373867035
0 0.31037023663520813 0.582342267036438 0.03135572373867035 0.03135572373867035
0 0.30366620421409607 0.6586049795150757 0.03135572373867035 0.03135572373867035
0 0.2964215874671936 0.7410171031951904 0.03135572373867035 0.03135572373867035
0 0.4052785038948059 0.3255729079246521 0.03135572373867035 0.03135572373867035
0 0.402656227350235 0.38303956389427185 0.03135572373867035 0.03135572373867035
0 0.3998517096042633 0.44450047612190247 0.03135572373867035 0.03135572373867035
0 0.3968452215194702 0.5103870630264282 0.03135572373867035 0.03135572373867035
0 0.39361417293548584 0.5811952352523804 0.03135572373867035 0.03135572373867035
0 0.3901323974132538 0.657497763633728 0.03135572373867035 0.03135572373867035
0 0.3863695561885834 0.7399600148200989 0.03135572373867035 0.03135572373867035
0 0.477857768535614 0.3243359327316284 0.03135572373867035 0.03135572373867035
0 0.4776729643344879 0.3818160891532898 0.03135572373867035 0.03135572373867035
0 0.47747525572776794 0.4432953894138336 0.03135572373867035 0.03135572373867035
0 0.47726333141326904 0.509206235408783 0.03135572373867035 0.03135572373867035
0 0.4770355522632599 0.5800457000732422 0.03135572373867035 0.03135572373867035
0 0.47679007053375244 0.6563881039619446 0.03135572373867035 0.03135572373867035
0 0.4765247404575348 0.7389005422592163 0.03135572373867035 0.03135572373867035
0 0.5505717992782593 0.3230966627597809 0.03135572373867035 0.03135572373867035
0 0.552833616733551 0.3805902600288391 0.03135572373867035 0.03135572373867035
0 0.5552529692649841 0.44208788871765137 0.03135572373867035 0.03135572373867035
0 0.5578468441963196 0.5080229640007019 0.03135572373867035 0.03135572373867035
0 0.560634970664978 0.578893780708313 0.03135572373867035 0.03135572373867035
0 0.5636398792266846 0.6552760004997253 0.03135572373867035 0.03135572373867035
0 0.5668879151344299 0.7378385663032532 0.03135572373867035 0.03135572373867035
0 0.6234208941459656 0.3218550980091095 0.03135572373867035 0.03135572373867035
0 0.6281386017799377 0.3793620765209198 0.03135572373867035 0.03135572373867035
0 0.6331852078437805 0.4408780038356781 0.03135572373867035 0.03135572373867035
0 0.6385963559150696 0.5068373084068298 0.03135572373867035 0.03135572373867035
0 0.6444129347801208 0.5777393579483032 0.03135572373867035 0.03135572373867035
0 0.6506823897361755 0.6541613936424255 0.03135572373867035 0.03135572373867035
0 0.6574597358703613 0.736774206161499 0.03135572373867035 0.03135572373867035
0 0.6964054107666016 0.32061120867729187 0.03135572373867035 0.03135572373867035
0 0.7035883665084839 0.3781315088272095 0.03135572373867035 0.03135572373867035
0 0.7112724781036377 0.4396657347679138 0.03135572373867035 0.03135572373867035
0 0.7195122241973877 0.5056491494178772 0.03135572373867035 0.03135572373867035
0 0.7283701300621033 0.5765824317932129 0.03135572373867035 0.03135572373867035
0 0.7379183769226074 0.6530443429946899 0.03135572373867035 0.03135572373867035
0 0.7482410073280334 0.7357073426246643 0.03135572373867035 0.03135572373867035