0 0.30884841084480286 0.6462185382843018 0.020303240045905117 0.027070986727873485
0 0.3847805857658386 0.6461837291717529 0.020303240045905117 0.027070986727873485
0 0.46113553643226624 0.646148681640625 0.020303240045905117 0.027070986727873485
0 0.5379167795181274 0.6461134552955627 0.020303240045905117 0.027070986727873485
0 0.6151279211044312 0.6460780501365662 0.020303240045905117 0.027070986727873485
0 0.6927725672721863 0.6460424065589905 0.020303240045905117 0.027070986727873485
0 0.7708543539047241 0.6460065841674805 0.020303240045905117 0.027070986727873485
0 0.3198826014995575 0.5591095685958862 0.020303240045905117 0.027070986727873485
0 0.3921249210834503 0.5588464736938477 0.020303240045905117 0.027070986727873485
0 0.4647497236728668 0.5585819482803345 0.020303240045905117 0.027070986727873485
0 0.5377600193023682 0.5583160519599915 0.020303240045905117 0.027070986727873485
0 0.6111589074134827 0.5580487251281738 0.020303240045905117 0.027070986727873485
0 0.6849494576454163 0.5577799677848816 0.020303240045905117 0.027070986727873485
0 0.7591348886489868 0.5575098395347595 0.020303240045905117 0.027070986727873485
0 0.3298889994621277 0.48011454939842224 0.020303240045905117 0.027070986727873485
0 0.39878344535827637 0.4796649217605591 0.020303240045905117 0.027070986727873485
0 0.4680255353450775 0.47921302914619446 0.020303240045905117 0.027070986727873485
0 0.5376179218292236 0.478758841753006 0.020303240045905117 0.027070986727873485
0 0.607563316822052 0.47830232977867126 0.020303240045905117 0.027070986727873485
0 0.6778643727302551 0.4778435230255127 0.020303240045905117 0.027070986727873485
0 0.7485237717628479 0.4773823618888855 0.020303240045905117 0.027070986727873485
0 0.3390048146247864 0.408150315284729 0.020303240045905117 0.027070986727873485
0 0.4048478901386261 0.4075477123260498 0.020303240045905117 0.027070986727873485
0 0.47100841999053955 0.4069421887397766 0.020303240045905117 0.027070986727873485
0 0.5374886393547058 0.40633371472358704 0.020303240045905117 0.027070986727873485
0 0.6042909026145935 0.40572232007980347 0.020303240045905117 0.027070986727873485
0 0.6714174747467041 0.4051079750061035 0.020303240045905117 0.027070986727873485
0 0.7388708591461182 0.40449059009552 0.020303240045905117 0.027070986727873485
0 0.3473438620567322 0.34231817722320557 0.020303240045905117 0.027070986727873485
0 0.41039443016052246 0.3415897786617279 0.020303240045905117 0.027070986727873485
0 0.4737359285354614 0.34085798263549805 0.020303240045905117 0.027070986727873485
0 0.5373703837394714 0.3401228189468384 0.020303240045905117 0.027070986727873485
0 0.6012998819351196 0.3393842279911041 0.020303240045905117 0.027070986727873485
0 0.6655263900756836 0.3386422395706177 0.020303240045905117 0.027070986727873485
0 0.7300519943237305 0.33789676427841187 0.020303240045905117 0.027070986727873485
0 0.3550013601779938 0.2818664312362671 0.020303240045905117 0.027070986727873485
0 0.4154866337776184 0.281034380197525 0.020303240045905117 0.027070986727873485
0 0.47623953223228455 0.2801986634731293 0.020303240045905117 0.027070986727873485
0 0.5372619032859802 0.27935922145843506 0.020303240045905117 0.027070986727873485
0 0.5985554456710815 0.2785160541534424 0.020303240045905117 0.027070986727873485
0 0.6601220369338989 0.27766913175582886 0.020303240045905117 0.027070986727873485
0 0.7219635248184204 0.2768184542655945 0.020303240045905117 0.027070986727873485
0 0.3620575964450836 0.22616131603717804 0.020303240045905117 0.027070986727873485
0 0.4201781451702118 0.22524386644363403 0.020303240045905117 0.027070986727873485
0 0.47854575514793396 0.22432252764701843 0.020303240045905117 0.027070986727873485
0 0.5371619462966919 0.22339725494384766 0.020303240045905117 0.027070986727873485
0 0.5960283875465393 0.2224680334329605 0.020303240045905117 0.027070986727873485
0 0.6551466584205627 0.2215348482131958 0.020303240045905117 0.027070986727873485
0 0.7145183086395264 0.22059765458106995 0.020303240045905117 0.027070986727873485