0 0.7035112380981445 0.18530771136283875 0.024620391428470615 0.03282718857129415
0 0.6379080414772034 0.18667790293693542 0.024620391428470615 0.03282718857129415
0 0.5721365213394165 0.18805162608623505 0.024620391428470615 0.03282718857129415
0 0.5061960220336914 0.1894288808107376 0.024620391428470615 0.03282718857129415
0 0.4400859773159027 0.19080966711044312 0.024620391428470615 0.03282718857129415
0 0.3738056421279907 0.19219401478767395 0.024620391428470615 0.03282718857129415
0 0.3073543906211853 0.1935819387435913 0.024620391428470615 0.03282718857129415
0 0.7145441770553589 0.247173473238945 0.024620391428470615 0.03282718857129415
0 0.6457256078720093 0.2486943006515503 0.024620391428470615 0.03282718857129415
0 0.5767217874526978 0.2502192258834839 0.024620391428470615 0.03282718857129415
0 0.5075319409370422 0.251748263835907 0.024620391428470615 0.03282718857129415
0 0.43815532326698303 0.2532814145088196 0.024620391428470615 0.03282718857129415
0 0.36859118938446045 0.25481873750686646 0.024620391428470615 0.03282718857129415
0 0.2988387644290924 0.2563602030277252 0.024620391428470615 0.03282718857129415
0 0.7267182469367981 0.31543803215026855 0.024620391428470615 0.03282718857129415
0 0.6543529033660889 0.31713414192199707 0.024620391428470615 0.03282718857129415
0 0.5817825794219971 0.31883504986763 0.024620391428470615 0.03282718857129415
0 0.5090065598487854 0.32054078578948975 0.024620391428470615 0.03282718857129415
0 0.4360238313674927 0.3222513794898987 0.024620391428470615 0.03282718857129415
0 0.36283355951309204 0.3239668011665344 0.024620391428470615 0.03282718857129415
0 0.28943485021591187 0.32568714022636414 0.024620391428470615 0.03282718857129415
0 0.7402201890945435 0.39114832878112793 0.024620391428470615 0.03282718857129415
0 0.6639225482940674 0.393049955368042 0.024620391428470615 0.03282718857129415
0 0.5873970985412598 0.3949572741985321 0.024620391428470615 0.03282718857129415
0 0.5106427669525146 0.39687028527259827 0.024620391428470615 0.03282718857129415
0 0.4336584508419037 0.39878901839256287 0.024620391428470615 0.03282718857129415
0 0.35644322633743286 0.4007135331630707 0.024620391428470615 0.03282718857129415
0 0.2789960205554962 0.4026438295841217 0.024620391428470615 0.03282718857129415
0 0.7552797198295593 0.4755927622318268 0.024620391428470615 0.03282718857129415
0 0.674597978591919 0.4777374267578125 0.024620391428470615 0.03282718857129415
0 0.593661367893219 0.4798888862133026 0.024620391428470615 0.03282718857129415
0 0.5124685764312744 0.4820471405982971 0.024620391428470615 0.03282718857129415
0 0.43101850152015686 0.4842122495174408 0.024620391428470615 0.03282718857129415
0 0.34930986166000366 0.48638421297073364 0.024620391428470615 0.03282718857129415
0 0.26734140515327454 0.4885631203651428 0.024620391428470615 0.03282718857129415
0 0.7721829414367676 0.5703752040863037 0.024620391428470615 0.03282718857129415
0 0.6865825057029724 0.5728100538253784 0.024620391428470615 0.03282718857129415
0 0.6006950736045837 0.5752530694007874 0.024620391428470615 0.03282718857129415
0 0.5145190954208374 0.5777042508125305 0.024620391428470615 0.03282718857129415
0 0.4280531406402588 0.5801637172698975 0.024620391428470615 0.03282718857129415
0 0.3412958085536957 0.5826314687728882 0.024620391428470615 0.03282718857129415
0 0.2542455494403839 0.5851075649261475 0.024620391428470615 0.03282718857129415
0 0.7912904024124146 0.6775179505348206 0.024620391428470615 0.03282718857129415
0 0.7001326680183411 0.6803029179573059 0.024620391428470615 0.03282718857129415
0 0.6086492538452148 0.683097779750824 0.024620391428470615 0.03282718857129415
0 0.5168384313583374 0.6859027147293091 0.024620391428470615 0.03282718857129415
0 0.4246983230113983 0.6887176632881165 0.024620391428470615 0.03282718857129415
0 0.33222728967666626 0.6915426850318909 0.024620391428470615 0.03282718857129415
0 0.2394234836101532 0.6943778991699219 0.024620391428470615 0.03282718857129415