0 0.337030827999115 0.3871605396270752 0.01944137178361416 0.025921829044818878
0 0.3317876160144806 0.4446503520011902 0.01944137178361416 0.025921829044818878
0 0.3262171447277069 0.5057281851768494 0.01944137178361416 0.025921829044818878
0 0.320287823677063 0.570740818977356 0.01944137178361416 0.025921829044818878
0 0.31396380066871643 0.6400810480117798 0.01944137178361416 0.025921829044818878
0 0.30720433592796326 0.7141959071159363 0.01944137178361416 0.025921829044818878
0 0.2999628186225891 0.793596088886261 0.01944137178361416 0.025921829044818878
0 0.3992486894130707 0.38933175802230835 0.01944137178361416 0.025921829044818878
0 0.3958927094936371 0.4468112289905548 0.01944137178361416 0.025921829044818878
0 0.39232754707336426 0.5078731775283813 0.01944137178361416 0.025921829044818878
0 0.3885330557823181 0.5728633403778076 0.01944137178361416 0.025921829044818878
0 0.3844863474369049 0.6421733498573303 0.01944137178361416 0.025921829044818878
0 0.3801614046096802 0.7162486910820007 0.01944137178361416 0.025921829044818878
0 0.3755285143852234 0.7955983877182007 0.01944137178361416 0.025921829044818878
0 0.4613071382045746 0.3914974331855774 0.01944137178361416 0.025921829044818878
0 0.45982858538627625 0.4489664137363434 0.01944137178361416 0.025921829044818878
0 0.4582580327987671 0.5100123286247253 0.01944137178361416 0.025921829044818878
0 0.4565865695476532 0.5749799013137817 0.01944137178361416 0.025921829044818878
0 0.4548041820526123 0.6442595720291138 0.01944137178361416 0.025921829044818878
0 0.45289942622184753 0.7182953953742981 0.01944137178361416 0.025921829044818878
0 0.45085927844047546 0.797594428062439 0.01944137178361416 0.025921829044818878
0 0.5232067704200745 0.3936575651168823 0.01944137178361416 0.025921829044818878
0 0.523595929145813 0.4511159062385559 0.01944137178361416 0.025921829044818878
0 0.5240092873573303 0.5121456980705261 0.01944137178361416 0.025921829044818878
0 0.5244492292404175 0.5770905613899231 0.01944137178361416 0.025921829044818878
0 0.524918258190155 0.6463397741317749 0.01944137178361416 0.025921829044818878
0 0.5254194140434265 0.7203359007835388 0.01944137178361416 0.025921829044818878
0 0.5259562134742737 0.7995843291282654 0.01944137178361416 0.025921829044818878
0 0.5849481821060181 0.39581218361854553 0.01944137178361416 0.025921829044818878
0 0.5871953964233398 0.45325973629951477 0.01944137178361416 0.025921829044818878
0 0.589582085609436 0.5142732262611389 0.01944137178361416 0.025921829044818878
0 0.5921217203140259 0.5791952610015869 0.01944137178361416 0.025921829044818878
0 0.5948293805122375 0.6484139561653137 0.01944137178361416 0.025921829044818878
0 0.5977224111557007 0.7223703265190125 0.01944137178361416 0.025921829044818878
0 0.6008204221725464 0.8015680313110352 0.01944137178361416 0.025921829044818878
0 0.6465320587158203 0.3979613184928894 0.01944137178361416 0.025921829044818878
0 0.6506276726722717 0.45539793372154236 0.01944137178361416 0.025921829044818878
0 0.6549771428108215 0.5163950324058533 0.01944137178361416 0.025921829044818878
0 0.6596049070358276 0.5812941193580627 0.01944137178361416 0.025921829044818878
0 0.6645385026931763 0.6504821181297302 0.01944137178361416 0.025921829044818878
0 0.6698092818260193 0.724398672580719 0.01944137178361416 0.025921829044818878
0 0.6754530072212219 0.8035455942153931 0.01944137178361416 0.025921829044818878
0 0.7079588770866394 0.40010493993759155 0.01944137178361416 0.025921829044818878
0 0.7138933539390564 0.45753052830696106 0.01944137178361416 0.025921829044818878
0 0.7201952338218689 0.5185110569000244 0.01944137178361416 0.025921829044818878
0 0.7268996238708496 0.5833870768547058 0.01944137178361416 0.025921829044818878
0 0.734046459197998 0.6525443196296692 0.01944137178361416 0.025921829044818878
0 0.7416810393333435 0.7264209389686584 0.01944137178361416 0.025921829044818878
0 0.7498549818992615 0.8055170774459839 0.01944137178361416 0.025921829044818878