0 0.7057626843452454 0.16209444403648376 0.022861472703516485 0.03418537974357605
0 0.6303611397743225 0.1614285260438919 0.022861472703516485 0.03418537974357605
0 0.5544492602348328 0.1607581079006195 0.022861472703516485 0.03418537974357605
0 0.47802188992500305 0.16008314490318298 0.022861472703516485 0.03418537974357605
0 0.40107372403144836 0.15940357744693756 0.022861472703516485 0.03418537974357605
0 0.3235994279384613 0.15871936082839966 0.022861472703516485 0.03418537974357605
0 0.2455936223268509 0.1580304503440857 0.022861472703516485 0.03418537974357605
0 0.7174306511878967 0.24184328317642212 0.022861472703516485 0.03418537974357605
0 0.6392649412155151 0.2414315640926361 0.022861472703516485 0.03418537974357605
0 0.5605504512786865 0.2410169541835785 0.022861472703516485 0.03418537974357605
0 0.4812813997268677 0.24059942364692688 0.022861472703516485 0.03418537974357605
0 0.4014519155025482 0.2401789426803589 0.022861472703516485 0.03418537974357605
0 0.3210560083389282 0.23975546658039093 0.022861472703516485 0.03418537974357605
0 0.240087628364563 0.23932898044586182 0.022861472703516485 0.03418537974357605
0 0.7299970388412476 0.3277324438095093 0.022861472703516485 0.03418537974357605
0 0.6488568186759949 0.3276168704032898 0.022861472703516485 0.03418537974357605
0 0.5671248435974121 0.32750046253204346 0.022861472703516485 0.03418537974357605
0 0.4847946763038635 0.3273831903934479 0.022861472703516485 0.03418537974357605
0 0.4018596410751343 0.32726505398750305 0.022861472703516485 0.03418537974357605
0 0.3183131217956543 0.3271460235118866 0.022861472703516485 0.03418537974357605
0 0.2341482788324356 0.3270261287689209 0.022861472703516485 0.03418537974357605
0 0.7435696721076965 0.4204995036125183 0.022861472703516485 0.03418537974357605
0 0.6592196822166443 0.4207298755645752 0.022861472703516485 0.03418537974357605
0 0.5742297172546387 0.42096197605133057 0.022861472703516485 0.03418537974357605
0 0.4885924756526947 0.4211958348751068 0.022861472703516485 0.03418537974357605
0 0.40230053663253784 0.4214315116405487 0.022861472703516485 0.03418537974357605
0 0.3153463900089264 0.42166897654533386 0.022861472703516485 0.03418537974357605
0 0.22772233188152313 0.42190825939178467 0.022861472703516485 0.03418537974357605
0 0.758274495601654 0.5210050940513611 0.022861472703516485 0.03418537974357605
0 0.6704503893852234 0.5216407775878906 0.022861472703516485 0.03418537974357605
0 0.5819318890571594 0.5222815871238708 0.022861472703516485 0.03418537974357605
0 0.4927108585834503 0.5229274034500122 0.022861472703516485 0.03418537974357605
0 0.4027788043022156 0.523578405380249 0.022861472703516485 0.03418537974357605
0 0.3121272027492523 0.5242345929145813 0.022861472703516485 0.03418537974357605
0 0.22074741125106812 0.5248960852622986 0.022861472703516485 0.03418537974357605
0 0.7742593884468079 0.6302595734596252 0.022861472703516485 0.03418537974357605
0 0.6826627254486084 0.6313720941543579 0.022861472703516485 0.03418537974357605
0 0.5903101563453674 0.6324937343597412 0.022861472703516485 0.03418537974357605
0 0.4971922039985657 0.6336247324943542 0.022861472703516485 0.03418537974357605
0 0.40329936146736145 0.634765088558197 0.022861472703516485 0.03418537974357605
0 0.30862194299697876 0.6359150409698486 0.022861472703516485 0.03418537974357605
0 0.2131500393152237 0.6370745897293091 0.022861472703516485 0.03418537974357605
0 0.7916991114616394 0.7494573593139648 0.022861472703516485 0.03418537974357605
0 0.6959913372993469 0.7511329650878906 0.022861472703516485 0.03418537974357605
0 0.5994574427604675 0.752822995185852 0.022861472703516485 0.03418537974357605
0 0.5020866990089417 0.7545276880264282 0.022861472703516485 0.03418537974357605
0 0.403868168592453 0.7562471628189087 0.022861472703516485 0.03418537974357605
0 0.3047907054424286 0.7579817771911621 0.022861472703516485 0.03418537974357605
0 0.20484301447868347 0.7597315311431885 0.022861472703516485 0.03418537974357605