0 0.7277151942253113 0.29404908418655396 0.03301729758580526 0.03301729758580526
0 0.6558950543403625 0.2947620153427124 0.03301729758580526 0.03301729758580526
0 0.5842628479003906 0.2954730987548828 0.03301729758580526 0.03301729758580526
0 0.5128178000450134 0.2961823046207428 0.03301729758580526 0.03301729758580526
0 0.44155916571617126 0.29688966274261475 0.03301729758580526 0.03301729758580526
0 0.3704862594604492 0.29759517312049866 0.03301729758580526 0.03301729758580526
0 0.2995983064174652 0.2982988655567169 0.03301729758580526 0.03301729758580526
0 0.7369366884231567 0.35231462121009827 0.03301729758580526 0.03301729758580526
0 0.6621078848838806 0.35297778248786926 0.03301729758580526 0.03301729758580526
0 0.5874831080436707 0.353639155626297 0.03301729758580526 0.03301729758580526
0 0.5130613446235657 0.3542987108230591 0.03301729758580526 0.03301729758580526
0 0.43884190917015076 0.3549564778804779 0.03301729758580526 0.03301729758580526
0 0.3648239076137543 0.35561245679855347 0.03301729758580526 0.03301729758580526
0 0.29100653529167175 0.35626667737960815 0.03301729758580526 0.03301729758580526
0 0.7469621300697327 0.41566020250320435 0.03301729758580526 0.03301729758580526
0 0.6688616871833801 0.41626203060150146 0.03301729758580526 0.03301729758580526
0 0.5909832715988159 0.4168621599674225 0.03301729758580526 0.03301729758580526
0 0.513326108455658 0.4174605906009674 0.03301729758580526 0.03301729758580526
0 0.4358890950679779 0.41805732250213623 0.03301729758580526 0.03301729758580526
0 0.3586713671684265 0.41865235567092896 0.03301729758580526 0.03301729758580526
0 0.28167200088500977 0.41924571990966797 0.03301729758580526 0.03301729758580526
0 0.7579015493392944 0.484780490398407 0.03301729758580526 0.03301729758580526
0 0.6762301921844482 0.48530682921409607 0.03301729758580526 0.03301729758580526
0 0.594801664352417 0.4858315885066986 0.03301729758580526 0.03301729758580526
0 0.51361483335495 0.486354798078537 0.03301729758580526 0.03301729758580526
0 0.43266868591308594 0.4868764579296112 0.03301729758580526 0.03301729758580526
0 0.3519620895385742 0.48739656805992126 0.03301729758580526 0.03301729758580526
0 0.271494060754776 0.48791512846946716 0.03301729758580526 0.03301729758580526
0 0.7698858380317688 0.5605028867721558 0.03301729758580526 0.03301729758580526
0 0.6843014359474182 0.5609361529350281 0.03301729758580526 0.03301729758580526
0 0.5989835858345032 0.5613681674003601 0.03301729758580526 0.03301729758580526
0 0.5139310359954834 0.5617988109588623 0.03301729758580526 0.03301729758580526
0 0.429142564535141 0.5622280836105347 0.03301729758580526 0.03301729758580526
0 0.34461694955825806 0.562656044960022 0.03301729758580526 0.03301729758580526
0 0.2603529989719391 0.5630826950073242 0.03301729758580526 0.03301729758580526
0 0.7830722332000732 0.6438206434249878 0.03301729758580526 0.03301729758580526
0 0.6931809186935425 0.6441392302513123 0.03301729758580526 0.03301729758580526
0 0.603583574295044 0.6444567441940308 0.03301729758580526 0.03301729758580526
0 0.514278769493103 0.6447731852531433 0.03301729758580526 0.03301729758580526
0 0.4252650737762451 0.6450886726379395 0.03301729758580526 0.03301729758580526
0 0.3365410566329956 0.6454030871391296 0.03301729758580526 0.03301729758580526
0 0.24810530245304108 0.6457164883613586 0.03301729758580526 0.03301729758580526
0 0.7976511716842651 0.7359369993209839 0.03301729758580526 0.03301729758580526
0 0.702996551990509 0.7361135482788086 0.03301729758580526 0.03301729758580526
0 0.6086677312850952 0.7362894415855408 0.03301729758580526 0.03301729758580526
0 0.5146631002426147 0.73646479845047 0.03301729758580526 0.03301729758580526
0 0.42098093032836914 0.7366394996643066 0.03301729758580526 0.03301729758580526
0 0.32761961221694946 0.7368136048316956 0.03301729758580526 0.03301729758580526
0 0.234577476978302 0.7369871139526367 0.03301729758580526 0.03301729758580526