0 0.6922356486320496 0.15438933670520782 0.022909969774385294 0.03425789872805277
0 0.6168169975280762 0.15404708683490753 0.022909969774385294 0.03425789872805277
0 0.5407885313034058 0.15370209515094757 0.022909969774385294 0.03425789872805277
0 0.4641427993774414 0.15335428714752197 0.022909969774385294 0.03425789872805277
0 0.3868722915649414 0.15300364792346954 0.022909969774385294 0.03425789872805277
0 0.3089693486690521 0.1526501327753067 0.022909969774385294 0.03425789872805277
0 0.2304261177778244 0.15229371190071106 0.022909969774385294 0.03425789872805277
0 0.7042224407196045 0.23403508961200714 0.022909969774385294 0.03425789872805277
0 0.6260721683502197 0.23401275277137756 0.022909969774385294 0.03425789872805277
0 0.5472666025161743 0.23399023711681366 0.022909969774385294 0.03425789872805277
0 0.4677974283695221 0.23396752774715424 0.022909969774385294 0.03425789872805277
0 0.3876562714576721 0.2339446246623993 0.022909969774385294 0.03425789872805277
0 0.3068345785140991 0.23392152786254883 0.022909969774385294 0.03425789872805277
0 0.2253236025571823 0.23389823734760284 0.022909969774385294 0.03425789872805277
0 0.7171233296394348 0.31975463032722473 0.022909969774385294 0.03425789872805277
0 0.636036217212677 0.3201030194759369 0.022909969774385294 0.03425789872805277
0 0.5542429685592651 0.320454478263855 0.022909969774385294 0.03425789872805277
0 0.4717344343662262 0.3208089768886566 0.022909969774385294 0.03425789872805277
0 0.3885011076927185 0.32116660475730896 0.022909969774385294 0.03425789872805277
0 0.3045334219932556 0.3215273916721344 0.022909969774385294 0.03425789872805277
0 0.21982161700725555 0.3218913674354553 0.022909969774385294 0.03425789872805277
0 0.7310470342636108 0.4122702479362488 0.022909969774385294 0.03425789872805277
0 0.6467937231063843 0.4130495488643646 0.022909969774385294 0.03425789872805277
0 0.5617774724960327 0.41383591294288635 0.022909969774385294 0.03425789872805277
0 0.47598782181739807 0.41462942957878113 0.022909969774385294 0.03425789872805277
0 0.38941413164138794 0.4154301881790161 0.022909969774385294 0.03425789872805277
0 0.30204564332962036 0.41623827815055847 0.022909969774385294 0.03425789872805277
0 0.21387134492397308 0.41705384850502014 0.022909969774385294 0.03425789872805277
0 0.7461202144622803 0.512423574924469 0.022909969774385294 0.03425789872805277
0 0.6584435701370239 0.513705313205719 0.022909969774385294 0.03425789872805277
0 0.5699398517608643 0.5149992108345032 0.022909969774385294 0.03425789872805277
0 0.4805973172187805 0.5163053870201111 0.022909969774385294 0.03425789872805277
0 0.39040395617485046 0.5176239609718323 0.022909969774385294 0.03425789872805277
0 0.29934757947921753 0.5189551711082458 0.022909969774385294 0.03425789872805277
0 0.20741568505764008 0.5202991366386414 0.022909969774385294 0.03425789872805277
0 0.7624913454055786 0.6212010383605957 0.022909969774385294 0.03425789872805277
0 0.671101450920105 0.6230710744857788 0.022909969774385294 0.03425789872805277
0 0.5788120627403259 0.6249594688415527 0.022909969774385294 0.03425789872805277
0 0.48560968041419983 0.6268665194511414 0.022909969774385294 0.03425789872805277
0 0.3914807438850403 0.6287925839424133 0.022909969774385294 0.03425789872805277
0 0.2964113652706146 0.6307379007339478 0.022909969774385294 0.03425789872805277
0 0.2003873735666275 0.6327027082443237 0.022909969774385294 0.03425789872805277
0 0.7803356051445007 0.7397667765617371 0.022909969774385294 0.03425789872805277
0 0.6849042177200317 0.7423283457756042 0.022909969774385294 0.03425789872805277
0 0.5884907841682434 0.7449162006378174 0.022909969774385294 0.03425789872805277
0 0.49108004570007324 0.7475308179855347 0.022909969774385294 0.03425789872805277
0 0.3926564157009125 0.7501726746559143 0.022909969774385294 0.03425789872805277
0 0.29320403933525085 0.752842128276825 0.022909969774385294 0.03425789872805277
0 0.19270670413970947 0.75553959608078 0.022909969774385294 0.03425789872805277