0 0.2821018695831299 0.6693946123123169 0.021520905196666718 0.02869454026222229
0 0.3597997725009918 0.6675381660461426 0.021520905196666718 0.02869454026222229
0 0.4389675557613373 0.6656466722488403 0.021520905196666718 0.02869454026222229
0 0.5196473598480225 0.6637190580368042 0.021520905196666718 0.02869454026222229
0 0.601882815361023 0.6617541909217834 0.021520905196666718 0.02869454026222229
0 0.6857194900512695 0.6597511768341064 0.021520905196666718 0.02869454026222229
0 0.7712045311927795 0.6577087044715881 0.021520905196666718 0.02869454026222229
0 0.29411011934280396 0.5771443247795105 0.021520905196666718 0.02869454026222229
0 0.3681231737136841 0.574556291103363 0.021520905196666718 0.02869454026222229
0 0.4434674084186554 0.571921706199646 0.021520905196666718 0.02869454026222229
0 0.5201791524887085 0.5692393183708191 0.021520905196666718 0.02869454026222229
0 0.5982958674430847 0.5665078163146973 0.021520905196666718 0.02869454026222229
0 0.6778566241264343 0.5637257695198059 0.021520905196666718 0.02869454026222229
0 0.7589017748832703 0.56089186668396 0.021520905196666718 0.02869454026222229
0 0.30501025915145874 0.49340692162513733 0.021520905196666718 0.02869454026222229
0 0.375671923160553 0.49022769927978516 0.021520905196666718 0.02869454026222229
0 0.4475449025630951 0.4869939684867859 0.021520905196666718 0.02869454026222229
0 0.5206605792045593 0.4837043583393097 0.021520905196666718 0.02869454026222229
0 0.5950514674186707 0.4803573489189148 0.021520905196666718 0.02869454026222229
0 0.6707512736320496 0.4769514501094818 0.021520905196666718 0.02869454026222229
0 0.7477947473526001 0.4734851121902466 0.021520905196666718 0.02869454026222229
0 0.3149488866329193 0.41705602407455444 0.021520905196666718 0.02869454026222229
0 0.3825494050979614 0.4133981764316559 0.021520905196666718 0.02869454026222229
0 0.45125681161880493 0.40968042612075806 0.021520905196666718 0.02869454026222229
0 0.5210984945297241 0.4059012830257416 0.021520905196666718 0.02869454026222229
0 0.5921027660369873 0.40205925703048706 0.021520905196666718 0.02869454026222229
0 0.664298951625824 0.39815273880958557 0.021520905196666718 0.02869454026222229
0 0.7377172708511353 0.3941800594329834 0.021520905196666718 0.02869454026222229
0 0.32404786348342896 0.3471555709838867 0.021520905196666718 0.02869454026222229
0 0.3888413608074188 0.34310996532440186 0.021520905196666718 0.02869454026222229
0 0.45465022325515747 0.33900097012519836 0.021520905196666718 0.02869454026222229
0 0.5214985609054565 0.33482709527015686 0.021520905196666718 0.02869454026222229
0 0.5894111394882202 0.3305867314338684 0.021520905196666718 0.02869454026222229
0 0.6584136486053467 0.32627832889556885 0.021520905196666718 0.02869454026222229
0 0.7285324931144714 0.32190021872520447 0.021520905196666718 0.02869454026222229
0 0.3324092626571655 0.2829212546348572 0.021520905196666718 0.02869454026222229
0 0.3946194648742676 0.2785618305206299 0.021520905196666718 0.02869454026222229
0 0.4577644169330597 0.27413690090179443 0.021520905196666718 0.02869454026222229
0 0.5218654274940491 0.26964500546455383 0.021520905196666718 0.02869454026222229
0 0.5869443416595459 0.26508453488349915 0.021520905196666718 0.02869454026222229
0 0.6530237197875977 0.260453999042511 0.021520905196666718 0.02869454026222229
0 0.7201268076896667 0.25575169920921326 0.021520905196666718 0.02869454026222229
0 0.34011930227279663 0.2236909419298172 0.021520905196666718 0.02869454026222229
0 0.3999441862106323 0.2190781831741333 0.021520905196666718 0.02869454026222229
0 0.4606325328350067 0.2143988460302353 0.021520905196666718 0.02869454026222229
0 0.5222031474113464 0.20965148508548737 0.021520905196666718 0.02869454026222229
0 0.5846753716468811 0.20483459532260895 0.021520905196666718 0.02869454026222229
0 0.6480692028999329 0.19994665682315826 0.021520905196666718 0.02869454026222229
0 0.7124052047729492 0.19498607516288757 0.021520905196666718 0.02869454026222229