0 0.6947292685508728 0.15330418944358826 0.023024329853554567 0.03442890445391337
0 0.619038462638855 0.1530015617609024 0.023024329853554567 0.03442890445391337
0 0.5427260398864746 0.15269644558429718 0.023024329853554567 0.03442890445391337
0 0.46578431129455566 0.152388796210289 0.023024329853554567 0.03442890445391337
0 0.3882054090499878 0.15207861363887787 0.023024329853554567 0.03442890445391337
0 0.30998140573501587 0.1517658531665802 0.023024329853554567 0.03442890445391337
0 0.23110421001911163 0.15145047008991241 0.023024329853554567 0.03442890445391337
0 0.706844687461853 0.23349787294864655 0.023024329853554567 0.03442890445391337
0 0.6284377574920654 0.2335241287946701 0.023024329853554567 0.03442890445391337
0 0.5493632555007935 0.23355060815811157 0.023024329853554567 0.03442890445391337
0 0.46961256861686707 0.23357731103897095 0.023024329853554567 0.03442890445391337
0 0.38917702436447144 0.23360425233840942 0.023024329853554567 0.03442890445391337
0 0.30804774165153503 0.2336314171552658 0.023024329853554567 0.03442890445391337
0 0.22621573507785797 0.2336588203907013 0.023024329853554567 0.03442890445391337
0 0.7198756337165833 0.31975170969963074 0.023024329853554567 0.03442890445391337
0 0.6385504007339478 0.3201584815979004 0.023024329853554567 0.03442890445391337
0 0.5565063953399658 0.32056885957717896 0.023024329853554567 0.03442890445391337
0 0.47373396158218384 0.3209828734397888 0.023024329853554567 0.03442890445391337
0 0.39022335410118103 0.32140058279037476 0.023024329853554567 0.03442890445391337
0 0.3059646785259247 0.32182204723358154 0.023024329853554567 0.03442890445391337
0 0.22094784677028656 0.3222472667694092 0.023024329853554567 0.03442890445391337
0 0.7339299321174622 0.41277962923049927 0.023024329853554567 0.03442890445391337
0 0.6494609117507935 0.4136279225349426 0.023024329853554567 0.03442890445391337
0 0.5642157196998596 0.41448402404785156 0.023024329853554567 0.03442890445391337
0 0.4781835079193115 0.41534802317619324 0.023024329853554567 0.03442890445391337
0 0.39135339856147766 0.4162200391292572 0.023024329853554567 0.03442890445391337
0 0.30371424555778503 0.417100191116333 0.023024329853554567 0.03442890445391337
0 0.21525463461875916 0.4179885685443878 0.023024329853554567 0.03442890445391337
0 0.7491332292556763 0.5134122967720032 0.023024329853554567 0.03442890445391337
0 0.6612675786018372 0.5147745609283447 0.023024329853554567 0.03442890445391337
0 0.5725612640380859 0.5161499381065369 0.023024329853554567 0.03442890445391337
0 0.48300206661224365 0.5175384879112244 0.023024329853554567 0.03442890445391337
0 0.3925776183605194 0.5189404487609863 0.023024329853554567 0.03442890445391337
0 0.3012753427028656 0.5203560590744019 0.023024329853554567 0.03442890445391337
0 0.20908239483833313 0.5217854380607605 0.023024329853554567 0.03442890445391337
0 0.7656322121620178 0.6226218342781067 0.023024329853554567 0.03442890445391337
0 0.6740855574607849 0.6245847940444946 0.023024329853554567 0.03442890445391337
0 0.58162522315979 0.6265673041343689 0.023024329853554567 0.03442890445391337
0 0.4882374703884125 0.6285696625709534 0.023024329853554567 0.03442890445391337
0 0.3939082622528076 0.6305922865867615 0.023024329853554567 0.03442890445391337
0 0.29862332344055176 0.6326353549957275 0.023024329853554567 0.03442890445391337
0 0.20236803591251373 0.6346992254257202 0.023024329853554567 0.03442890445391337
0 0.7836000323295593 0.7415537238121033 0.023024329853554567 0.03442890445391337
0 0.6880505084991455 0.7442214488983154 0.023024329853554567 0.03442890445391337
0 0.5915045142173767 0.7469170093536377 0.023024329853554567 0.03442890445391337
0 0.49394628405570984 0.7496407628059387 0.023024329853554567 0.03442890445391337
0 0.3953598737716675 0.7523933053016663 0.023024329853554567 0.03442890445391337
0 0.2957289516925812 0.7551749348640442 0.023024329853554567 0.03442890445391337
0 0.19503681361675262 0.7579862475395203 0.023024329853554567 0.03442890445391337