0 0.22791630029678345 0.7096832990646362 0.03019145131111145 0.03019145131111145
0 0.31397131085395813 0.7086244821548462 0.03019145131111145 0.03019145131111145
0 0.40022987127304077 0.7075631618499756 0.03019145131111145 0.03019145131111145
0 0.48669272661209106 0.7064993381500244 0.03019145131111145 0.03019145131111145
0 0.5733605623245239 0.7054329514503479 0.03019145131111145 0.03019145131111145
0 0.6602340936660767 0.7043641209602356 0.03019145131111145 0.03019145131111145
0 0.7473140954971313 0.7032926678657532 0.03019145131111145 0.03019145131111145
0 0.23925334215164185 0.6238698363304138 0.03019145131111145 0.03019145131111145
0 0.3216877281665802 0.622758686542511 0.03019145131111145 0.03019145131111145
0 0.40430885553359985 0.6216449737548828 0.03019145131111145 0.03019145131111145
0 0.48711735010147095 0.6205286979675293 0.03019145131111145 0.03019145131111145
0 0.5701138973236084 0.6194099187850952 0.03019145131111145 0.03019145131111145
0 0.6532990336418152 0.6182886362075806 0.03019145131111145 0.03019145131111145
0 0.7366735339164734 0.6171647906303406 0.03019145131111145 0.03019145131111145
0 0.2496728003025055 0.5450018048286438 0.03019145131111145 0.03019145131111145
0 0.3287789225578308 0.5438500642776489 0.03019145131111145 0.03019145131111145
0 0.40805697441101074 0.5426957607269287 0.03019145131111145 0.03019145131111145
0 0.48750752210617065 0.5415389537811279 0.03019145131111145 0.03019145131111145
0 0.5671311020851135 0.5403795838356018 0.03019145131111145 0.03019145131111145
0 0.6469283699989319 0.5392177700996399 0.03019145131111145 0.03019145131111145
0 0.7268997430801392 0.5380533933639526 0.03019145131111145 0.03019145131111145
0 0.2592817544937134 0.47226881980895996 0.03019145131111145 0.03019145131111145
0 0.3353179395198822 0.4710859954357147 0.03019145131111145 0.03019145131111145
0 0.41151291131973267 0.4699006676673889 0.03019145131111145 0.03019145131111145
0 0.48786723613739014 0.4687128961086273 0.03019145131111145 0.03019145131111145
0 0.5643813610076904 0.46752265095710754 0.03019145131111145 0.03019145131111145
0 0.6410558223724365 0.4663298726081848 0.03019145131111145 0.03019145131111145
0 0.7178910970687866 0.4651346206665039 0.03019145131111145 0.03019145131111145
0 0.2681712210178375 0.40498173236846924 0.03019145131111145 0.03019145131111145
0 0.34136682748794556 0.4037756621837616 0.03019145131111145 0.03019145131111145
0 0.41470959782600403 0.40256717801094055 0.03019145131111145 0.03019145131111145
0 0.488199919462204 0.4013562500476837 0.03019145131111145 0.03019145131111145
0 0.5618383288383484 0.4001428782939911 0.03019145131111145 0.03019145131111145
0 0.6356251835823059 0.39892706274986267 0.03019145131111145 0.03019145131111145
0 0.7095610499382019 0.39770880341529846 0.03019145131111145 0.03019145131111145
0 0.27641913294792175 0.342551052570343 0.03019145131111145 0.03019145131111145
0 0.3469787538051605 0.34132811427116394 0.03019145131111145 0.03019145131111145
0 0.41767507791519165 0.34010279178619385 0.03019145131111145 0.03019145131111145
0 0.48850855231285095 0.3388751149177551 0.03019145131111145 0.03019145131111145
0 0.5594795346260071 0.3376450538635254 0.03019145131111145 0.03019145131111145
0 0.6305884718894958 0.33641260862350464 0.03019145131111145 0.03019145131111145
0 0.7018356919288635 0.3351777493953705 0.03019145131111145 0.03019145131111145
0 0.2840924561023712 0.28446927666664124 0.03019145131111145 0.03019145131111145
0 0.35219934582710266 0.28323471546173096 0.03019145131111145 0.03019145131111145
0 0.4204336106777191 0.2819978594779968 0.03019145131111145 0.03019145131111145
0 0.48879560828208923 0.28075867891311646 0.03019145131111145 0.03019145131111145
0 0.5572856664657593 0.27951717376708984 0.03019145131111145 0.03019145131111145
0 0.6259042024612427 0.278273344039917 0.03019145131111145 0.03019145131111145
0 0.6946514844894409 0.2770271599292755 0.03019145131111145 0.03019145131111145