0 0.3302054703235626 0.23354482650756836 0.012550294864922762 0.022311635315418243
0 0.3263651430606842 0.28729429841041565 0.012550294864922762 0.022311635315418243
0 0.32223835587501526 0.3450530767440796 0.012550294864922762 0.022311635315418243
0 0.31779181957244873 0.4072870910167694 0.012550294864922762 0.022311635315418243
0 0.3129868507385254 0.4745374619960785 0.012550294864922762 0.022311635315418243
0 0.30777832865715027 0.5474361777305603 0.012550294864922762 0.022311635315418243
0 0.3021131753921509 0.6267260313034058 0.012550294864922762 0.022311635315418243
0 0.37572959065437317 0.23294442892074585 0.012550294864922762 0.022311635315418243
0 0.3735347390174866 0.2864612340927124 0.012550294864922762 0.022311635315418243
0 0.3711768388748169 0.3439537286758423 0.012550294864922762 0.022311635315418243
0 0.36863699555397034 0.40588200092315674 0.012550294864922762 0.022311635315418243
0 0.3658933639526367 0.4727799892425537 0.012550294864922762 0.022311635315418243
0 0.362920343875885 0.5452709197998047 0.012550294864922762 0.022311635315418243
0 0.3596879243850708 0.624086856842041 0.012550294864922762 0.022311635315418243
0 0.42090967297554016 0.23234856128692627 0.012550294864922762 0.022311635315418243
0 0.42033517360687256 0.28563469648361206 0.012550294864922762 0.022311635315418243
0 0.4197181463241577 0.3428632915019989 0.012550294864922762 0.022311635315418243
0 0.41905370354652405 0.4044887125492096 0.012550294864922762 0.022311635315418243
0 0.4183361828327179 0.471037894487381 0.012550294864922762 0.022311635315418243
0 0.4175589382648468 0.5431254506111145 0.012550294864922762 0.022311635315418243
0 0.41671422123908997 0.6214728355407715 0.012550294864922762 0.022311635315418243
0 0.4657496511936188 0.23175717890262604 0.012550294864922762 0.022311635315418243
0 0.466770738363266 0.28481459617614746 0.012550294864922762 0.022311635315418243
0 0.46786707639694214 0.34178170561790466 0.012550294864922762 0.022311635315418243
0 0.46904727816581726 0.4031071364879608 0.012550294864922762 0.022311635315418243
0 0.4703213572502136 0.469310998916626 0.012550294864922762 0.022311635315418243
0 0.4717009961605072 0.5409994721412659 0.012550294864922762 0.022311635315418243
0 0.47319990396499634 0.6188836097717285 0.012550294864922762 0.022311635315418243
0 0.5102533102035522 0.23117023706436157 0.012550294864922762 0.022311635315418243
0 0.5128456950187683 0.28400087356567383 0.012550294864922762 0.022311635315418243
0 0.5156283974647522 0.34070879220962524 0.012550294864922762 0.022311635315418243
0 0.5186230540275574 0.40173712372779846 0.012550294864922762 0.022311635315418243
0 0.5218548774719238 0.46759912371635437 0.012550294864922762 0.022311635315418243
0 0.5253532528877258 0.5388927459716797 0.012550294864922762 0.022311635315418243
0 0.5291525721549988 0.6163188219070435 0.012550294864922762 0.022311635315418243
0 0.5544244050979614 0.2305876761674881 0.012550294864922762 0.022311635315418243
0 0.5585642457008362 0.283193439245224 0.012550294864922762 0.022311635315418243
0 0.5630066990852356 0.33964449167251587 0.012550294864922762 0.022311635315418243
0 0.5677862167358398 0.4003784954547882 0.012550294864922762 0.022311635315418243
0 0.5729426145553589 0.46590203046798706 0.012550294864922762 0.022311635315418243
0 0.5785223841667175 0.5368049740791321 0.012550294864922762 0.022311635315418243
0 0.5845798254013062 0.6137781739234924 0.012550294864922762 0.022311635315418243
0 0.5982667207717896 0.23000946640968323 0.012550294864922762 0.022311635315418243
0 0.6039305329322815 0.2823922038078308 0.012550294864922762 0.022311635315418243
0 0.6100066900253296 0.338588684797287 0.012550294864922762 0.022311635315418243
0 0.6165419220924377 0.3990311026573181 0.012550294864922762 0.022311635315418243
0 0.6235902905464172 0.4642195701599121 0.012550294864922762 0.022311635315418243
0 0.6312147974967957 0.534735918045044 0.012550294864922762 0.022311635315418243
0 0.639488935470581 0.6112611889839172 0.012550294864922762 0.022311635315418243