0 0.6913143992424011 0.1594076156616211 0.02537770196795464 0.03383693595727285
0 0.6226592659950256 0.162523552775383 0.02537770196795464 0.03383693595727285
0 0.554054856300354 0.16563718020915985 0.02537770196795464 0.03383693595727285
0 0.4855011999607086 0.16874851286411285 0.02537770196795464 0.03383693595727285
0 0.4169981777667999 0.171857550740242 0.02537770196795464 0.03383693595727285
0 0.34854575991630554 0.1749642938375473 0.02537770196795464 0.03383693595727285
0 0.2801438868045807 0.17806872725486755 0.02537770196795464 0.03383693595727285
0 0.7022481560707092 0.22589965164661407 0.02537770196795464 0.03383693595727285
0 0.6302510499954224 0.22914128005504608 0.02537770196795464 0.03383693595727285
0 0.5583098530769348 0.23238039016723633 0.02537770196795464 0.03383693595727285
0 0.4864243268966675 0.2356170117855072 0.02537770196795464 0.03383693595727285
0 0.4145945608615875 0.23885110020637512 0.02537770196795464 0.03383693595727285
0 0.342820405960083 0.24208270013332367 0.02537770196795464 0.03383693595727285
0 0.27110180258750916 0.24531179666519165 0.02537770196795464 0.03383693595727285
0 0.714299738407135 0.29918986558914185 0.02537770196795464 0.03383693595727285
0 0.6386187672615051 0.3025672435760498 0.02537770196795464 0.03383693595727285
0 0.562999427318573 0.3059419095516205 0.02537770196795464 0.03383693595727285
0 0.487441748380661 0.3093138039112091 0.02537770196795464 0.03383693595727285
0 0.4119455814361572 0.31268295645713806 0.02537770196795464 0.03383693595727285
0 0.3365108370780945 0.31604936718940735 0.02537770196795464 0.03383693595727285
0 0.2611374855041504 0.31941303610801697 0.02537770196795464 0.03383693595727285
0 0.7276499271392822 0.38037699460983276 0.02537770196795464 0.03383693595727285
0 0.6478877067565918 0.3839013874530792 0.02537770196795464 0.03383693595727285
0 0.5681939721107483 0.38742274045944214 0.02537770196795464 0.03383693595727285
0 0.48856863379478455 0.3909411132335663 0.02537770196795464 0.03383693595727285
0 0.4090116620063782 0.3944564461708069 0.02537770196795464 0.03383693595727285
0 0.32952290773391724 0.39796873927116394 0.02537770196795464 0.03383693595727285
0 0.25010231137275696 0.4014780521392822 0.02537770196795464 0.03383693595727285
0 0.7425204515457153 0.47081002593040466 0.02537770196795464 0.03383693595727285
0 0.6582117080688477 0.47449395060539246 0.02537770196795464 0.03383693595727285
0 0.5739794969558716 0.4781745374202728 0.02537770196795464 0.03383693595727285
0 0.48982369899749756 0.4818517863750458 0.02537770196795464 0.03383693595727285
0 0.4057442247867584 0.4855256974697113 0.02537770196795464 0.03383693595727285
0 0.3217409551143646 0.4891963005065918 0.02537770196795464 0.03383693595727285
0 0.2378138303756714 0.4928635358810425 0.02537770196795464 0.03383693595727285
0 0.7591867446899414 0.5721638202667236 0.02537770196795464 0.03383693595727285
0 0.6697818636894226 0.5760212540626526 0.02537770196795464 0.03383693595727285
0 0.5804629921913147 0.5798749923706055 0.02537770196795464 0.03383693595727285
0 0.4912301003932953 0.5837250351905823 0.02537770196795464 0.03383693595727285
0 0.40208297967910767 0.587571382522583 0.02537770196795464 0.03383693595727285
0 0.31302154064178467 0.5914140343666077 0.02537770196795464 0.03383693595727285
0 0.22404564917087555 0.5952529907226562 0.02537770196795464 0.03383693595727285
0 0.7779949903488159 0.6865435838699341 0.02537770196795464 0.03383693595727285
0 0.6828382611274719 0.6905902028083801 0.02537770196795464 0.03383693595727285
0 0.5877789258956909 0.6946326494216919 0.02537770196795464 0.03383693595727285
0 0.4928169548511505 0.6986709833145142 0.02537770196795464 0.03383693595727285
0 0.397952139377594 0.7027052044868469 0.02537770196795464 0.03383693595727285
0 0.3031843304634094 0.7067352533340454 0.02537770196795464 0.03383693595727285
0 0.20851339399814606 0.7107611894607544 0.02537770196795464 0.03383693595727285