0 0.3089047074317932 0.3794964849948883 0.019480518996715546 0.02597402532895406
0 0.3033074736595154 0.442648708820343 0.019480518996715546 0.02597402532895406
0 0.2973855435848236 0.5094642043113708 0.019480518996715546 0.02597402532895406
0 0.2911098599433899 0.5802711844444275 0.019480518996715546 0.02597402532895406
0 0.28444772958755493 0.6554383635520935 0.019480518996715546 0.02597402532895406
0 0.2773623466491699 0.7353813052177429 0.019480518996715546 0.02597402532895406
0 0.2698119878768921 0.8205700516700745 0.019480518996715546 0.02597402532895406
0 0.37217316031455994 0.3799423277378082 0.019480518996715546 0.02597402532895406
0 0.3683624863624573 0.4430527091026306 0.019480518996715546 0.02597402532895406
0 0.3643309772014618 0.5098206400871277 0.019480518996715546 0.02597402532895406
0 0.36005881428718567 0.5805736184120178 0.019480518996715546 0.02597402532895406
0 0.35552385449409485 0.6556794047355652 0.019480518996715546 0.02597402532895406
0 0.3507010340690613 0.7355523705482483 0.019480518996715546 0.02597402532895406
0 0.34556207060813904 0.8206613063812256 0.019480518996715546 0.02597402532895406
0 0.4353356659412384 0.38038745522499084 0.019480518996715546 0.02597402532895406
0 0.4333055019378662 0.4434559941291809 0.019480518996715546 0.02597402532895406
0 0.43115776777267456 0.5101764798164368 0.019480518996715546 0.02597402532895406
0 0.428881973028183 0.5808755159378052 0.019480518996715546 0.02597402532895406
0 0.42646631598472595 0.6559199690818787 0.019480518996715546 0.02597402532895406
0 0.42389747500419617 0.735723078250885 0.019480518996715546 0.02597402532895406
0 0.42116039991378784 0.8207523226737976 0.019480518996715546 0.02597402532895406
0 0.4983924925327301 0.3808318078517914 0.019480518996715546 0.02597402532895406
0 0.4981367886066437 0.44385862350463867 0.019480518996715546 0.02597402532895406
0 0.49786630272865295 0.5105317234992981 0.019480518996715546 0.02597402532895406
0 0.4975796937942505 0.5811768770217896 0.019480518996715546 0.02597402532895406
0 0.4972755014896393 0.6561600565910339 0.019480518996715546 0.02597402532895406
0 0.49695202708244324 0.7358934283256531 0.019480518996715546 0.02597402532895406
0 0.49660739302635193 0.8208431601524353 0.019480518996715546 0.02597402532895406
0 0.5613439083099365 0.3812754154205322 0.019480518996715546 0.02597402532895406
0 0.5628566741943359 0.44426053762435913 0.019480518996715546 0.02597402532895406
0 0.5644568800926208 0.5108862519264221 0.019480518996715546 0.02597402532895406
0 0.5661523342132568 0.581477701663971 0.019480518996715546 0.02597402532895406
0 0.5679517984390259 0.6563997268676758 0.019480518996715546 0.02597402532895406
0 0.5698651075363159 0.7360634803771973 0.019480518996715546 0.02597402532895406
0 0.5719035267829895 0.8209338784217834 0.019480518996715546 0.02597402532895406
0 0.6241901516914368 0.38171830773353577 0.019480518996715546 0.02597402532895406
0 0.6274653673171997 0.4446617662906647 0.019480518996715546 0.02597402532895406
0 0.6309297680854797 0.5112402439117432 0.019480518996715546 0.02597402532895406
0 0.6346001625061035 0.5817779302597046 0.019480518996715546 0.02597402532895406
0 0.6384955048561096 0.6566389799118042 0.019480518996715546 0.02597402532895406
0 0.6426371932029724 0.7362332344055176 0.019480518996715546 0.02597402532895406
0 0.6470492482185364 0.8210243582725525 0.019480518996715546 0.02597402532895406
0 0.6869314908981323 0.3821604549884796 0.019480518996715546 0.02597402532895406
0 0.691963255405426 0.4450622797012329 0.019480518996715546 0.02597402532895406
0 0.6972852945327759 0.5115935802459717 0.019480518996715546 0.02597402532895406
0 0.702923595905304 0.58207768201828 0.019480518996715546 0.02597402532895406
0 0.7089071273803711 0.6568776965141296 0.019480518996715546 0.02597402532895406
0 0.715268611907959 0.7364026308059692 0.019480518996715546 0.02597402532895406
0 0.7220450043678284 0.8211146593093872 0.019480518996715546 0.02597402532895406