0 0.3078194856643677 0.6463581323623657 0.020070789381861687 0.026761052509148914
0 0.38265568017959595 0.6469122171401978 0.020070789381861687 0.026761052509148914
0 0.4580853581428528 0.6474707126617432 0.020070789381861687 0.026761052509148914
0 0.5341156125068665 0.648033618927002 0.020070789381861687 0.026761052509148914
0 0.6107537150382996 0.6486009955406189 0.020070789381861687 0.026761052509148914
0 0.6880068778991699 0.6491729617118835 0.020070789381861687 0.026761052509148914
0 0.7658826112747192 0.6497495770454407 0.020070789381861687 0.026761052509148914
0 0.31808099150657654 0.5599904656410217 0.020070789381861687 0.026761052509148914
0 0.3894963264465332 0.5601935982704163 0.020070789381861687 0.026761052509148914
0 0.4614517390727997 0.5603982210159302 0.020070789381861687 0.026761052509148914
0 0.5339533686637878 0.5606043934822083 0.020070789381861687 0.026761052509148914
0 0.6070075631141663 0.5608121752738953 0.020070789381861687 0.026761052509148914
0 0.6806204915046692 0.5610215663909912 0.020070789381861687 0.026761052509148914
0 0.7547987103462219 0.5612325072288513 0.020070789381861687 0.026761052509148914
0 0.32743892073631287 0.4812277555465698 0.020070789381861687 0.026761052509148914
0 0.39573243260383606 0.48113831877708435 0.020070789381861687 0.026761052509148914
0 0.46451953053474426 0.48104819655418396 0.020070789381861687 0.026761052509148914
0 0.5338056087493896 0.48095741868019104 0.020070789381861687 0.026761052509148914
0 0.603596031665802 0.480866014957428 0.020070789381861687 0.026761052509148914
0 0.6738964319229126 0.48077392578125 0.020070789381861687 0.026761052509148914
0 0.7447122931480408 0.4806811511516571 0.020070789381861687 0.026761052509148914
0 0.33600759506225586 0.40910792350769043 0.020070789381861687 0.026761052509148914
0 0.4014407992362976 0.4087735414505005 0.020070789381861687 0.026761052509148914
0 0.467326819896698 0.4084368646144867 0.020070789381861687 0.026761052509148914
0 0.5336703658103943 0.40809786319732666 0.020070789381861687 0.026761052509148914
0 0.6004762649536133 0.4077564775943756 0.020070789381861687 0.026761052509148914
0 0.6677493453025818 0.40741270780563354 0.020070789381861687 0.026761052509148914
0 0.7354944944381714 0.4070665240287781 0.020070789381861687 0.026761052509148914
0 0.34388282895088196 0.3428245484828949 0.020070789381861687 0.026761052509148914
0 0.40668565034866333 0.3422844707965851 0.020070789381861687 0.026761052509148914
0 0.46990540623664856 0.34174078702926636 0.020070789381861687 0.026761052509148914
0 0.5335462093353271 0.3411935269832611 0.020070789381861687 0.026761052509148914
0 0.5976123809814453 0.3406425714492798 0.020070789381861687 0.026761052509148914
0 0.6621080636978149 0.3400879502296448 0.020070789381861687 0.026761052509148914
0 0.7270376682281494 0.3395295739173889 0.020070789381861687 0.026761052509148914
0 0.35114553570747375 0.2816966772079468 0.020070789381861687 0.026761052509148914
0 0.4115212857723236 0.2809833586215973 0.020070789381861687 0.026761052509148914
0 0.47228214144706726 0.2802654504776001 0.020070789381861687 0.026761052509148914
0 0.5334318280220032 0.2795429527759552 0.020070789381861687 0.026761052509148914
0 0.5949740409851074 0.2788158357143402 0.020070789381861687 0.026761052509148914
0 0.656912624835968 0.27808403968811035 0.020070789381861687 0.026761052509148914
0 0.7192513942718506 0.27734750509262085 0.020070789381861687 0.026761052509148914
0 0.35786449909210205 0.2251453995704651 0.020070789381861687 0.026761052509148914
0 0.41599375009536743 0.2242857962846756 0.020070789381861687 0.026761052509148914
0 0.4744798541069031 0.2234209179878235 0.020070789381861687 0.026761052509148914
0 0.5333260297775269 0.22255071997642517 0.020070789381861687 0.026761052509148914
0 0.5925357341766357 0.22167515754699707 0.020070789381861687 0.026761052509148914
0 0.6521122455596924 0.22079415619373322 0.020070789381861687 0.026761052509148914
0 0.712058961391449 0.21990768611431122 0.020070789381861687 0.026761052509148914