0 0.7069004774093628 0.16265207529067993 0.022816757407660287 0.03411851574977239
0 0.6311846375465393 0.16226418316364288 0.022816757407660287 0.03411851574977239
0 0.555012583732605 0.1618739664554596 0.022816757407660287 0.03411851574977239
0 0.47838008403778076 0.16148138046264648 0.022816757407660287 0.03411851574977239
0 0.40128299593925476 0.16108641028404236 0.022816757407660287 0.03411851574977239
0 0.3237170875072479 0.16068904101848602 0.022816757407660287 0.03411851574977239
0 0.24567802250385284 0.16028925776481628 0.022816757407660287 0.03411851574977239
0 0.7184638977050781 0.24261915683746338 0.022816757407660287 0.03411851574977239
0 0.6400030255317688 0.2424660623073578 0.022816757407660287 0.03411851574977239
0 0.5610519051551819 0.2423120141029358 0.022816757407660287 0.03411851574977239
0 0.4816059172153473 0.2421569973230362 0.022816757407660287 0.03411851574977239
0 0.4016604423522949 0.242001011967659 0.022816757407660287 0.03411851574977239
0 0.32121074199676514 0.241844043135643 0.022816757407660287 0.03411851574977239
0 0.24025198817253113 0.24168607592582703 0.022816757407660287 0.03411851574977239
0 0.7309063673019409 0.3286650776863098 0.022816757407660287 0.03411851574977239
0 0.6494938731193542 0.32878434658050537 0.022816757407660287 0.03411851574977239
0 0.5675532817840576 0.3289043605327606 0.022816757407660287 0.03411851574977239
0 0.4850793778896332 0.3290252089500427 0.022816757407660287 0.03411851574977239
0 0.4020669758319855 0.3291468024253845 0.022816757407660287 0.03411851574977239
0 0.3185107409954071 0.3292692303657532 0.022816757407660287 0.03411851574977239
0 0.23440533876419067 0.3293924331665039 0.022816757407660287 0.03411851574977239
0 0.7443320155143738 0.42151033878326416 0.022816757407660287 0.03411851574977239
0 0.659737229347229 0.4219464063644409 0.022816757407660287 0.03411851574977239
0 0.5745718479156494 0.42238542437553406 0.022816757407660287 0.03411851574977239
0 0.4888300895690918 0.42282742261886597 0.022816757407660287 0.03411851574977239
0 0.402506023645401 0.42327240109443665 0.022816757407660287 0.03411851574977239
0 0.31559374928474426 0.42372041940689087 0.022816757407660287 0.03411851574977239
0 0.22808720171451569 0.424171507358551 0.022816757407660287 0.03411851574977239
0 0.7588621973991394 0.5219940543174744 0.022816757407660287 0.03411851574977239
0 0.670826256275177 0.5227997899055481 0.022816757407660287 0.03411851574977239
0 0.5821719169616699 0.5236112475395203 0.022816757407660287 0.03411851574977239
0 0.49289262294769287 0.5244284272193909 0.022816757407660287 0.03411851574977239
0 0.4029817283153534 0.5252513289451599 0.022816757407660287 0.03411851574977239
0 0.31243252754211426 0.5260801315307617 0.022816757407660287 0.03411851574977239
0 0.2212381660938263 0.5269147753715515 0.022816757407660287 0.03411851574977239
0 0.7746390700340271 0.631099283695221 0.022816757407660287 0.03411851574977239
0 0.6828702092170715 0.6323380470275879 0.022816757407660287 0.03411851574977239
0 0.59042888879776 0.6335858702659607 0.022816757407660287 0.03411851574977239
0 0.49730759859085083 0.6348429322242737 0.022816757407660287 0.03411851574977239
0 0.4034988582134247 0.6361092329025269 0.022816757407660287 0.03411851574977239
0 0.3089950382709503 0.6373849511146545 0.022816757407660287 0.03411851574977239
0 0.21378837525844574 0.6386701464653015 0.022816757407660287 0.03411851574977239
0 0.79183030128479 0.7499852776527405 0.022816757407660287 0.03411851574977239
0 0.695997953414917 0.7517333626747131 0.022816757407660287 0.03411851574977239
0 0.5994316935539246 0.7534947991371155 0.022816757407660287 0.03411851574977239
0 0.5021228790283203 0.7552698254585266 0.022816757407660287 0.03411851574977239
0 0.40406304597854614 0.7570585012435913 0.022816757407660287 0.03411851574977239
0 0.30524343252182007 0.7588610649108887 0.022816757407660287 0.03411851574977239
0 0.20565515756607056 0.760677695274353 0.022816757407660287 0.03411851574977239