0 0.697417676448822 0.1828325092792511 0.025403542444109917 0.03387138992547989
0 0.6282616257667542 0.18506750464439392 0.025403542444109917 0.03387138992547989
0 0.5594281554222107 0.18729208409786224 0.025403542444109917 0.03387138992547989
0 0.4909149706363678 0.18950630724430084 0.025403542444109917 0.03387138992547989
0 0.42271992564201355 0.19171024858951569 0.025403542444109917 0.03387138992547989
0 0.3548407554626465 0.19390398263931274 0.025403542444109917 0.03387138992547989
0 0.2872752845287323 0.1960875689983368 0.025403542444109917 0.03387138992547989
0 0.7075887322425842 0.2496289610862732 0.025403542444109917 0.03387138992547989
0 0.6350003480911255 0.251810222864151 0.025403542444109917 0.03387138992547989
0 0.5627672672271729 0.2539808452129364 0.025403542444109917 0.03387138992547989
0 0.49088674783706665 0.2561408281326294 0.025403542444109917 0.03387138992547989
0 0.4193563461303711 0.2582903206348419 0.025403542444109917 0.03387138992547989
0 0.34817343950271606 0.26042935252189636 0.025403542444109917 0.03387138992547989
0 0.2773354947566986 0.2625580132007599 0.025403542444109917 0.03387138992547989
0 0.7188166379928589 0.32336658239364624 0.025403542444109917 0.03387138992547989
0 0.6424375176429749 0.3254706561565399 0.025403542444109917 0.03387138992547989
0 0.5664515495300293 0.3275638818740845 0.025403542444109917 0.03387138992547989
0 0.4908556342124939 0.32964637875556946 0.025403542444109917 0.03387138992547989
0 0.41564682126045227 0.33171820640563965 0.025403542444109917 0.03387138992547989
0 0.34082213044166565 0.3337794542312622 0.025403542444109917 0.03387138992547989
0 0.26637861132621765 0.3358301818370819 0.025403542444109917 0.03387138992547989
0 0.7312752604484558 0.40518656373023987 0.025403542444109917 0.03387138992547989
0 0.6506876945495605 0.4071829915046692 0.025403542444109917 0.03387138992547989
0 0.5705375075340271 0.4091686010360718 0.025403542444109917 0.03387138992547989
0 0.49082112312316895 0.4111434519290924 0.025403542444109917 0.03387138992547989
0 0.4115350842475891 0.41310763359069824 0.025403542444109917 0.03387138992547989
0 0.33267587423324585 0.41506123542785645 0.025403542444109917 0.03387138992547989
0 0.2542400658130646 0.41700437664985657 0.025403542444109917 0.03387138992547989
0 0.7451786398887634 0.496494859457016 0.025403542444109917 0.03387138992547989
0 0.6598917841911316 0.49834391474723816 0.025403542444109917 0.03387138992547989
0 0.5750945210456848 0.5001823306083679 0.025403542444109917 0.03387138992547989
0 0.49078264832496643 0.5020102262496948 0.025403542444109917 0.03387138992547989
0 0.4069519639015198 0.503827691078186 0.025403542444109917 0.03387138992547989
0 0.32359838485717773 0.5056347846984863 0.025403542444109917 0.03387138992547989
0 0.2407178282737732 0.50743168592453 0.025403542444109917 0.03387138992547989
0 0.7607935667037964 0.5990435481071472 0.025403542444109917 0.03387138992547989
0 0.6702255010604858 0.6006927490234375 0.025403542444109917 0.03387138992547989
0 0.5802091360092163 0.6023318767547607 0.025403542444109917 0.03387138992547989
0 0.49073946475982666 0.6039611101150513 0.025403542444109917 0.03387138992547989
0 0.40181148052215576 0.6055804491043091 0.025403542444109917 0.03387138992547989
0 0.31342026591300964 0.6071900129318237 0.025403542444109917 0.03387138992547989
0 0.2255610227584839 0.6087899208068848 0.025403542444109917 0.03387138992547989
0 0.7784568071365356 0.7150442600250244 0.025403542444109917 0.03387138992547989
0 0.6819103956222534 0.716423749923706 0.025403542444109917 0.03387138992547989
0 0.5859903693199158 0.7177942991256714 0.025403542444109917 0.03387138992547989
0 0.490690678358078 0.7191559076309204 0.025403542444109917 0.03387138992547989
0 0.3960053622722626 0.7205088138580322 0.025403542444109917 0.03387138992547989
0 0.30192849040031433 0.7218530178070068 0.025403542444109917 0.03387138992547989
0 0.2084541916847229 0.723188579082489 0.025403542444109917 0.03387138992547989