0 0.1884467601776123 0.6578545570373535 0.029150041441122692 0.029150041441122692
0 0.2690063416957855 0.6622424721717834 0.029150041441122692 0.029150041441122692
0 0.3513258993625641 0.666726291179657 0.029150041441122692 0.029150041441122692
0 0.4354637861251831 0.6713091135025024 0.029150041441122692 0.029150041441122692
0 0.521480917930603 0.675994336605072 0.029150041441122692 0.029150041441122692
0 0.6094409227371216 0.6807853579521179 0.029150041441122692 0.029150041441122692
0 0.6994103789329529 0.6856858134269714 0.029150041441122692 0.029150041441122692
0 0.20146609842777252 0.5758442282676697 0.029150041441122692 0.029150041441122692
0 0.2803044617176056 0.5792651772499084 0.029150041441122692 0.029150041441122692
0 0.3608250617980957 0.5827591419219971 0.029150041441122692 0.029150041441122692
0 0.4430823028087616 0.5863285064697266 0.029150041441122692 0.029150041441122692
0 0.5271329879760742 0.5899756550788879 0.029150041441122692 0.029150041441122692
0 0.6130364537239075 0.5937032103538513 0.029150041441122692 0.029150041441122692
0 0.7008545994758606 0.5975137948989868 0.029150041441122692 0.029150041441122692
0 0.2139042168855667 0.49749496579170227 0.029150041441122692 0.029150041441122692
0 0.29109302163124084 0.5000303983688354 0.029150041441122692 0.029150041441122692
0 0.36989128589630127 0.502618670463562 0.029150041441122692 0.029150041441122692
0 0.45034995675086975 0.5052614808082581 0.029150041441122692 0.029150041441122692
0 0.5325220823287964 0.5079605579376221 0.029150041441122692 0.029150041441122692
0 0.6164628863334656 0.5107177495956421 0.029150041441122692 0.029150041441122692
0 0.7022301554679871 0.5135349631309509 0.029150041441122692 0.029150041441122692
0 0.22579920291900635 0.42256706953048706 0.029150041441122692 0.029150041441122692
0 0.3014056980609894 0.4242904782295227 0.029150041441122692 0.029150041441122692
0 0.378553569316864 0.42604902386665344 0.029150041441122692 0.029150041441122692
0 0.4572904706001282 0.4278438091278076 0.029150041441122692 0.029150041441122692
0 0.5376659631729126 0.4296759366989136 0.029150041441122692 0.029150041441122692
0 0.6197317838668823 0.4315465986728668 0.029150041441122692 0.029150041441122692
0 0.7035418152809143 0.43345701694488525 0.029150041441122692 0.029150041441122692
0 0.23718586564064026 0.35084113478660583 0.029150041441122692 0.029150041441122692
0 0.31127333641052246 0.3518192172050476 0.029150041441122692 0.029150041441122692
0 0.38683828711509705 0.3528168201446533 0.029150041441122692 0.029150041441122692
0 0.46392542123794556 0.35383450984954834 0.029150041441122692 0.029150041441122692
0 0.5425811409950256 0.3548729121685028 0.029150041441122692 0.029150041441122692
0 0.6228538155555725 0.35593265295028687 0.029150041441122692 0.029150041441122692
0 0.7047939300537109 0.35701441764831543 0.029150041441122692 0.029150041441122692
0 0.24809610843658447 0.28211626410484314 0.029150041441122692 0.029150041441122692
0 0.32072409987449646 0.2824094891548157 0.029150041441122692 0.029150041441122692
0 0.3947696089744568 0.28270846605300903 0.029150041441122692 0.029150041441122692
0 0.47027453780174255 0.28301334381103516 0.029150041441122692 0.029150041441122692
0 0.5472824573516846 0.283324271440506 0.029150041441122692 0.029150041441122692
0 0.6258386969566345 0.2836414575576782 0.029150041441122692 0.029150041441122692
0 0.7059904336929321 0.2839650809764862 0.029150041441122692 0.029150041441122692
0 0.2585591971874237 0.21620792150497437 0.029150041441122692 0.029150041441122692
0 0.3297838866710663 0.21587130427360535 0.029150041441122692 0.029150041441122692
0 0.4023696780204773 0.21552827954292297 0.029150041441122692 0.029150041441122692
0 0.4763559401035309 0.21517860889434814 0.029150041441122692 0.029150041441122692
0 0.5517836213111877 0.21482214331626892 0.029150041441122692 0.029150041441122692
0 0.6286951899528503 0.2144586592912674 0.029150041441122692 0.029150041441122692
0 0.7071349620819092 0.21408796310424805 0.029150041441122692 0.029150041441122692