0 0.7271019816398621 0.18041642010211945 0.036298168202241264 0.036298168202241264
0 0.647824764251709 0.18043236434459686 0.036298168202241264 0.036298168202241264
0 0.568498432636261 0.18044832348823547 0.036298168202241264 0.036298168202241264
0 0.48912304639816284 0.18046429753303528 0.036298168202241264 0.036298168202241264
0 0.409698486328125 0.18048028647899628 0.036298168202241264 0.036298168202241264
0 0.33022475242614746 0.18049627542495728 0.036298168202241264 0.036298168202241264
0 0.25070178508758545 0.18051226437091827 0.036298168202241264 0.036298168202241264
0 0.7369924783706665 0.23613426089286804 0.036298168202241264 0.036298168202241264
0 0.6545294523239136 0.236168771982193 0.036298168202241264 0.036298168202241264
0 0.5720133185386658 0.23620331287384033 0.036298168202241264 0.036298168202241264
0 0.4894440472126007 0.23623786866664886 0.036298168202241264 0.036298168202241264
0 0.406821608543396 0.23627245426177979 0.036298168202241264 0.036298168202241264
0 0.32414594292640686 0.2363070696592331 0.036298168202241264 0.036298168202241264
0 0.24141699075698853 0.2363416850566864 0.036298168202241264 0.036298168202241264
0 0.7477117776870728 0.29652097821235657 0.036298168202241264 0.036298168202241264
0 0.6617961525917053 0.29657718539237976 0.036298168202241264 0.036298168202241264
0 0.5758228898048401 0.29663342237472534 0.036298168202241264 0.036298168202241264
0 0.48979198932647705 0.2966896891593933 0.036298168202241264 0.036298168202241264
0 0.40370336174964905 0.29674601554870605 0.036298168202241264 0.036298168202241264
0 0.3175569176673889 0.2968023717403412 0.036298168202241264 0.036298168202241264
0 0.23135261237621307 0.2968587875366211 0.036298168202241264 0.036298168202241264
0 0.7593685388565063 0.36218908429145813 0.036298168202241264 0.036298168202241264
0 0.6696986556053162 0.362270712852478 0.036298168202241264 0.036298168202241264
0 0.5799659490585327 0.3623524308204651 0.036298168202241264 0.036298168202241264
0 0.490170419216156 0.36243417859077454 0.036298168202241264 0.036298168202241264
0 0.40031197667121887 0.36251598596572876 0.036298168202241264 0.036298168202241264
0 0.3103905916213989 0.36259785294532776 0.036298168202241264 0.036298168202241264
0 0.2204061597585678 0.36267977952957153 0.036298168202241264 0.036298168202241264
0 0.7720914483070374 0.4338631331920624 0.036298168202241264 0.036298168202241264
0 0.6783241033554077 0.4339747428894043 0.036298168202241264 0.036298168202241264
0 0.5844881534576416 0.434086412191391 0.036298168202241264 0.036298168202241264
0 0.4905834496021271 0.43419817090034485 0.036298168202241264 0.036298168202241264
0 0.39660999178886414 0.43431001901626587 0.036298168202241264 0.036298168202241264
0 0.30256763100624084 0.43442195653915405 0.036298168202241264 0.036298168202241264
0 0.208456352353096 0.434533953666687 0.036298168202241264 0.036298168202241264
0 0.7860337495803833 0.5124065279960632 0.036298168202241264 0.036298168202241264
0 0.6877766251564026 0.5125536322593689 0.036298168202241264 0.036298168202241264
0 0.589444100856781 0.5127007961273193 0.036298168202241264 0.036298168202241264
0 0.49103614687919617 0.5128480792045593 0.036298168202241264 0.036298168202241264
0 0.3925526440143585 0.5129954814910889 0.036298168202241264 0.036298168202241264
0 0.2939935028553009 0.513143002986908 0.036298168202241264 0.036298168202241264
0 0.19535861909389496 0.5132906436920166 0.036298168202241264 0.036298168202241264
0 0.8013795018196106 0.5988566279411316 0.036298168202241264 0.036298168202241264
0 0.6981810331344604 0.5990458726882935 0.036298168202241264 0.036298168202241264
0 0.5948993563652039 0.5992352962493896 0.036298168202241264 0.036298168202241264
0 0.4915344715118408 0.5994248986244202 0.036298168202241264 0.036298168202241264
0 0.388086199760437 0.599614679813385 0.036298168202241264 0.036298168202241264
0 0.28455448150634766 0.5998045802116394 0.036298168202241264 0.036298168202241264
0 0.1809391975402832 0.5999945998191833 0.036298168202241264 0.036298168202241264