0 0.3373563289642334 0.38398706912994385 0.01934981159865856 0.025799748798211414
0 0.3321443796157837 0.4423193633556366 0.01934981159865856 0.025799748798211414
0 0.3266202211380005 0.5041460990905762 0.01934981159865856 0.025799748798211414
0 0.32075491547584534 0.5697909593582153 0.01934981159865856 0.025799748798211414
0 0.3145158290863037 0.6396189332008362 0.01934981159865856 0.025799748798211414
0 0.30786609649658203 0.7140430808067322 0.01934981159865856 0.025799748798211414
0 0.3007637858390808 0.7935324907302856 0.01934981159865856 0.025799748798211414
0 0.3998382091522217 0.38591238856315613 0.01934981159865856 0.025799748798211414
0 0.3964473605155945 0.4442319869995117 0.01934981159865856 0.025799748798211414
0 0.39285361766815186 0.5060409903526306 0.01934981159865856 0.025799748798211414
0 0.38903820514678955 0.5716623067855835 0.01934981159865856 0.025799748798211414
0 0.3849799931049347 0.6414598822593689 0.01934981159865856 0.025799748798211414
0 0.3806550204753876 0.7158454060554504 0.01934981159865856 0.025799748798211414
0 0.3760360777378082 0.7952866554260254 0.01934981159865856 0.025799748798211414
0 0.4621773958206177 0.38783329725265503 0.01934981159865856 0.025799748798211414
0 0.4605991840362549 0.4461400806903839 0.01934981159865856 0.025799748798211414
0 0.4589266777038574 0.5079313516616821 0.01934981159865856 0.025799748798211414
0 0.4571511447429657 0.5735290050506592 0.01934981159865856 0.025799748798211414
0 0.4552627503871918 0.6432960629463196 0.01934981159865856 0.025799748798211414
0 0.45325037837028503 0.7176429629325867 0.01934981159865856 0.025799748798211414
0 0.4511014521121979 0.7970360517501831 0.01934981159865856 0.025799748798211414
0 0.5243743658065796 0.3897498548030853 0.01934981159865856 0.025799748798211414
0 0.5246004462242126 0.44804373383522034 0.01934981159865856 0.025799748798211414
0 0.5248399972915649 0.5098170638084412 0.01934981159865856 0.025799748798211414
0 0.5250943303108215 0.5753910541534424 0.01934981159865856 0.025799748798211414
0 0.5253648161888123 0.6451274752616882 0.01934981159865856 0.025799748798211414
0 0.5256530046463013 0.7194357514381409 0.01934981159865856 0.025799748798211414
0 0.5259607434272766 0.7987805604934692 0.01934981159865856 0.025799748798211414
0 0.5864295363426208 0.39166200160980225 0.01934981159865856 0.025799748798211414
0 0.588451623916626 0.4499428868293762 0.01934981159865856 0.025799748798211414
0 0.5905941724777222 0.511698305606842 0.01934981159865856 0.025799748798211414
0 0.592868447303772 0.5772484540939331 0.01934981159865856 0.025799748798211414
0 0.5952869057655334 0.6469542384147644 0.01934981159865856 0.025799748798211414
0 0.5978636145591736 0.721223771572113 0.01934981159865856 0.025799748798211414
0 0.6006148457527161 0.8005203604698181 0.01934981159865856 0.025799748798211414
0 0.648343563079834 0.39356982707977295 0.01934981159865856 0.025799748798211414
0 0.6521532535552979 0.4518376290798187 0.01934981159865856 0.025799748798211414
0 0.6561897993087769 0.5135749578475952 0.01934981159865856 0.025799748798211414
0 0.6604740619659424 0.5791012644767761 0.01934981159865856 0.025799748798211414
0 0.6650296449661255 0.6487762928009033 0.01934981159865856 0.025799748798211414
0 0.6698830127716064 0.7230070233345032 0.01934981159865856 0.025799748798211414
0 0.6750645041465759 0.802255392074585 0.01934981159865856 0.025799748798211414
0 0.7101167440414429 0.39547330141067505 0.01934981159865856 0.025799748798211414
0 0.7157058715820312 0.4537279009819031 0.01934981159865856 0.025799748798211414
0 0.721627414226532 0.5154470801353455 0.01934981159865856 0.025799748798211414
0 0.7279118895530701 0.5809494256973267 0.01934981159865856 0.025799748798211414
0 0.7345937490463257 0.6505936980247498 0.01934981159865856 0.025799748798211414
0 0.7417119741439819 0.7247856259346008 0.01934981159865856 0.025799748798211414
0 0.7493106722831726 0.8039856553077698 0.01934981159865856 0.025799748798211414