0 0.7070751190185547 0.1618330329656601 0.02286000782623887 0.034183189272880554
0 0.6315723061561584 0.16114571690559387 0.02286000782623887 0.034183189272880554
0 0.555598258972168 0.16045409440994263 0.02286000782623887 0.034183189272880554
0 0.4791485667228699 0.15975816547870636 0.02286000782623887 0.034183189272880554
0 0.40221869945526123 0.1590578407049179 0.02286000782623887 0.034183189272880554
0 0.3248041272163391 0.15835312008857727 0.02286000782623887 0.034183189272880554
0 0.2469002902507782 0.15764394402503967 0.02286000782623887 0.034183189272880554
0 0.7185685038566589 0.24130475521087646 0.02286000782623887 0.034183189272880554
0 0.6402938365936279 0.24084830284118652 0.02286000782623887 0.034183189272880554
0 0.5615124106407166 0.240388885140419 0.02286000782623887 0.034183189272880554
0 0.4822191894054413 0.23992648720741272 0.02286000782623887 0.034183189272880554
0 0.40240928530693054 0.23946107923984528 0.02286000782623887 0.034183189272880554
0 0.32207760214805603 0.2389926314353943 0.02286000782623887 0.034183189272880554
0 0.24121898412704468 0.23852111399173737 0.02286000782623887 0.034183189272880554
0 0.7309471964836121 0.3268977105617523 0.02286000782623887 0.034183189272880554
0 0.6496893763542175 0.3267104923725128 0.02286000782623887 0.034183189272880554
0 0.5678851008415222 0.32652199268341064 0.02286000782623887 0.034183189272880554
0 0.48552873730659485 0.3263322412967682 0.02286000782623887 0.034183189272880554
0 0.4026147723197937 0.3261411786079407 0.02286000782623887 0.034183189272880554
0 0.31913748383522034 0.3259488344192505 0.02286000782623887 0.034183189272880554
0 0.23509112000465393 0.32575517892837524 0.02286000782623887 0.034183189272880554
0 0.7443175315856934 0.41934749484062195 0.02286000782623887 0.034183189272880554
0 0.6598402261734009 0.4194750189781189 0.02286000782623887 0.034183189272880554
0 0.5747718811035156 0.41960346698760986 0.02286000782623887 0.034183189272880554
0 0.4891062080860138 0.4197327792644501 0.02286000782623887 0.034183189272880554
0 0.40283694863319397 0.4198630452156067 0.02286000782623887 0.034183189272880554
0 0.3159576952457428 0.41999420523643494 0.02286000782623887 0.034183189272880554
0 0.22846192121505737 0.4201262891292572 0.02286000782623887 0.034183189272880554
0 0.75880366563797 0.5195123553276062 0.02286000782623887 0.034183189272880554
0 0.6708412766456604 0.5200090408325195 0.02286000782623887 0.034183189272880554
0 0.5822375416755676 0.5205093622207642 0.02286000782623887 0.034183189272880554
0 0.49298548698425293 0.5210133790969849 0.02286000782623887 0.034183189272880554
0 0.4030779302120209 0.5215210318565369 0.02286000782623887 0.034183189272880554
0 0.31250762939453125 0.5220324397087097 0.02286000782623887 0.034183189272880554
0 0.2212672084569931 0.5225476622581482 0.02286000782623887 0.034183189272880554
0 0.7745513319969177 0.6284002065658569 0.02286000782623887 0.034183189272880554
0 0.6828039884567261 0.6293314099311829 0.02286000782623887 0.034183189272880554
0 0.5903583765029907 0.6302696466445923 0.02286000782623887 0.034183189272880554
0 0.4972064793109894 0.6312150955200195 0.02286000782623887 0.034183189272880554
0 0.403340220451355 0.6321678161621094 0.02286000782623887 0.034183189272880554
0 0.30875134468078613 0.6331278085708618 0.02286000782623887 0.034183189272880554
0 0.21343141794204712 0.634095311164856 0.02286000782623887 0.034183189272880554
0 0.7917327880859375 0.7472022771835327 0.02286000782623887 0.034183189272880554
0 0.6958602070808411 0.7486469745635986 0.02286000782623887 0.034183189272880554
0 0.5992244482040405 0.750103235244751 0.02286000782623887 0.034183189272880554
0 0.5018163919448853 0.7515710592269897 0.02286000782623887 0.034183189272880554
0 0.40362679958343506 0.753050684928894 0.02286000782623887 0.034183189272880554
0 0.3046461343765259 0.7545422315597534 0.02286000782623887 0.034183189272880554
0 0.20486485958099365 0.7560458183288574 0.02286000782623887 0.034183189272880554