0 0.21708574891090393 0.6500169038772583 0.033734833200772606 0.033734833200772606
0 0.3155421316623688 0.6508927941322327 0.033734833200772606 0.033734833200772606
0 0.4136520028114319 0.6517655849456787 0.033734833200772606 0.033734833200772606
0 0.5114171504974365 0.6526352763175964 0.033734833200772606 0.033734833200772606
0 0.6088394522666931 0.6535019874572754 0.033734833200772606 0.033734833200772606
0 0.7059206962585449 0.654365599155426 0.033734833200772606 0.033734833200772606
0 0.8026626706123352 0.6552262306213379 0.033734833200772606 0.033734833200772606
0 0.22708360850811005 0.5580548048019409 0.033734833200772606 0.033734833200772606
0 0.3221261203289032 0.5590569972991943 0.033734833200772606 0.033734833200772606
0 0.4168456494808197 0.5600557923316956 0.033734833200772606 0.033734833200772606
0 0.5112438797950745 0.5610511302947998 0.033734833200772606 0.033734833200772606
0 0.6053223609924316 0.5620431900024414 0.033734833200772606 0.033734833200772606
0 0.6990827918052673 0.5630318522453308 0.033734833200772606 0.033734833200772606
0 0.7925267815589905 0.5640171766281128 0.033734833200772606 0.033734833200772606
0 0.23641349375247955 0.4722368121147156 0.033734833200772606 0.033734833200772606
0 0.32827094197273254 0.4733467400074005 0.033734833200772606 0.033734833200772606
0 0.4198266565799713 0.47445306181907654 0.033734833200772606 0.033734833200772606
0 0.5110820531845093 0.4755557179450989 0.033734833200772606 0.033734833200772606
0 0.6020386815071106 0.4766547679901123 0.033734833200772606 0.033734833200772606
0 0.6926980018615723 0.4777502417564392 0.033734833200772606 0.033734833200772606
0 0.7830614447593689 0.4788421392440796 0.033734833200772606 0.033734833200772606
0 0.2451401948928833 0.3919669985771179 0.033734833200772606 0.033734833200772606
0 0.33401915431022644 0.39316892623901367 0.033734833200772606 0.033734833200772606
0 0.42261552810668945 0.3943670392036438 0.033734833200772606 0.033734833200772606
0 0.5109307169914246 0.3955613374710083 0.033734833200772606 0.033734833200772606
0 0.5989660024642944 0.39675185084342957 0.033734833200772606 0.033734833200772606
0 0.6867226958274841 0.39793860912323 0.033734833200772606 0.033734833200772606
0 0.7742022275924683 0.39912158250808716 0.033734833200772606 0.033734833200772606
0 0.2533203661441803 0.3167242407798767 0.033734833200772606 0.033734833200772606
0 0.33940792083740234 0.31800463795661926 0.033734833200772606 0.033734833200772606
0 0.4252302944660187 0.31928107142448425 0.033734833200772606 0.033734833200772606
0 0.5107887983322144 0.32055360078811646 0.033734833200772606 0.033734833200772606
0 0.5960845351219177 0.32182222604751587 0.033734833200772606 0.033734833200772606
0 0.6811187863349915 0.3230869770050049 0.033734833200772606 0.033734833200772606
0 0.765892744064331 0.3243478238582611 0.033734833200772606 0.033734833200772606
0 0.2610038220882416 0.24605058133602142 0.033734833200772606 0.033734833200772606
0 0.34446993470191956 0.24739785492420197 0.033734833200772606 0.033734833200772606
0 0.42768675088882446 0.24874110519886017 0.033734833200772606 0.033734833200772606
0 0.510655403137207 0.2500803768634796 0.033734833200772606 0.033734833200772606
0 0.5933769941329956 0.2514156103134155 0.033734833200772606 0.033734833200772606
0 0.6758525967597961 0.25274690985679626 0.033734833200772606 0.033734833200772606
0 0.7580833435058594 0.25407424569129944 0.033734833200772606 0.033734833200772606
0 0.2682344317436218 0.17954212427139282 0.033734833200772606 0.033734833200772606
0 0.34923404455184937 0.18094630539417267 0.033734833200772606 0.033734833200772606
0 0.42999887466430664 0.1823464035987854 0.033734833200772606 0.033734833200772606
0 0.5105298757553101 0.1837424635887146 0.033734833200772606 0.033734833200772606
0 0.5908281207084656 0.18513448536396027 0.033734833200772606 0.033734833200772606
0 0.6708945631980896 0.1865224838256836 0.033734833200772606 0.033734833200772606
0 0.7507302761077881 0.18790648877620697 0.033734833200772606 0.033734833200772606