0 0.23490028083324432 0.658229410648346 0.033814956744511925 0.033814956744511925
0 0.33349454402923584 0.6590538024902344 0.033814956744511925 0.033814956744511925
0 0.43184152245521545 0.6598761081695557 0.033814956744511925 0.033814956744511925
0 0.5299421548843384 0.6606963872909546 0.033814956744511925 0.033814956744511925
0 0.6277973651885986 0.6615145802497864 0.033814956744511925 0.033814956744511925
0 0.7254080772399902 0.6623307466506958 0.033814956744511925 0.033814956744511925
0 0.8227751851081848 0.6631448864936829 0.033814956744511925 0.033814956744511925
0 0.2455264925956726 0.5664692521095276 0.033814956744511925 0.033814956744511925
0 0.34084731340408325 0.5673777461051941 0.033814956744511925 0.033814956744511925
0 0.43593695759773254 0.5682840943336487 0.033814956744511925 0.033814956744511925
0 0.5307962894439697 0.5691882371902466 0.033814956744511925 0.033814956744511925
0 0.6254261136054993 0.5700901746749878 0.033814956744511925 0.033814956744511925
0 0.7198272943496704 0.5709899067878723 0.033814956744511925 0.033814956744511925
0 0.8140006065368652 0.5718874931335449 0.033814956744511925 0.033814956744511925
0 0.2554715573787689 0.48059073090553284 0.033814956744511925 0.033814956744511925
0 0.34772932529449463 0.48157110810279846 0.033814956744511925 0.033814956744511925
0 0.43977048993110657 0.48254916071891785 0.033814956744511925 0.033814956744511925
0 0.5315958261489868 0.48352494835853577 0.033814956744511925 0.033814956744511925
0 0.6232061386108398 0.48449841141700745 0.033814956744511925 0.033814956744511925
0 0.7146021127700806 0.48546963930130005 0.033814956744511925 0.033814956744511925
0 0.8057845234870911 0.4864385724067688 0.033814956744511925 0.033814956744511925
0 0.26479896903038025 0.4000459611415863 0.033814956744511925 0.033814956744511925
0 0.35418441891670227 0.4010876417160034 0.033814956744511925 0.033814956744511925
0 0.44336649775505066 0.4021269381046295 0.033814956744511925 0.033814956744511925
0 0.5323459506034851 0.4031639099121094 0.033814956744511925 0.033814956744511925
0 0.6211234331130981 0.4041984975337982 0.033814956744511925 0.033814956744511925
0 0.7096996307373047 0.40523073077201843 0.033814956744511925 0.033814956744511925
0 0.798075258731842 0.4062606394290924 0.033814956744511925 0.033814956744511925
0 0.27356451749801636 0.32435300946235657 0.033814956744511925 0.033814956744511925
0 0.3602510690689087 0.3254469335079193 0.033814956744511925 0.033814956744511925
0 0.4467463493347168 0.32653847336769104 0.033814956744511925 0.033814956744511925
0 0.5330510139465332 0.32762759923934937 0.033814956744511925 0.033814956744511925
0 0.6191655993461609 0.3287143111228943 0.033814956744511925 0.033814956744511925
0 0.7050908803939819 0.3297986388206482 0.033814956744511925 0.033814956744511925
0 0.7908273339271545 0.3308805823326111 0.033814956744511925 0.033814956744511925
0 0.2818174958229065 0.25308626890182495 0.033814956744511925 0.033814956744511925
0 0.3659633696079254 0.25422465801239014 0.033814956744511925 0.033814956744511925
0 0.44992899894714355 0.2553606331348419 0.033814956744511925 0.033814956744511925
0 0.5337149500846863 0.2564941644668579 0.033814956744511925 0.033814956744511925
0 0.617321789264679 0.2576252818107605 0.033814956744511925 0.033814956744511925
0 0.7007501125335693 0.2587539851665497 0.033814956744511925 0.033814956744511925
0 0.7840005159378052 0.25988027453422546 0.033814956744511925 0.033814956744511925
0 0.289601594209671 0.1858685463666916 0.033814956744511925 0.033814956744511925
0 0.3713514804840088 0.1870446652173996 0.033814956744511925 0.033814956744511925
0 0.4529311954975128 0.18821834027767181 0.033814956744511925 0.033814956744511925
0 0.5343413352966309 0.18938958644866943 0.033814956744511925 0.033814956744511925
0 0.615582287311554 0.19055838882923126 0.033814956744511925 0.033814956744511925
0 0.696654736995697 0.1917247623205185 0.033814956744511925 0.033814956744511925
0 0.7775591611862183 0.19288872182369232 0.033814956744511925 0.033814956744511925