0 0.6723853349685669 0.1533219814300537 0.025159083306789398 0.03354544440905253
0 0.603779673576355 0.15697897970676422 0.025159083306789398 0.03354544440905253
0 0.5351548790931702 0.1606370061635971 0.025159083306789398 0.03354544440905253
0 0.46651092171669006 0.16429604589939117 0.025159083306789398 0.03354544440905253
0 0.3978477716445923 0.16795609891414642 0.025159083306789398 0.03354544440905253
0 0.3291654586791992 0.17161719501018524 0.025159083306789398 0.03354544440905253
0 0.2604639530181885 0.17527930438518524 0.025159083306789398 0.03354544440905253
0 0.6838367581367493 0.2190209925174713 0.025159083306789398 0.03354544440905253
0 0.6119815111160278 0.2228609025478363 0.025159083306789398 0.03354544440905253
0 0.5401052832603455 0.22670194506645203 0.025159083306789398 0.03354544440905253
0 0.46820807456970215 0.2305440902709961 0.025159083306789398 0.03354544440905253
0 0.39628976583480835 0.2343873679637909 0.025159083306789398 0.03354544440905253
0 0.3243504464626312 0.23823177814483643 0.025159083306789398 0.03354544440905253
0 0.2523900866508484 0.2420773059129715 0.025159083306789398 0.03354544440905253
0 0.6964274048805237 0.29125577211380005 0.025159083306789398 0.03354544440905253
0 0.6209994554519653 0.2952978014945984 0.025159083306789398 0.03354544440905253
0 0.5455483794212341 0.2993410527706146 0.025159083306789398 0.03354544440905253
0 0.4700741171836853 0.30338555574417114 0.025159083306789398 0.03354544440905253
0 0.39457669854164124 0.30743131041526794 0.025159083306789398 0.03354544440905253
0 0.31905609369277954 0.31147831678390503 0.025159083306789398 0.03354544440905253
0 0.24351227283477783 0.31552654504776 0.025159083306789398 0.03354544440905253
0 0.7103360891342163 0.37105265259742737 0.025159083306789398 0.03354544440905253
0 0.6309615969657898 0.3753191828727722 0.025159083306789398 0.03354544440905253
0 0.5515614151954651 0.3795870840549469 0.025159083306789398 0.03354544440905253
0 0.47213563323020935 0.3838563561439514 0.025159083306789398 0.03354544440905253
0 0.3926841616630554 0.38812699913978577 0.025159083306789398 0.03354544440905253
0 0.3132070004940033 0.39239904284477234 0.025159083306789398 0.03354544440905253
0 0.23370414972305298 0.39667245745658875 0.025159083306789398 0.03354544440905253
0 0.7257813215255737 0.4596647024154663 0.025159083306789398 0.03354544440905253
0 0.6420243978500366 0.4641820192337036 0.025159083306789398 0.03354544440905253
0 0.5582389831542969 0.4687008857727051 0.025159083306789398 0.03354544440905253
0 0.47442498803138733 0.4732213020324707 0.025159083306789398 0.03354544440905253
0 0.390582412481308 0.4777432382106781 0.025159083306789398 0.03354544440905253
0 0.30671122670173645 0.48226672410964966 0.025159083306789398 0.03354544440905253
0 0.22281143069267273 0.4867917597293854 0.025159083306789398 0.03354544440905253
0 0.7430325150489807 0.5586380362510681 0.025159083306789398 0.03354544440905253
0 0.6543810367584229 0.5634374022483826 0.025159083306789398 0.03354544440905253
0 0.5656976103782654 0.5682384371757507 0.025159083306789398 0.03354544440905253
0 0.4769821763038635 0.5730412006378174 0.025159083306789398 0.03354544440905253
0 0.3882347047328949 0.5778457522392273 0.025159083306789398 0.03354544440905253
0 0.2994551956653595 0.5826520323753357 0.025159083306789398 0.03354544440905253
0 0.21064364910125732 0.5874600410461426 0.025159083306789398 0.03354544440905253
0 0.7624261379241943 0.6699028015136719 0.025159083306789398 0.03354544440905253
0 0.6682725548744202 0.6750215291976929 0.025159083306789398 0.03354544440905253
0 0.5740829110145569 0.6801422238349915 0.025159083306789398 0.03354544440905253
0 0.4798571467399597 0.6852648854255676 0.025159083306789398 0.03354544440905253
0 0.38559526205062866 0.6903894543647766 0.025159083306789398 0.03354544440905253
0 0.29129722714424133 0.695516049861908 0.025159083306789398 0.03354544440905253
0 0.19696301221847534 0.7006445527076721 0.025159083306789398 0.03354544440905253