0 0.2723046839237213 0.22817835211753845 0.033334873616695404 0.033334873616695404
0 0.3459962010383606 0.22961419820785522 0.033334873616695404 0.033334873616695404
0 0.41946354508399963 0.2310456782579422 0.033334873616695404 0.033334873616695404
0 0.4927077889442444 0.23247282207012177 0.033334873616695404 0.033334873616695404
0 0.5657298564910889 0.23389562964439392 0.033334873616695404 0.033334873616695404
0 0.6385308504104614 0.23531413078308105 0.033334873616695404 0.033334873616695404
0 0.7111117243766785 0.23672834038734436 0.033334873616695404 0.033334873616695404
0 0.2631581127643585 0.2798919081687927 0.033334873616695404 0.033334873616695404
0 0.3398136496543884 0.2813033163547516 0.033334873616695404 0.033334873616695404
0 0.41622668504714966 0.2827102541923523 0.033334873616695404 0.033334873616695404
0 0.4923984110355377 0.28411272168159485 0.033334873616695404 0.033334873616695404
0 0.5683298707008362 0.2855108082294464 0.033334873616695404 0.033334873616695404
0 0.6440223455429077 0.2869044542312622 0.033334873616695404 0.033334873616695404
0 0.7194768190383911 0.2882937490940094 0.033334873616695404 0.033334873616695404
0 0.25324758887290955 0.3359249234199524 0.033334873616695404 0.033334873616695404
0 0.3331155478954315 0.33730268478393555 0.033334873616695404 0.033334873616695404
0 0.41272038221359253 0.33867591619491577 0.033334873616695404 0.033334873616695404
0 0.4920633137226105 0.34004464745521545 0.033334873616695404 0.033334873616695404
0 0.5711456537246704 0.3414088487625122 0.033334873616695404 0.033334873616695404
0 0.649968683719635 0.3427686095237732 0.033334873616695404 0.033334873616695404
0 0.7285336852073669 0.344123899936676 0.033334873616695404 0.033334873616695404
0 0.24247318506240845 0.3968421220779419 0.033334873616695404 0.033334873616695404
0 0.32583463191986084 0.3981749415397644 0.033334873616695404 0.033334873616695404
0 0.4089094400405884 0.3995031714439392 0.033334873616695404 0.033334873616695404
0 0.49169912934303284 0.4008268415927887 0.033334873616695404 0.033334873616695404
0 0.5742051601409912 0.40214598178863525 0.033334873616695404 0.033334873616695404
0 0.6564289331436157 0.4034605920314789 0.033334873616695404 0.033334873616695404
0 0.7383719682693481 0.40477073192596436 0.033334873616695404 0.033334873616695404
0 0.23071682453155518 0.46331122517585754 0.033334873616695404 0.033334873616695404
0 0.31789129972457886 0.46458497643470764 0.033334873616695404 0.033334873616695404
0 0.4047524631023407 0.4658541679382324 0.033334873616695404 0.033334873616695404
0 0.4913019835948944 0.4671187996864319 0.033334873616695404 0.033334873616695404
0 0.5775415301322937 0.4683789312839508 0.033334873616695404 0.033334873616695404
0 0.6634727120399475 0.4696345329284668 0.033334873616695404 0.033334873616695404
0 0.7490972876548767 0.47088563442230225 0.033334873616695404 0.033334873616695404
0 0.2178378403186798 0.5361274480819702 0.033334873616695404 0.033334873616695404
0 0.30919092893600464 0.5373245477676392 0.033334873616695404 0.033334873616695404
0 0.4002000391483307 0.53851717710495 0.033334873616695404 0.033334873616695404
0 0.49086710810661316 0.5397053360939026 0.033334873616695404 0.033334873616695404
0 0.5811940431594849 0.5408890247344971 0.033334873616695404 0.033334873616695404
0 0.6711828112602234 0.5420682430267334 0.033334873616695404 0.033334873616695404
0 0.7608352899551392 0.5432431101799011 0.033334873616695404 0.033334873616695404
0 0.20366738736629486 0.6162455081939697 0.033334873616695404 0.033334873616695404
0 0.29961979389190674 0.6173439025878906 0.033334873616695404 0.033334873616695404
0 0.3951928913593292 0.6184378862380981 0.033334873616695404 0.033334873616695404
0 0.4903888702392578 0.6195275783538818 0.033334873616695404 0.033334873616695404
0 0.5852100253105164 0.6206129789352417 0.033334873616695404 0.033334873616695404
0 0.6796584725379944 0.6216940879821777 0.033334873616695404 0.033334873616695404
0 0.7737364768981934 0.6227709650993347 0.033334873616695404 0.033334873616695404