0 0.3049497604370117 0.37647441029548645 0.019707454368472103 0.026276605824629467
0 0.2995712459087372 0.44005969166755676 0.019707454368472103 0.026276605824629467
0 0.2938741147518158 0.507411777973175 0.019707454368472103 0.026276605824629467
0 0.28782919049263 0.5788756012916565 0.019707454368472103 0.026276605824629467
0 0.2814036011695862 0.6548395752906799 0.019707454368472103 0.026276605824629467
0 0.27456024289131165 0.7357425093650818 0.019707454368472103 0.026276605824629467
0 0.2672569751739502 0.8220823407173157 0.019707454368472103 0.026276605824629467
0 0.36847513914108276 0.3774429261684418 0.019707454368472103 0.026276605824629467
0 0.36492544412612915 0.4410325586795807 0.019707454368472103 0.026276605824629467
0 0.3611655533313751 0.5083878040313721 0.019707454368472103 0.026276605824629467
0 0.35717618465423584 0.579853355884552 0.019707454368472103 0.026276605824629467
0 0.3529357314109802 0.6558173298835754 0.019707454368472103 0.026276605824629467
0 0.3484196960926056 0.7367182374000549 0.019707454368472103 0.026276605824629467
0 0.3436002731323242 0.8230535387992859 0.019707454368472103 0.026276605824629467
0 0.43195486068725586 0.3784107565879822 0.019707454368472103 0.026276605824629467
0 0.4302313029766083 0.4420047104358673 0.019707454368472103 0.026276605824629467
0 0.4284057319164276 0.509363055229187 0.019707454368472103 0.026276605824629467
0 0.42646878957748413 0.5808303356170654 0.019707454368472103 0.026276605824629467
0 0.42440998554229736 0.6567943096160889 0.019707454368472103 0.026276605824629467
0 0.4222174286842346 0.737693190574646 0.019707454368472103 0.026276605824629467
0 0.41987764835357666 0.8240239024162292 0.019707454368472103 0.026276605824629467
0 0.4953889548778534 0.37937790155410767 0.019707454368472103 0.026276605824629467
0 0.4954889118671417 0.44297611713409424 0.019707454368472103 0.026276605824629467
0 0.49559473991394043 0.5103375911712646 0.019707454368472103 0.026276605824629467
0 0.49570703506469727 0.5818066000938416 0.019707454368472103 0.026276605824629467
0 0.49582639336586 0.6577705144882202 0.019707454368472103 0.026276605824629467
0 0.4959535300731659 0.7386672496795654 0.019707454368472103 0.026276605824629467
0 0.4960891604423523 0.8249934315681458 0.019707454368472103 0.026276605824629467
0 0.5587775111198425 0.38034433126449585 0.019707454368472103 0.026276605824629467
0 0.5606982707977295 0.44394683837890625 0.019707454368472103 0.026276605824629467
0 0.5627326369285583 0.511311411857605 0.019707454368472103 0.026276605824629467
0 0.5648910403251648 0.5827820301055908 0.019707454368472103 0.026276605824629467
0 0.56718510389328 0.6587459444999695 0.019707454368472103 0.026276605824629467
0 0.5696280598640442 0.7396405339241028 0.019707454368472103 0.026276605824629467
0 0.5722349286079407 0.8259621262550354 0.019707454368472103 0.026276605824629467
0 0.6221205592155457 0.3813100755214691 0.019707454368472103 0.026276605824629467
0 0.6258594989776611 0.44491681456565857 0.019707454368472103 0.026276605824629467
0 0.6298195123672485 0.5122844576835632 0.019707454368472103 0.026276605824629467
0 0.6340207457542419 0.583756685256958 0.019707454368472103 0.026276605824629467
0 0.6384860873222351 0.6597205400466919 0.019707454368472103 0.026276605824629467
0 0.6432411074638367 0.7406130433082581 0.019707454368472103 0.026276605824629467
0 0.6483150124549866 0.8269299864768982 0.019707454368472103 0.026276605824629467
0 0.6854180693626404 0.38227513432502747 0.019707454368472103 0.026276605824629467
0 0.6909725666046143 0.4458860754966736 0.019707454368472103 0.026276605824629467
0 0.6968553066253662 0.5132567286491394 0.019707454368472103 0.026276605824629467
0 0.7030963897705078 0.5847306251525879 0.019707454368472103 0.026276605824629467
0 0.7097294926643372 0.6606943607330322 0.019707454368472103 0.026276605824629467
0 0.7167927622795105 0.7415847182273865 0.019707454368472103 0.026276605824629467
0 0.7243295311927795 0.8278970122337341 0.019707454368472103 0.026276605824629467