0 0.6676007509231567 0.17661996185779572 0.025284221395850185 0.03371229519446691
0 0.5988214015960693 0.18173307180404663 0.025284221395850185 0.03371229519446691
0 0.5305185914039612 0.18681074678897858 0.025284221395850185 0.03371229519446691
0 0.46268734335899353 0.1918533742427826 0.025284221395850185 0.03371229519446691
0 0.39532285928726196 0.19686131179332733 0.025284221395850185 0.03371229519446691
0 0.3284202814102173 0.20183490216732025 0.025284221395850185 0.03371229519446691
0 0.26197490096092224 0.20677450299263 0.025284221395850185 0.03371229519446691
0 0.6776275634765625 0.24015288054943085 0.025284221395850185 0.03371229519446691
0 0.6053747534751892 0.24528959393501282 0.025284221395850185 0.03371229519446691
0 0.5336474776268005 0.2503889501094818 0.025284221395850185 0.03371229519446691
0 0.46243998408317566 0.25545135140419006 0.025284221395850185 0.03371229519446691
0 0.3917466700077057 0.260477215051651 0.025284221395850185 0.03371229519446691
0 0.3215619921684265 0.2654668986797333 0.025284221395850185 0.03371229519446691
0 0.2518804669380188 0.2704208195209503 0.025284221395850185 0.03371229519446691
0 0.6887131929397583 0.31039494276046753 0.025284221395850185 0.03371229519446691
0 0.6126174926757812 0.31553196907043457 0.025284221395850185 0.03371229519446691
0 0.5371042490005493 0.32062968611717224 0.025284221395850185 0.03371229519446691
0 0.46216678619384766 0.32568854093551636 0.025284221395850185 0.03371229519446691
0 0.38779860734939575 0.33070895075798035 0.025284221395850185 0.03371229519446691
0 0.3139931559562683 0.3356913626194 0.025284221395850185 0.03371229519446691
0 0.24074415862560272 0.3406362235546112 0.025284221395850185 0.03371229519446691
0 0.7010347843170166 0.3884681165218353 0.025284221395850185 0.03371229519446691
0 0.6206644177436829 0.39357373118400574 0.025284221395850185 0.03371229519446691
0 0.5409433245658875 0.39863812923431396 0.025284221395850185 0.03371229519446691
0 0.46186351776123047 0.4036617875099182 0.025284221395850185 0.03371229519446691
0 0.38341739773750305 0.4086451828479767 0.025284221395850185 0.03371229519446691
0 0.30559733510017395 0.4135887920856476 0.025284221395850185 0.03371229519446691
0 0.22839589416980743 0.4184931218624115 0.025284221395850185 0.03371229519446691
0 0.7148111462593079 0.4757593274116516 0.025284221395850185 0.03371229519446691
0 0.6296573877334595 0.48079028725624084 0.025284221395850185 0.03371229519446691
0 0.5452317595481873 0.48577824234962463 0.025284221395850185 0.03371229519446691
0 0.4615248739719391 0.49072369933128357 0.025284221395850185 0.03371229519446691
0 0.3785277009010315 0.4956272542476654 0.025284221395850185 0.03371229519446691
0 0.29623115062713623 0.5004894137382507 0.025284221395850185 0.03371229519446691
0 0.2146264612674713 0.5053106546401978 0.025284221395850185 0.03371229519446691
0 0.730316162109375 0.5740035772323608 0.025284221395850185 0.03371229519446691
0 0.6397736072540283 0.5789005756378174 0.025284221395850185 0.03371229519446691
0 0.5500534176826477 0.5837530493736267 0.025284221395850185 0.03371229519446691
0 0.4611443281173706 0.5885617136955261 0.025284221395850185 0.03371229519446691
0 0.3730354607105255 0.5933271050453186 0.025284221395850185 0.03371229519446691
0 0.28571605682373047 0.5980497598648071 0.025284221395850185 0.03371229519446691
0 0.19917552173137665 0.6027303338050842 0.025284221395850185 0.03371229519446691
0 0.7478968501091003 0.6854003071784973 0.025284221395850185 0.03371229519446691
0 0.6512375473976135 0.6900815367698669 0.025284221395850185 0.03371229519446691
0 0.5555143356323242 0.6947173476219177 0.025284221395850185 0.03371229519446691
0 0.46071359515190125 0.6993085741996765 0.025284221395850185 0.03371229519446691
0 0.36682209372520447 0.7038556933403015 0.025284221395850185 0.03371229519446691
0 0.27382683753967285 0.70835942029953 0.025284221395850185 0.03371229519446691
0 0.1817150115966797 0.7128203511238098 0.025284221395850185 0.03371229519446691