0 0.7332479953765869 0.15400120615959167 0.020246500728858842 0.03398014108339945
0 0.6605402827262878 0.15390698611736298 0.020246500728858842 0.03398014108339945
0 0.5880166292190552 0.15381298959255219 0.020246500728858842 0.03398014108339945
0 0.5156763792037964 0.1537192314863205 0.020246500728858842 0.03398014108339945
0 0.44351890683174133 0.1536257117986679 0.020246500728858842 0.03398014108339945
0 0.37154343724250793 0.15353243052959442 0.020246500728858842 0.03398014108339945
0 0.2997492849826813 0.15343937277793884 0.020246500728858842 0.03398014108339945
0 0.7415928244590759 0.23412413895130157 0.020246500728858842 0.03398014108339945
0 0.666045069694519 0.23392070829868317 0.020246500728858842 0.03398014108339945
0 0.5906959772109985 0.23371781408786774 0.020246500728858842 0.03398014108339945
0 0.5155448913574219 0.23351545631885529 0.020246500728858842 0.03398014108339945
0 0.4405909776687622 0.23331362009048462 0.020246500728858842 0.03398014108339945
0 0.36583346128463745 0.23311232030391693 0.020246500728858842 0.03398014108339945
0 0.2912715673446655 0.23291155695915222 0.020246500728858842 0.03398014108339945
0 0.7506142854690552 0.32074353098869324 0.020246500728858842 0.03398014108339945
0 0.6719955801963806 0.32041317224502563 0.020246500728858842 0.03398014108339945
0 0.5935919880867004 0.32008370757102966 0.020246500728858842 0.03398014108339945
0 0.5154027938842773 0.3197551369667053 0.020246500728858842 0.03398014108339945
0 0.43742695450782776 0.3194274604320526 0.020246500728858842 0.03398014108339945
0 0.3596636652946472 0.3191007077693939 0.020246500728858842 0.03398014108339945
0 0.28211209177970886 0.3187748193740845 0.020246500728858842 0.03398014108339945
0 0.7603980898857117 0.41468292474746704 0.020246500728858842 0.03398014108339945
0 0.6784482002258301 0.4142044484615326 0.020246500728858842 0.03398014108339945
0 0.5967320799827576 0.413727343082428 0.020246500728858842 0.03398014108339945
0 0.5152486562728882 0.4132515788078308 0.020246500728858842 0.03398014108339945
0 0.4339970648288727 0.4127771854400635 0.020246500728858842 0.03398014108339945
0 0.3529762029647827 0.4123041331768036 0.020246500728858842 0.03398014108339945
0 0.27218514680862427 0.41183242201805115 0.020246500728858842 0.03398014108339945
0 0.7710452079772949 0.5169110894203186 0.020246500728858842 0.03398014108339945
0 0.685469388961792 0.5162591338157654 0.020246500728858842 0.03398014108339945
0 0.6001483798027039 0.515609085559845 0.020246500728858842 0.03398014108339945
0 0.5150810480117798 0.5149609446525574 0.020246500728858842 0.03398014108339945
0 0.4302663207054138 0.5143147706985474 0.020246500728858842 0.03398014108339945
0 0.34570303559303284 0.5136705040931702 0.020246500728858842 0.03398014108339945
0 0.2613900601863861 0.5130281448364258 0.020246500728858842 0.03398014108339945
0 0.7826750874519348 0.6285757422447205 0.020246500728858842 0.03398014108339945
0 0.6931376457214355 0.6277195811271667 0.020246500728858842 0.03398014108339945
0 0.6038790345191956 0.6268659830093384 0.020246500728858842 0.03398014108339945
0 0.5148980617523193 0.6260151267051697 0.020246500728858842 0.03398014108339945
0 0.42619335651397705 0.6251668930053711 0.020246500728858842 0.03398014108339945
0 0.3377636969089508 0.6243212223052979 0.020246500728858842 0.03398014108339945
0 0.24960775673389435 0.6234782338142395 0.020246500728858842 0.03398014108339945
0 0.7954304814338684 0.7510467767715454 0.020246500728858842 0.03398014108339945
0 0.7015467286109924 0.7499489188194275 0.020246500728858842 0.03398014108339945
0 0.6079695820808411 0.7488546371459961 0.020246500728858842 0.03398014108339945
0 0.5146973729133606 0.747763991355896 0.020246500728858842 0.03398014108339945
0 0.42172878980636597 0.7466768026351929 0.020246500728858842 0.03398014108339945
0 0.32906225323677063 0.745593249797821 0.020246500728858842 0.03398014108339945
0 0.23669633269309998 0.7445131540298462 0.020246500728858842 0.03398014108339945