0 0.7049996256828308 0.16198915243148804 0.022833561974888048 0.034143644074598946
0 0.6293421983718872 0.16155758500099182 0.022833561974888048 0.034143644074598946
0 0.5532488822937012 0.16112354397773743 0.022833561974888048 0.034143644074598946
0 0.47671598196029663 0.16068698465824127 0.022833561974888048 0.034143644074598946
0 0.39973968267440796 0.16024789214134216 0.022833561974888048 0.034143644074598946
0 0.32231608033180237 0.1598062664270401 0.022833561974888048 0.034143644074598946
0 0.24444131553173065 0.1593620479106903 0.022833561974888048 0.034143644074598946
0 0.7165815234184265 0.2416883260011673 0.022833561974888048 0.034143644074598946
0 0.638159990310669 0.24147816002368927 0.022833561974888048 0.034143644074598946
0 0.5592699646949768 0.24126674234867096 0.022833561974888048 0.034143644074598946
0 0.47990721464157104 0.24105405807495117 0.022833561974888048 0.034143644074598946
0 0.4000674784183502 0.24084007740020752 0.022833561974888048 0.034143644074598946
0 0.3197464644908905 0.2406248301267624 0.022833561974888048 0.034143644074598946
0 0.2389398068189621 0.2404082715511322 0.022833561974888048 0.034143644074598946
0 0.72905033826828 0.3274911940097809 0.022833561974888048 0.034143644074598946
0 0.647655189037323 0.32753831148147583 0.022833561974888048 0.034143644074598946
0 0.5657550096511841 0.32758572697639465 0.022833561974888048 0.034143644074598946
0 0.483345091342926 0.32763341069221497 0.022833561974888048 0.034143644074598946
0 0.4004206955432892 0.32768142223358154 0.022833561974888048 0.034143644074598946
0 0.31697699427604675 0.327729731798172 0.022833561974888048 0.034143644074598946
0 0.23300904035568237 0.32777833938598633 0.022833561974888048 0.034143644074598946
0 0.7425121068954468 0.42012685537338257 0.022833561974888048 0.034143644074598946
0 0.6579089164733887 0.42047378420829773 0.022833561974888048 0.034143644074598946
0 0.5727598071098328 0.42082294821739197 0.022833561974888048 0.034143644074598946
0 0.48705941438674927 0.42117437720298767 0.022833561974888048 0.034143644074598946
0 0.4008024036884308 0.42152807116508484 0.022833561974888048 0.034143644074598946
0 0.31398335099220276 0.42188408970832825 0.022833561974888048 0.034143644074598946
0 0.22659672796726227 0.4222424328327179 0.022833561974888048 0.034143644074598946
0 0.7570903897285461 0.5204453468322754 0.022833561974888048 0.034143644074598946
0 0.6690159440040588 0.5211427211761475 0.022833561974888048 0.034143644074598946
0 0.5803494453430176 0.5218448638916016 0.022833561974888048 0.034143644074598946
0 0.49108487367630005 0.5225517153739929 0.022833561974888048 0.034143644074598946
0 0.40121620893478394 0.5232633352279663 0.022833561974888048 0.034143644074598946
0 0.3107372224330902 0.5239797830581665 0.022833561974888048 0.034143644074598946
0 0.21964173018932343 0.5247011184692383 0.022833561974888048 0.034143644074598946
0 0.7729299664497375 0.6294437050819397 0.022833561974888048 0.034143644074598946
0 0.68108731508255 0.6305524110794067 0.022833561974888048 0.034143644074598946
0 0.5886003971099854 0.6316688656806946 0.022833561974888048 0.034143644074598946
0 0.4954623579978943 0.6327931880950928 0.022833561974888048 0.034143644074598946
0 0.4016662836074829 0.6339254379272461 0.022833561974888048 0.034143644074598946
0 0.3072052597999573 0.6350657343864441 0.022833561974888048 0.034143644074598946
0 0.21207210421562195 0.6362141370773315 0.022833561974888048 0.034143644074598946
0 0.7902020215988159 0.7482995390892029 0.022833561974888048 0.034143644074598946
0 0.6942543983459473 0.7498928308486938 0.022833561974888048 0.034143644074598946
0 0.5976029634475708 0.7514978051185608 0.022833561974888048 0.034143644074598946
0 0.5002400279045105 0.7531145811080933 0.022833561974888048 0.034143644074598946
0 0.4021576941013336 0.7547433376312256 0.022833561974888048 0.034143644074598946
0 0.30334794521331787 0.7563841938972473 0.022833561974888048 0.034143644074598946
0 0.20380264520645142 0.7580372095108032 0.022833561974888048 0.034143644074598946