0 0.30467602610588074 0.6538465619087219 0.020537145435810093 0.02738286058108012
0 0.38138264417648315 0.6537593007087708 0.020537145435810093 0.02738286058108012
0 0.4585978090763092 0.6536715030670166 0.020537145435810093 0.02738286058108012
0 0.53632652759552 0.6535830497741699 0.020537145435810093 0.02738286058108012
0 0.6145739555358887 0.6534940600395203 0.020537145435810093 0.02738286058108012
0 0.6933453679084778 0.6534044146537781 0.020537145435810093 0.02738286058108012
0 0.7726459503173828 0.6533142328262329 0.020537145435810093 0.02738286058108012
0 0.3154852092266083 0.566171407699585 0.020537145435810093 0.02738286058108012
0 0.3885646462440491 0.5658125281333923 0.020537145435810093 0.02738286058108012
0 0.46210530400276184 0.5654513239860535 0.020537145435810093 0.02738286058108012
0 0.5361116528511047 0.5650878548622131 0.020537145435810093 0.02738286058108012
0 0.6105880737304688 0.5647220611572266 0.020537145435810093 0.02738286058108012
0 0.6855390071868896 0.5643539428710938 0.020537145435810093 0.02738286058108012
0 0.7609691619873047 0.5639835000038147 0.020537145435810093 0.02738286058108012
0 0.3253125250339508 0.4864606261253357 0.020537145435810093 0.02738286058108012
0 0.395092248916626 0.48587870597839355 0.020537145435810093 0.02738286058108012
0 0.4652923047542572 0.48529329895973206 0.020537145435810093 0.02738286058108012
0 0.5359164476394653 0.48470431566238403 0.020537145435810093 0.02738286058108012
0 0.6069685816764832 0.48411181569099426 0.020537145435810093 0.02738286058108012
0 0.6784526109695435 0.4835156798362732 0.020537145435810093 0.02738286058108012
0 0.7503724098205566 0.4829159080982208 0.020537145435810093 0.02738286058108012
0 0.3342859148979187 0.41367608308792114 0.020537145435810093 0.02738286058108012
0 0.40105104446411133 0.41291049122810364 0.020537145435810093 0.02738286058108012
0 0.4682007431983948 0.41214048862457275 0.020537145435810093 0.02738286058108012
0 0.5357383489608765 0.4113660454750061 0.020537145435810093 0.02738286058108012
0 0.6036672592163086 0.4105871021747589 0.020537145435810093 0.02738286058108012
0 0.6719908714294434 0.4098036587238312 0.020537145435810093 0.02738286058108012
0 0.740712583065033 0.40901562571525574 0.020537145435810093 0.02738286058108012
0 0.3425120711326599 0.3469526171684265 0.020537145435810093 0.02738286058108012
0 0.4065122604370117 0.3460353910923004 0.020537145435810093 0.02738286058108012
0 0.4708656668663025 0.345113068819046 0.020537145435810093 0.02738286058108012
0 0.5355752110481262 0.3441856801509857 0.020537145435810093 0.02738286058108012
0 0.6006439328193665 0.34325310587882996 0.020537145435810093 0.02738286058108012
0 0.6660746932029724 0.3423153758049011 0.020537145435810093 0.02738286058108012
0 0.7318706512451172 0.34137240052223206 0.020537145435810093 0.02738286058108012
0 0.35008054971694946 0.2855634391307831 0.020537145435810093 0.02738286058108012
0 0.41153571009635925 0.2845207750797272 0.020537145435810093 0.02738286058108012
0 0.47331640124320984 0.28347259759902954 0.020537145435810093 0.02738286058108012
0 0.5354252457618713 0.2824188768863678 0.020537145435810093 0.02738286058108012
0 0.5978648662567139 0.2813595235347748 0.020537145435810093 0.02738286058108012
0 0.6606378555297852 0.2802945077419281 0.020537145435810093 0.02738286058108012
0 0.7237469553947449 0.27922382950782776 0.020537145435810093 0.02738286058108012
0 0.3570672273635864 0.22889339923858643 0.020537145435810093 0.02738286058108012
0 0.41617199778556824 0.22774699330329895 0.020537145435810093 0.02738286058108012
0 0.47557780146598816 0.22659476101398468 0.020537145435810093 0.02738286058108012
0 0.5352869033813477 0.22543662786483765 0.020537145435810093 0.02738286058108012
0 0.5953015685081482 0.22427257895469666 0.020537145435810093 0.02738286058108012
0 0.6556243300437927 0.22310255467891693 0.020537145435810093 0.02738286058108012
0 0.7162573933601379 0.2219265103340149 0.020537145435810093 0.02738286058108012