0 0.707383930683136 0.1636027693748474 0.02281401699098448 0.034114417930444084
0 0.6320878863334656 0.1623445749282837 0.02281401699098448 0.034114417930444084
0 0.5562463402748108 0.16107724606990814 0.02281401699098448 0.034114417930444084
0 0.4798533618450165 0.1598007082939148 0.02281401699098448 0.034114417930444084
0 0.40290287137031555 0.1585148572921753 0.02281401699098448 0.034114417930444084
0 0.32538872957229614 0.15721958875656128 0.02281401699098448 0.034114417930444084
0 0.2473047524690628 0.1559147983789444 0.02281401699098448 0.034114417930444084
0 0.7189375162124634 0.24298959970474243 0.02281401699098448 0.034114417930444084
0 0.6408999562263489 0.24198199808597565 0.02281401699098448 0.034114417930444084
0 0.5622759461402893 0.2409668117761612 0.02281401699098448 0.034114417930444084
0 0.48305901885032654 0.2399439811706543 0.02281401699098448 0.034114417930444084
0 0.4032423198223114 0.2389134019613266 0.02281401699098448 0.034114417930444084
0 0.3228190541267395 0.23787499964237213 0.02281401699098448 0.034114417930444084
0 0.2417822778224945 0.23682866990566254 0.02281401699098448 0.034114417930444084
0 0.7313750982284546 0.3284505605697632 0.02281401699098448 0.034114417930444084
0 0.6503888368606567 0.32773640751838684 0.02281401699098448 0.034114417930444084
0 0.5687705278396606 0.327016681432724 0.02281401699098448 0.034114417930444084
0 0.48651280999183655 0.3262913227081299 0.02281401699098448 0.034114417930444084
0 0.40360814332962036 0.3255602717399597 0.02281401699098448 0.034114417930444084
0 0.32004889845848083 0.32482343912124634 0.02281401699098448 0.034114417930444084
0 0.23582720756530762 0.32408076524734497 0.02281401699098448 0.034114417930444084
0 0.7448022365570068 0.4207105338573456 0.02281401699098448 0.034114417930444084
0 0.6606356501579285 0.42034074664115906 0.02281401699098448 0.034114417930444084
0 0.5757859349250793 0.41996797919273376 0.02281401699098448 0.034114417930444084
0 0.4902447462081909 0.4195921719074249 0.02281401699098448 0.034114417930444084
0 0.4040035903453827 0.41921329498291016 0.02281401699098448 0.034114417930444084
0 0.31705379486083984 0.4188312888145447 0.02281401699098448 0.034114417930444084
0 0.22938665747642517 0.4184461534023285 0.02281401699098448 0.034114417930444084
0 0.7593417763710022 0.5206144452095032 0.02281401699098448 0.034114417930444084
0 0.6717350482940674 0.5206499099731445 0.02281401699098448 0.034114417930444084
0 0.583387553691864 0.520685613155365 0.02281401699098448 0.034114417930444084
0 0.4942898154258728 0.5207216739654541 0.02281401699098448 0.034114417930444084
0 0.4044323265552521 0.5207580327987671 0.02281401699098448 0.034114417930444084
0 0.3138052523136139 0.520794689655304 0.02281401699098448 0.034114417930444084
0 0.22239869832992554 0.5208317041397095 0.02281401699098448 0.034114417930444084
0 0.7751380205154419 0.6291533708572388 0.02281401699098448 0.034114417930444084
0 0.6837980151176453 0.6296671628952026 0.02281401699098448 0.034114417930444084
0 0.591651976108551 0.6301854252815247 0.02281401699098448 0.034114417930444084
0 0.4986891746520996 0.6307083368301392 0.02281401699098448 0.034114417930444084
0 0.4048987925052643 0.6312358975410461 0.02281401699098448 0.034114417930444084
0 0.31026965379714966 0.6317681670188904 0.02281401699098448 0.034114417930444084
0 0.2147904932498932 0.6323052048683167 0.02281401699098448 0.034114417930444084
0 0.7923612594604492 0.7474974393844604 0.02281401699098448 0.034114417930444084
0 0.696955680847168 0.7485779523849487 0.02281401699098448 0.034114417930444084
0 0.6006698608398438 0.7496684193611145 0.02281401699098448 0.034114417930444084
0 0.5034914612770081 0.7507690191268921 0.02281401699098448 0.034114417930444084
0 0.40540817379951477 0.751879870891571 0.02281401699098448 0.034114417930444084
0 0.3064071834087372 0.7530010938644409 0.02281401699098448 0.034114417930444084
0 0.20647558569908142 0.754132866859436 0.02281401699098448 0.034114417930444084