0 0.6988726258277893 0.1282007098197937 0.022363329725340008 0.033440493047237396
0 0.6241400837898254 0.12683233618736267 0.022363329725340008 0.033440493047237396
0 0.5490632057189941 0.12545765936374664 0.022363329725340008 0.033440493047237396
0 0.4736396074295044 0.12407664209604263 0.022363329725340008 0.033440493047237396
0 0.3978669047355652 0.12268922477960587 0.022363329725340008 0.033440493047237396
0 0.3217426836490631 0.12129537016153336 0.022363329725340008 0.033440493047237396
0 0.2452644407749176 0.11989504098892212 0.022363329725340008 0.033440493047237396
0 0.7095330357551575 0.2055579423904419 0.022363329725340008 0.033440493047237396
0 0.6321072578430176 0.20432405173778534 0.022363329725340008 0.033440493047237396
0 0.5543116927146912 0.20308427512645721 0.022363329725340008 0.033440493047237396
0 0.4761437177658081 0.20183856785297394 0.022363329725340008 0.033440493047237396
0 0.3976007103919983 0.20058687031269073 0.022363329725340008 0.033440493047237396
0 0.31867989897727966 0.1993291676044464 0.022363329725340008 0.033440493047237396
0 0.23937860131263733 0.198065385222435 0.022363329725340008 0.033440493047237396
0 0.7209963798522949 0.2887415289878845 0.022363329725340008 0.033440493047237396
0 0.640675961971283 0.2876666784286499 0.022363329725340008 0.033440493047237396
0 0.5599573850631714 0.2865864932537079 0.022363329725340008 0.033440493047237396
0 0.47883784770965576 0.28550097346305847 0.022363329725340008 0.033440493047237396
0 0.3973142206668854 0.2844100296497345 0.022363329725340008 0.033440493047237396
0 0.31538355350494385 0.2833136320114136 0.022363329725340008 0.033440493047237396
0 0.23304277658462524 0.2822117507457733 0.022363329725340008 0.033440493047237396
0 0.7333568930625916 0.3784354627132416 0.022363329725340008 0.033440493047237396
0 0.6499170064926147 0.37754884362220764 0.022363329725340008 0.033440493047237396
0 0.5660473108291626 0.3766576945781708 0.022363329725340008 0.033440493047237396
0 0.4817444384098053 0.37576189637184143 0.022363329725340008 0.033440493047237396
0 0.3970051109790802 0.3748615086078644 0.022363329725340008 0.033440493047237396
0 0.3118259012699127 0.3739564120769501 0.022363329725340008 0.033440493047237396
0 0.22620335221290588 0.3730466365814209 0.022363329725340008 0.033440493047237396
0 0.7467241883277893 0.47543513774871826 0.022363329725340008 0.033440493047237396
0 0.6599127650260925 0.4747717082500458 0.022363329725340008 0.033440493047237396
0 0.5726358294487 0.47410470247268677 0.022363329725340008 0.033440493047237396
0 0.4848897159099579 0.47343409061431885 0.022363329725340008 0.033440493047237396
0 0.39667055010795593 0.4727599024772644 0.022363329725340008 0.033440493047237396
0 0.30797451734542847 0.4720820486545563 0.022363329725340008 0.033440493047237396
0 0.21879777312278748 0.47140049934387207 0.022363329725340008 0.033440493047237396
0 0.7612265348434448 0.5806711316108704 0.022363329725340008 0.033440493047237396
0 0.6707596778869629 0.5802727937698364 0.022363329725340008 0.033440493047237396
0 0.579787015914917 0.579872190952301 0.022363329725340008 0.033440493047237396
0 0.4883042871952057 0.5794693827629089 0.022363329725340008 0.033440493047237396
0 0.3963072597980499 0.5790643095970154 0.022363329725340008 0.033440493047237396
0 0.30379152297973633 0.5786569714546204 0.022363329725340008 0.033440493047237396
0 0.2107527256011963 0.5782473087310791 0.022363329725340008 0.033440493047237396
0 0.7770148515701294 0.6952388882637024 0.022363329725340008 0.033440493047237396
0 0.6825711727142334 0.6951563954353333 0.022363329725340008 0.033440493047237396
0 0.5875759720802307 0.6950734257698059 0.022363329725340008 0.033440493047237396
0 0.49202433228492737 0.6949899792671204 0.022363329725340008 0.033440493047237396
0 0.3959113657474518 0.6949060559272766 0.022363329725340008 0.033440493047237396
0 0.29923215508461 0.6948216557502747 0.022363329725340008 0.033440493047237396
0 0.20198163390159607 0.6947367191314697 0.022363329725340008 0.033440493047237396