0 0.6994550824165344 0.19084453582763672 0.02502806857228279 0.03337075809637705
0 0.6320770382881165 0.19084453582763672 0.02502806857228279 0.03337075809637705
0 0.5646989345550537 0.19084453582763672 0.02502806857228279 0.03337075809637705
0 0.49732083082199097 0.19084453582763672 0.02502806857228279 0.03337075809637705
0 0.4299427568912506 0.19084453582763672 0.02502806857228279 0.03337075809637705
0 0.36256468296051025 0.19084453582763672 0.02502806857228279 0.03337075809637705
0 0.2951865792274475 0.19084453582763672 0.02502806857228279 0.03337075809637705
0 0.7097052931785583 0.2557450532913208 0.02502806857228279 0.03337075809637705
0 0.6390256881713867 0.2557450532913208 0.02502806857228279 0.03337075809637705
0 0.5683461427688599 0.2557450532913208 0.02502806857228279 0.03337075809637705
0 0.49766653776168823 0.2557450532913208 0.02502806857228279 0.03337075809637705
0 0.426986962556839 0.2557450532913208 0.02502806857228279 0.03337075809637705
0 0.35630738735198975 0.2557450532913208 0.02502806857228279 0.03337075809637705
0 0.2856278121471405 0.2557450532913208 0.02502806857228279 0.03337075809637705
0 0.7210116982460022 0.3273334801197052 0.02502806857228279 0.03337075809637705
0 0.6466904282569885 0.3273334801197052 0.02502806857228279 0.03337075809637705
0 0.5723691582679749 0.3273334801197052 0.02502806857228279 0.03337075809637705
0 0.4980478882789612 0.3273334801197052 0.02502806857228279 0.03337075809637705
0 0.4237265884876251 0.3273334801197052 0.02502806857228279 0.03337075809637705
0 0.34940531849861145 0.3273334801197052 0.02502806857228279 0.03337075809637705
0 0.2750840485095978 0.3273334801197052 0.02502806857228279 0.03337075809637705
0 0.7335465550422668 0.40669968724250793 0.02502806857228279 0.03337075809637705
0 0.6551879048347473 0.40669968724250793 0.02502806857228279 0.03337075809637705
0 0.5768292546272278 0.40669968724250793 0.02502806857228279 0.03337075809637705
0 0.49847063422203064 0.40669968724250793 0.02502806857228279 0.03337075809637705
0 0.4201119840145111 0.40669968724250793 0.02502806857228279 0.03337075809637705
0 0.34175336360931396 0.40669968724250793 0.02502806857228279 0.03337075809637705
0 0.26339471340179443 0.40669968724250793 0.02502806857228279 0.03337075809637705
0 0.7475215196609497 0.495184063911438 0.02502806857228279 0.03337075809637705
0 0.6646616458892822 0.495184063911438 0.02502806857228279 0.03337075809637705
0 0.5818018317222595 0.495184063911438 0.02502806857228279 0.03337075809637705
0 0.49894195795059204 0.495184063911438 0.02502806857228279 0.03337075809637705
0 0.41608211398124695 0.495184063911438 0.02502806857228279 0.03337075809637705
0 0.33322227001190186 0.495184063911438 0.02502806857228279 0.03337075809637705
0 0.25036242604255676 0.495184063911438 0.02502806857228279 0.03337075809637705
0 0.7631998658180237 0.594453752040863 0.02502806857228279 0.03337075809637705
0 0.6752901673316956 0.594453752040863 0.02502806857228279 0.03337075809637705
0 0.5873804688453674 0.594453752040863 0.02502806857228279 0.03337075809637705
0 0.4994707405567169 0.594453752040863 0.02502806857228279 0.03337075809637705
0 0.4115610420703888 0.594453752040863 0.02502806857228279 0.03337075809637705
0 0.32365134358406067 0.594453752040863 0.02502806857228279 0.03337075809637705
0 0.23574165999889374 0.594453752040863 0.02502806857228279 0.03337075809637705
0 0.780913233757019 0.7066085338592529 0.02502806857228279 0.03337075809637705
0 0.6872981786727905 0.7066085338592529 0.02502806857228279 0.03337075809637705
0 0.5936831831932068 0.7066085338592529 0.02502806857228279 0.03337075809637705
0 0.500068187713623 0.7066085338592529 0.02502806857228279 0.03337075809637705
0 0.4064531624317169 0.7066085338592529 0.02502806857228279 0.03337075809637705
0 0.3128381371498108 0.7066085338592529 0.02502806857228279 0.03337075809637705
0 0.21922312676906586 0.7066085338592529 0.02502806857228279 0.03337075809637705