0 0.3065062463283539 0.6467739939689636 0.020350785925984383 0.027134381234645844
0 0.38208919763565063 0.6470677852630615 0.020350785925984383 0.027134381234645844
0 0.45830273628234863 0.64736407995224 0.020350785925984383 0.027134381234645844
0 0.5351547598838806 0.6476628184318542 0.020350785925984383 0.027134381234645844
0 0.612653374671936 0.6479640603065491 0.020350785925984383 0.027134381234645844
0 0.6908067464828491 0.6482678651809692 0.020350785925984383 0.027134381234645844
0 0.7696232199668884 0.6485742926597595 0.020350785925984383 0.027134381234645844
0 0.31736183166503906 0.5596630573272705 0.020350785925984383 0.027134381234645844
0 0.38930803537368774 0.5595983266830444 0.020350785925984383 0.027134381234645844
0 0.4618251323699951 0.5595330595970154 0.020350785925984383 0.027134381234645844
0 0.5349199771881104 0.5594672560691833 0.020350785925984383 0.027134381234645844
0 0.6085994243621826 0.5594009757041931 0.020350785925984383 0.027134381234645844
0 0.682870626449585 0.5593341588973999 0.020350785925984383 0.027134381234645844
0 0.7577406764030457 0.5592668056488037 0.020350785925984383 0.027134381234645844
0 0.327213317155838 0.4806097745895386 0.020350785925984383 0.027134381234645844
0 0.3958566188812256 0.48025012016296387 0.020350785925984383 0.027134381234645844
0 0.46501925587654114 0.47988778352737427 0.020350785925984383 0.027134381234645844
0 0.5347071290016174 0.4795226454734802 0.020350785925984383 0.027134381234645844
0 0.6049261689186096 0.4791547656059265 0.020350785925984383 0.027134381234645844
0 0.6756826043128967 0.47878405451774597 0.020350785925984383 0.027134381234645844
0 0.7469825744628906 0.4784104824066162 0.020350785925984383 0.027134381234645844
0 0.3361937999725342 0.408545583486557 0.020350785925984383 0.027134381234645844
0 0.4018241763114929 0.40794238448143005 0.020350785925984383 0.027134381234645844
0 0.467928946018219 0.4073348045349121 0.020350785925984383 0.027134381234645844
0 0.5345132946968079 0.4067228436470032 0.020350785925984383 0.027134381234645844
0 0.601582407951355 0.4061064124107361 0.020350785925984383 0.027134381234645844
0 0.6691417098045349 0.40548548102378845 0.020350785925984383 0.027134381234645844
0 0.7371965050697327 0.4048599898815155 0.020350785925984383 0.027134381234645844
0 0.34441396594047546 0.3425828814506531 0.020350785925984383 0.027134381234645844
0 0.4072847068309784 0.34177783131599426 0.020350785925984383 0.027134381234645844
0 0.4705905616283417 0.34096720814704895 0.020350785925984383 0.027134381234645844
0 0.5343360304832458 0.34015098214149475 0.020350785925984383 0.027134381234645844
0 0.5985257029533386 0.3393290340900421 0.020350785925984383 0.027134381234645844
0 0.6631642580032349 0.33850136399269104 0.020350785925984383 0.027134381234645844
0 0.7282564640045166 0.33766788244247437 0.020350785925984383 0.027134381234645844
0 0.35196641087532043 0.28197818994522095 0.020350785925984383 0.027134381234645844
0 0.4123002588748932 0.28100550174713135 0.020350785925984383 0.027134381234645844
0 0.4730345606803894 0.2800263464450836 0.020350785925984383 0.027134381234645844
0 0.534173309803009 0.279040664434433 0.020350785925984383 0.027134381234645844
0 0.5957205891609192 0.27804839611053467 0.020350785925984383 0.027134381234645844
0 0.6576805114746094 0.2770494818687439 0.020350785925984383 0.027134381234645844
0 0.7200572490692139 0.2760438323020935 0.020350785925984383 0.027134381234645844
0 0.358929306268692 0.22610421478748322 0.020350785925984383 0.027134381234645844
0 0.41692301630973816 0.22499202191829681 0.020350785925984383 0.027134381234645844
0 0.4752865433692932 0.22387272119522095 0.020350785925984383 0.027134381234645844
0 0.5340234637260437 0.22274626791477203 0.020350785925984383 0.027134381234645844
0 0.593137264251709 0.2216125875711441 0.020350785925984383 0.027134381234645844
0 0.6526317000389099 0.22047162055969238 0.020350785925984383 0.027134381234645844
0 0.7125104665756226 0.2193232625722885 0.020350785925984383 0.027134381234645844