0 0.7121625542640686 0.1845122128725052 0.02536044828593731 0.03381393104791641
0 0.6428423523902893 0.1871183216571808 0.02536044828593731 0.03381393104791641
0 0.5743691325187683 0.18969258666038513 0.02536044828593731 0.03381393104791641
0 0.5067274570465088 0.19223558902740479 0.02536044828593731 0.03381393104791641
0 0.43990227580070496 0.1947478950023651 0.02536044828593731 0.03381393104791641
0 0.37387892603874207 0.19723005592823029 0.02536044828593731 0.03381393104791641
0 0.30864301323890686 0.19968260824680328 0.02536044828593731 0.03381393104791641
0 0.72102952003479 0.24839024245738983 0.02536044828593731 0.03381393104791641
0 0.648097813129425 0.2507171928882599 0.02536044828593731 0.03381393104791641
0 0.5761026740074158 0.2530142664909363 0.02536044828593731 0.03381393104791641
0 0.50502610206604 0.2552820146083832 0.02536044828593731 0.03381393104791641
0 0.43485063314437866 0.25752103328704834 0.02536044828593731 0.03381393104791641
0 0.36555925011634827 0.25973182916641235 0.02536044828593731 0.03381393104791641
0 0.2971353530883789 0.2619149684906006 0.02536044828593731 0.03381393104791641
0 0.7308614253997803 0.3192198872566223 0.02536044828593731 0.03381393104791641
0 0.653921365737915 0.32119014859199524 0.02536044828593731 0.03381393104791641
0 0.578022301197052 0.32313376665115356 0.02536044828593731 0.03381393104791641
0 0.503143310546875 0.3250512480735779 0.02536044828593731 0.03381393104791641
0 0.4292638897895813 0.32694315910339355 0.02536044828593731 0.03381393104791641
0 0.3563641905784607 0.3288099467754364 0.02536044828593731 0.03381393104791641
0 0.2844248414039612 0.3306521773338318 0.02536044828593731 0.03381393104791641
0 0.7418248653411865 0.39820119738578796 0.02536044828593731 0.03381393104791641
0 0.6604102849960327 0.3997153341770172 0.02536044828593731 0.03381393104791641
0 0.5801597237586975 0.401207834482193 0.02536044828593731 0.03381393104791641
0 0.5010484457015991 0.4026791453361511 0.02536044828593731 0.03381393104791641
0 0.4230523109436035 0.4041297137737274 0.02536044828593731 0.03381393104791641
0 0.34614789485931396 0.4055599868297577 0.02536044828593731 0.03381393104791641
0 0.27031248807907104 0.40697038173675537 0.02536044828593731 0.03381393104791641
0 0.7541270852088928 0.48682737350463867 0.02536044828593731 0.03381393104791641
0 0.6676855087280273 0.4877564609050751 0.02536044828593731 0.03381393104791641
0 0.5825542211532593 0.4886714816093445 0.02536044828593731 0.03381393104791641
0 0.4987035393714905 0.4895727336406708 0.02536044828593731 0.03381393104791641
0 0.41610482335090637 0.49046051502227783 0.02536044828593731 0.03381393104791641
0 0.3347302973270416 0.4913351535797119 0.02536044828593731 0.03381393104791641
0 0.2545528709888458 0.4921968877315521 0.02536044828593731 0.03381393104791641
0 0.7680293321609497 0.5869799852371216 0.02536044828593731 0.03381393104791641
0 0.6758993268013 0.5871548652648926 0.02536044828593731 0.03381393104791641
0 0.5852550864219666 0.5873268842697144 0.02536044828593731 0.03381393104791641
0 0.49606096744537354 0.5874961614608765 0.02536044828593731 0.03381393104791641
0 0.40828248858451843 0.5876628160476685 0.02536044828593731 0.03381393104791641
0 0.32188618183135986 0.5878267884254456 0.02536044828593731 0.03381393104791641
0 0.2368396669626236 0.5879881978034973 0.02536044828593731 0.03381393104791641
0 0.7838653922080994 0.7010640501976013 0.02536044828593731 0.03381393104791641
0 0.68524569272995 0.7002596259117126 0.02536044828593731 0.03381393104791641
0 0.5883251428604126 0.6994690895080566 0.02536044828593731 0.03381393104791641
0 0.49306026101112366 0.6986920237541199 0.02536044828593731 0.03381393104791641
0 0.39940890669822693 0.6979281306266785 0.02536044828593731 0.03381393104791641
0 0.307330459356308 0.6971770524978638 0.02536044828593731 0.03381393104791641
0 0.21678562462329865 0.6964384913444519 0.02536044828593731 0.03381393104791641