0 0.23345574736595154 0.6619876027107239 0.033734068274497986 0.033734068274497986
0 0.3325658142566681 0.6624616384506226 0.033734068274497986 0.033734068274497986
0 0.43119382858276367 0.6629334092140198 0.033734068274497986 0.033734068274497986
0 0.5293433666229248 0.6634028553962708 0.033734068274497986 0.033734068274497986
0 0.6270177960395813 0.6638700366020203 0.033734068274497986 0.033734068274497986
0 0.7242206931114197 0.6643349528312683 0.033734068274497986 0.033734068274497986
0 0.8209553360939026 0.6647976636886597 0.033734068274497986 0.033734068274497986
0 0.24217700958251953 0.5703080296516418 0.033734068274497986 0.033734068274497986
0 0.33813831210136414 0.5709835290908813 0.033734068274497986 0.033734068274497986
0 0.4336475729942322 0.5716558694839478 0.033734068274497986 0.033734068274497986
0 0.5287080407142639 0.5723250508308411 0.033734068274497986 0.033734068274497986
0 0.6233227849006653 0.572991132736206 0.033734068274497986 0.033734068274497986
0 0.7174950242042542 0.573654055595398 0.033734068274497986 0.033734068274497986
0 0.8112277984619141 0.5743138790130615 0.033734068274497986 0.033734068274497986
0 0.25036337971687317 0.4842515289783478 0.033734068274497986 0.033734068274497986
0 0.34336981177330017 0.4851033389568329 0.033734068274497986 0.033734068274497986
0 0.4359515309333801 0.4859512448310852 0.033734068274497986 0.033734068274497986
0 0.5281113982200623 0.4867953062057495 0.033734068274497986 0.033734068274497986
0 0.6198523640632629 0.4876355230808258 0.033734068274497986 0.033734068274497986
0 0.7111772298812866 0.4884719252586365 0.033734068274497986 0.033734068274497986
0 0.8020887970924377 0.4893045425415039 0.033734068274497986 0.033734068274497986
0 0.25806257128715515 0.4033162295818329 0.033734068274497986 0.033734068274497986
0 0.34829068183898926 0.40432244539260864 0.033734068274497986 0.033734068274497986
0 0.43811896443367004 0.405324250459671 0.033734068274497986 0.033734068274497986
0 0.5275501012802124 0.40632158517837524 0.033734068274497986 0.033734068274497986
0 0.6165866255760193 0.4073145389556885 0.033734068274497986 0.033734068274497986
0 0.705231249332428 0.4083031117916107 0.033734068274497986 0.033734068274497986
0 0.793486475944519 0.40928733348846436 0.033734068274497986 0.033734068274497986
0 0.26531681418418884 0.3270581364631653 0.033734068274497986 0.033734068274497986
0 0.3529277741909027 0.3281998038291931 0.033734068274497986 0.033734068274497986
0 0.44016167521476746 0.32933658361434937 0.033734068274497986 0.033734068274497986
0 0.5270209312438965 0.33046847581863403 0.033734068274497986 0.033734068274497986
0 0.6135079860687256 0.3315955102443695 0.033734068274497986 0.033734068274497986
0 0.6996251940727234 0.3327177166938782 0.033734068274497986 0.033734068274497986
0 0.7853749394416809 0.3338351249694824 0.033734068274497986 0.033734068274497986
0 0.27216362953186035 0.25508323311805725 0.033734068274497986 0.033734068274497986
0 0.35730499029159546 0.2563437819480896 0.033734068274497986 0.033734068274497986
0 0.44209015369415283 0.2575990557670593 0.033734068274497986 0.033734068274497986
0 0.5265213847160339 0.2588490843772888 0.033734068274497986 0.033734068274497986
0 0.6106008291244507 0.26009392738342285 0.033734068274497986 0.033734068274497986
0 0.6943307518959045 0.2613335847854614 0.033734068274497986 0.033734068274497986
0 0.7777132987976074 0.26256808638572693 0.033734068274497986 0.033734068274497986
0 0.2786363959312439 0.18704047799110413 0.033734068274497986 0.033734068274497986
0 0.36144354939460754 0.18840540945529938 0.033734068274497986 0.033734068274497986
0 0.44391369819641113 0.18976478278636932 0.033734068274497986 0.033734068274497986
0 0.5260488986968994 0.19111862778663635 0.033734068274497986 0.033734068274497986
0 0.6078512072563171 0.19246698915958405 0.033734068274497986 0.033734068274497986
0 0.6893226504325867 0.19380991160869598 0.033734068274497986 0.033734068274497986
0 0.7704651951789856 0.19514739513397217 0.033734068274497986 0.033734068274497986