0 0.27052778005599976 0.21677477657794952 0.036059118807315826 0.036059118807315826
0 0.34888601303100586 0.21706423163414001 0.036059118807315826 0.036059118807315826
0 0.42736896872520447 0.21735413372516632 0.036059118807315826 0.036059118807315826
0 0.5059769153594971 0.21764451265335083 0.036059118807315826 0.036059118807315826
0 0.5847101211547852 0.21793533861637115 0.036059118807315826 0.036059118807315826
0 0.663568913936615 0.21822664141654968 0.036059118807315826 0.036059118807315826
0 0.7425535917282104 0.21851839125156403 0.036059118807315826 0.036059118807315826
0 0.25911620259284973 0.27206486463546753 0.036059118807315826 0.036059118807315826
0 0.3406379222869873 0.2724117636680603 0.036059118807315826 0.036059118807315826
0 0.42229461669921875 0.27275925874710083 0.036059118807315826 0.036059118807315826
0 0.5040866136550903 0.2731073200702667 0.036059118807315826 0.036059118807315826
0 0.5860142707824707 0.273455947637558 0.036059118807315826 0.036059118807315826
0 0.6680779457092285 0.2738051414489746 0.036059118807315826 0.036059118807315826
0 0.7502779364585876 0.274154931306839 0.036059118807315826 0.036059118807315826
0 0.24674226343631744 0.33201757073402405 0.036059118807315826 0.036059118807315826
0 0.3316936492919922 0.33243077993392944 0.036059118807315826 0.036059118807315826
0 0.4167915880680084 0.33284473419189453 0.036059118807315826 0.036059118807315826
0 0.5020365715026855 0.3332594037055969 0.036059118807315826 0.036059118807315826
0 0.587428867816925 0.33367475867271423 0.036059118807315826 0.036059118807315826
0 0.6729689240455627 0.33409085869789124 0.036059118807315826 0.036059118807315826
0 0.7586570978164673 0.33450767397880554 0.036059118807315826 0.036059118807315826
0 0.23327893018722534 0.39724859595298767 0.036059118807315826 0.036059118807315826
0 0.3219611942768097 0.3977387547492981 0.036059118807315826 0.036059118807315826
0 0.4108032286167145 0.39822977781295776 0.036059118807315826 0.036059118807315826
0 0.4998054802417755 0.39872169494628906 0.036059118807315826 0.036059118807315826
0 0.5889683961868286 0.399214506149292 0.036059118807315826 0.036059118807315826
0 0.6782923936843872 0.39970821142196655 0.036059118807315826 0.036059118807315826
0 0.7677779197692871 0.40020278096199036 0.036059118807315826 0.036059118807315826
0 0.21857565641403198 0.4684871733188629 0.036059118807315826 0.036059118807315826
0 0.311331570148468 0.4690669775009155 0.036059118807315826 0.036059118807315826
0 0.4042623043060303 0.4696478843688965 0.036059118807315826 0.036059118807315826
0 0.49736836552619934 0.4702298939228058 0.036059118807315826 0.036059118807315826
0 0.5906502604484558 0.47081300616264343 0.036059118807315826 0.036059118807315826
0 0.6841084957122803 0.4713972210884094 0.036059118807315826 0.036059118807315826
0 0.7777435183525085 0.47198250889778137 0.036059118807315826 0.036059118807315826
0 0.20245292782783508 0.5466032028198242 0.036059118807315826 0.036059118807315826
0 0.29967471957206726 0.5472881197929382 0.036059118807315826 0.036059118807315826
0 0.3970886468887329 0.5479744672775269 0.036059118807315826 0.036059118807315826
0 0.4946952760219574 0.5486620664596558 0.036059118807315826 0.036059118807315826
0 0.5924951434135437 0.5493510961532593 0.036059118807315826 0.036059118807315826
0 0.690488874912262 0.5500414967536926 0.036059118807315826 0.036059118807315826
0 0.7886769771575928 0.550733208656311 0.036059118807315826 0.036059118807315826
0 0.18469472229480743 0.6326432228088379 0.036059118807315826 0.036059118807315826
0 0.2868342101573944 0.6334521770477295 0.036059118807315826 0.036059118807315826
0 0.3891858160495758 0.6342628002166748 0.036059118807315826 0.036059118807315826
0 0.49175018072128296 0.6350750923156738 0.036059118807315826 0.036059118807315826
0 0.5945279598236084 0.6358891129493713 0.036059118807315826 0.036059118807315826
0 0.6975197792053223 0.6367048025131226 0.036059118807315826 0.036059118807315826
0 0.8007264137268066 0.6375222206115723 0.036059118807315826 0.036059118807315826