0 0.19413143396377563 0.6139745116233826 0.029591615001360577 0.029591615001360577
0 0.2747364640235901 0.6196115016937256 0.029591615001360577 0.029591615001360577
0 0.35752150416374207 0.6254009008407593 0.029591615001360577 0.029591615001360577
0 0.44257619976997375 0.6313490867614746 0.029591615001360577 0.029591615001360577
0 0.5299952030181885 0.6374626159667969 0.029591615001360577 0.029591615001360577
0 0.6198784708976746 0.6437484622001648 0.029591615001360577 0.029591615001360577
0 0.7123316526412964 0.6502140164375305 0.029591615001360577 0.029591615001360577
0 0.2093542218208313 0.5327083468437195 0.029591615001360577 0.029591615001360577
0 0.28832656145095825 0.5371575951576233 0.029591615001360577 0.029591615001360577
0 0.36938560009002686 0.541724443435669 0.029591615001360577 0.029591615001360577
0 0.4526151120662689 0.5464136004447937 0.029591615001360577 0.029591615001360577
0 0.5381035208702087 0.5512299537658691 0.029591615001360577 0.029591615001360577
0 0.6259439587593079 0.556178867816925 0.029591615001360577 0.029591615001360577
0 0.7162349224090576 0.5612658262252808 0.029591615001360577 0.029591615001360577
0 0.22390922904014587 0.4550071060657501 0.029591615001360577 0.029591615001360577
0 0.3013128936290741 0.45836690068244934 0.029591615001360577 0.029591615001360577
0 0.3807157874107361 0.46181344985961914 0.029591615001360577 0.029591615001360577
0 0.46219635009765625 0.4653502106666565 0.029591615001360577 0.029591615001360577
0 0.5458372235298157 0.46898072957992554 0.029591615001360577 0.029591615001360577
0 0.6317254900932312 0.4727087914943695 0.029591615001360577 0.029591615001360577
0 0.7199530005455017 0.47653838992118835 0.029591615001360577 0.029591615001360577
0 0.2378394454717636 0.38064128160476685 0.029591615001360577 0.029591615001360577
0 0.31373482942581177 0.38300052285194397 0.029591615001360577 0.029591615001360577
0 0.3915473222732544 0.3854193687438965 0.029591615001360577 0.029591615001360577
0 0.4713505208492279 0.38790011405944824 0.029591615001360577 0.029591615001360577
0 0.5532218217849731 0.39044511318206787 0.029591615001360577 0.029591615001360577
0 0.6372426152229309 0.3930569291114807 0.029591615001360577 0.029591615001360577
0 0.7234987020492554 0.39573824405670166 0.029591615001360577 0.029591615001360577
0 0.25118425488471985 0.30940061807632446 0.029591615001360577 0.029591615001360577
0 0.3256283402442932 0.31084004044532776 0.029591615001360577 0.029591615001360577
0 0.4019124209880829 0.3123150169849396 0.029591615001360577 0.029591615001360577
0 0.48010554909706116 0.31382694840431213 0.029591615001360577 0.029591615001360577
0 0.5602802634239197 0.3153771460056305 0.029591615001360577 0.029591615001360577
0 0.6425129175186157 0.3169671595096588 0.029591615001360577 0.029591615001360577
0 0.7268837690353394 0.31859850883483887 0.029591615001360577 0.029591615001360577
0 0.26397982239723206 0.24109216034412384 0.029591615001360577 0.029591615001360577
0 0.3370265066623688 0.24168510735034943 0.029591615001360577 0.029591615001360577
0 0.4118405878543854 0.2422924041748047 0.029591615001360577 0.029591615001360577
0 0.48848700523376465 0.24291455745697021 0.029591615001360577 0.029591615001360577
0 0.5670338869094849 0.24355214834213257 0.029591615001360577 0.029591615001360577
0 0.6475527882575989 0.2442057579755783 0.029591615001360577 0.029591615001360577
0 0.7301189303398132 0.244875967502594 0.029591615001360577 0.029591615001360577
0 0.27625933289527893 0.17553852498531342 0.029591615001360577 0.029591615001360577
0 0.34795960783958435 0.1753517985343933 0.029591615001360577 0.029591615001360577
0 0.4213588833808899 0.17516064643859863 0.029591615001360577 0.029591615001360577
0 0.4965182840824127 0.17496490478515625 0.029591615001360577 0.029591615001360577
0 0.5735018253326416 0.17476440966129303 0.029591615001360577 0.029591615001360577
0 0.6523768305778503 0.17455899715423584 0.029591615001360577 0.029591615001360577
0 0.7332138419151306 0.17434847354888916 0.029591615001360577 0.029591615001360577