0 0.3379131853580475 0.21054908633232117 0.02187576331198216 0.029167684415976208
0 0.3329891860485077 0.2725749611854553 0.02187576331198216 0.029167684415976208
0 0.3276403844356537 0.3399524390697479 0.02187576331198216 0.029167684415976208
0 0.3218092620372772 0.4134053587913513 0.02187576331198216 0.029167684415976208
0 0.3154275119304657 0.4937942326068878 0.02187576331198216 0.029167684415976208
0 0.3084132969379425 0.5821502208709717 0.02187576331198216 0.029167684415976208
0 0.3006677031517029 0.6797193288803101 0.02187576331198216 0.029167684415976208
0 0.40006738901138306 0.20605912804603577 0.02187576331198216 0.029167684415976208
0 0.39770832657814026 0.2680444121360779 0.02187576331198216 0.029167684415976208
0 0.3951452374458313 0.3353908956050873 0.02187576331198216 0.029167684415976208
0 0.392350435256958 0.4088255763053894 0.02187576331198216 0.029167684415976208
0 0.38929104804992676 0.4892130494117737 0.02187576331198216 0.029167684415976208
0 0.38592755794525146 0.5775898694992065 0.02187576331198216 0.029167684415976208
0 0.3822123408317566 0.6752093434333801 0.02187576331198216 0.029167684415976208
0 0.46250227093696594 0.20154888927936554 0.02187576331198216 0.029167684415976208
0 0.46273186802864075 0.26349255442619324 0.02187576331198216 0.029167684415976208
0 0.4629814028739929 0.3308069705963135 0.02187576331198216 0.029167684415976208
0 0.4632534980773926 0.4042222797870636 0.02187576331198216 0.029167684415976208
0 0.46355146169662476 0.4846072494983673 0.02187576331198216 0.029167684415976208
0 0.46387913823127747 0.5730038285255432 0.02187576331198216 0.029167684415976208
0 0.4642411470413208 0.670672595500946 0.02187576331198216 0.029167684415976208
0 0.5252197980880737 0.19701823592185974 0.02187576331198216 0.029167684415976208
0 0.5280619859695435 0.25891923904418945 0.02187576331198216 0.029167684415976208
0 0.531151294708252 0.3262005150318146 0.02187576331198216 0.029167684415976208
0 0.5345212817192078 0.39959532022476196 0.02187576331198216 0.029167684415976208
0 0.5382120609283447 0.479976624250412 0.02187576331198216 0.029167684415976208
0 0.5422716736793518 0.5683918595314026 0.02187576331198216 0.029167684415976208
0 0.5467584133148193 0.6661088466644287 0.02187576331198216 0.029167684415976208
0 0.5882217884063721 0.19246703386306763 0.02187576331198216 0.029167684415976208
0 0.5937008857727051 0.2543243169784546 0.02187576331198216 0.029167684415976208
0 0.599657416343689 0.3215712904930115 0.02187576331198216 0.029167684415976208
0 0.6061565279960632 0.3949444890022278 0.02187576331198216 0.029167684415976208
0 0.613275945186615 0.4753209948539734 0.02187576331198216 0.029167684415976208
0 0.6211090087890625 0.5637537240982056 0.02187576331198216 0.029167684415976208
0 0.6297686100006104 0.6615177989006042 0.02187576331198216 0.029167684415976208
0 0.6515102982521057 0.18789513409137726 0.02187576331198216 0.029167684415976208
0 0.6596507430076599 0.24970762431621552 0.02187576331198216 0.029167684415976208
0 0.6685022115707397 0.316919207572937 0.02187576331198216 0.029167684415976208
0 0.6781620979309082 0.3902696371078491 0.02187576331198216 0.029167684415976208
0 0.6887465119361877 0.4706401228904724 0.02187576331198216 0.029167684415976208
0 0.700394868850708 0.559089183807373 0.02187576331198216 0.029167684415976208
0 0.7132760286331177 0.6568992733955383 0.02187576331198216 0.029167684415976208
0 0.7150872349739075 0.1833024024963379 0.02187576331198216 0.029167684415976208
0 0.7259137630462646 0.2450689971446991 0.02187576331198216 0.029167684415976208
0 0.7376882433891296 0.31224408745765686 0.02187576331198216 0.029167684415976208
0 0.7505409121513367 0.3855705261230469 0.02187576331198216 0.029167684415976208
0 0.7646270990371704 0.46593382954597473 0.02187576331198216 0.029167684415976208
0 0.7801331281661987 0.5543980002403259 0.02187576331198216 0.029167684415976208
0 0.7972851991653442 0.6522529721260071 0.02187576331198216 0.029167684415976208