0 0.7062287330627441 0.1567462533712387 0.022900036179150148 0.03424304475386938
0 0.629989743232727 0.15663719177246094 0.022900036179150148 0.03424304475386938
0 0.5533514022827148 0.156527578830719 0.022900036179150148 0.03424304475386938
0 0.4763105809688568 0.1564173698425293 0.022900036179150148 0.03424304475386938
0 0.3988640308380127 0.15630659461021423 0.022900036179150148 0.03424304475386938
0 0.3210085928440094 0.15619522333145142 0.022900036179150148 0.03424304475386938
0 0.24274100363254547 0.15608327090740204 0.022900036179150148 0.03424304475386938
0 0.7176921367645264 0.2377016246318817 0.022900036179150148 0.03424304475386938
0 0.6387255787849426 0.2378077507019043 0.022900036179150148 0.03424304475386938
0 0.5593303442001343 0.23791445791721344 0.022900036179150148 0.03424304475386938
0 0.47950297594070435 0.23802176117897034 0.022900036179150148 0.03424304475386938
0 0.3992399275302887 0.2381296306848526 0.022900036179150148 0.03424304475386938
0 0.31853756308555603 0.23823809623718262 0.022900036179150148 0.03424304475386938
0 0.2373923361301422 0.2383471578359604 0.022900036179150148 0.03424304475386938
0 0.7300137877464294 0.3247184455394745 0.022900036179150148 0.03424304475386938
0 0.6481173038482666 0.3250729441642761 0.022900036179150148 0.03424304475386938
0 0.5657594799995422 0.32542943954467773 0.022900036179150148 0.03424304475386938
0 0.48293647170066833 0.3257879614830017 0.022900036179150148 0.03424304475386938
0 0.39964425563812256 0.32614848017692566 0.022900036179150148 0.03424304475386938
0 0.3158789277076721 0.32651108503341675 0.022900036179150148 0.03424304475386938
0 0.23163636028766632 0.3268757462501526 0.022900036179150148 0.03424304475386938
0 0.7432939410209656 0.41850394010543823 0.022900036179150148 0.03424304475386938
0 0.6582416892051697 0.41914594173431396 0.022900036179150148 0.03424304475386938
0 0.5726916193962097 0.41979169845581055 0.022900036179150148 0.03424304475386938
0 0.4866393506526947 0.42044124007225037 0.022900036179150148 0.03424304475386938
0 0.40008044242858887 0.4210945963859558 0.022900036179150148 0.03424304475386938
0 0.31301039457321167 0.42175182700157166 0.022900036179150148 0.03424304475386938
0 0.22542467713356018 0.4224129617214203 0.022900036179150148 0.03424304475386938
0 0.7576489448547363 0.5198798179626465 0.022900036179150148 0.03424304475386938
0 0.6691880226135254 0.520855724811554 0.022900036179150148 0.03424304475386938
0 0.5801882147789001 0.5218375325202942 0.022900036179150148 0.03424304475386938
0 0.4906446933746338 0.5228253602981567 0.022900036179150148 0.03424304475386938
0 0.40055233240127563 0.5238192677497864 0.022900036179150148 0.03424304475386938
0 0.30990615487098694 0.5248192548751831 0.022900036179150148 0.03424304475386938
0 0.21870097517967224 0.5258253812789917 0.022900036179150148 0.03424304475386938
0 0.7732146978378296 0.6298065185546875 0.022900036179150148 0.03424304475386938
0 0.6810604929924011 0.6311715841293335 0.022900036179150148 0.03424304475386938
0 0.5883212089538574 0.6325452923774719 0.022900036179150148 0.03424304475386938
0 0.49499109387397766 0.6339278221130371 0.022900036179150148 0.03424304475386938
0 0.40106454491615295 0.6353191137313843 0.022900036179150148 0.03424304475386938
0 0.30653586983680725 0.6367194056510925 0.022900036179150148 0.03424304475386938
0 0.21139919757843018 0.6381286382675171 0.022900036179150148 0.03424304475386938
0 0.7901511788368225 0.7494133710861206 0.022900036179150148 0.03424304475386938
0 0.6939820051193237 0.7512340545654297 0.022900036179150148 0.03424304475386938
0 0.5971750617027283 0.7530667781829834 0.022900036179150148 0.03424304475386938
0 0.49972406029701233 0.7549116611480713 0.022900036179150148 0.03424304475386938
0 0.401622474193573 0.7567688822746277 0.022900036179150148 0.03424304475386938
0 0.30286383628845215 0.7586385607719421 0.022900036179150148 0.03424304475386938
0 0.20344147086143494 0.7605208158493042 0.022900036179150148 0.03424304475386938