0 0.30845165252685547 0.3790886104106903 0.019526446238160133 0.026035261650880177
0 0.30299368500709534 0.44208407402038574 0.019526446238160133 0.026035261650880177
0 0.29721754789352417 0.5087518692016602 0.019526446238160133 0.026035261650880177
0 0.2910946011543274 0.5794227719306946 0.019526446238160133 0.026035261650880177
0 0.2845925986766815 0.6544685363769531 0.019526446238160133 0.026035261650880177
0 0.27767524123191833 0.7343083620071411 0.019526446238160133 0.026035261650880177
0 0.2703014016151428 0.8194167613983154 0.019526446238160133 0.026035261650880177
0 0.3712930381298065 0.3793686032295227 0.019526446238160133 0.026035261650880177
0 0.3676127791404724 0.44240859150886536 0.019526446238160133 0.026035261650880177
0 0.36371782422065735 0.5091257095336914 0.019526446238160133 0.026035261650880177
0 0.3595888316631317 0.5798513293266296 0.019526446238160133 0.026035261650880177
0 0.35520410537719727 0.6549580097198486 0.019526446238160133 0.026035261650880177
0 0.35053908824920654 0.7348657846450806 0.019526446238160133 0.026035261650880177
0 0.3455660045146942 0.8200501203536987 0.019526446238160133 0.026035261650880177
0 0.43420547246932983 0.37964892387390137 0.019526446238160133 0.026035261650880177
0 0.4323069453239441 0.4427334666252136 0.019526446238160133 0.026035261650880177
0 0.4302976131439209 0.5094999670982361 0.019526446238160133 0.026035261650880177
0 0.428167462348938 0.5802804231643677 0.019526446238160133 0.026035261650880177
0 0.4259053170681 0.6554480791091919 0.019526446238160133 0.026035261650880177
0 0.4234984219074249 0.7354239225387573 0.019526446238160133 0.026035261650880177
0 0.4209325313568115 0.8206843733787537 0.019526446238160133 0.026035261650880177
0 0.4971890151500702 0.3799295723438263 0.019526446238160133 0.026035261650880177
0 0.4970763325691223 0.4430587589740753 0.019526446238160133 0.026035261650880177
0 0.49695706367492676 0.509874701499939 0.019526446238160133 0.026035261650880177
0 0.49683064222335815 0.5807100534439087 0.019526446238160133 0.026035261650880177
0 0.4966963529586792 0.6559388041496277 0.019526446238160133 0.026035261650880177
0 0.4965534806251526 0.7359827756881714 0.019526446238160133 0.026035261650880177
0 0.4964011609554291 0.8213194608688354 0.019526446238160133 0.026035261650880177
0 0.5602438449859619 0.3802105188369751 0.019526446238160133 0.026035261650880177
0 0.5619211196899414 0.4433843791484833 0.019526446238160133 0.026035261650880177
0 0.5636963844299316 0.5102498531341553 0.019526446238160133 0.026035261650880177
0 0.5655785202980042 0.5811402201652527 0.019526446238160133 0.026035261650880177
0 0.5675774216651917 0.6564301252365112 0.019526446238160133 0.026035261650880177
0 0.5697044134140015 0.7365423440933228 0.019526446238160133 0.026035261650880177
0 0.571972131729126 0.8219554424285889 0.019526446238160133 0.026035261650880177
0 0.6233699917793274 0.38049179315567017 0.019526446238160133 0.026035261650880177
0 0.6268413066864014 0.44371041655540466 0.019526446238160133 0.026035261650880177
0 0.6305156350135803 0.5106254816055298 0.019526446238160133 0.026035261650880177
0 0.6344112157821655 0.5815708637237549 0.019526446238160133 0.026035261650880177
0 0.638548731803894 0.6569221019744873 0.019526446238160133 0.026035261650880177
0 0.6429514288902283 0.7371026873588562 0.019526446238160133 0.026035261650880177
0 0.6476456522941589 0.8225922584533691 0.019526446238160133 0.026035261650880177
0 0.6865677237510681 0.3807733654975891 0.019526446238160133 0.026035261650880177
0 0.6918371915817261 0.4440368413925171 0.019526446238160133 0.026035261650880177
0 0.6974149942398071 0.5110015273094177 0.019526446238160133 0.026035261650880177
0 0.7033289670944214 0.5820021033287048 0.019526446238160133 0.026035261650880177
0 0.7096104025840759 0.6574146747589111 0.019526446238160133 0.026035261650880177
0 0.7162947058677673 0.737663745880127 0.019526446238160133 0.026035261650880177
0 0.7234218716621399 0.823229968547821 0.019526446238160133 0.026035261650880177