0 0.6920667290687561 0.18259622156620026 0.025336490944027904 0.03378198792537054
0 0.6236600279808044 0.1852460503578186 0.025336490944027904 0.03378198792537054
0 0.5551378130912781 0.1879003494977951 0.025336490944027904 0.03378198792537054
0 0.48649969696998596 0.19055913388729095 0.025336490944027904 0.03378198792537054
0 0.417745441198349 0.19322241842746735 0.025336490944027904 0.03378198792537054
0 0.34887468814849854 0.19589021801948547 0.025336490944027904 0.03378198792537054
0 0.27988719940185547 0.19856253266334534 0.025336490944027904 0.03378198792537054
0 0.7034337520599365 0.24874703586101532 0.025336490944027904 0.03378198792537054
0 0.6317496299743652 0.25158271193504333 0.025336490944027904 0.03378198792537054
0 0.5599386096000671 0.25442343950271606 0.025336490944027904 0.03378198792537054
0 0.4880002439022064 0.2572691738605499 0.025336490944027904 0.03378198792537054
0 0.4159342646598816 0.2601199746131897 0.025336490944027904 0.03378198792537054
0 0.3437403738498688 0.262975811958313 0.025336490944027904 0.03378198792537054
0 0.27141815423965454 0.2658367455005646 0.025336490944027904 0.03378198792537054
0 0.7159474492073059 0.32157084345817566 0.025336490944027904 0.03378198792537054
0 0.640656054019928 0.3246173560619354 0.025336490944027904 0.03378198792537054
0 0.5652245283126831 0.32766956090927124 0.025336490944027904 0.03378198792537054
0 0.4896525740623474 0.3307274281978607 0.025336490944027904 0.03378198792537054
0 0.4139397442340851 0.33379098773002625 0.025336490944027904 0.03378198792537054
0 0.33808568120002747 0.3368602693080902 0.025336490944027904 0.03378198792537054
0 0.2620899975299835 0.339935302734375 0.025336490944027904 0.03378198792537054
0 0.7297905683517456 0.40213099122047424 0.025336490944027904 0.03378198792537054
0 0.6505094766616821 0.405418336391449 0.025336490944027904 0.03378198792537054
0 0.5710731148719788 0.40871211886405945 0.025336490944027904 0.03378198792537054
0 0.4914809465408325 0.41201236844062805 0.025336490944027904 0.03378198792537054
0 0.4117324948310852 0.4153190851211548 0.025336490944027904 0.03378198792537054
0 0.3318273425102234 0.4186323285102844 0.025336490944027904 0.03378198792537054
0 0.25176501274108887 0.4219520688056946 0.025336490944027904 0.03378198792537054
0 0.7451867461204529 0.4917294383049011 0.025336490944027904 0.03378198792537054
0 0.661469578742981 0.4952939748764038 0.025336490944027904 0.03378198792537054
0 0.5775792598724365 0.49886593222618103 0.025336490944027904 0.03378198792537054
0 0.4935150742530823 0.5024452805519104 0.025336490944027904 0.03378198792537054
0 0.4092765748500824 0.5060320496559143 0.025336490944027904 0.03378198792537054
0 0.3248632252216339 0.5096262097358704 0.025336490944027904 0.03378198792537054
0 0.24027444422245026 0.5132278800010681 0.025336490944027904 0.03378198792537054
0 0.7624129056930542 0.591977596282959 0.025336490944027904 0.03378198792537054
0 0.6737338900566101 0.5958639979362488 0.025336490944027904 0.03378198792537054
0 0.5848603844642639 0.5997589826583862 0.025336490944027904 0.03378198792537054
0 0.49579179286956787 0.6036624312400818 0.025336490944027904 0.03378198792537054
0 0.40652748942375183 0.6075745224952698 0.025336490944027904 0.03378198792537054
0 0.3170667886734009 0.6114951968193054 0.025336490944027904 0.03378198792537054
0 0.22740906476974487 0.6154245138168335 0.025336490944027904 0.03378198792537054
0 0.7818159461021423 0.7048941850662231 0.025336490944027904 0.03378198792537054
0 0.6875497698783875 0.7091580033302307 0.025336490944027904 0.03378198792537054
0 0.5930637717247009 0.7134316563606262 0.025336490944027904 0.03378198792537054
0 0.49835723638534546 0.7177153825759888 0.025336490944027904 0.03378198792537054
0 0.4034293293952942 0.7220090627670288 0.025336490944027904 0.03378198792537054
0 0.3082793354988098 0.7263128161430359 0.025336490944027904 0.03378198792537054
0 0.21290645003318787 0.7306265830993652 0.025336490944027904 0.03378198792537054