0 0.29535651206970215 0.6499723196029663 0.020772458985447887 0.02769661198059718
0 0.37256163358688354 0.6486387252807617 0.020772458985447887 0.02769661198059718
0 0.450400173664093 0.6472942233085632 0.020772458985447887 0.02769661198059718
0 0.5288800001144409 0.6459385752677917 0.020772458985447887 0.02769661198059718
0 0.6080089807510376 0.6445717811584473 0.020772458985447887 0.02769661198059718
0 0.6877952218055725 0.6431936025619507 0.020772458985447887 0.02769661198059718
0 0.7682470679283142 0.6418039798736572 0.020772458985447887 0.02769661198059718
0 0.3054535388946533 0.559994637966156 0.020772458985447887 0.02769661198059718
0 0.37896859645843506 0.5583756566047668 0.020772458985447887 0.02769661198059718
0 0.45305752754211426 0.5567439794540405 0.020772458985447887 0.02769661198059718
0 0.5277271270751953 0.5550995469093323 0.020772458985447887 0.02769661198059718
0 0.6029841899871826 0.5534421801567078 0.020772458985447887 0.02769661198059718
0 0.6788357496261597 0.5517717599868774 0.020772458985447887 0.02769661198059718
0 0.7552887797355652 0.5500880479812622 0.020772458985447887 0.02769661198059718
0 0.31462350487709045 0.47827839851379395 0.020772458985447887 0.02769661198059718
0 0.38478511571884155 0.4764309227466583 0.020772458985447887 0.02769661198059718
0 0.4554690718650818 0.4745696783065796 0.020772458985447887 0.02769661198059718
0 0.5266813039779663 0.4726945459842682 0.020772458985447887 0.02769661198059718
0 0.5984277129173279 0.4708053469657898 0.020772458985447887 0.02769661198059718
0 0.6707143187522888 0.4689019024372101 0.020772458985447887 0.02769661198059718
0 0.743547260761261 0.4669840931892395 0.020772458985447887 0.02769661198059718
0 0.32298848032951355 0.4037357270717621 0.020772458985447887 0.02769661198059718
0 0.390089213848114 0.4017053544521332 0.020772458985447887 0.02769661198059718
0 0.45766744017601013 0.39966049790382385 0.020772458985447887 0.02769661198059718
0 0.5257282853126526 0.39760106801986694 0.020772458985447887 0.02769661198059718
0 0.5942769646644592 0.39552685618400574 0.020772458985447887 0.02769661198059718
0 0.6633186936378479 0.3934377431869507 0.020772458985447887 0.02769661198059718
0 0.7328588366508484 0.39133352041244507 0.020772458985447887 0.02769661198059718
0 0.3306500017642975 0.33546173572540283 0.020772458985447887 0.02769661198059718
0 0.39494574069976807 0.3332851827144623 0.020772458985447887 0.02769661198059718
0 0.45967963337898254 0.33109375834465027 0.020772458985447887 0.02769661198059718
0 0.5248562097549438 0.32888734340667725 0.020772458985447887 0.02769661198059718
0 0.5904800295829773 0.32666581869125366 0.020772458985447887 0.02769661198059718
0 0.6565556526184082 0.3244289755821228 0.020772458985447887 0.02769661198059718
0 0.7230878472328186 0.3221766948699951 0.020772458985447887 0.02769661198059718
0 0.3376932144165039 0.2726975977420807 0.020772458985447887 0.02769661198059718
0 0.39940905570983887 0.2704046368598938 0.020772458985447887 0.02769661198059718
0 0.46152839064598083 0.2680966556072235 0.020772458985447887 0.02769661198059718
0 0.5240552425384521 0.2657735347747803 0.020772458985447887 0.02769661198059718
0 0.5869935750961304 0.26343512535095215 0.020772458985447887 0.02769661198059718
0 0.6503474712371826 0.2610812783241272 0.020772458985447887 0.02769661198059718
0 0.7141211032867432 0.2587118446826935 0.020772458985447887 0.02769661198059718
0 0.3441900908946991 0.21480219066143036 0.020772458985447887 0.02769661198059718
0 0.40352505445480347 0.2124171108007431 0.020772458985447887 0.02769661198059718
0 0.4632328450679779 0.21001704037189484 0.020772458985447887 0.02769661198059718
0 0.5233169794082642 0.20760184526443481 0.020772458985447887 0.02769661198059718
0 0.5837810039520264 0.2051713913679123 0.020772458985447887 0.02769661198059718
0 0.6446285247802734 0.20272549986839294 0.020772458985447887 0.02769661198059718
0 0.7058631777763367 0.2002640664577484 0.020772458985447887 0.02769661198059718