0 0.7073526382446289 0.16446669399738312 0.022838057919094962 0.03415036698182424
0 0.6320223808288574 0.16350579261779785 0.022838057919094962 0.03415036698182424
0 0.5561652183532715 0.16253815591335297 0.022838057919094962 0.03415036698182424
0 0.4797755777835846 0.16156373918056488 0.022838057919094962 0.03415036698182424
0 0.40284785628318787 0.16058245301246643 0.022838057919094962 0.03415036698182424
0 0.3253763020038605 0.15959423780441284 0.022838057919094962 0.03415036698182424
0 0.2473551481962204 0.15859900414943695 0.022838057919094962 0.03415036698182424
0 0.7189345359802246 0.244439959526062 0.022838057919094962 0.03415036698182424
0 0.6408746838569641 0.24373269081115723 0.022838057919094962 0.03415036698182424
0 0.562248706817627 0.24302028119564056 0.022838057919094962 0.03415036698182424
0 0.4830503463745117 0.24230268597602844 0.022838057919094962 0.03415036698182424
0 0.403273344039917 0.2415798455476761 0.022838057919094962 0.03415036698182424
0 0.3229113817214966 0.24085170030593872 0.022838057919094962 0.03415036698182424
0 0.24195793271064758 0.24011820554733276 0.022838057919094962 0.03415036698182424
0 0.731397807598114 0.3304996192455292 0.022838057919094962 0.03415036698182424
0 0.6504032015800476 0.33008819818496704 0.022838057919094962 0.03415036698182424
0 0.5687986612319946 0.3296736478805542 0.022838057919094962 0.03415036698182424
0 0.4865771532058716 0.32925596833229065 0.022838057919094962 0.03415036698182424
0 0.40373173356056213 0.328835129737854 0.022838057919094962 0.03415036698182424
0 0.3202552795410156 0.3284110724925995 0.022838057919094962 0.03415036698182424
0 0.23614051938056946 0.3279837965965271 0.022838057919094962 0.03415036698182424
0 0.7448471188545227 0.423367977142334 0.022838057919094962 0.03415036698182424
0 0.6606885194778442 0.42330244183540344 0.022838057919094962 0.03415036698182424
0 0.5758708119392395 0.4232363700866699 0.022838057919094962 0.03415036698182424
0 0.4903862774372101 0.4231697916984558 0.022838057919094962 0.03415036698182424
0 0.40422695875167847 0.4231026768684387 0.022838057919094962 0.03415036698182424
0 0.31738486886024475 0.42303502559661865 0.022838057919094962 0.03415036698182424
0 0.2298518717288971 0.4229668378829956 0.022838057919094962 0.03415036698182424
0 0.7594043612480164 0.5238863229751587 0.022838057919094962 0.03415036698182424
0 0.6718245148658752 0.5242263674736023 0.022838057919094962 0.03415036698182424
0 0.5835303664207458 0.5245691537857056 0.022838057919094962 0.03415036698182424
0 0.49451303482055664 0.5249147415161133 0.022838057919094962 0.03415036698182424
0 0.40476366877555847 0.5252631902694702 0.022838057919094962 0.03415036698182424
0 0.3142731487751007 0.5256145000457764 0.022838057919094962 0.03415036698182424
0 0.22303231060504913 0.5259687304496765 0.022838057919094962 0.03415036698182424
0 0.7752122282981873 0.6330405473709106 0.022838057919094962 0.03415036698182424
0 0.6839213371276855 0.6338577270507812 0.022838057919094962 0.03415036698182424
0 0.5918534994125366 0.6346818208694458 0.022838057919094962 0.03415036698182424
0 0.49899888038635254 0.6355130076408386 0.022838057919094962 0.03415036698182424
0 0.4053472578525543 0.6363512873649597 0.022838057919094962 0.03415036698182424
0 0.3108883202075958 0.6371968388557434 0.022838057919094962 0.03415036698182424
0 0.21561165153980255 0.6380496621131897 0.022838057919094962 0.03415036698182424
0 0.7924391627311707 0.7519934177398682 0.022838057919094962 0.03415036698182424
0 0.6971088647842407 0.7533741593360901 0.022838057919094962 0.03415036698182424
0 0.6009305119514465 0.7547671794891357 0.022838057919094962 0.03415036698182424
0 0.5038927793502808 0.7561726570129395 0.022838057919094962 0.03415036698182424
0 0.40598416328430176 0.7575907111167908 0.022838057919094962 0.03415036698182424
0 0.3071928024291992 0.7590215802192688 0.022838057919094962 0.03415036698182424
0 0.20750674605369568 0.7604653835296631 0.022838057919094962 0.03415036698182424