0 0.7261489033699036 0.8284258842468262 0.01979699730873108 0.026395996411641438
0 0.718564510345459 0.7422482967376709 0.01979699730873108 0.026395996411641438
0 0.7114465832710266 0.6613706350326538 0.01979699730873108 0.026395996411641438
0 0.7047533988952637 0.5853185057640076 0.01979699730873108 0.026395996411641438
0 0.6984479427337646 0.5136726498603821 0.01979699730873108 0.026395996411641438
0 0.6924974918365479 0.4460608661174774 0.01979699730873108 0.026395996411641438
0 0.6868729591369629 0.3821517527103424 0.01979699730873108 0.026395996411641438
0 0.6502580046653748 0.8275704383850098 0.01979699730873108 0.026395996411641438
0 0.645072340965271 0.7412710189819336 0.01979699730873108 0.026395996411641438
0 0.6402061581611633 0.6602878570556641 0.01979699730873108 0.026395996411641438
0 0.6356307864189148 0.5841444134712219 0.01979699730873108 0.026395996411641438
0 0.6313209533691406 0.5124194622039795 0.01979699730873108 0.026395996411641438
0 0.6272541284561157 0.4447392225265503 0.01979699730873108 0.026395996411641438
0 0.6234103441238403 0.3807709813117981 0.01979699730873108 0.026395996411641438
0 0.5740954875946045 0.8267120122909546 0.01979699730873108 0.026395996411641438
0 0.5713254809379578 0.7402902841567993 0.01979699730873108 0.026395996411641438
0 0.5687264800071716 0.6592013835906982 0.01979699730873108 0.026395996411641438
0 0.5662830471992493 0.5829664468765259 0.01979699730873108 0.026395996411641438
0 0.5639815926551819 0.511162281036377 0.01979699730873108 0.026395996411641438
0 0.5618101358413696 0.44341352581977844 0.01979699730873108 0.026395996411641438
0 0.5597579479217529 0.3793860673904419 0.01979699730873108 0.026395996411641438
0 0.4976598024368286 0.8258504271507263 0.01979699730873108 0.026395996411641438
0 0.4973226487636566 0.7393062114715576 0.01979699730873108 0.026395996411641438
0 0.49700629711151123 0.6581113338470459 0.01979699730873108 0.026395996411641438
0 0.4967089295387268 0.5817846655845642 0.01979699730873108 0.026395996411641438
0 0.49642887711524963 0.5099011659622192 0.01979699730873108 0.026395996411641438
0 0.4961646795272827 0.44208377599716187 0.01979699730873108 0.026395996411641438
0 0.4959149956703186 0.3779970407485962 0.01979699730873108 0.026395996411641438
0 0.4209495782852173 0.8249858021736145 0.01979699730873108 0.026395996411641438
0 0.42306241393089294 0.738318681716919 0.01979699730873108 0.026395996411641438
0 0.425044447183609 0.6570175886154175 0.01979699730873108 0.026395996411641438
0 0.42690742015838623 0.5805990099906921 0.01979699730873108 0.026395996411641438
0 0.4286617934703827 0.5086359977722168 0.01979699730873108 0.026395996411641438
0 0.4303167760372162 0.4407499134540558 0.01979699730873108 0.026395996411641438
0 0.4318805932998657 0.3766038119792938 0.01979699730873108 0.026395996411641438
0 0.34396326541900635 0.8241180181503296 0.01979699730873108 0.026395996411641438
0 0.3485434949398041 0.7373277544975281 0.01979699730873108 0.026395996411641438
0 0.3528396487236023 0.655920147895813 0.01979699730873108 0.026395996411641438
0 0.3568773865699768 0.5794094800949097 0.01979699730873108 0.026395996411641438
0 0.3606793284416199 0.5073668360710144 0.01979699730873108 0.026395996411641438
0 0.3642655611038208 0.4394119083881378 0.01979699730873108 0.026395996411641438
0 0.36765390634536743 0.3752064108848572 0.01979699730873108 0.026395996411641438
0 0.2666994333267212 0.8232471346855164 0.01979699730873108 0.026395996411641438
0 0.27376455068588257 0.7363333702087402 0.01979699730873108 0.026395996411641438
0 0.28039073944091797 0.6548190116882324 0.01979699730873108 0.026395996411641438
0 0.2866176962852478 0.578216016292572 0.01979699730873108 0.026395996411641438
0 0.2924804389476776 0.5060936212539673 0.01979699730873108 0.026395996411641438
0 0.2980100214481354 0.43806979060173035 0.01979699730873108 0.026395996411641438
0 0.3032340407371521 0.37380483746528625 0.01979699730873108 0.026395996411641438