0 0.3335287868976593 0.6145217418670654 0.019802698865532875 0.026403598487377167
0 0.40841296315193176 0.6116510629653931 0.019802698865532875 0.026403598487377167
0 0.483358770608902 0.6087780594825745 0.019802698865532875 0.026403598487377167
0 0.5583662390708923 0.6059026718139648 0.019802698865532875 0.026403598487377167
0 0.6334354877471924 0.6030248403549194 0.019802698865532875 0.026403598487377167
0 0.7085665464401245 0.6001447439193726 0.019802698865532875 0.026403598487377167
0 0.783759593963623 0.5972622036933899 0.019802698865532875 0.026403598487377167
0 0.3390375077724457 0.5306336283683777 0.019802698865532875 0.026403598487377167
0 0.41022777557373047 0.5278717875480652 0.019802698865532875 0.026403598487377167
0 0.4814737141132355 0.5251078605651855 0.019802698865532875 0.026403598487377167
0 0.5527753829956055 0.522341787815094 0.019802698865532875 0.026403598487377167
0 0.6241328716278076 0.5195735096931458 0.019802698865532875 0.026403598487377167
0 0.6955462098121643 0.5168030261993408 0.019802698865532875 0.026403598487377167
0 0.7670155763626099 0.5140304565429688 0.019802698865532875 0.026403598487377167
0 0.3440282344818115 0.4546339809894562 0.019802698865532875 0.026403598487377167
0 0.41187185049057007 0.4519737958908081 0.019802698865532875 0.026403598487377167
0 0.47976604104042053 0.44931161403656006 0.019802698865532875 0.026403598487377167
0 0.5477108359336853 0.44664743542671204 0.019802698865532875 0.026403598487377167
0 0.6157063245773315 0.4439812898635864 0.019802698865532875 0.026403598487377167
0 0.6837525963783264 0.44131314754486084 0.019802698865532875 0.026403598487377167
0 0.7518495917320251 0.43864303827285767 0.019802698865532875 0.026403598487377167
0 0.34857070446014404 0.38546013832092285 0.019802698865532875 0.026403598487377167
0 0.41336822509765625 0.3828948438167572 0.019802698865532875 0.026403598487377167
0 0.4782118499279022 0.3803277015686035 0.019802698865532875 0.026403598487377167
0 0.5431016683578491 0.37775877118110657 0.019802698865532875 0.026403598487377167
0 0.6080377101898193 0.3751879632472992 0.019802698865532875 0.026403598487377167
0 0.67302006483078 0.37261536717414856 0.019802698865532875 0.026403598487377167
0 0.7380486726760864 0.3700408935546875 0.019802698865532875 0.026403598487377167
0 0.35272273421287537 0.32223206758499146 0.019802698865532875 0.026403598487377167
0 0.41473591327667236 0.31975552439689636 0.019802698865532875 0.026403598487377167
0 0.4767913520336151 0.31727728247642517 0.019802698865532875 0.026403598487377167
0 0.5388891100883484 0.31479737162590027 0.019802698865532875 0.026403598487377167
0 0.6010291576385498 0.31231576204299927 0.019802698865532875 0.026403598487377167
0 0.6632115840911865 0.30983245372772217 0.019802698865532875 0.026403598487377167
0 0.7254364490509033 0.30734744668006897 0.019802698865532875 0.026403598487377167
0 0.35653257369995117 0.26421472430229187 0.019802698865532875 0.026403598487377167
0 0.4159908890724182 0.26182132959365845 0.019802698865532875 0.026403598487377167
0 0.47548800706863403 0.2594263553619385 0.019802698865532875 0.026403598487377167
0 0.5350239872932434 0.25702983140945435 0.019802698865532875 0.026403598487377167
0 0.5945988893508911 0.25463172793388367 0.019802698865532875 0.026403598487377167
0 0.6542127728462219 0.25223204493522644 0.019802698865532875 0.026403598487377167
0 0.7138656377792358 0.24983081221580505 0.019802698865532875 0.026403598487377167
0 0.36004090309143066 0.21078947186470032 0.019802698865532875 0.026403598487377167
0 0.4171464741230011 0.2084740698337555 0.019802698865532875 0.026403598487377167
0 0.47428786754608154 0.20615720748901367 0.019802698865532875 0.026403598487377167
0 0.5314651131629944 0.20383889973163605 0.019802698865532875 0.026403598487377167
0 0.588678240776062 0.20151913166046143 0.019802698865532875 0.026403598487377167
0 0.6459273099899292 0.1991979032754898 0.019802698865532875 0.026403598487377167
0 0.7032123804092407 0.19687522947788239 0.019802698865532875 0.026403598487377167