0 0.7339546084403992 0.15429794788360596 0.020449168286803696 0.034320282439390816
0 0.6605580449104309 0.15410947799682617 0.020449168286803696 0.034320282439390816
0 0.5875312089920044 0.1539219617843628 0.020449168286803696 0.034320282439390816
0 0.5148714184761047 0.15373538434505463 0.020449168286803696 0.034320282439390816
0 0.4425758421421051 0.15354974567890167 0.020449168286803696 0.034320282439390816
0 0.3706417679786682 0.15336503088474274 0.020449168286803696 0.034320282439390816
0 0.2990665137767792 0.15318123996257782 0.020449168286803696 0.034320282439390816
0 0.7421702742576599 0.23481591045856476 0.020449168286803696 0.034320282439390816
0 0.6658630967140198 0.2344086617231369 0.020449168286803696 0.034320282439390816
0 0.5899555087089539 0.23400357365608215 0.020449168286803696 0.034320282439390816
0 0.5144443511962891 0.23360058665275574 0.020449168286803696 0.034320282439390816
0 0.4393264651298523 0.23319968581199646 0.020449168286803696 0.034320282439390816
0 0.3645988404750824 0.23280088603496552 0.020449168286803696 0.034320282439390816
0 0.2902584373950958 0.23240414261817932 0.020449168286803696 0.034320282439390816
0 0.7510610222816467 0.321950227022171 0.020449168286803696 0.034320282439390816
0 0.6716029644012451 0.32128822803497314 0.020449168286803696 0.034320282439390816
0 0.5925779342651367 0.3206298351287842 0.020449168286803696 0.034320282439390816
0 0.5139824748039246 0.31997501850128174 0.020449168286803696 0.034320282439390816
0 0.43581297993659973 0.31932374835014343 0.020449168286803696 0.034320282439390816
0 0.35806605219841003 0.3186759948730469 0.020449168286803696 0.034320282439390816
0 0.28073829412460327 0.3180317282676697 0.020449168286803696 0.034320282439390816
0 0.7607136368751526 0.416551411151886 0.020449168286803696 0.034320282439390816
0 0.6778332591056824 0.41559159755706787 0.020449168286803696 0.034320282439390816
0 0.5954238176345825 0.4146372079849243 0.020449168286803696 0.034320282439390816
0 0.5134813189506531 0.4136882722377777 0.020449168286803696 0.034320282439390816
0 0.4320017993450165 0.4127446711063385 0.020449168286803696 0.034320282439390816
0 0.35098135471343994 0.4118063747882843 0.020449168286803696 0.034320282439390816
0 0.2704160809516907 0.4108733534812927 0.020449168286803696 0.034320282439390816
0 0.7712304592132568 0.5196222066879272 0.020449168286803696 0.034320282439390816
0 0.6846197247505188 0.5183127522468567 0.020449168286803696 0.034320282439390816
0 0.5985230207443237 0.5170111060142517 0.020449168286803696 0.034320282439390816
0 0.5129357576370239 0.5157171487808228 0.020449168286803696 0.034320282439390816
0 0.42785346508026123 0.514430820941925 0.020449168286803696 0.034320282439390816
0 0.3432716727256775 0.5131520628929138 0.020449168286803696 0.034320282439390816
0 0.2591859996318817 0.5118808150291443 0.020449168286803696 0.034320282439390816
0 0.7827329635620117 0.6323533058166504 0.020449168286803696 0.034320282439390816
0 0.692040205001831 0.6306315064430237 0.020449168286803696 0.034320282439390816
0 0.6019108295440674 0.6289203763008118 0.020449168286803696 0.034320282439390816
0 0.5123394727706909 0.6272199153900146 0.020449168286803696 0.034320282439390816
0 0.42332109808921814 0.6255298852920532 0.020449168286803696 0.034320282439390816
0 0.3348505198955536 0.6238502860069275 0.020449168286803696 0.034320282439390816
0 0.24692271649837494 0.6221809387207031 0.020449168286803696 0.034320282439390816
0 0.7953665852546692 0.7561696171760559 0.020449168286803696 0.034320282439390816
0 0.7001880407333374 0.7539588212966919 0.020449168286803696 0.034320282439390816
0 0.6056296229362488 0.7517623901367188 0.020449168286803696 0.034320282439390816
0 0.5116851925849915 0.7495802640914917 0.020449168286803696 0.034320282439390816
0 0.4183488190174103 0.7474122643470764 0.020449168286803696 0.034320282439390816
0 0.3256146311759949 0.7452582120895386 0.020449168286803696 0.034320282439390816
0 0.23347683250904083 0.7431179881095886 0.020449168286803696 0.034320282439390816