0 0.6912434697151184 0.16019926965236664 0.025099975988268856 0.03346663465102514
0 0.6225505471229553 0.16406254470348358 0.025099975988268856 0.03346663465102514
0 0.554021954536438 0.16791656613349915 0.025099975988268856 0.03346663465102514
0 0.48565706610679626 0.1717613935470581 0.025099975988268856 0.03346663465102514
0 0.4174553453922272 0.17559704184532166 0.025099975988268856 0.03346663465102514
0 0.34941619634628296 0.17942355573177338 0.025099975988268856 0.03346663465102514
0 0.28153902292251587 0.18324095010757446 0.025099975988268856 0.03346663465102514
0 0.7022772431373596 0.22662881016731262 0.025099975988268856 0.03346663465102514
0 0.630281925201416 0.23059368133544922 0.025099975988268856 0.03346663465102514
0 0.5584670901298523 0.23454859852790833 0.025099975988268856 0.03346663465102514
0 0.48683202266693115 0.23849362134933472 0.025099975988268856 0.03346663465102514
0 0.41537606716156006 0.24242877960205078 0.025099975988268856 0.03346663465102514
0 0.3440985679626465 0.2463541030883789 0.025099975988268856 0.03346663465102514
0 0.2729988396167755 0.25026965141296387 0.025099975988268856 0.03346663465102514
0 0.7144219875335693 0.2997473180294037 0.025099975988268856 0.03346663465102514
0 0.6387907862663269 0.30381515622138977 0.025099975988268856 0.03346663465102514
0 0.5633586645126343 0.30787229537963867 0.025099975988268856 0.03346663465102514
0 0.488124817609787 0.3119187653064728 0.025099975988268856 0.03346663465102514
0 0.41308853030204773 0.31595462560653687 0.025099975988268856 0.03346663465102514
0 0.33824899792671204 0.31997987627983093 0.025099975988268856 0.03346663465102514
0 0.2636054456233978 0.32399460673332214 0.025099975988268856 0.03346663465102514
0 0.7278544306755066 0.3806186020374298 0.025099975988268856 0.03346663465102514
0 0.6482005715370178 0.3847895562648773 0.025099975988268856 0.03346663465102514
0 0.5687674283981323 0.3889489769935608 0.025099975988268856 0.03346663465102514
0 0.48955413699150085 0.3930968940258026 0.025099975988268856 0.03346663465102514
0 0.4105598032474518 0.39723333716392517 0.025099975988268856 0.03346663465102514
0 0.3317835032939911 0.40135836601257324 0.025099975988268856 0.03346663465102514
0 0.25322431325912476 0.4054720103740692 0.025099975988268856 0.03346663465102514
0 0.7427908778190613 0.4705447554588318 0.025099975988268856 0.03346663465102514
0 0.6586623787879944 0.4748171269893646 0.025099975988268856 0.03346663465102514
0 0.5747800469398499 0.47907698154449463 0.025099975988268856 0.03346663465102514
0 0.49114277958869934 0.48332440853118896 0.025099975988268856 0.03346663465102514
0 0.40774956345558167 0.48755943775177 0.025099975988268856 0.03346663465102514
0 0.32459932565689087 0.49178212881088257 0.025099975988268856 0.03346663465102514
0 0.241690993309021 0.4959925413131714 0.025099975988268856 0.03346663465102514
0 0.7594988942146301 0.5711367130279541 0.025099975988268856 0.03346663465102514
0 0.6703630685806274 0.5755059123039246 0.025099975988268856 0.03346663465102514
0 0.5815035700798035 0.579861581325531 0.025099975988268856 0.03346663465102514
0 0.4929189682006836 0.584203839302063 0.025099975988268856 0.03346663465102514
0 0.4046081006526947 0.588532567024231 0.025099975988268856 0.03346663465102514
0 0.31656965613365173 0.592848002910614 0.025099975988268856 0.03346663465102514
0 0.2288023829460144 0.5971501469612122 0.025099975988268856 0.03346663465102514
0 0.7783135175704956 0.6844116449356079 0.025099975988268856 0.03346663465102514
0 0.6835366487503052 0.6888689994812012 0.025099975988268856 0.03346663465102514
0 0.5890719890594482 0.6933116316795349 0.025099975988268856 0.03346663465102514
0 0.49491798877716064 0.6977397203445435 0.025099975988268856 0.03346663465102514
0 0.4010731279850006 0.702153205871582 0.025099975988268856 0.03346663465102514
0 0.307535856962204 0.706552267074585 0.025099975988268856 0.03346663465102514
0 0.21430468559265137 0.7109369039535522 0.025099975988268856 0.03346663465102514