0 0.30513420701026917 0.6469256281852722 0.020537903532385826 0.027383871376514435
0 0.3818223178386688 0.6458960175514221 0.020537903532385826 0.027383871376514435
0 0.4590260982513428 0.6448594331741333 0.020537903532385826 0.027383871376514435
0 0.5367507338523865 0.6438158750534058 0.020537903532385826 0.027383871376514435
0 0.6150015592575073 0.6427652835845947 0.020537903532385826 0.027383871376514435
0 0.6937838196754456 0.6417075395584106 0.020537903532385826 0.027383871376514435
0 0.7731030583381653 0.6406425833702087 0.020537903532385826 0.027383871376514435
0 0.31502988934516907 0.5574724674224854 0.020537903532385826 0.027383871376514435
0 0.3880924582481384 0.5562065243721008 0.020537903532385826 0.027383871376514435
0 0.46162283420562744 0.5549324154853821 0.020537903532385826 0.027383871376514435
0 0.5356254577636719 0.5536502003669739 0.020537903532385826 0.027383871376514435
0 0.6101049184799194 0.5523596405982971 0.020537903532385826 0.027383871376514435
0 0.6850658059120178 0.5510607957839966 0.020537903532385826 0.027383871376514435
0 0.7605128884315491 0.5497534871101379 0.020537903532385826 0.027383871376514435
0 0.3240274488925934 0.4761379659175873 0.020537903532385826 0.027383871376514435
0 0.3937917947769165 0.47468191385269165 0.020537903532385826 0.027383871376514435
0 0.4639824330806732 0.4732169508934021 0.020537903532385826 0.027383871376514435
0 0.5346032381057739 0.47174301743507385 0.020537903532385826 0.027383871376514435
0 0.6056581735610962 0.47025999426841736 0.020537903532385826 0.027383871376514435
0 0.6771512031555176 0.46876785159111023 0.020537903532385826 0.027383871376514435
0 0.7490865588188171 0.4672664999961853 0.020537903532385826 0.027383871376514435
0 0.3322438597679138 0.40186482667922974 0.020537903532385826 0.027383871376514435
0 0.39899489283561707 0.40025579929351807 0.020537903532385826 0.027383871376514435
0 0.46613597869873047 0.3986373543739319 0.020537903532385826 0.027383871376514435
0 0.5336705446243286 0.3970094323158264 0.020537903532385826 0.027383871376514435
0 0.6016020178794861 0.3953719437122345 0.020537903532385826 0.027383871376514435
0 0.6699339151382446 0.39372479915618896 0.020537903532385826 0.027383871376514435
0 0.7386698126792908 0.39206793904304504 0.020537903532385826 0.027383871376514435
0 0.3397766053676605 0.3337717056274414 0.020537903532385826 0.027383871376514435
0 0.4037638306617737 0.3320397436618805 0.020537903532385826 0.027383871376514435
0 0.4681093394756317 0.3302980363368988 0.020537903532385826 0.027383871376514435
0 0.5328160524368286 0.32854658365249634 0.020537903532385826 0.027383871376514435
0 0.5978871583938599 0.32678526639938354 0.020537903532385826 0.027383871376514435
0 0.6633256077766418 0.32501399517059326 0.020537903532385826 0.027383871376514435
0 0.7291345596313477 0.3232326805591583 0.020537903532385826 0.027383871376514435
0 0.34670761227607727 0.2711181342601776 0.020537903532385826 0.027383871376514435
0 0.4081507921218872 0.2692876160144806 0.020537903532385826 0.027383871376514435
0 0.4699242115020752 0.26744726300239563 0.020537903532385826 0.027383871376514435
0 0.532030463218689 0.26559698581695557 0.020537903532385826 0.027383871376514435
0 0.5944722294807434 0.2637367248535156 0.020537903532385826 0.027383871376514435
0 0.657252311706543 0.26186639070510864 0.020537903532385826 0.027383871376514435
0 0.7203734517097473 0.25998586416244507 0.020537903532385826 0.027383871376514435
0 0.35310620069503784 0.21327731013298035 0.020537903532385826 0.027383871376514435
0 0.4121999144554138 0.21136824786663055 0.020537903532385826 0.027383871376514435
0 0.47159892320632935 0.20944932103157043 0.020537903532385826 0.027383871376514435
0 0.5313056111335754 0.2075204700231552 0.020537903532385826 0.027383871376514435
0 0.5913224220275879 0.20558159053325653 0.020537903532385826 0.027383871376514435
0 0.6516516208648682 0.20363260805606842 0.020537903532385826 0.027383871376514435
0 0.7122958302497864 0.2016734629869461 0.020537903532385826 0.027383871376514435