0 0.7215861678123474 0.2601551413536072 0.03375005473693212 0.03375005473693212
0 0.6365586519241333 0.2581246793270111 0.03375005473693212 0.03375005473693212
0 0.5533080697059631 0.2561366558074951 0.03375005473693212 0.03375005473693212
0 0.47177931666374207 0.25418972969055176 0.03375005473693212 0.03375005473693212
0 0.3919195234775543 0.25228267908096313 0.03375005473693212 0.03375005473693212
0 0.31367796659469604 0.25041425228118896 0.03375005473693212 0.03375005473693212
0 0.23700596392154694 0.2485833317041397 0.03375005473693212 0.03375005473693212
0 0.719673752784729 0.3336011469364166 0.03375005473693212 0.03375005473693212
0 0.6320458650588989 0.3307086229324341 0.03375005473693212 0.03375005473693212
0 0.5463051199913025 0.3278783857822418 0.03375005473693212 0.03375005473693212
0 0.4623912274837494 0.32510843873023987 0.03375005473693212 0.03375005473693212
0 0.3802464008331299 0.3223969042301178 0.03375005473693212 0.03375005473693212
0 0.29981529712677 0.3197419345378876 0.03375005473693212 0.03375005473693212
0 0.22104480862617493 0.3171417713165283 0.03375005473693212 0.03375005473693212
0 0.7176382541656494 0.4117725193500519 0.03375005473693212 0.03375005473693212
0 0.6272459626197815 0.407910019159317 0.03375005473693212 0.03375005473693212
0 0.5388616323471069 0.40413329005241394 0.03375005473693212 0.03375005473693212
0 0.4524190425872803 0.4004395604133606 0.03375005473693212 0.03375005473693212
0 0.36785489320755005 0.3968260884284973 0.03375005473693212 0.03375005473693212
0 0.28510862588882446 0.39329028129577637 0.03375005473693212 0.03375005473693212
0 0.20412227511405945 0.38982969522476196 0.03375005473693212 0.03375005473693212
0 0.7154673933982849 0.4951404333114624 0.03375005473693212 0.03375005473693212
0 0.6221306920051575 0.49018391966819763 0.03375005473693212 0.03375005473693212
0 0.5309346914291382 0.4853411018848419 0.03375005473693212 0.03375005473693212
0 0.44180646538734436 0.4806080758571625 0.03375005473693212 0.03375005473693212
0 0.35467657446861267 0.4759811758995056 0.03375005473693212 0.03375005473693212
0 0.26947852969169617 0.4714568555355072 0.03375005473693212 0.03375005473693212
0 0.18614879250526428 0.4670317471027374 0.03375005473693212 0.03375005473693212
0 0.7131473422050476 0.5842409133911133 0.03375005473693212 0.03375005473693212
0 0.6166679263114929 0.5780473351478577 0.03375005473693212 0.03375005473693212
0 0.52247554063797 0.5720005631446838 0.03375005473693212 0.03375005473693212
0 0.43048980832099915 0.5660954117774963 0.03375005473693212 0.03375005473693212
0 0.3406340777873993 0.5603270530700684 0.03375005473693212 0.03375005473693212
0 0.2528351843357086 0.5546907186508179 0.03375005473693212 0.03375005473693212
0 0.16702331602573395 0.5491819381713867 0.03375005473693212 0.03375005473693212
0 0.7106620073318481 0.6796861886978149 0.03375005473693212 0.03375005473693212
0 0.610821008682251 0.6720897555351257 0.03375005473693212 0.03375005473693212
0 0.5134288668632507 0.6646796464920044 0.03375005473693212 0.03375005473693212
0 0.41839659214019775 0.6574490666389465 0.03375005473693212 0.03375005473693212
0 0.3256394565105438 0.6503916382789612 0.03375005473693212 0.03375005473693212
0 0.23507674038410187 0.6435011625289917 0.03375005473693212 0.03375005473693212
0 0.14663146436214447 0.6367717385292053 0.03375005473693212 0.03375005473693212
0 0.70799320936203 0.7821791172027588 0.03375005473693212 0.03375005473693212
0 0.6045478582382202 0.772986888885498 0.03375005473693212 0.03375005473693212
0 0.5037311315536499 0.7640282511711121 0.03375005473693212 0.03375005473693212
0 0.40544402599334717 0.7552943825721741 0.03375005473693212 0.03375005473693212
0 0.3095925450325012 0.7467769384384155 0.03375005473693212 0.03375005473693212
0 0.21608728170394897 0.7384679317474365 0.03375005473693212 0.03375005473693212
0 0.12484311312437057 0.7303599119186401 0.03375005473693212 0.03375005473693212