0 0.7299346923828125 0.17945444583892822 0.025273062288761142 0.033697416385014854
0 0.6621531248092651 0.17643983662128448 0.025273062288761142 0.033697416385014854
0 0.5941550135612488 0.17341558635234833 0.025273062288761142 0.033697416385014854
0 0.5259391665458679 0.17038166522979736 0.025273062288761142 0.033697416385014854
0 0.45750463008880615 0.16733801364898682 0.025273062288761142 0.033697416385014854
0 0.3888503313064575 0.1642845869064331 0.025273062288761142 0.033697416385014854
0 0.31997519731521606 0.16122134029865265 0.025273062288761142 0.033697416385014854
0 0.7410257458686829 0.2437835931777954 0.025273062288761142 0.033697416385014854
0 0.6699845194816589 0.24073077738285065 0.025273062288761142 0.033697416385014854
0 0.5987052321434021 0.2376677244901657 0.025273062288761142 0.033697416385014854
0 0.5271866917610168 0.2345944046974182 0.025273062288761142 0.033697416385014854
0 0.45542770624160767 0.23151074349880219 0.025273062288761142 0.033697416385014854
0 0.38342708349227905 0.22841669619083405 0.025273062288761142 0.033697416385014854
0 0.3111835718154907 0.2253122180700302 0.025273062288761142 0.033697416385014854
0 0.7532421946525574 0.314640074968338 0.025273062288761142 0.033697416385014854
0 0.6786118745803833 0.3115566372871399 0.025273062288761142 0.033697416385014854
0 0.6037187576293945 0.30846235156059265 0.025273062288761142 0.033697416385014854
0 0.5285614728927612 0.3053571283817291 0.025273062288761142 0.033697416385014854
0 0.4531385600566864 0.30224093794822693 0.025273062288761142 0.033697416385014854
0 0.3774486780166626 0.29911375045776367 0.025273062288761142 0.033697416385014854
0 0.3014903962612152 0.2959754467010498 0.025273062288761142 0.033697416385014854
0 0.7667644023895264 0.3930704593658447 0.025273062288761142 0.033697416385014854
0 0.6881631016731262 0.389967143535614 0.025273062288761142 0.033697416385014854
0 0.6092701554298401 0.38685232400894165 0.025273062288761142 0.033697416385014854
0 0.5300840139389038 0.38372594118118286 0.025273062288761142 0.033697416385014854
0 0.4506029188632965 0.3805878758430481 0.025273062288761142 0.033697416385014854
0 0.37082529067993164 0.37743812799453735 0.025273062288761142 0.033697416385014854
0 0.2907494604587555 0.37427660822868347 0.025273062288761142 0.033697416385014854
0 0.7818136811256409 0.48035770654678345 0.025273062288761142 0.033697416385014854
0 0.6987950801849365 0.4772495925426483 0.025273062288761142 0.033697416385014854
0 0.6154509782791138 0.474129319190979 0.025273062288761142 0.033697416385014854
0 0.5317794680595398 0.47099676728248596 0.025273062288761142 0.033697416385014854
0 0.4477786719799042 0.4678518772125244 0.025273062288761142 0.033697416385014854
0 0.36344659328460693 0.464694619178772 0.025273062288761142 0.033697416385014854
0 0.2787812352180481 0.4615248441696167 0.025273062288761142 0.033697416385014854
0 0.7986640930175781 0.5780918002128601 0.025273062288761142 0.033697416385014854
0 0.710702121257782 0.574999988079071 0.025273062288761142 0.033697416385014854
0 0.6223745942115784 0.5718953609466553 0.025273062288761142 0.033697416385014854
0 0.533679187297821 0.5687777400016785 0.025273062288761142 0.033697416385014854
0 0.44461357593536377 0.5656471252441406 0.025273062288761142 0.033697416385014854
0 0.35517552495002747 0.562503457069397 0.025273062288761142 0.033697416385014854
0 0.26536262035369873 0.559346616268158 0.025273062288761142 0.033697416385014854
0 0.8176596164703369 0.6882676482200623 0.025273062288761142 0.033697416385014854
0 0.7241283655166626 0.6852216720581055 0.025273062288761142 0.033697416385014854
0 0.6301834583282471 0.6821622252464294 0.025273062288761142 0.033697416385014854
0 0.5358222723007202 0.6790891885757446 0.025273062288761142 0.033697416385014854
0 0.4410420060157776 0.676002562046051 0.025273062288761142 0.033697416385014854
0 0.34583979845046997 0.6729021072387695 0.025273062288761142 0.033697416385014854
0 0.2502129077911377 0.6697878837585449 0.025273062288761142 0.033697416385014854