0 0.6553993225097656 0.18239571154117584 0.025306874886155132 0.03374249984820684
0 0.5899675488471985 0.18489159643650055 0.025306874886155132 0.03374249984820684
0 0.5233771204948425 0.1874316781759262 0.025306874886155132 0.03374249984820684
0 0.4555969536304474 0.19001714885234833 0.025306874886155132 0.03374249984820684
0 0.3865949213504791 0.1926492154598236 0.025306874886155132 0.03374249984820684
0 0.3163376748561859 0.19532915949821472 0.025306874886155132 0.03374249984820684
0 0.24479065835475922 0.1980583220720291 0.025306874886155132 0.03374249984820684
0 0.6701489686965942 0.24449072778224945 0.025306874886155132 0.03374249984820684
0 0.6017516851425171 0.24767568707466125 0.025306874886155132 0.03374249984820684
0 0.5320852994918823 0.25091972947120667 0.025306874886155132 0.03374249984820684
0 0.46111419796943665 0.254224568605423 0.025306874886155132 0.03374249984820684
0 0.38880130648612976 0.2575918436050415 0.025306874886155132 0.03374249984820684
0 0.3151082694530487 0.2610234022140503 0.025306874886155132 0.03374249984820684
0 0.23999515175819397 0.2645210921764374 0.025306874886155132 0.03374249984820684
0 0.6863521933555603 0.3127053678035736 0.025306874886155132 0.03374249984820684
0 0.614708423614502 0.3167070150375366 0.025306874886155132 0.03374249984820684
0 0.5416684746742249 0.32078665494918823 0.025306874886155132 0.03374249984820684
0 0.467191219329834 0.3249465525150299 0.025306874886155132 0.03374249984820684
0 0.39123380184173584 0.32918915152549744 0.025306874886155132 0.03374249984820684
0 0.31375160813331604 0.3335168957710266 0.025306874886155132 0.03374249984820684
0 0.23469828069210052 0.33793240785598755 0.025306874886155132 0.03374249984820684
0 0.7042350769042969 0.38799116015434265 0.025306874886155132 0.03374249984820684
0 0.6290218830108643 0.3929668366909027 0.025306874886155132 0.03374249984820684
0 0.5522654056549072 0.3980445861816406 0.025306874886155132 0.03374249984820684
0 0.47391781210899353 0.4032275974750519 0.025306874886155132 0.03374249984820684
0 0.39392897486686707 0.4085192084312439 0.025306874886155132 0.03374249984820684
0 0.3122468590736389 0.41392281651496887 0.025306874886155132 0.03374249984820684
0 0.22881710529327393 0.4194420576095581 0.025306874886155132 0.03374249984820684
0 0.724073052406311 0.471507728099823 0.025306874886155132 0.03374249984820684
0 0.6449169516563416 0.47765323519706726 0.025306874886155132 0.03374249984820684
0 0.5640460252761841 0.48393186926841736 0.025306874886155132 0.03374249984820684
0 0.4814039170742035 0.49034804105758667 0.025306874886155132 0.03374249984820684
0 0.39693188667297363 0.49690625071525574 0.025306874886155132 0.03374249984820684
0 0.3105684220790863 0.5036113262176514 0.025306874886155132 0.03374249984820684
0 0.22224926948547363 0.5104682445526123 0.025306874886155132 0.03374249984820684
0 0.7462052702903748 0.5646828413009644 0.025306874886155132 0.03374249984820684
0 0.6626710891723633 0.5722445845603943 0.025306874886155132 0.03374249984820684
0 0.5772202610969543 0.5799798369407654 0.025306874886155132 0.03374249984820684
0 0.48978593945503235 0.5878946185112 0.025306874886155132 0.03374249984820684
0 0.4002983868122101 0.5959952473640442 0.025306874886155132 0.03374249984820684
0 0.3086843192577362 0.6042883992195129 0.025306874886155132 0.03374249984820684
0 0.21486707031726837 0.6127809882164001 0.025306874886155132 0.03374249984820684
0 0.7710540890693665 0.6692949533462524 0.025306874886155132 0.03374249984820684
0 0.6826307773590088 0.6785866022109985 0.025306874886155132 0.03374249984820684
0 0.5920510292053223 0.6881048679351807 0.025306874886155132 0.03374249984820684
0 0.4992349445819855 0.6978580951690674 0.025306874886155132 0.03374249984820684
0 0.4040987491607666 0.7078551650047302 0.025306874886155132 0.03374249984820684
0 0.30655431747436523 0.7181052565574646 0.025306874886155132 0.03374249984820684
0 0.2065090388059616 0.7286182045936584 0.025306874886155132 0.03374249984820684