0 0.7133341431617737 0.2896178662776947 0.031354953845342 0.031354953845342
0 0.6453871726989746 0.2901385426521301 0.031354953845342 0.031354953845342
0 0.5774347186088562 0.29065924882888794 0.031354953845342 0.031354953845342
0 0.5094768404960632 0.2911800146102905 0.031354953845342 0.031354953845342
0 0.4415135383605957 0.2917007803916931 0.031354953845342 0.031354953845342
0 0.3735447824001312 0.29222163558006287 0.031354953845342 0.031354953845342
0 0.3055706024169922 0.292742520570755 0.031354953845342 0.031354953845342
0 0.7222399711608887 0.34331005811691284 0.031354953845342 0.031354953845342
0 0.6514888405799866 0.3438544273376465 0.031354953845342 0.031354953845342
0 0.5807318687438965 0.3443988859653473 0.031354953845342 0.031354953845342
0 0.5099689364433289 0.3449433743953705 0.031354953845342 0.031354953845342
0 0.43920013308525085 0.34548789262771606 0.031354953845342 0.031354953845342
0 0.3684254288673401 0.3460324704647064 0.031354953845342 0.031354953845342
0 0.29764482378959656 0.34657710790634155 0.031354953845342 0.031354953845342
0 0.7319125533103943 0.4016250967979431 0.031354953845342 0.031354953845342
0 0.6581159234046936 0.40219545364379883 0.031354953845342 0.031354953845342
0 0.5843128561973572 0.4027658700942993 0.031354953845342 0.031354953845342
0 0.5105034112930298 0.4033363461494446 0.031354953845342 0.031354953845342
0 0.43668749928474426 0.40390685200691223 0.031354953845342 0.031354953845342
0 0.3628652095794678 0.40447741746902466 0.031354953845342 0.031354953845342
0 0.28903648257255554 0.40504804253578186 0.031354953845342 0.031354953845342
0 0.7424554824829102 0.4651868939399719 0.031354953845342 0.031354953845342
0 0.6653392910957336 0.46578580141067505 0.031354953845342 0.031354953845342
0 0.5882161259651184 0.46638476848602295 0.031354953845342 0.031354953845342
0 0.5110859870910645 0.4669837951660156 0.031354953845342 0.031354953845342
0 0.4339487850666046 0.4675828814506531 0.031354953845342 0.031354953845342
0 0.35680457949638367 0.4681820273399353 0.031354953845342 0.031354953845342
0 0.2796533703804016 0.4687812030315399 0.031354953845342 0.031354953845342
0 0.7539916038513184 0.5347369313240051 0.031354953845342 0.031354953845342
0 0.6732432246208191 0.5353673696517944 0.031354953845342 0.031354953845342
0 0.5924871563911438 0.5359978675842285 0.031354953845342 0.031354953845342
0 0.5117233991622925 0.5366284251213074 0.031354953845342 0.031354953845342
0 0.4309519827365875 0.537259042263031 0.031354953845342 0.031354953845342
0 0.35017284750938416 0.5378897190093994 0.031354953845342 0.031354953845342
0 0.26938605308532715 0.5385204553604126 0.031354953845342 0.031354953845342
0 0.7666682600975037 0.6111632585525513 0.031354953845342 0.031354953845342
0 0.6819286346435547 0.6118286848068237 0.031354953845342 0.031354953845342
0 0.5971804857254028 0.612494170665741 0.031354953845342 0.031354953845342
0 0.5124238729476929 0.613159716129303 0.031354953845342 0.031354953845342
0 0.4276588261127472 0.6138253211975098 0.031354953845342 0.031354953845342
0 0.3428853154182434 0.6144909858703613 0.031354953845342 0.031354953845342
0 0.25810331106185913 0.6151567697525024 0.031354953845342 0.031354953845342
0 0.7806634902954102 0.6955386400222778 0.031354953845342 0.031354953845342
0 0.6915174126625061 0.6962431073188782 0.031354953845342 0.031354953845342
0 0.6023620367050171 0.6969476342201233 0.031354953845342 0.031354953845342
0 0.5131972432136536 0.697652280330658 0.031354953845342 0.031354953845342
0 0.4240230917930603 0.6983569264411926 0.031354953845342 0.031354953845342
0 0.3348395824432373 0.6990616917610168 0.031354953845342 0.031354953845342
0 0.24564668536186218 0.6997665166854858 0.031354953845342 0.031354953845342