0 0.24765515327453613 0.16132889688014984 0.03623071312904358 0.03623071312904358
0 0.3251451551914215 0.15887612104415894 0.03623071312904358 0.03623071312904358
0 0.40275585651397705 0.1564195454120636 0.03623071312904358 0.03623071312904358
0 0.48048755526542664 0.15395912528038025 0.03623071312904358 0.03623071312904358
0 0.5583404898643494 0.15149487555027008 0.03623071312904358 0.03623071312904358
0 0.6363149881362915 0.1490267664194107 0.03623071312904358 0.03623071312904358
0 0.7144112586975098 0.14655481278896332 0.03623071312904358 0.03623071312904358
0 0.23745575547218323 0.21582850813865662 0.03623071312904358 0.03623071312904358
0 0.31820958852767944 0.21331636607646942 0.03623071312904358 0.03623071312904358
0 0.39909449219703674 0.2108001559972763 0.03623071312904358 0.03623071312904358
0 0.4801108241081238 0.20827984809875488 0.03623071312904358 0.03623071312904358
0 0.5612589120864868 0.20575545728206635 0.03623071312904358 0.03623071312904358
0 0.6425389647483826 0.2032269388437271 0.03623071312904358 0.03623071312904358
0 0.7239514589309692 0.20069430768489838 0.03623071312904358 0.03623071312904358
0 0.22635780274868011 0.2751295566558838 0.03623071312904358 0.03623071312904358
0 0.31066247820854187 0.2725569009780884 0.03623071312904358 0.03623071312904358
0 0.39511001110076904 0.2699798345565796 0.03623071312904358 0.03623071312904358
0 0.47970083355903625 0.2673984467983246 0.03623071312904358 0.03623071312904358
0 0.5644352436065674 0.2648126482963562 0.03623071312904358 0.03623071312904358
0 0.6493136882781982 0.2622224688529968 0.03623071312904358 0.03623071312904358
0 0.7343364357948303 0.2596278786659241 0.03623071312904358 0.03623071312904358
0 0.2142370641231537 0.3398958146572113 0.03623071312904358 0.03623071312904358
0 0.30241918563842773 0.3372618556022644 0.03623071312904358 0.03623071312904358
0 0.39075767993927 0.33462321758270264 0.03623071312904358 0.03623071312904358
0 0.47925296425819397 0.331979900598526 0.03623071312904358 0.03623071312904358
0 0.5679054260253906 0.3293318748474121 0.03623071312904358 0.03623071312904358
0 0.6567155122756958 0.32667917013168335 0.03623071312904358 0.03623071312904358
0 0.7456836700439453 0.32402172684669495 0.03623071312904358 0.03623071312904358
0 0.20094530284404755 0.4109192490577698 0.03623071312904358 0.03623071312904358
0 0.2933787703514099 0.4082238972187042 0.03623071312904358 0.03623071312904358
0 0.38598406314849854 0.40552350878715515 0.03623071312904358 0.03623071312904358
0 0.4787616729736328 0.40281811356544495 0.03623071312904358 0.03623071312904358
0 0.571712076663971 0.4001076817512512 0.03623071312904358 0.03623071312904358
0 0.6648358106613159 0.3973921835422516 0.03623071312904358 0.03623071312904358
0 0.7581332325935364 0.39467164874076843 0.03623071312904358 0.03623071312904358
0 0.1863042265176773 0.4891526699066162 0.03623071312904358 0.03623071312904358
0 0.2834196984767914 0.4863967299461365 0.03623071312904358 0.03623071312904358
0 0.3807249069213867 0.4836353659629822 0.03623071312904358 0.03623071312904358
0 0.4782204031944275 0.4808686077594757 0.03623071312904358 0.03623071312904358
0 0.5759066939353943 0.47809645533561707 0.03623071312904358 0.03623071312904358
0 0.6737844347953796 0.47531887888908386 0.03623071312904358 0.03623071312904358
0 0.7718541026115417 0.4725358188152313 0.03623071312904358 0.03623071312904358
0 0.17009738087654114 0.5757527351379395 0.03623071312904358 0.03623071312904358
0 0.2723945081233978 0.5729382634162903 0.03623071312904358 0.03623071312904358
0 0.3749021589756012 0.5701180100440979 0.03623071312904358 0.03623071312904358
0 0.47762104868888855 0.5672919750213623 0.03623071312904358 0.03623071312904358
0 0.5805517435073853 0.5644600987434387 0.03623071312904358 0.03623071312904358
0 0.6836950182914734 0.5616223216056824 0.03623071312904358 0.03623071312904358
0 0.7870514392852783 0.5587787628173828 0.03623071312904358 0.03623071312904358