0 0.33542653918266296 0.39280936121940613 0.01921756938099861 0.025623425841331482
0 0.33002063632011414 0.4493437111377716 0.01921756938099861 0.025623425841331482
0 0.3242873251438141 0.5093023180961609 0.01921756938099861 0.025623425841331482
0 0.3181958794593811 0.5730060338973999 0.01921756938099861 0.025623425841331482
0 0.31171169877052307 0.6408169865608215 0.01921756938099861 0.025623425841331482
0 0.3047955334186554 0.7131457328796387 0.01921756938099861 0.025623425841331482
0 0.2974027097225189 0.7904592752456665 0.01921756938099861 0.025623425841331482
0 0.3964202404022217 0.39386510848999023 0.01921756938099861 0.025623425841331482
0 0.3928021192550659 0.4505104422569275 0.01921756938099861 0.025623425841331482
0 0.38896453380584717 0.5105917453765869 0.01921756938099861 0.025623425841331482
0 0.3848869204521179 0.5744314789772034 0.01921756938099861 0.025623425841331482
0 0.380545973777771 0.6423936486244202 0.01921756938099861 0.025623425841331482
0 0.3759153485298157 0.7148908972740173 0.01921756938099861 0.025623425841331482
0 0.37096506357192993 0.7923927903175354 0.01921756938099861 0.025623425841331482
0 0.45758166909217834 0.39492374658584595 0.01921756938099861 0.025623425841331482
0 0.4557613432407379 0.4516804814338684 0.01921756938099861 0.025623425841331482
0 0.45383045077323914 0.5118849873542786 0.01921756938099861 0.025623425841331482
0 0.4517785906791687 0.5758612155914307 0.01921756938099861 0.025623425841331482
0 0.44959402084350586 0.6439751982688904 0.01921756938099861 0.025623425841331482
0 0.4472634196281433 0.7166416049003601 0.01921756938099861 0.025623425841331482
0 0.4447716772556305 0.79433274269104 0.01921756938099861 0.025623425841331482
0 0.5189115405082703 0.39598530530929565 0.01921756938099861 0.025623425841331482
0 0.5188990831375122 0.45285382866859436 0.01921756938099861 0.025623425841331482
0 0.5188858509063721 0.5131819844245911 0.01921756938099861 0.025623425841331482
0 0.5188717842102051 0.5772953033447266 0.01921756938099861 0.025623425841331482
0 0.5188568234443665 0.6455616354942322 0.01921756938099861 0.025623425841331482
0 0.5188409090042114 0.7183979749679565 0.01921756938099861 0.025623425841331482
0 0.5188238024711609 0.7962791323661804 0.01921756938099861 0.025623425841331482
0 0.5804105401039124 0.39704981446266174 0.01921756938099861 0.025623425841331482
0 0.5822160840034485 0.45403051376342773 0.01921756938099861 0.025623425841331482
0 0.5841315984725952 0.5144827365875244 0.01921756938099861 0.025623425841331482
0 0.5861675143241882 0.5787336826324463 0.01921756938099861 0.025623425841331482
0 0.5883354544639587 0.6471530199050903 0.01921756938099861 0.025623425841331482
0 0.5906488299369812 0.7201600074768066 0.01921756938099861 0.025623425841331482
0 0.593122661113739 0.7982320189476013 0.01921756938099861 0.025623425841331482
0 0.6420794129371643 0.3981172442436218 0.01921756938099861 0.025623425841331482
0 0.6457130908966064 0.4552105665206909 0.01921756938099861 0.025623425841331482
0 0.649568498134613 0.5157873630523682 0.01921756938099861 0.025623425841331482
0 0.6536665558815002 0.5801764130592346 0.01921756938099861 0.025623425841331482
0 0.6580309271812439 0.6487493515014648 0.01921756938099861 0.025623425841331482
0 0.6626883745193481 0.7219277024269104 0.01921756938099861 0.025623425841331482
0 0.6676694750785828 0.8001914024353027 0.01921756938099861 0.025623425841331482
0 0.7039187550544739 0.3991876244544983 0.01921756938099861 0.025623425841331482
0 0.7093909382820129 0.4563939571380615 0.01921756938099861 0.025623425841331482
0 0.7151974439620972 0.5170957446098328 0.01921756938099861 0.025623425841331482
0 0.7213699817657471 0.5816234946250916 0.01921756938099861 0.025623425841331482
0 0.7279441952705383 0.6503506898880005 0.01921756938099861 0.025623425841331482
0 0.7349606156349182 0.7237010598182678 0.01921756938099861 0.025623425841331482
0 0.7424654364585876 0.8021573424339294 0.01921756938099861 0.025623425841331482