0 0.23540647327899933 0.652379035949707 0.03349359085162481 0.03349359085162481
0 0.3331994116306305 0.652569055557251 0.03349359085162481 0.03349359085162481
0 0.43061962723731995 0.6527584195137024 0.03349359085162481 0.03349359085162481
0 0.5276692509651184 0.6529470086097717 0.03349359085162481 0.03349359085162481
0 0.6243504285812378 0.6531349420547485 0.03349359085162481 0.03349359085162481
0 0.7206651568412781 0.6533221006393433 0.03349359085162481 0.03349359085162481
0 0.8166155815124512 0.6535086035728455 0.03349359085162481 0.03349359085162481
0 0.24513012170791626 0.5597790479660034 0.03349359085162481 0.03349359085162481
0 0.33950045704841614 0.560133159160614 0.03349359085162481 0.03349359085162481
0 0.43352362513542175 0.5604858994483948 0.03349359085162481 0.03349359085162481
0 0.5272015333175659 0.5608373880386353 0.03349359085162481 0.03349359085162481
0 0.6205360293388367 0.5611876249313354 0.03349359085162481 0.03349359085162481
0 0.713529109954834 0.5615365505218506 0.03349359085162481 0.03349359085162481
0 0.8061825037002563 0.5618841648101807 0.03349359085162481 0.03349359085162481
0 0.2541983127593994 0.47342103719711304 0.03349359085162481 0.03349359085162481
0 0.34537750482559204 0.47391700744628906 0.03349359085162481 0.03349359085162481
0 0.4362325370311737 0.4744111895561218 0.03349359085162481 0.03349359085162481
0 0.5267651081085205 0.4749036431312561 0.03349359085162481 0.03349359085162481
0 0.6169769763946533 0.4753943383693695 0.03349359085162481 0.03349359085162481
0 0.7068697810173035 0.4758833050727844 0.03349359085162481 0.03349359085162481
0 0.7964453101158142 0.47637054324150085 0.03349359085162481 0.03349359085162481
0 0.2626751661300659 0.3926944434642792 0.03349359085162481 0.03349359085162481
0 0.3508719801902771 0.39331334829330444 0.03349359085162481 0.03349359085162481
0 0.43876543641090393 0.3939301073551178 0.03349359085162481 0.03349359085162481
0 0.5263570547103882 0.3945447504520416 0.03349359085162481 0.03349359085162481
0 0.6136484146118164 0.3951573073863983 0.03349359085162481 0.03349359085162481
0 0.7006410360336304 0.3957677483558655 0.03349359085162481 0.03349359085162481
0 0.7873364686965942 0.3963761329650879 0.03349359085162481 0.03349359085162481
0 0.27061671018600464 0.3170658051967621 0.03349359085162481 0.03349359085162481
0 0.35602006316185 0.3177913725376129 0.03349359085162481 0.03349359085162481
0 0.44113889336586 0.31851455569267273 0.03349359085162481 0.03349359085162481
0 0.5259746313095093 0.31923529505729675 0.03349359085162481 0.03349359085162481
0 0.6105286478996277 0.31995368003845215 0.03349359085162481 0.03349359085162481
0 0.6948024034500122 0.32066965103149414 0.03349359085162481 0.03349359085162481
0 0.7787972092628479 0.3213832676410675 0.03349359085162481 0.03349359085162481
0 0.2780720889568329 0.24606700241565704 0.03349359085162481 0.03349359085162481
0 0.36085349321365356 0.2468852549791336 0.03349359085162481 0.03349359085162481
0 0.44336754083633423 0.24770087003707886 0.03349359085162481 0.03349359085162481
0 0.5256155133247375 0.2485138475894928 0.03349359085162481 0.03349359085162481
0 0.6075986623764038 0.24932420253753662 0.03349359085162481 0.03349359085162481
0 0.6893182992935181 0.2501319646835327 0.03349359085162481 0.03349359085162481
0 0.7707756757736206 0.2509371340274811 0.03349359085162481 0.03349359085162481
0 0.28508460521698 0.17928552627563477 0.03349359085162481 0.03349359085162481
0 0.3654002547264099 0.18018433451652527 0.03349359085162481 0.03349359085162481
0 0.44546419382095337 0.18108032643795013 0.03349359085162481 0.03349359085162481
0 0.5252776145935059 0.18197350203990936 0.03349359085162481 0.03349359085162481
0 0.6048415899276733 0.18286390602588654 0.03349359085162481 0.03349359085162481
0 0.6841573715209961 0.18375152349472046 0.03349359085162481 0.03349359085162481
0 0.7632261514663696 0.18463636934757233 0.03349359085162481 0.03349359085162481