0 0.7318994402885437 0.15366177260875702 0.020252149003661343 0.03398962070544561
0 0.6593734622001648 0.15356838703155518 0.020252149003661343 0.03398962070544561
0 0.587030291557312 0.15347525477409363 0.020252149003661343 0.03398962070544561
0 0.514869213104248 0.15338234603405 0.020252149003661343 0.03398962070544561
0 0.44288960099220276 0.15328967571258545 0.020252149003661343 0.03398962070544561
0 0.37109073996543884 0.1531972438097 0.020252149003661343 0.03398962070544561
0 0.29947197437286377 0.15310503542423248 0.020252149003661343 0.03398962070544561
0 0.7403348088264465 0.23349568247795105 0.020252149003661343 0.03398962070544561
0 0.6649380922317505 0.23329390585422516 0.020252149003661343 0.03398962070544561
0 0.5897389650344849 0.23309265077114105 0.020252149003661343 0.03398962070544561
0 0.514736533164978 0.23289193212985992 0.020252149003661343 0.03398962070544561
0 0.43993017077445984 0.23269173502922058 0.020252149003661343 0.03398962070544561
0 0.36531898379325867 0.23249205946922302 0.020252149003661343 0.03398962070544561
0 0.2909022867679596 0.23229290544986725 0.020252149003661343 0.03398962070544561
0 0.7494636178016663 0.3198925256729126 0.020252149003661343 0.03398962070544561
0 0.6709595918655396 0.31956449151039124 0.020252149003661343 0.03398962070544561
0 0.5926697254180908 0.3192373514175415 0.020252149003661343 0.03398962070544561
0 0.5145930647850037 0.318911075592041 0.020252149003661343 0.03398962070544561
0 0.43672874569892883 0.31858572363853455 0.020252149003661343 0.03398962070544561
0 0.35907596349716187 0.3182612359523773 0.020252149003661343 0.03398962070544561
0 0.28163382411003113 0.3179376423358917 0.020252149003661343 0.03398962070544561
0 0.7593750357627869 0.4136962592601776 0.020252149003661343 0.03398962070544561
0 0.6774965524673462 0.4132205843925476 0.020252149003661343 0.03398962070544561
0 0.5958510041236877 0.41274628043174744 0.020252149003661343 0.03398962070544561
0 0.5144372582435608 0.4122733175754547 0.020252149003661343 0.03398962070544561
0 0.4332544505596161 0.41180169582366943 0.020252149003661343 0.03398962070544561
0 0.3523015081882477 0.4113314151763916 0.020252149003661343 0.03398962070544561
0 0.27157750725746155 0.4108624756336212 0.020252149003661343 0.03398962070544561
0 0.7701742053031921 0.515902042388916 0.020252149003661343 0.03398962070544561
0 0.6846182346343994 0.5152530670166016 0.020252149003661343 0.03398962070544561
0 0.599316418170929 0.5146059989929199 0.020252149003661343 0.03398962070544561
0 0.51426762342453 0.5139608979225159 0.020252149003661343 0.03398962070544561
0 0.4294707775115967 0.5133176445960999 0.020252149003661343 0.03398962070544561
0 0.3449247479438782 0.5126762986183167 0.020252149003661343 0.03398962070544561
0 0.26062843203544617 0.512036919593811 0.020252149003661343 0.03398962070544561
0 0.7819860577583313 0.6276916861534119 0.020252149003661343 0.03398962070544561
0 0.6924065947532654 0.626838207244873 0.020252149003661343 0.03398962070544561
0 0.6031057238578796 0.6259874105453491 0.020252149003661343 0.03398962070544561
0 0.514082133769989 0.6251392364501953 0.020252149003661343 0.03398962070544561
0 0.42533454298973083 0.6242937445640564 0.020252149003661343 0.03398962070544561
0 0.33686164021492004 0.6234508156776428 0.020252149003661343 0.03398962070544561
0 0.24866218864917755 0.6226105093955994 0.020252149003661343 0.03398962070544561
0 0.7949599623680115 0.7504794597625732 0.020252149003661343 0.03398962070544561
0 0.7009599804878235 0.7493835091590881 0.020252149003661343 0.03398962070544561
0 0.6072666645050049 0.7482910752296448 0.020252149003661343 0.03398962070544561
0 0.5138784646987915 0.7472022175788879 0.020252149003661343 0.03398962070544561
0 0.42079398036003113 0.7461169362068176 0.020252149003661343 0.03398962070544561
0 0.328011691570282 0.7450351119041443 0.020252149003661343 0.03398962070544561
0 0.23553010821342468 0.7439568638801575 0.020252149003661343 0.03398962070544561