0 0.2939467132091522 0.6466334462165833 0.020818581804633144 0.02775810907284419
0 0.3707381784915924 0.6453900933265686 0.020818581804633144 0.02775810907284419
0 0.4483920931816101 0.6441327929496765 0.020818581804633144 0.02775810907284419
0 0.5269230008125305 0.6428612470626831 0.020818581804633144 0.02775810907284419
0 0.6063459515571594 0.6415753364562988 0.020818581804633144 0.02775810907284419
0 0.6866762042045593 0.6402746438980103 0.020818581804633144 0.02775810907284419
0 0.7679293155670166 0.6389590501785278 0.020818581804633144 0.02775810907284419
0 0.3047887980937958 0.5569548010826111 0.020818581804633144 0.02775810907284419
0 0.3779486417770386 0.5552944540977478 0.020818581804633144 0.02775810907284419
0 0.4518904685974121 0.5536164045333862 0.020818581804633144 0.02775810907284419
0 0.5266268253326416 0.5519202947616577 0.020818581804633144 0.02775810907284419
0 0.6021706461906433 0.5502058267593384 0.020818581804633144 0.02775810907284419
0 0.6785351037979126 0.5484727621078491 0.020818581804633144 0.02775810907284419
0 0.7557335495948792 0.5467208027839661 0.020818581804633144 0.02775810907284419
0 0.31464192271232605 0.4754564166069031 0.020818581804633144 0.02775810907284419
0 0.38449805974960327 0.47345882654190063 0.020818581804633144 0.02775810907284419
0 0.4550664722919464 0.471440851688385 0.020818581804633144 0.02775810907284419
0 0.5263580679893494 0.4694022238254547 0.020818581804633144 0.02775810907284419
0 0.5983840227127075 0.4673425853252411 0.020818581804633144 0.02775810907284419
0 0.6711558103561401 0.4652616083621979 0.020818581804633144 0.02775810907284419
0 0.7446849942207336 0.4631589949131012 0.020818581804633144 0.02775810907284419
0 0.32363542914390564 0.4010678827762604 0.020818581804633144 0.02775810907284419
0 0.390473335981369 0.39879706501960754 0.020818581804633144 0.02775810907284419
0 0.45796269178390503 0.39650413393974304 0.020818581804633144 0.02775810907284419
0 0.5261130928993225 0.3941887319087982 0.020818581804633144 0.02775810907284419
0 0.5949342846870422 0.3918505311012268 0.020818581804633144 0.02775810907284419
0 0.6644362211227417 0.38948923349380493 0.020818581804633144 0.02775810907284419
0 0.7346290349960327 0.38710445165634155 0.020818581804633144 0.02775810907284419
0 0.3318771719932556 0.33289769291877747 0.020818581804633144 0.02775810907284419
0 0.39594680070877075 0.33040550351142883 0.020818581804633144 0.02775810907284419
0 0.46061456203460693 0.3278900384902954 0.020818581804633144 0.02775810907284419
0 0.5258888602256775 0.3253509998321533 0.020818581804633144 0.02775810907284419
0 0.5917783379554749 0.3227880299091339 0.020818581804633144 0.02775810907284419
0 0.6582916378974915 0.3202008008956909 0.020818581804633144 0.02775810907284419
0 0.7254377007484436 0.3175889253616333 0.020818581804633144 0.02775810907284419
0 0.33945760130882263 0.27019739151000977 0.020818581804633144 0.02775810907284419
0 0.4009791314601898 0.2675260603427887 0.020818581804633144 0.02775810907284419
0 0.4630517363548279 0.2648307979106903 0.020818581804633144 0.02775810907284419
0 0.5256829261779785 0.2621113061904907 0.020818581804633144 0.02775810907284419
0 0.588880181312561 0.2593671977519989 0.020818581804633144 0.02775810907284419
0 0.652651309967041 0.25659820437431335 0.020818581804633144 0.02775810907284419
0 0.7170040607452393 0.25380390882492065 0.020818581804633144 0.02775810907284419
0 0.3464532196521759 0.2123340666294098 0.020818581804633144 0.02775810907284419
0 0.40562155842781067 0.2095181941986084 0.020818581804633144 0.02775810907284419
0 0.4652993083000183 0.2066780924797058 0.020818581804633144 0.02775810907284419
0 0.5254930257797241 0.20381341874599457 0.020818581804633144 0.02775810907284419
0 0.5862094759941101 0.200923889875412 0.020818581804633144 0.02775810907284419
0 0.6474555134773254 0.19800913333892822 0.020818581804633144 0.02775810907284419
0 0.7092381119728088 0.1950688660144806 0.020818581804633144 0.02775810907284419