0 0.6518688797950745 0.1796894073486328 0.025469351559877396 0.03395913541316986
0 0.5872948169708252 0.18243460357189178 0.025469351559877396 0.03395913541316986
0 0.521565318107605 0.18522891402244568 0.025469351559877396 0.03395913541316986
0 0.45464906096458435 0.18807366490364075 0.025469351559877396 0.03395913541316986
0 0.38651368021965027 0.1909702569246292 0.025469351559877396 0.03395913541316986
0 0.317125529050827 0.1939201056957245 0.025469351559877396 0.03395913541316986
0 0.24644972383975983 0.19692468643188477 0.025469351559877396 0.03395913541316986
0 0.6667201519012451 0.24095886945724487 0.025469351559877396 0.03395913541316986
0 0.5991024971008301 0.24440938234329224 0.025469351559877396 0.03395913541316986
0 0.530214786529541 0.24792470037937164 0.025469351559877396 0.03395913541316986
0 0.46002089977264404 0.2515066862106323 0.025469351559877396 0.03395913541316986
0 0.38848331570625305 0.2551572322845459 0.025469351559877396 0.03395913541316986
0 0.3155630826950073 0.25887832045555115 0.025469351559877396 0.03395913541316986
0 0.24121974408626556 0.2626720368862152 0.025469351559877396 0.03395913541316986
0 0.6830958127975464 0.3085175156593323 0.025469351559877396 0.03395913541316986
0 0.6121340394020081 0.31280800700187683 0.025469351559877396 0.03395913541316986
0 0.5397696495056152 0.3171832859516144 0.025469351559877396 0.03395913541316986
0 0.46596062183380127 0.32164594531059265 0.025469351559877396 0.03395913541316986
0 0.3906632661819458 0.326198548078537 0.025469351559877396 0.03395913541316986
0 0.3138321042060852 0.3308439254760742 0.025469351559877396 0.03395913541316986
0 0.23541976511478424 0.3355848789215088 0.025469351559877396 0.03395913541316986
0 0.7012433409690857 0.38338610529899597 0.025469351559877396 0.03395913541316986
0 0.6265901923179626 0.38868382573127747 0.025469351559877396 0.03395913541316986
0 0.5503799319267273 0.3940920829772949 0.025469351559877396 0.03395913541316986
0 0.47256338596343994 0.3996143043041229 0.025469351559877396 0.03395913541316986
0 0.3930891454219818 0.40525415539741516 0.025469351559877396 0.03395913541316986
0 0.311903715133667 0.41101545095443726 0.025469351559877396 0.03395913541316986
0 0.22895126044750214 0.4169021546840668 0.025469351559877396 0.03395913541316986
0 0.7214667797088623 0.4668188989162445 0.025469351559877396 0.03395913541316986
0 0.6427180767059326 0.47333386540412903 0.025469351559877396 0.03395913541316986
0 0.5622307658195496 0.47999265789985657 0.025469351559877396 0.03395913541316986
0 0.47994670271873474 0.48680010437965393 0.025469351559877396 0.03395913541316986
0 0.3958050608634949 0.49376124143600464 0.025469351559877396 0.03395913541316986
0 0.30974218249320984 0.5008813142776489 0.025469351559877396 0.03395913541316986
0 0.2216915339231491 0.5081658363342285 0.025469351559877396 0.03395913541316986
0 0.7441439628601074 0.5603745579719543 0.025469351559877396 0.03395913541316986
0 0.6608253717422485 0.568373441696167 0.025469351559877396 0.03395913541316986
0 0.5755531191825867 0.5765599012374878 0.025469351559877396 0.03395913541316986
0 0.4882577061653137 0.5849405527114868 0.025469351559877396 0.03395913541316986
0 0.39886629581451416 0.5935224890708923 0.025469351559877396 0.03395913541316986
0 0.30730244517326355 0.6023129820823669 0.025469351559877396 0.03395913541316986
0 0.21348600089550018 0.6113197207450867 0.025469351559877396 0.03395913541316986
0 0.76975017786026 0.6660143136978149 0.025469351559877396 0.03395913541316986
0 0.6813003420829773 0.6758403778076172 0.025469351559877396 0.03395913541316986
0 0.5906392931938171 0.6859120726585388 0.025469351559877396 0.03395913541316986
0 0.49768298864364624 0.6962387561798096 0.025469351559877396 0.03395913541316986
0 0.4023432433605194 0.7068302035331726 0.025469351559877396 0.03395913541316986
0 0.3045271337032318 0.7176967859268188 0.025469351559877396 0.03395913541316986
0 0.2041369080543518 0.7288493514060974 0.025469351559877396 0.03395913541316986