0 0.23140037059783936 0.6462671160697937 0.03341355919837952 0.03341355919837952
0 0.3288971185684204 0.6461618542671204 0.03341355919837952 0.03341355919837952
0 0.4261375963687897 0.6460568904876709 0.03341355919837952 0.03341355919837952
0 0.5231228470802307 0.6459522247314453 0.03341355919837952 0.03341355919837952
0 0.6198539137840271 0.6458477973937988 0.03341355919837952 0.03341355919837952
0 0.7163316607475281 0.6457436680793762 0.03341355919837952 0.03341355919837952
0 0.8125572204589844 0.6456397771835327 0.03341355919837952 0.03341355919837952
0 0.2398567795753479 0.5549476742744446 0.03341355919837952 0.03341355919837952
0 0.334153413772583 0.5549620985984802 0.03341355919837952 0.03341355919837952
0 0.4282103180885315 0.5549765229225159 0.03341355919837952 0.03341355919837952
0 0.522028386592865 0.5549908876419067 0.03341355919837952 0.03341355919837952
0 0.6156085133552551 0.5550051927566528 0.03341355919837952 0.03341355919837952
0 0.7089517116546631 0.5550194382667542 0.03341355919837952 0.03341355919837952
0 0.8020586967468262 0.5550336837768555 0.03341355919837952 0.03341355919837952
0 0.2477767914533615 0.4694206714630127 0.03341355919837952 0.03341355919837952
0 0.3390767276287079 0.4695400595664978 0.03341355919837952 0.03341355919837952
0 0.43015187978744507 0.46965914964675903 0.03341355919837952 0.03341355919837952
0 0.5210030674934387 0.4697779417037964 0.03341355919837952 0.03341355919837952
0 0.6116311550140381 0.46989643573760986 0.03341355919837952 0.03341355919837952
0 0.7020369172096252 0.47001466155052185 0.03341355919837952 0.03341355919837952
0 0.7922212481498718 0.47013258934020996 0.03341355919837952 0.03341355919837952
0 0.25520989298820496 0.3891519010066986 0.03341355919837952 0.03341355919837952
0 0.3436976969242096 0.38936352729797363 0.03341355919837952 0.03341355919837952
0 0.4319743514060974 0.3895746171474457 0.03341355919837952 0.03341355919837952
0 0.5200405716896057 0.3897852301597595 0.03341355919837952 0.03341355919837952
0 0.607897162437439 0.3899953067302704 0.03341355919837952 0.03341355919837952
0 0.6955447793006897 0.39020490646362305 0.03341355919837952 0.03341355919837952
0 0.7829842567443848 0.3904140293598175 0.03341355919837952 0.03341355919837952
0 0.26219961047172546 0.31367093324661255 0.03341355919837952 0.03341355919837952
0 0.34804338216781616 0.31396371126174927 0.03341355919837952 0.03341355919837952
0 0.43368837237358093 0.31425583362579346 0.03341355919837952 0.03341355919837952
0 0.5191352963447571 0.31454727053642273 0.03341355919837952 0.03341355919837952
0 0.6043847799301147 0.3148380219936371 0.03341355919837952 0.03341355919837952
0 0.6894376277923584 0.3151281177997589 0.03341355919837952 0.03341355919837952
0 0.7742944359779358 0.3154175579547882 0.03341355919837952 0.03341355919837952
0 0.2687844932079315 0.24256175756454468 0.03341355919837952 0.03341355919837952
0 0.35213762521743774 0.24292612075805664 0.03341355919837952 0.03341355919837952
0 0.43530333042144775 0.24328966438770294 0.03341355919837952 0.03341355919837952
0 0.5182822346687317 0.24365238845348358 0.03341355919837952 0.03341355919837952
0 0.6010749936103821 0.24401429295539856 0.03341355919837952 0.03341355919837952
0 0.6836822032928467 0.24437539279460907 0.03341355919837952 0.03341355919837952
0 0.766104519367218 0.2447356879711151 0.03341355919837952 0.03341355919837952
0 0.2749987244606018 0.17545530200004578 0.03341355919837952 0.03341355919837952
0 0.35600167512893677 0.17588281631469727 0.03341355919837952 0.03341355919837952
0 0.4368276000022888 0.17630940675735474 0.03341355919837952 0.03341355919837952
0 0.5174770951271057 0.1767350733280182 0.03341355919837952 0.03341355919837952
0 0.5979506969451904 0.17715980112552643 0.03341355919837952 0.03341355919837952
0 0.6782490015029907 0.17758360505104065 0.03341355919837952 0.03341355919837952
0 0.7583726048469543 0.17800648510456085 0.03341355919837952 0.03341355919837952