0 0.7068884372711182 0.16484509408473969 0.022771585375691458 0.03405096878608068
0 0.6313537955284119 0.16418321430683136 0.022771585375691458 0.03405096878608068
0 0.5553039312362671 0.1635168343782425 0.022771585375691458 0.03405096878608068
0 0.47873347997665405 0.1628458946943283 0.022771585375691458 0.03405096878608068
0 0.40163716673851013 0.16217033565044403 0.022771585375691458 0.03405096878608068
0 0.3240094780921936 0.16149012744426727 0.022771585375691458 0.03405096878608068
0 0.2458449900150299 0.16080521047115326 0.022771585375691458 0.03405096878608068
0 0.7182174324989319 0.24483856558799744 0.022771585375691458 0.03405096878608068
0 0.6399807333946228 0.2444344311952591 0.022771585375691458 0.03405096878608068
0 0.5611909627914429 0.24402745068073273 0.022771585375691458 0.03405096878608068
0 0.4818421006202698 0.24361759424209595 0.022771585375691458 0.03405096878608068
0 0.4019283056259155 0.24320480227470398 0.022771585375691458 0.03405096878608068
0 0.32144349813461304 0.24278905987739563 0.022771585375691458 0.03405096878608068
0 0.24038149416446686 0.2423703521490097 0.022771585375691458 0.03405096878608068
0 0.7303968071937561 0.3308364748954773 0.022771585375691458 0.03405096878608068
0 0.6492576003074646 0.33073145151138306 0.022771585375691458 0.03405096878608068
0 0.5675230622291565 0.3306256830692291 0.022771585375691458 0.03405096878608068
0 0.4851866662502289 0.3305191099643707 0.022771585375691458 0.03405096878608068
0 0.40224164724349976 0.33041176199913025 0.022771585375691458 0.03405096878608068
0 0.3186812996864319 0.3303036093711853 0.022771585375691458 0.03405096878608068
0 0.2344987392425537 0.3301946818828583 0.022771585375691458 0.03405096878608068
0 0.743526041507721 0.42354124784469604 0.022771585375691458 0.03405096878608068
0 0.6592607498168945 0.4237842559814453 0.022771585375691458 0.03405096878608068
0 0.5743528604507446 0.42402908205986023 0.022771585375691458 0.03405096878608068
0 0.48879504203796387 0.42427578568458557 0.022771585375691458 0.03405096878608068
0 0.40257981419563293 0.4245243966579437 0.022771585375691458 0.03405096878608068
0 0.3156995475292206 0.4247749447822571 0.022771585375691458 0.03405096878608068
0 0.2281465232372284 0.42502740025520325 0.022771585375691458 0.03405096878608068
0 0.7577207684516907 0.5237693190574646 0.022771585375691458 0.03405096878608068
0 0.6700788140296936 0.5244184136390686 0.022771585375691458 0.03405096878608068
0 0.5817412734031677 0.5250726342201233 0.022771585375691458 0.03405096878608068
0 0.4926997423171997 0.5257321000099182 0.022771585375691458 0.03405096878608068
0 0.4029458463191986 0.5263968110084534 0.022771585375691458 0.03405096878608068
0 0.312470942735672 0.5270668864250183 0.022771585375691458 0.03405096878608068
0 0.22126634418964386 0.527742326259613 0.022771585375691458 0.03405096878608068
0 0.7731161117553711 0.6324751973152161 0.022771585375691458 0.03405096878608068
0 0.6818157434463501 0.6335998177528381 0.022771585375691458 0.03405096878608068
0 0.5897598266601562 0.6347337365150452 0.022771585375691458 0.03405096878608068
0 0.4969388544559479 0.6358770728111267 0.022771585375691458 0.03405096878608068
0 0.4033433496952057 0.6370299458503723 0.022771585375691458 0.03405096878608068
0 0.3089635372161865 0.6381924748420715 0.022771585375691458 0.03405096878608068
0 0.21378952264785767 0.6393647789955139 0.022771585375691458 0.03405096878608068
0 0.7898712158203125 0.7507820725440979 0.022771585375691458 0.03405096878608068
0 0.6945937275886536 0.7524657249450684 0.022771585375691458 0.03405096878608068
0 0.5984926819801331 0.7541638612747192 0.022771585375691458 0.03405096878608068
0 0.5015572309494019 0.7558767795562744 0.022771585375691458 0.03405096878608068
0 0.4037765860557556 0.7576046586036682 0.022771585375691458 0.03405096878608068
0 0.30513957142829895 0.7593476176261902 0.022771585375691458 0.03405096878608068
0 0.20563490688800812 0.7611059546470642 0.022771585375691458 0.03405096878608068