0 0.2298431545495987 0.19200320541858673 0.03647101173798243 0.03647101173798243
0 0.3101496398448944 0.19377835094928741 0.03647101173798243 0.03647101173798243
0 0.39055949449539185 0.19555577635765076 0.03647101173798243 0.03647101173798243
0 0.4710729420185089 0.19733549654483795 0.03647101173798243 0.03647101173798243
0 0.5516901612281799 0.199117511510849 0.03647101173798243 0.03647101173798243
0 0.6324114203453064 0.2009018212556839 0.03647101173798243 0.03647101173798243
0 0.7132368087768555 0.20268842577934265 0.03647101173798243 0.03647101173798243
0 0.21806420385837555 0.24999244511127472 0.03647101173798243 0.03647101173798243
0 0.3015000820159912 0.25187569856643677 0.03647101173798243 0.03647101173798243
0 0.38504758477211 0.2537614703178406 0.03647101173798243 0.03647101173798243
0 0.4687069058418274 0.25564977526664734 0.03647101173798243 0.03647101173798243
0 0.5524783134460449 0.25754058361053467 0.03647101173798243 0.03647101173798243
0 0.6363619565963745 0.25943395495414734 0.03647101173798243 0.03647101173798243
0 0.7203581929206848 0.26132985949516296 0.03647101173798243 0.03647101173798243
0 0.20532816648483276 0.31269344687461853 0.03647101173798243 0.03647101173798243
0 0.2921472489833832 0.31469687819480896 0.03647101173798243 0.03647101173798243
0 0.3790871500968933 0.31670311093330383 0.03647101173798243 0.03647101173798243
0 0.4661481976509094 0.31871211528778076 0.03647101173798243 0.03647101173798243
0 0.5533306002616882 0.32072392106056213 0.03647101173798243 0.03647101173798243
0 0.6406346559524536 0.32273855805397034 0.03647101173798243 0.03647101173798243
0 0.7280606031417847 0.3247559666633606 0.03647101173798243 0.03647101173798243
0 0.19151349365711212 0.3807048201560974 0.03647101173798243 0.03647101173798243
0 0.28200170397758484 0.38284245133399963 0.03647101173798243 0.03647101173798243
0 0.37262120842933655 0.38498321175575256 0.03647101173798243 0.03647101173798243
0 0.4633723199367523 0.3871270418167114 0.03647101173798243 0.03647101173798243
0 0.5542553663253784 0.3892740309238434 0.03647101173798243 0.03647101173798243
0 0.6452705264091492 0.39142411947250366 0.03647101173798243 0.03647101173798243
0 0.7364181876182556 0.39357733726501465 0.03647101173798243 0.03647101173798243
0 0.1764770746231079 0.4547309875488281 0.03647101173798243 0.03647101173798243
0 0.27095821499824524 0.45701926946640015 0.03647101173798243 0.03647101173798243
0 0.36558255553245544 0.45931100845336914 0.03647101173798243 0.03647101173798243
0 0.4603504240512848 0.4616062343120575 0.03647101173798243 0.03647101173798243
0 0.5552620887756348 0.4639049470424652 0.03647101173798243 0.03647101173798243
0 0.650317907333374 0.4662071764469147 0.03647101173798243 0.03647101173798243
0 0.7455182671546936 0.4685128629207611 0.03647101173798243 0.03647101173798243
0 0.16004931926727295 0.5356067419052124 0.03647101173798243 0.03647101173798243
0 0.25889208912849426 0.5380650758743286 0.03647101173798243 0.03647101173798243
0 0.35789158940315247 0.5405272841453552 0.03647101173798243 0.03647101173798243
0 0.4570482075214386 0.542993426322937 0.03647101173798243 0.03647101173798243
0 0.5563622713088989 0.5454634428024292 0.03647101173798243 0.03647101173798243
0 0.6558342576026917 0.5479373931884766 0.03647101173798243 0.03647101173798243
0 0.7554644346237183 0.5504152774810791 0.03647101173798243 0.03647101173798243
0 0.14202778041362762 0.6243290305137634 0.03647101173798243 0.03647101173798243
0 0.24565435945987701 0.6269803643226624 0.03647101173798243 0.03647101173798243
0 0.3494532108306885 0.6296361088752747 0.03647101173798243 0.03647101173798243
0 0.4534248113632202 0.6322963237762451 0.03647101173798243 0.03647101173798243
0 0.5575695633888245 0.634960949420929 0.03647101173798243 0.03647101173798243
0 0.6618879437446594 0.6376299858093262 0.03647101173798243 0.03647101173798243
0 0.7663803696632385 0.6403034925460815 0.03647101173798243 0.03647101173798243