0 0.3390454351902008 0.38700976967811584 0.019261050969362262 0.025681401292483013
0 0.3334932327270508 0.4449995458126068 0.019261050969362262 0.025681401292483013
0 0.3276081085205078 0.506466805934906 0.019261050969362262 0.025681401292483013
0 0.32135912775993347 0.5717340111732483 0.019261050969362262 0.025681401292483013
0 0.3147115111351013 0.6411648392677307 0.019261050969362262 0.025681401292483013
0 0.3076258599758148 0.7151707410812378 0.019261050969362262 0.025681401292483013
0 0.30005738139152527 0.7942193746566772 0.019261050969362262 0.025681401292483013
0 0.4007767140865326 0.3884980082511902 0.019261050969362262 0.025681401292483013
0 0.3970211446285248 0.4465375244617462 0.019261050969362262 0.025681401292483013
0 0.39304035902023315 0.5080579519271851 0.019261050969362262 0.025681401292483013
0 0.38881340622901917 0.5733820199966431 0.019261050969362262 0.025681401292483013
0 0.3843168020248413 0.6428738236427307 0.019261050969362262 0.025681401292483013
0 0.3795238435268402 0.7169453501701355 0.019261050969362262 0.025681401292483013
0 0.37440428137779236 0.7960647344589233 0.019261050969362262 0.025681401292483013
0 0.4625213146209717 0.3899865448474884 0.019261050969362262 0.025681401292483013
0 0.46056315302848816 0.4480758607387543 0.019261050969362262 0.025681401292483013
0 0.45848754048347473 0.5096494555473328 0.019261050969362262 0.025681401292483013
0 0.4562835991382599 0.5750304460525513 0.019261050969362262 0.025681401292483013
0 0.4539390206336975 0.6445832848548889 0.019261050969362262 0.025681401292483013
0 0.45143988728523254 0.7187203764915466 0.019261050969362262 0.025681401292483013
0 0.4487704336643219 0.7979105114936829 0.019261050969362262 0.025681401292483013
0 0.5242791771888733 0.3914754390716553 0.019261050969362262 0.025681401292483013
0 0.5241192579269409 0.4496145248413086 0.019261050969362262 0.025681401292483013
0 0.5239496827125549 0.5112412571907043 0.019261050969362262 0.025681401292483013
0 0.5237696766853333 0.5766791701316833 0.019261050969362262 0.025681401292483013
0 0.5235781073570251 0.6462931036949158 0.019261050969362262 0.025681401292483013
0 0.5233739614486694 0.720495879650116 0.019261050969362262 0.025681401292483013
0 0.523155927658081 0.7997568249702454 0.019261050969362262 0.025681401292483013
0 0.5860503911972046 0.392964631319046 0.019261050969362262 0.025681401292483013
0 0.5876893997192383 0.45115354657173157 0.019261050969362262 0.025681401292483013
0 0.5894267559051514 0.5128334760665894 0.019261050969362262 0.025681401292483013
0 0.5912715792655945 0.5783283710479736 0.019261050969362262 0.025681401292483013
0 0.5932341814041138 0.648003339767456 0.019261050969362262 0.025681401292483013
0 0.5953261256217957 0.7222718000411987 0.019261050969362262 0.025681401292483013
0 0.597560703754425 0.8016035556793213 0.019261050969362262 0.025681401292483013
0 0.6478348970413208 0.39445415139198303 0.019261050969362262 0.025681401292483013
0 0.6512736678123474 0.4526928961277008 0.019261050969362262 0.025681401292483013
0 0.6549188494682312 0.5144261121749878 0.019261050969362262 0.025681401292483013
0 0.6587894558906555 0.5799779295921326 0.019261050969362262 0.025681401292483013
0 0.6629071235656738 0.6497139930725098 0.019261050969362262 0.025681401292483013
0 0.6672963500022888 0.7240481972694397 0.019261050969362262 0.025681401292483013
0 0.6719847917556763 0.8034508228302002 0.019261050969362262 0.025681401292483013
0 0.7096326947212219 0.3959439992904663 0.019261050969362262 0.025681401292483013
0 0.7148720622062683 0.4542326033115387 0.019261050969362262 0.025681401292483013
0 0.7204258441925049 0.5160190463066101 0.019261050969362262 0.025681401292483013
0 0.7263231873512268 0.5816278457641602 0.019261050969362262 0.025681401292483013
0 0.7325970530509949 0.6514250636100769 0.019261050969362262 0.025681401292483013
0 0.7392846345901489 0.7258250117301941 0.019261050969362262 0.025681401292483013
0 0.7464282512664795 0.8052985072135925 0.019261050969362262 0.025681401292483013