0 0.29430705308914185 0.6474841237068176 0.020911302417516712 0.027881736556688946
0 0.37231943011283875 0.6471443772315979 0.020911302417516712 0.027881736556688946
0 0.45085832476615906 0.6468023657798767 0.020911302417516712 0.027881736556688946
0 0.5299291014671326 0.6464579701423645 0.020911302417516712 0.027881736556688946
0 0.6095371246337891 0.6461113095283508 0.020911302417516712 0.027881736556688946
0 0.689687967300415 0.6457622051239014 0.020911302417516712 0.027881736556688946
0 0.7703871726989746 0.6454107761383057 0.020911302417516712 0.027881736556688946
0 0.3052656948566437 0.5562252402305603 0.020911302417516712 0.027881736556688946
0 0.37953248620033264 0.555609941482544 0.020911302417516712 0.027881736556688946
0 0.4542761445045471 0.5549906492233276 0.020911302417516712 0.027881736556688946
0 0.5295013189315796 0.5543673634529114 0.020911302417516712 0.027881736556688946
0 0.6052126288414001 0.5537400245666504 0.020911302417516712 0.027881736556688946
0 0.681414783000946 0.5531086921691895 0.020911302417516712 0.027881736556688946
0 0.7581126093864441 0.5524731874465942 0.020911302417516712 0.027881736556688946
0 0.3152143657207489 0.4733770489692688 0.020911302417516712 0.027881736556688946
0 0.38607874512672424 0.4725372791290283 0.020911302417516712 0.027881736556688946
0 0.4573770761489868 0.47169235348701477 0.020911302417516712 0.027881736556688946
0 0.5291132926940918 0.47084224224090576 0.020911302417516712 0.027881736556688946
0 0.6012915372848511 0.4699869155883789 0.020911302417516712 0.027881736556688946
0 0.6739158034324646 0.46912628412246704 0.020911302417516712 0.027881736556688946
0 0.7469903230667114 0.4682603180408478 0.020911302417516712 0.027881736556688946
0 0.3242865204811096 0.39782804250717163 0.020911302417516712 0.027881736556688946
0 0.39204657077789307 0.39680495858192444 0.020911302417516712 0.027881736556688946
0 0.4602031707763672 0.3957758843898773 0.020911302417516712 0.027881736556688946
0 0.528759777545929 0.3947407603263855 0.020911302417516712 0.027881736556688946
0 0.5977199673652649 0.3936995565891266 0.020911302417516712 0.027881736556688946
0 0.6670873165130615 0.3926521837711334 0.020911302417516712 0.027881736556688946
0 0.7368654012680054 0.391598641872406 0.020911302417516712 0.027881736556688946
0 0.33259308338165283 0.32865428924560547 0.020911302417516712 0.027881736556688946
0 0.3975093960762024 0.327481210231781 0.020911302417516712 0.027881736556688946
0 0.46278947591781616 0.32630154490470886 0.020911302417516712 0.027881736556688946
0 0.5284363627433777 0.32511526346206665 0.020911302417516712 0.027881736556688946
0 0.5944532155990601 0.3239223062992096 0.020911302417516712 0.027881736556688946
0 0.6608431935310364 0.3227226138114929 0.020911302417516712 0.027881736556688946
0 0.7276093363761902 0.32151609659194946 0.020911302417516712 0.027881736556688946
0 0.3402270972728729 0.2650814950466156 0.020911302417516712 0.027881736556688946
0 0.40252870321273804 0.26378560066223145 0.020911302417516712 0.027881736556688946
0 0.46516522765159607 0.26248276233673096 0.020911302417516712 0.027881736556688946
0 0.5281393527984619 0.26117292046546936 0.020911302417516712 0.027881736556688946
0 0.5914538502693176 0.2598559558391571 0.020911302417516712 0.027881736556688946
0 0.6551114320755005 0.2585318982601166 0.020911302417516712 0.027881736556688946
0 0.7191150188446045 0.2572006285190582 0.020911302417516712 0.027881736556688946
0 0.3472670614719391 0.20645584166049957 0.020911302417516712 0.027881736556688946
0 0.40715640783309937 0.2050594985485077 0.020911302417516712 0.027881736556688946
0 0.4673551321029663 0.20365594327449799 0.020911302417516712 0.027881736556688946
0 0.5278655886650085 0.20224511623382568 0.020911302417516712 0.027881736556688946
0 0.5886902809143066 0.2008269727230072 0.020911302417516712 0.027881736556688946
0 0.6498315930366516 0.19940143823623657 0.020911302417516712 0.027881736556688946
0 0.711292028427124 0.19796845316886902 0.020911302417516712 0.027881736556688946