0 0.7300403714179993 0.2759634256362915 0.03069108972946803 0.03069108972946803
0 0.6506664156913757 0.27702397108078003 0.03069108972946803 0.03069108972946803
0 0.5731579065322876 0.27805960178375244 0.03069108972946803 0.03069108972946803
0 0.4974498748779297 0.2790711522102356 0.03069108972946803 0.03069108972946803
0 0.4234802722930908 0.28005948662757874 0.03069108972946803 0.03069108972946803
0 0.3511899411678314 0.28102537989616394 0.03069108972946803 0.03069108972946803
0 0.28052231669425964 0.2819696068763733 0.03069108972946803 0.03069108972946803
0 0.7295002937316895 0.3442232310771942 0.03069108972946803 0.03069108972946803
0 0.6478655338287354 0.34447920322418213 0.03069108972946803 0.03069108972946803
0 0.5682034492492676 0.3447290062904358 0.03069108972946803 0.03069108972946803
0 0.49044346809387207 0.3449728488922119 0.03069108972946803 0.03069108972946803
0 0.414518266916275 0.3452109396457672 0.03069108972946803 0.03069108972946803
0 0.34036362171173096 0.345443457365036 0.03069108972946803 0.03069108972946803
0 0.2679183781147003 0.3456706404685974 0.03069108972946803 0.03069108972946803
0 0.7289280891418457 0.41654878854751587 0.03069108972946803 0.03069108972946803
0 0.644899845123291 0.41590172052383423 0.03069108972946803 0.03069108972946803
0 0.562961220741272 0.41527074575424194 0.03069108972946803 0.03069108972946803
0 0.4830350875854492 0.41465526819229126 0.03069108972946803 0.03069108972946803
0 0.40504831075668335 0.4140546917915344 0.03069108972946803 0.03069108972946803
0 0.32893112301826477 0.41346853971481323 0.03069108972946803 0.03069108972946803
0 0.2546170651912689 0.4128962755203247 0.03069108972946803 0.03069108972946803
0 0.7283207178115845 0.49331456422805786 0.03069108972946803 0.03069108972946803
0 0.6417545080184937 0.49165210127830505 0.03069108972946803 0.03069108972946803
0 0.5574053525924683 0.49003222584724426 0.03069108972946803 0.03069108972946803
0 0.4751891791820526 0.48845329880714417 0.03069108972946803 0.03069108972946803
0 0.3950260579586029 0.4869138300418854 0.03069108972946803 0.03069108972946803
0 0.3168400228023529 0.4854122996330261 0.03069108972946803 0.03069108972946803
0 0.24055886268615723 0.48394736647605896 0.03069108972946803 0.03069108972946803
0 0.7276748418807983 0.5749423503875732 0.03069108972946803 0.03069108972946803
0 0.638412594795227 0.5721360445022583 0.03069108972946803 0.03069108972946803
0 0.5515069365501404 0.5694037675857544 0.03069108972946803 0.03069108972946803
0 0.46686574816703796 0.5667427182197571 0.03069108972946803 0.03069108972946803
0 0.3844016492366791 0.5641501545906067 0.03069108972946803 0.03069108972946803
0 0.30403175950050354 0.5616233944892883 0.03069108972946803 0.03069108972946803
0 0.2256772369146347 0.5591599941253662 0.03069108972946803 0.03069108972946803
0 0.7269867658615112 0.6619091629981995 0.03069108972946803 0.03069108972946803
0 0.6348551511764526 0.6578114628791809 0.03069108972946803 0.03069108972946803
0 0.5452332496643066 0.6538254022598267 0.03069108972946803 0.03069108972946803
0 0.45801985263824463 0.6499464511871338 0.03069108972946803 0.03069108972946803
0 0.37311920523643494 0.6461703181266785 0.03069108972946803 0.03069108972946803
0 0.29044052958488464 0.6424930691719055 0.03069108972946803 0.03069108972946803
0 0.2098976969718933 0.6389107704162598 0.03069108972946803 0.03069108972946803
0 0.7262521982192993 0.7547565698623657 0.03069108972946803 0.03069108972946803
0 0.6310605406761169 0.7491974830627441 0.03069108972946803 0.03069108972946803
0 0.5385472178459167 0.743794858455658 0.03069108972946803 0.03069108972946803
0 0.448600709438324 0.7385420799255371 0.03069108972946803 0.03069108972946803
0 0.36111563444137573 0.7334330677986145 0.03069108972946803 0.03069108972946803
0 0.2759923040866852 0.7284619808197021 0.03069108972946803 0.03069108972946803
0 0.19313642382621765 0.7236232757568359 0.03069108972946803 0.03069108972946803