0 0.2948983311653137 0.6456170678138733 0.020725680515170097 0.027634240686893463
0 0.37187644839286804 0.6442397832870483 0.020725680515170097 0.027634240686893463
0 0.44956710934638977 0.6428497433662415 0.020725680515170097 0.027634240686893463
0 0.5279802680015564 0.6414467692375183 0.020725680515170097 0.027634240686893463
0 0.607125997543335 0.6400307416915894 0.020725680515170097 0.027634240686893463
0 0.6870146989822388 0.6386013627052307 0.020725680515170097 0.027634240686893463
0 0.7676568031311035 0.6371585726737976 0.020725680515170097 0.027634240686893463
0 0.3050652742385864 0.5567660927772522 0.020725680515170097 0.027634240686893463
0 0.37850421667099 0.5550627112388611 0.020725680515170097 0.027634240686893463
0 0.4525911509990692 0.5533442497253418 0.020725680515170097 0.027634240686893463
0 0.5273346900939941 0.55161052942276 0.020725680515170097 0.027634240686893463
0 0.6027436256408691 0.5498614311218262 0.020725680515170097 0.027634240686893463
0 0.6788268685340881 0.5480966567993164 0.020725680515170097 0.027634240686893463
0 0.755593478679657 0.5463160276412964 0.020725680515170097 0.027634240686893463
0 0.31433144211769104 0.47578728199005127 0.020725680515170097 0.027634240686893463
0 0.3845422863960266 0.473819762468338 0.020725680515170097 0.027634240686893463
0 0.4553450047969818 0.4718356728553772 0.020725680515170097 0.027634240686893463
0 0.5267470479011536 0.4698347747325897 0.020725680515170097 0.027634240686893463
0 0.5987561345100403 0.46781685948371887 0.020725680515170097 0.027634240686893463
0 0.6713799238204956 0.46578171849250793 0.020725680515170097 0.027634240686893463
0 0.7446264624595642 0.4637291431427002 0.020725680515170097 0.027634240686893463
0 0.32281145453453064 0.40167877078056335 0.020725680515170097 0.027634240686893463
0 0.3900660574436188 0.39949724078178406 0.020725680515170097 0.027634240686893463
0 0.45786333084106445 0.397298127412796 0.020725680515170097 0.027634240686893463
0 0.5262098908424377 0.39508122205734253 0.020725680515170097 0.027634240686893463
0 0.5951124429702759 0.3928462564945221 0.020725680515170097 0.027634240686893463
0 0.6645777225494385 0.390593022108078 0.020725680515170097 0.027634240686893463
0 0.734612762928009 0.3883213400840759 0.020725680515170097 0.027634240686893463
0 0.3306012749671936 0.33360177278518677 0.020725680515170097 0.027634240686893463
0 0.3951385021209717 0.3312470018863678 0.020725680515170097 0.027634240686893463
0 0.46017512679100037 0.32887402176856995 0.020725680515170097 0.027634240686893463
0 0.5257169604301453 0.3264825940132141 0.020725680515170097 0.027634240686893463
0 0.5917698740959167 0.3240725100040436 0.020725680515170097 0.027634240686893463
0 0.6583399772644043 0.321643590927124 0.020725680515170097 0.027634240686893463
0 0.7254332900047302 0.31919553875923157 0.020725680515170097 0.027634240686893463
0 0.3377819359302521 0.27084881067276 0.020725680515170097 0.027634240686893463
0 0.399812787771225 0.2683540880680084 0.020725680515170097 0.027634240686893463
0 0.4623047709465027 0.2658408284187317 0.020725680515170097 0.027634240686893463
0 0.5252630114555359 0.2633088231086731 0.020725680515170097 0.027634240686893463
0 0.5886927247047424 0.26075783371925354 0.020725680515170097 0.027634240686893463
0 0.6525992155075073 0.2581877112388611 0.020725680515170097 0.027634240686893463
0 0.7169879078865051 0.25559815764427185 0.020725680515170097 0.027634240686893463
0 0.3444221317768097 0.21281878650188446 0.020725680515170097 0.027634240686893463
0 0.40413403511047363 0.21021153032779694 0.020725680515170097 0.027634240686893463
0 0.46427297592163086 0.20758561789989471 0.020725680515170097 0.027634240686893463
0 0.5248435735702515 0.20494085550308228 0.020725680515170097 0.027634240686893463
0 0.5858504176139832 0.2022770494222641 0.020725680515170097 0.027634240686893463
0 0.6472983360290527 0.19959399104118347 0.020725680515170097 0.027634240686893463
0 0.7091920375823975 0.19689145684242249 0.020725680515170097 0.027634240686893463