0 0.6946048140525818 0.15698769688606262 0.022950899973511695 0.03431910276412964
0 0.6189934015274048 0.1563212275505066 0.022950899973511695 0.03431910276412964
0 0.5428690314292908 0.15565022826194763 0.022950899973511695 0.03431910276412964
0 0.46622660756111145 0.15497466921806335 0.022950899973511695 0.03431910276412964
0 0.38906073570251465 0.15429449081420898 0.022950899973511695 0.03431910276412964
0 0.3113660514354706 0.15360964834690094 0.022950899973511695 0.03431910276412964
0 0.2331371009349823 0.15292009711265564 0.022950899973511695 0.03431910276412964
0 0.7065664529800415 0.23642265796661377 0.022950899973511695 0.03431910276412964
0 0.6281740069389343 0.23600982129573822 0.022950899973511695 0.03431910276412964
0 0.5492298603057861 0.23559407889842987 0.022950899973511695 0.03431910276412964
0 0.4697282314300537 0.23517540097236633 0.022950899973511695 0.03431910276412964
0 0.3896631598472595 0.23475375771522522 0.022950899973511695 0.03431910276412964
0 0.30902865529060364 0.23432911932468414 0.022950899973511695 0.03431910276412964
0 0.2278185933828354 0.23390144109725952 0.022950899973511695 0.03431910276412964
0 0.719452440738678 0.32199665904045105 0.022950899973511695 0.03431910276412964
0 0.6380666494369507 0.321879506111145 0.022950899973511695 0.03431910276412964
0 0.5560858845710754 0.32176148891448975 0.022950899973511695 0.03431910276412964
0 0.4735034704208374 0.32164260745048523 0.022950899973511695 0.03431910276412964
0 0.3903128504753113 0.3215228319168091 0.022950899973511695 0.03431910276412964
0 0.30650728940963745 0.3214021921157837 0.022950899973511695 0.03431910276412964
0 0.22207990288734436 0.32128065824508667 0.022950899973511695 0.03431910276412964
0 0.7333744168281555 0.4144500195980072 0.022950899973511695 0.03431910276412964
0 0.6487576365470886 0.4146784543991089 0.022950899973511695 0.03431910276412964
0 0.5634971857070923 0.41490861773490906 0.022950899973511695 0.03431910276412964
0 0.47758567333221436 0.4151405692100525 0.022950899973511695 0.03431910276412964
0 0.39101558923721313 0.4153742790222168 0.022950899973511695 0.03431910276412964
0 0.3037793040275574 0.41560977697372437 0.022950899973511695 0.03431910276412964
0 0.21586917340755463 0.4158470928668976 0.022950899973511695 0.03431910276412964
0 0.7484623789787292 0.5146469473838806 0.022950899973511695 0.03431910276412964
0 0.660347580909729 0.5152806639671326 0.022950899973511695 0.03431910276412964
0 0.5715342164039612 0.5159193277359009 0.022950899973511695 0.03431910276412964
0 0.48201385140419006 0.5165631175041199 0.022950899973511695 0.03431910276412964
0 0.3917780816555023 0.5172120332717896 0.022950899973511695 0.03431910276412964
0 0.3008182942867279 0.5178661942481995 0.022950899973511695 0.03431910276412964
0 0.20912568271160126 0.5185256004333496 0.022950899973511695 0.03431910276412964
0 0.7648693323135376 0.6236029267311096 0.022950899973511695 0.03431910276412964
0 0.6729549169540405 0.6247135400772095 0.022950899973511695 0.03431910276412964
0 0.5802796483039856 0.62583327293396 0.022950899973511695 0.03431910276412964
0 0.48683398962020874 0.6269623637199402 0.022950899973511695 0.03431910276412964
0 0.3926083743572235 0.6281009316444397 0.022950899973511695 0.03431910276412964
0 0.29759296774864197 0.6292489767074585 0.022950899973511695 0.03431910276412964
0 0.20177781581878662 0.6304066777229309 0.022950899973511695 0.03431910276412964
0 0.7827761173248291 0.742518961429596 0.022950899973511695 0.03431910276412964
0 0.6867196559906006 0.7441931962966919 0.022950899973511695 0.03431910276412964
0 0.5898314118385315 0.7458819150924683 0.022950899973511695 0.03431910276412964
0 0.4921005070209503 0.7475852966308594 0.022950899973511695 0.03431910276412964
0 0.3935158848762512 0.7493035793304443 0.022950899973511695 0.03431910276412964
0 0.2940663695335388 0.7510369420051575 0.022950899973511695 0.03431910276412964
0 0.19374048709869385 0.7527855634689331 0.022950899973511695 0.03431910276412964