0 0.23500105738639832 0.6385627388954163 0.033575249214967094 0.033575249214967094
0 0.3338002562522888 0.6398320198059082 0.033575249214967094 0.033575249214967094
0 0.431951105594635 0.6410929560661316 0.033575249214967094 0.033575249214967094
0 0.5294600129127502 0.642345666885376 0.033575249214967094 0.033575249214967094
0 0.6263332366943359 0.6435902118682861 0.033575249214967094 0.033575249214967094
0 0.722576916217804 0.6448266506195068 0.033575249214967094 0.033575249214967094
0 0.8181972503662109 0.6460551023483276 0.033575249214967094 0.033575249214967094
0 0.244984433054924 0.5463374853134155 0.033575249214967094 0.033575249214967094
0 0.34040048718452454 0.5478570461273193 0.033575249214967094 0.033575249214967094
0 0.43521156907081604 0.5493669509887695 0.033575249214967094 0.033575249214967094
0 0.5294234752655029 0.5508672595024109 0.033575249214967094 0.033575249214967094
0 0.6230417490005493 0.5523581504821777 0.033575249214967094 0.033575249214967094
0 0.7160720825195312 0.5538396835327148 0.033575249214967094 0.033575249214967094
0 0.8085200190544128 0.5553119778633118 0.033575249214967094 0.033575249214967094
0 0.2543107271194458 0.4601824879646301 0.033575249214967094 0.033575249214967094
0 0.34656763076782227 0.4619171619415283 0.033575249214967094 0.033575249214967094
0 0.4382587671279907 0.4636411964893341 0.033575249214967094 0.033575249214967094
0 0.5293892621994019 0.46535468101501465 0.033575249214967094 0.033575249214967094
0 0.6199643015861511 0.4670577347278595 0.033575249214967094 0.033575249214967094
0 0.7099889516830444 0.4687504470348358 0.033575249214967094 0.033575249214967094
0 0.7994681000709534 0.4704328775405884 0.033575249214967094 0.033575249214967094
0 0.26304271817207336 0.37951746582984924 0.033575249214967094 0.033575249214967094
0 0.35234296321868896 0.3814372420310974 0.033575249214967094 0.033575249214967094
0 0.4411129355430603 0.38334566354751587 0.033575249214967094 0.033575249214967094
0 0.5293572545051575 0.385242760181427 0.033575249214967094 0.033575249214967094
0 0.6170806288719177 0.38712865114212036 0.033575249214967094 0.033575249214967094
0 0.7042876482009888 0.3890034556388855 0.033575249214967094 0.033575249214967094
0 0.7909829020500183 0.3908672630786896 0.033575249214967094 0.033575249214967094
0 0.27123546600341797 0.30383384227752686 0.033575249214967094 0.033575249214967094
0 0.3577626943588257 0.3059130012989044 0.033575249214967094 0.033575249214967094
0 0.44379183650016785 0.30798017978668213 0.033575249214967094 0.033575249214967094
0 0.5293272137641907 0.31003549695014954 0.033575249214967094 0.033575249214967094
0 0.6143730282783508 0.3120790421962738 0.033575249214967094 0.033575249214967094
0 0.698933482170105 0.3141109347343445 0.033575249214967094 0.033575249214967094
0 0.7830127477645874 0.31613126397132874 0.033575249214967094 0.033575249214967094
0 0.278937429189682 0.23268406093120575 0.033575249214967094 0.033575249214967094
0 0.3628586232662201 0.2349003404378891 0.033575249214967094 0.033575249214967094
0 0.44631117582321167 0.23710425198078156 0.033575249214967094 0.033575249214967094
0 0.5292989611625671 0.23929588496685028 0.033575249214967094 0.033575249214967094
0 0.6118258237838745 0.24147534370422363 0.033575249214967094 0.033575249214967094
0 0.6938955783843994 0.24364273250102997 0.033575249214967094 0.033575249214967094
0 0.7755120992660522 0.24579815566539764 0.033575249214967094 0.033575249214967094
0 0.2861914038658142 0.16567252576351166 0.033575249214967094 0.033575249214967094
0 0.3676590025424957 0.1680067479610443 0.033575249214967094 0.033575249214967094
0 0.44868478178977966 0.1703283041715622 0.033575249214967094 0.033575249214967094
0 0.5292723178863525 0.17263729870319366 0.033575249214967094 0.033575249214967094
0 0.6094251275062561 0.17493383586406708 0.033575249214967094 0.033575249214967094
0 0.6891467571258545 0.17721803486347198 0.033575249214967094 0.033575249214967094
0 0.7684407234191895 0.17948997020721436 0.033575249214967094 0.033575249214967094