0 0.27127352356910706 0.1959632784128189 0.03511672715346018 0.03511672715346018
0 0.3484239876270294 0.19893592596054077 0.03511672715346018 0.03511672715346018
0 0.42547035217285156 0.20190457999706268 0.03511672715346018 0.03511672715346018
0 0.5024128556251526 0.20486922562122345 0.03511672715346018 0.03511672715346018
0 0.5792516469955444 0.20782986283302307 0.03511672715346018 0.03511672715346018
0 0.6559869050979614 0.21078652143478394 0.03511672715346018 0.03511672715346018
0 0.7326189875602722 0.21373920142650604 0.03511672715346018 0.03511672715346018
0 0.2616897523403168 0.2487199455499649 0.03511672715346018 0.03511672715346018
0 0.34194275736808777 0.2517748475074768 0.03511672715346018 0.03511672715346018
0 0.42208313941955566 0.2548254430294037 0.03511672715346018 0.03511672715346018
0 0.5021111369132996 0.2578717768192291 0.03511672715346018 0.03511672715346018
0 0.5820268988609314 0.26091381907463074 0.03511672715346018 0.03511672715346018
0 0.6618307828903198 0.2639516294002533 0.03511672715346018 0.03511672715346018
0 0.7415229678153992 0.266985148191452 0.03511672715346018 0.03511672715346018
0 0.25130411982536316 0.3058907389640808 0.03511672715346018 0.03511672715346018
0 0.33491966128349304 0.30903151631355286 0.03511672715346018 0.03511672715346018
0 0.4184129238128662 0.3121677041053772 0.03511672715346018 0.03511672715346018
0 0.5017842054367065 0.31529930233955383 0.03511672715346018 0.03511672715346018
0 0.5850337147712708 0.31842634081840515 0.03511672715346018 0.03511672715346018
0 0.6681618094444275 0.32154878973960876 0.03511672715346018 0.03511672715346018
0 0.7511687278747559 0.32466670870780945 0.03511672715346018 0.03511672715346018
0 0.24001158773899078 0.3680538833141327 0.03511672715346018 0.03511672715346018
0 0.32728371024131775 0.37128421664237976 0.03511672715346018 0.03511672715346018
0 0.4144226908683777 0.37450963258743286 0.03511672715346018 0.03511672715346018
0 0.5014287829399109 0.3777301013469696 0.03511672715346018 0.03511672715346018
0 0.5883023142814636 0.38094568252563477 0.03511672715346018 0.03511672715346018
0 0.6750436425209045 0.38415637612342834 0.03511672715346018 0.03511672715346018
0 0.761652946472168 0.38736218214035034 0.03511672715346018 0.03511672715346018
0 0.22768792510032654 0.43589311838150024 0.03511672715346018 0.03511672715346018
0 0.3189511299133301 0.43921664357185364 0.03511672715346018 0.03511672715346018
0 0.41006869077682495 0.442534863948822 0.03511672715346018 0.03511672715346018
0 0.5010409951210022 0.4458478093147278 0.03511672715346018 0.03511672715346018
0 0.5918684601783752 0.4491554796695709 0.03511672715346018 0.03511672715346018
0 0.6825512647628784 0.45245790481567383 0.03511672715346018 0.03511672715346018
0 0.7730898857116699 0.4557550549507141 0.03511672715346018 0.03511672715346018
0 0.2141851782798767 0.5102230310440063 0.03511672715346018 0.03511672715346018
0 0.3098219335079193 0.5136432647705078 0.03511672715346018 0.03511672715346018
0 0.4052988290786743 0.5170577764511108 0.03511672715346018 0.03511672715346018
0 0.5006162524223328 0.5204665660858154 0.03511672715346018 0.03511672715346018
0 0.5957745909690857 0.5238696336746216 0.03511672715346018 0.03511672715346018
0 0.6907742619514465 0.5272670984268188 0.03511672715346018 0.03511672715346018
0 0.7856156229972839 0.5306589007377625 0.03511672715346018 0.03511672715346018
0 0.19932560622692108 0.5920220017433167 0.03511672715346018 0.03511672715346018
0 0.29977622628211975 0.5955420136451721 0.03511672715346018 0.03511672715346018
0 0.40005049109458923 0.5990558862686157 0.03511672715346018 0.03511672715346018
0 0.5001488924026489 0.6025636196136475 0.03511672715346018 0.03511672715346018
0 0.6000718474388123 0.6060651540756226 0.03511672715346018 0.03511672715346018
0 0.6998199224472046 0.6095606088638306 0.03511672715346018 0.03511672715346018
0 0.7993934154510498 0.6130499243736267 0.03511672715346018 0.03511672715346018