0 0.6984423398971558 0.12864886224269867 0.02231093794107437 0.03336215019226074
0 0.6238685250282288 0.12723404169082642 0.02231093794107437 0.03336215019226074
0 0.5488864779472351 0.12581150233745575 0.02231093794107437 0.03336215019226074
0 0.47349292039871216 0.12438113242387772 0.02231093794107437 0.03336215019226074
0 0.3976844549179077 0.12294290214776993 0.02231093794107437 0.03336215019226074
0 0.3214575946331024 0.12149672955274582 0.02231093794107437 0.03336215019226074
0 0.24480891227722168 0.12004255503416061 0.02231093794107437 0.03336215019226074
0 0.709182858467102 0.20595601201057434 0.02231093794107437 0.03336215019226074
0 0.6319484710693359 0.2047087401151657 0.02231093794107437 0.03336215019226074
0 0.5542760491371155 0.2034544050693512 0.02231093794107437 0.03336215019226074
0 0.4761618375778198 0.20219294726848602 0.02231093794107437 0.03336215019226074
0 0.3976021111011505 0.20092427730560303 0.02231093794107437 0.03336215019226074
0 0.31859299540519714 0.19964835047721863 0.02231093794107437 0.03336215019226074
0 0.2391306459903717 0.19836512207984924 0.02231093794107437 0.03336215019226074
0 0.7207251787185669 0.2890341877937317 0.02231093794107437 0.03336215019226074
0 0.6406334042549133 0.2879839241504669 0.02231093794107437 0.03336215019226074
0 0.5600703358650208 0.2869275212287903 0.02231093794107437 0.03336215019226074
0 0.4790317714214325 0.28586485981941223 0.02231093794107437 0.03336215019226074
0 0.3975135385990143 0.2847959101200104 0.02231093794107437 0.03336215019226074
0 0.3155113756656647 0.28372064232826233 0.02231093794107437 0.03336215019226074
0 0.23302091658115387 0.28263893723487854 0.02231093794107437 0.03336215019226074
0 0.733162522315979 0.3785546123981476 0.02231093794107437 0.03336215019226074
0 0.6499938368797302 0.377736359834671 0.02231093794107437 0.03336215019226074
0 0.5663166642189026 0.3769131004810333 0.02231093794107437 0.03336215019226074
0 0.48212629556655884 0.3760848045349121 0.02231093794107437 0.03336215019226074
0 0.3974180519580841 0.3752513825893402 0.02231093794107437 0.03336215019226074
0 0.3121871054172516 0.3744128346443176 0.02231093794107437 0.03336215019226074
0 0.22642861306667328 0.3735691010951996 0.02231093794107437 0.03336215019226074
0 0.74660325050354 0.4752969443798065 0.02231093794107437 0.03336215019226074
0 0.6601117849349976 0.4747523367404938 0.02231093794107437 0.03336215019226074
0 0.5730701088905334 0.47420427203178406 0.02231093794107437 0.03336215019226074
0 0.4854728579521179 0.4736526906490326 0.02231093794107437 0.03336215019226074
0 0.39731472730636597 0.4730975925922394 0.02231093794107437 0.03336215019226074
0 0.3085903525352478 0.47253894805908203 0.02231093794107437 0.03336215019226074
0 0.2192942053079605 0.4719766676425934 0.02231093794107437 0.03336215019226074
0 0.7611738443374634 0.5801717638969421 0.02231093794107437 0.03336215019226074
0 0.6710831522941589 0.579950749874115 0.02231093794107437 0.03336215019226074
0 0.5803950428962708 0.5797283053398132 0.02231093794107437 0.03336215019226074
0 0.4891035258769989 0.5795043706893921 0.02231093794107437 0.03336215019226074
0 0.39720261096954346 0.5792789459228516 0.02231093794107437 0.03336215019226074
0 0.30468615889549255 0.5790519714355469 0.02231093794107437 0.03336215019226074
0 0.21154795587062836 0.5788235068321228 0.02231093794107437 0.03336215019226074
0 0.7770230174064636 0.6942495107650757 0.02231093794107437 0.03336215019226074
0 0.6830205321311951 0.6944124102592468 0.02231093794107437 0.03336215019226074
0 0.5883671641349792 0.6945763826370239 0.02231093794107437 0.03336215019226074
0 0.49305614829063416 0.6947415471076965 0.02231093794107437 0.03336215019226074
0 0.39708054065704346 0.6949077844619751 0.02231093794107437 0.03336215019226074
0 0.3004333972930908 0.695075273513794 0.02231093794107437 0.03336215019226074
0 0.20310765504837036 0.6952438950538635 0.02231093794107437 0.03336215019226074