0 0.6755595803260803 0.15696027874946594 0.025105861946940422 0.03347448259592056
0 0.6070826053619385 0.15938082337379456 0.025105861946940422 0.03347448259592056
0 0.5383981466293335 0.16180869936943054 0.025105861946940422 0.03347448259592056
0 0.4695051610469818 0.16424395143985748 0.025105861946940422 0.03347448259592056
0 0.4004027545452118 0.16668660938739777 0.025105861946940422 0.03347448259592056
0 0.33108997344970703 0.16913670301437378 0.025105861946940422 0.03347448259592056
0 0.26156583428382874 0.1715942621231079 0.025105861946940422 0.03347448259592056
0 0.686934232711792 0.22354847192764282 0.025105861946940422 0.03347448259592056
0 0.615287721157074 0.22618712484836578 0.025105861946940422 0.03347448259592056
0 0.5434139370918274 0.22883416712284088 0.025105861946940422 0.03347448259592056
0 0.4713118076324463 0.23148959875106812 0.025105861946940422 0.03347448259592056
0 0.3989802598953247 0.23415349423885345 0.025105861946940422 0.03347448259592056
0 0.3264181911945343 0.2368258684873581 0.025105861946940422 0.03347448259592056
0 0.25362449884414673 0.2395067811012268 0.025105861946940422 0.03347448259592056
0 0.6994176506996155 0.29662781953811646 0.025105861946940422 0.03347448259592056
0 0.6242939233779907 0.2995166480541229 0.025105861946940422 0.03347448259592056
0 0.5489202737808228 0.302415132522583 0.025105861946940422 0.03347448259592056
0 0.4732954800128937 0.3053232431411743 0.025105861946940422 0.03347448259592056
0 0.39741820096969604 0.308241069316864 0.025105861946940422 0.03347448259592056
0 0.3212871849536896 0.3111686706542969 0.025105861946940422 0.03347448259592056
0 0.24490121006965637 0.3141060471534729 0.025105861946940422 0.03347448259592056
0 0.7131803035736084 0.3771960735321045 0.025105861946940422 0.03347448259592056
0 0.6342247128486633 0.38037386536598206 0.025105861946940422 0.03347448259592056
0 0.5549929141998291 0.3835628032684326 0.025105861946940422 0.03347448259592056
0 0.4754834771156311 0.3867628872394562 0.025105861946940422 0.03347448259592056
0 0.39569491147994995 0.3899742066860199 0.025105861946940422 0.03347448259592056
0 0.31562578678131104 0.39319685101509094 0.025105861946940422 0.03347448259592056
0 0.2352745682001114 0.3964308202266693 0.025105861946940422 0.03347448259592056
0 0.7284294962882996 0.4664665758609772 0.025105861946940422 0.03347448259592056
0 0.6452301144599915 0.4699806272983551 0.025105861946940422 0.03347448259592056
0 0.5617238879203796 0.4735076129436493 0.025105861946940422 0.03347448259592056
0 0.477909117937088 0.4770476520061493 0.025105861946940422 0.03347448259592056
0 0.39378413558006287 0.4806007742881775 0.025105861946940422 0.03347448259592056
0 0.3093471825122833 0.48416709899902344 0.025105861946940422 0.03347448259592056
0 0.2245965451002121 0.4877466559410095 0.025105861946940422 0.03347448259592056
0 0.7454198598861694 0.5659297704696655 0.025105861946940422 0.03347448259592056
0 0.6574944853782654 0.5698383450508118 0.025105861946940422 0.03347448259592056
0 0.5692263245582581 0.5737621188163757 0.025105861946940422 0.03347448259592056
0 0.4806133508682251 0.5777012705802917 0.025105861946940422 0.03347448259592056
0 0.39165347814559937 0.5816558003425598 0.025105861946940422 0.03347448259592056
0 0.3023447096347809 0.5856258869171143 0.025105861946940422 0.03347448259592056
0 0.2126849740743637 0.5896115899085999 0.025105861946940422 0.03347448259592056
0 0.7644675374031067 0.677436888217926 0.025105861946940422 0.03347448259592056
0 0.6712470650672913 0.6818127632141113 0.025105861946940422 0.03347448259592056
0 0.5776410698890686 0.6862066388130188 0.025105861946940422 0.03347448259592056
0 0.48364704847335815 0.6906188130378723 0.025105861946940422 0.03347448259592056
0 0.38926267623901367 0.6950492858886719 0.025105861946940422 0.03347448259592056
0 0.2944854497909546 0.699498176574707 0.025105861946940422 0.03347448259592056
0 0.1993129700422287 0.7039656639099121 0.025105861946940422 0.03347448259592056