0 0.300193727016449 0.19024060666561127 0.018820246215909723 0.033458215494950615
0 0.2942653000354767 0.27052345871925354 0.018820246215909723 0.033458215494950615
0 0.2878822386264801 0.3569630980491638 0.018820246215909723 0.033458215494950615
0 0.2809901535511017 0.450296014547348 0.018820246215909723 0.033458215494950615
0 0.2735256254673004 0.55138099193573 0.018820246215909723 0.033458215494950615
0 0.26541420817375183 0.6612257957458496 0.018820246215909723 0.033458215494950615
0 0.2565680742263794 0.7810205221176147 0.018820246215909723 0.033458215494950615
0 0.3604649007320404 0.19226109981536865 0.018820246215909723 0.033458215494950615
0 0.3567729592323303 0.2723853588104248 0.018820246215909723 0.033458215494950615
0 0.352798730134964 0.3586357831954956 0.018820246215909723 0.033458215494950615
0 0.3485085368156433 0.45174282789230347 0.018820246215909723 0.033458215494950615
0 0.34386318922042847 0.5525580048561096 0.018820246215909723 0.033458215494950615
0 0.33881667256355286 0.6620797514915466 0.018820246215909723 0.033458215494950615
0 0.3333146274089813 0.781486988067627 0.018820246215909723 0.033458215494950615
0 0.42039966583251953 0.1942702978849411 0.018820246215909723 0.033458215494950615
0 0.4189188778400421 0.2742365300655365 0.018820246215909723 0.033458215494950615
0 0.4173252284526825 0.36029842495918274 0.018820246215909723 0.033458215494950615
0 0.4156052768230438 0.45318061113357544 0.018820246215909723 0.033458215494950615
0 0.41374337673187256 0.5537272691726685 0.018820246215909723 0.033458215494950615
0 0.41172125935554504 0.6629279851913452 0.018820246215909723 0.033458215494950615
0 0.40951722860336304 0.7819501757621765 0.018820246215909723 0.033458215494950615
0 0.4800008237361908 0.19626832008361816 0.018820246215909723 0.033458215494950615
0 0.48070624470710754 0.2760769724845886 0.018820246215909723 0.033458215494950615
0 0.48146528005599976 0.36195108294487 0.018820246215909723 0.033458215494950615
0 0.4822842478752136 0.4546094238758087 0.018820246215909723 0.033458215494950615
0 0.48317062854766846 0.5548890233039856 0.018820246215909723 0.033458215494950615
0 0.4841330051422119 0.6637704372406006 0.018820246215909723 0.033458215494950615
0 0.48518162965774536 0.7824100852012634 0.018820246215909723 0.033458215494950615
0 0.5392711162567139 0.198255255818367 0.018820246215909723 0.033458215494950615
0 0.5421380996704102 0.2779068648815155 0.018820246215909723 0.033458215494950615
0 0.545222282409668 0.3635939061641693 0.018820246215909723 0.033458215494950615
0 0.5485494136810303 0.45602938532829285 0.018820246215909723 0.033458215494950615
0 0.5521492958068848 0.5560432076454163 0.018820246215909723 0.033458215494950615
0 0.5560569167137146 0.6646072268486023 0.018820246215909723 0.033458215494950615
0 0.5603135228157043 0.7828667163848877 0.018820246215909723 0.033458215494950615
0 0.5982133746147156 0.20023119449615479 0.018820246215909723 0.033458215494950615
0 0.6032175421714783 0.2797262370586395 0.018820246215909723 0.033458215494950615
0 0.6085997819900513 0.36522695422172546 0.018820246215909723 0.033458215494950615
0 0.614404559135437 0.4574405550956726 0.018820246215909723 0.033458215494950615
0 0.6206837296485901 0.5571900010108948 0.018820246215909723 0.033458215494950615
0 0.6274979114532471 0.6654383540153503 0.018820246215909723 0.033458215494950615
0 0.6349184513092041 0.7833201885223389 0.018820246215909723 0.033458215494950615
0 0.6568302512168884 0.20219621062278748 0.018820246215909723 0.033458215494950615
0 0.663947582244873 0.28153520822525024 0.018820246215909723 0.033458215494950615
0 0.6716009974479675 0.3668502867221832 0.018820246215909723 0.033458215494950615
0 0.6798534989356995 0.45884305238723755 0.018820246215909723 0.033458215494950615
0 0.6887782216072083 0.5583294630050659 0.018820246215909723 0.033458215494950615
0 0.6984607577323914 0.666263997554779 0.018820246215909723 0.033458215494950615
0 0.7090020179748535 0.7837705016136169 0.018820246215909723 0.033458215494950615