0 0.7347160577774048 0.15116509795188904 0.02024649924909075 0.03398013859987259
0 0.661922037601471 0.15142115950584412 0.02024649924909075 0.03398013859987259
0 0.5893303155899048 0.1516765058040619 0.02024649924909075 0.03398013859987259
0 0.5169399380683899 0.15193113684654236 0.02024649924909075 0.03398013859987259
0 0.44475021958351135 0.15218506753444672 0.02024649924909075 0.03398013859987259
0 0.37276020646095276 0.15243829786777496 0.02024649924909075 0.03398013859987259
0 0.30096912384033203 0.1526908427476883 0.02024649924909075 0.03398013859987259
0 0.742954432964325 0.23091711103916168 0.02024649924909075 0.03398013859987259
0 0.6672680377960205 0.231067955493927 0.02024649924909075 0.03398013859987259
0 0.5918002128601074 0.2312183678150177 0.02024649924909075 0.03398013859987259
0 0.5165500044822693 0.23136834800243378 0.02024649924909075 0.03398013859987259
0 0.44151660799980164 0.23151791095733643 0.02024649924909075 0.03398013859987259
0 0.3666989505290985 0.23166702687740326 0.02024649924909075 0.03398013859987259
0 0.2920961380004883 0.23181571066379547 0.02024649924909075 0.03398013859987259
0 0.751872718334198 0.3172507584095001 0.02024649924909075 0.03398013859987259
0 0.6730545163154602 0.31727781891822815 0.02024649924909075 0.03398013859987259
0 0.5944733023643494 0.317304790019989 0.02024649924909075 0.03398013859987259
0 0.5161280632019043 0.3173317015171051 0.02024649924909075 0.03398013859987259
0 0.43801772594451904 0.31735849380493164 0.02024649924909075 0.03398013859987259
0 0.36014121770858765 0.3173852562904358 0.02024649924909075 0.03398013859987259
0 0.28249746561050415 0.3174118995666504 0.02024649924909075 0.03398013859987259
0 0.7615585923194885 0.4110158085823059 0.02024649924909075 0.03398013859987259
0 0.679338276386261 0.41089677810668945 0.02024649924909075 0.03398013859987259
0 0.5973758101463318 0.41077810525894165 0.02024649924909075 0.03398013859987259
0 0.5156699419021606 0.4106598198413849 0.02024649924909075 0.03398013859987259
0 0.4342195391654968 0.4105418920516968 0.02024649924909075 0.03398013859987259
0 0.35302338004112244 0.4104243218898773 0.02024649924909075 0.03398013859987259
0 0.27208030223846436 0.4103071391582489 0.02024649924909075 0.03398013859987259
0 0.7721157670021057 0.5132149457931519 0.02024649924909075 0.03398013859987259
0 0.6861863732337952 0.5129228830337524 0.02024649924909075 0.03398013859987259
0 0.6005384922027588 0.5126317143440247 0.02024649924909075 0.03398013859987259
0 0.5151708126068115 0.5123415589332581 0.02024649924909075 0.03398013859987259
0 0.43008196353912354 0.5120522975921631 0.02024649924909075 0.03398013859987259
0 0.345270574092865 0.5117639899253845 0.02024649924909075 0.03398013859987259
0 0.26073524355888367 0.5114766359329224 0.02024649924909075 0.03398013859987259
0 0.783667266368866 0.6250397562980652 0.02024649924909075 0.03398013859987259
0 0.6936783194541931 0.6245417594909668 0.02024649924909075 0.03398013859987259
0 0.603998064994812 0.6240455508232117 0.02024649924909075 0.03398013859987259
0 0.5146249532699585 0.6235509514808655 0.02024649924909075 0.03398013859987259
0 0.42555734515190125 0.6230580806732178 0.02024649924909075 0.03398013859987259
0 0.3367937505245209 0.6225669384002686 0.02024649924909075 0.03398013859987259
0 0.24833258986473083 0.6220774054527283 0.02024649924909075 0.03398013859987259
0 0.7963604927062988 0.7479172945022583 0.02024649924909075 0.03398013859987259
0 0.7019094228744507 0.7471731901168823 0.02024649924909075 0.03398013859987259
0 0.6077983379364014 0.746431827545166 0.02024649924909075 0.03398013859987259
0 0.5140253901481628 0.7456930875778198 0.02024649924909075 0.03398013859987259
0 0.42058873176574707 0.7449570298194885 0.02024649924909075 0.03398013859987259
0 0.3274866044521332 0.7442235350608826 0.02024649924909075 0.03398013859987259
0 0.23471719026565552 0.7434927225112915 0.02024649924909075 0.03398013859987259