0 0.7260003089904785 0.2123178094625473 0.033896597723166146 0.033896597723166146
0 0.651773989200592 0.21066445112228394 0.033896597723166146 0.033896597723166146
0 0.5773061513900757 0.2090057134628296 0.033896597723166146 0.033896597723166146
0 0.5025956034660339 0.20734158158302307 0.033896597723166146 0.033896597723166146
0 0.42764121294021606 0.2056720107793808 0.033896597723166146 0.033896597723166146
0 0.35244178771972656 0.20399697124958038 0.033896597723166146 0.033896597723166146
0 0.27699604630470276 0.20231646299362183 0.033896597723166146 0.033896597723166146
0 0.7355571985244751 0.2647072374820709 0.033896597723166146 0.033896597723166146
0 0.6584462523460388 0.26307767629623413 0.033896597723166146 0.033896597723166146
0 0.581074595451355 0.2614426016807556 0.033896597723166146 0.033896597723166146
0 0.5034409165382385 0.2598020136356354 0.033896597723166146 0.033896597723166146
0 0.425543874502182 0.25815585255622864 0.033896597723166146 0.033896597723166146
0 0.347382128238678 0.256504088640213 0.033896597723166146 0.033896597723166146
0 0.2689543068408966 0.2548466920852661 0.033896597723166146 0.033896597723166146
0 0.7458901405334473 0.32135042548179626 0.033896597723166146 0.033896597723166146
0 0.6656612753868103 0.31975409388542175 0.033896597723166146 0.033896597723166146
0 0.5851501822471619 0.31815212965011597 0.033896597723166146 0.033896597723166146
0 0.504355251789093 0.3165445029735565 0.033896597723166146 0.033896597723166146
0 0.42327502369880676 0.3149312138557434 0.033896597723166146 0.033896597723166146
0 0.3419080078601837 0.31331223249435425 0.033896597723166146 0.033896597723166146
0 0.2602526545524597 0.31168749928474426 0.033896597723166146 0.033896597723166146
0 0.7570974826812744 0.38278743624687195 0.033896597723166146 0.033896597723166146
0 0.6734880208969116 0.38123586773872375 0.033896597723166146 0.033896597723166146
0 0.5895718932151794 0.3796786367893219 0.033896597723166146 0.033896597723166146
0 0.5053473711013794 0.3781156837940216 0.033896597723166146 0.033896597723166146
0 0.4208127558231354 0.3765469491481781 0.033896597723166146 0.033896597723166146
0 0.3359663188457489 0.37497246265411377 0.033896597723166146 0.033896597723166146
0 0.25080639123916626 0.37339213490486145 0.033896597723166146 0.033896597723166146
0 0.7692952752113342 0.44965365529060364 0.033896597723166146 0.033896597723166146
0 0.6820077896118164 0.448161244392395 0.033896597723166146 0.033896597723166146
0 0.5943858623504639 0.44666314125061035 0.033896597723166146 0.033896597723166146
0 0.5064276456832886 0.44515925645828247 0.033896597723166146 0.033896597723166146
0 0.4181312024593353 0.4436495900154114 0.033896597723166146 0.033896597723166146
0 0.32949453592300415 0.4421341121196747 0.033896597723166146 0.033896597723166146
0 0.24051570892333984 0.44061279296875 0.033896597723166146 0.033896597723166146
0 0.7826208472251892 0.5227020382881165 0.033896597723166146 0.033896597723166146
0 0.6913167834281921 0.52128666639328 0.033896597723166146 0.033896597723166146
0 0.5996466875076294 0.5198655724525452 0.033896597723166146 0.033896597723166146
0 0.5076084136962891 0.5184387564659119 0.033896597723166146 0.033896597723166146
0 0.41519972681999207 0.5170062184333801 0.033896597723166146 0.033896597723166146
0 0.32241836190223694 0.5155678987503052 0.033896597723166146 0.033896597723166146
0 0.22926203906536102 0.514123797416687 0.033896597723166146 0.033896597723166146
0 0.7972381114959717 0.6028316020965576 0.033896597723166146 0.033896597723166146
0 0.7015300393104553 0.6015154719352722 0.033896597723166146 0.033896597723166146
0 0.6054196357727051 0.6001938581466675 0.033896597723166146 0.033896597723166146
0 0.5089043974876404 0.5988666415214539 0.033896597723166146 0.033896597723166146
0 0.4119817018508911 0.5975338816642761 0.033896597723166146 0.033896597723166146
0 0.31464895606040955 0.5961954593658447 0.033896597723166146 0.033896597723166146
0 0.21690361201763153 0.5948513150215149 0.033896597723166146 0.033896597723166146