0 0.33939698338508606 0.3872217833995819 0.01939629204571247 0.025861722727616627
0 0.33362212777137756 0.4449710249900818 0.01939629204571247 0.025861722727616627
0 0.32749462127685547 0.5062465667724609 0.01939629204571247 0.025861722727616627
0 0.3209811747074127 0.5713815689086914 0.01939629204571247 0.025861722727616627
0 0.31404414772987366 0.6407525539398193 0.01939629204571247 0.025861722727616627
0 0.3066408038139343 0.7147865295410156 0.01939629204571247 0.025861722727616627
0 0.298722505569458 0.7939700484275818 0.01939629204571247 0.025861722727616627
0 0.4016225039958954 0.3891637623310089 0.01939629204571247 0.025861722727616627
0 0.3976944386959076 0.4469223618507385 0.01939629204571247 0.025861722727616627
0 0.39352670311927795 0.5082047581672668 0.01939629204571247 0.025861722727616627
0 0.3890967071056366 0.5733436942100525 0.01939629204571247 0.025861722727616627
0 0.3843788802623749 0.6427148580551147 0.01939629204571247 0.025861722727616627
0 0.37934422492980957 0.7167447209358215 0.01939629204571247 0.025861722727616627
0 0.3739597201347351 0.7959188222885132 0.01939629204571247 0.025861722727616627
0 0.4637473225593567 0.3911026120185852 0.01939629204571247 0.025861722727616627
0 0.4616599977016449 0.4488704204559326 0.01939629204571247 0.025861722727616627
0 0.45944541692733765 0.5101596117019653 0.01939629204571247 0.025861722727616627
0 0.45709162950515747 0.5753023028373718 0.01939629204571247 0.025861722727616627
0 0.4545850455760956 0.6446736454963684 0.01939629204571247 0.025861722727616627
0 0.45191025733947754 0.7186992168426514 0.01939629204571247 0.025861722727616627
0 0.44904983043670654 0.7978637218475342 0.01939629204571247 0.025861722727616627
0 0.5257716774940491 0.3930383324623108 0.01939629204571247 0.025861722727616627
0 0.5255190134048462 0.45081526041030884 0.01939629204571247 0.025861722727616627
0 0.525251030921936 0.5121111273765564 0.01939629204571247 0.025861722727616627
0 0.5249662399291992 0.5772573947906494 0.01939629204571247 0.025861722727616627
0 0.5246629118919373 0.6466287970542908 0.01939629204571247 0.025861722727616627
0 0.5243393182754517 0.7206500172615051 0.01939629204571247 0.025861722727616627
0 0.523993194103241 0.7998048663139343 0.01939629204571247 0.025861722727616627
0 0.5876957774162292 0.39497092366218567 0.01939629204571247 0.025861722727616627
0 0.5892718434333801 0.4527568519115448 0.01939629204571247 0.025861722727616627
0 0.5909438729286194 0.5140592455863953 0.01939629204571247 0.025861722727616627
0 0.5927208065986633 0.5792090892791748 0.01939629204571247 0.025861722727616627
0 0.5946128964424133 0.6485803723335266 0.01939629204571247 0.025861722727616627
0 0.5966317057609558 0.7225971817970276 0.01939629204571247 0.025861722727616627
0 0.5987903475761414 0.8017421960830688 0.01939629204571247 0.025861722727616627
0 0.6495199203491211 0.39690038561820984 0.01939629204571247 0.025861722727616627
0 0.6529186964035034 0.4546952247619629 0.01939629204571247 0.025861722727616627
0 0.6565241813659668 0.5160040259361267 0.01939629204571247 0.025861722727616627
0 0.6603557467460632 0.5811573266983032 0.01939629204571247 0.025861722727616627
0 0.6644353270530701 0.6505284309387207 0.01939629204571247 0.025861722727616627
0 0.6687878370285034 0.724540650844574 0.01939629204571247 0.025861722727616627
0 0.6734416484832764 0.8036757707595825 0.01939629204571247 0.025861722727616627
0 0.7112442851066589 0.3988267183303833 0.01939629204571247 0.025861722727616627
0 0.7164598703384399 0.4566303789615631 0.01939629204571247 0.025861722727616627
0 0.7219922542572021 0.5179454684257507 0.01939629204571247 0.025861722727616627
0 0.727871298789978 0.5831021070480347 0.01939629204571247 0.025861722727616627
0 0.7341305017471313 0.6524729132652283 0.01939629204571247 0.025861722727616627
0 0.7408081293106079 0.7264804244041443 0.01939629204571247 0.025861722727616627
0 0.7479475140571594 0.8056055903434753 0.01939629204571247 0.025861722727616627