0 0.23442590236663818 0.7161734104156494 0.029029570519924164 0.029029570519924164
0 0.3193783164024353 0.7148904204368591 0.029029570519924164 0.029029570519924164
0 0.4040054678916931 0.7136123180389404 0.029029570519924164 0.029029570519924164
0 0.48830923438072205 0.7123391032218933 0.029029570519924164 0.029029570519924164
0 0.5722914934158325 0.7110707759857178 0.029029570519924164 0.029029570519924164
0 0.6559540033340454 0.709807276725769 0.029029570519924164 0.029029570519924164
0 0.7392985820770264 0.7085485458374023 0.029029570519924164 0.029029570519924164
0 0.2422884702682495 0.6295512914657593 0.029029570519924164 0.029029570519924164
0 0.32445162534713745 0.6284709572792053 0.029029570519924164 0.029029570519924164
0 0.40631046891212463 0.6273945569992065 0.029029570519924164 0.029029570519924164
0 0.48786669969558716 0.6263221502304077 0.029029570519924164 0.029029570519924164
0 0.5691219568252563 0.6252537369728088 0.029029570519924164 0.029029570519924164
0 0.6500778794288635 0.6241891980171204 0.029029570519924164 0.029029570519924164
0 0.7307361960411072 0.6231285929679871 0.029029570519924164 0.029029570519924164
0 0.24965277314186096 0.5484184622764587 0.029029570519924164 0.029029570519924164
0 0.3292040228843689 0.5475180745124817 0.029029570519924164 0.029029570519924164
0 0.40846994519233704 0.5466208457946777 0.029029570519924164 0.029029570519924164
0 0.48745203018188477 0.5457268357276917 0.029029570519924164 0.029029570519924164
0 0.5661518573760986 0.5448360443115234 0.029029570519924164 0.029029570519924164
0 0.6445708274841309 0.5439484119415283 0.029029570519924164 0.029029570519924164
0 0.7227106094360352 0.5430639386177063 0.029029570519924164 0.029029570519924164
0 0.256564736366272 0.4722691774368286 0.029029570519924164 0.029029570519924164
0 0.33366501331329346 0.4715289771556854 0.029029570519924164 0.029029570519924164
0 0.4104972183704376 0.4707913398742676 0.029029570519924164 0.029029570519924164
0 0.4870627224445343 0.4700562655925751 0.029029570519924164 0.029029570519924164
0 0.5633628964424133 0.4693237245082855 0.029029570519924164 0.029029570519924164
0 0.6393991708755493 0.4685937464237213 0.029029570519924164 0.029029570519924164
0 0.7151728272438049 0.46786627173423767 0.029029570519924164 0.029029570519924164
0 0.26306477189064026 0.40065792202949524 0.029029570519924164 0.029029570519924164
0 0.3378606140613556 0.4000607430934906 0.029029570519924164 0.029029570519924164
0 0.4124040901660919 0.39946556091308594 0.029029570519924164 0.029029570519924164
0 0.4866964817047119 0.39887240529060364 0.029029570519924164 0.029029570519924164
0 0.5607390403747559 0.3982812464237213 0.029029570519924164 0.029029570519924164
0 0.6345331072807312 0.3976920545101166 0.029029570519924164 0.029029570519924164
0 0.7080798149108887 0.3971048593521118 0.029029570519924164 0.029029570519924164
0 0.26918867230415344 0.33319076895713806 0.029029570519924164 0.029029570519924164
0 0.3418138027191162 0.3327215611934662 0.029029570519924164 0.029029570519924164
0 0.41420096158981323 0.3322538733482361 0.029029570519924164 0.029029570519924164
0 0.4863513112068176 0.33178770542144775 0.029029570519924164 0.029029570519924164
0 0.5582660436630249 0.3313230872154236 0.029029570519924164 0.029029570519924164
0 0.6299462914466858 0.3308599889278412 0.029029570519924164 0.029029570519924164
0 0.701393187046051 0.3303983807563782 0.029029570519924164 0.029029570519924164
0 0.27496814727783203 0.269518107175827 0.029029570519924164 0.029029570519924164
0 0.3455449938774109 0.2691636383533478 0.029029570519924164 0.029029570519924164
0 0.41589710116386414 0.2688102722167969 0.029029570519924164 0.029029570519924164
0 0.48602551221847534 0.2684580385684967 0.029029570519924164 0.029029570519924164
0 0.5559312701225281 0.2681069076061249 0.029029570519924164 0.029029570519924164
0 0.6256154179573059 0.2677569091320038 0.029029570519924164 0.029029570519924164
0 0.6950790882110596 0.26740801334381104 0.029029570519924164 0.029029570519924164