0 0.6976926922798157 0.15901470184326172 0.02297101131019493 0.03434917579094569
0 0.6220834851264954 0.15755382180213928 0.02297101131019493 0.03434917579094569
0 0.5457444190979004 0.15607886016368866 0.02297101131019493 0.03434917579094569
0 0.4686650037765503 0.15458957850933075 0.02297101131019493 0.03434917579094569
0 0.39083439111709595 0.15308578312397003 0.02297101131019493 0.03434917579094569
0 0.3122415244579315 0.1515672504901886 0.02297101131019493 0.03434917579094569
0 0.23287513852119446 0.15003378689289093 0.02297101131019493 0.03434917579094569
0 0.7093651294708252 0.2388351410627365 0.02297101131019493 0.03434917579094569
0 0.6310592293739319 0.2377183735370636 0.02297101131019493 0.03434917579094569
0 0.5519698262214661 0.2365904301404953 0.02297101131019493 0.03434917579094569
0 0.47208520770072937 0.2354511320590973 0.02297101131019493 0.03434917579094569
0 0.39139318466186523 0.23430033028125763 0.02297101131019493 0.03434917579094569
0 0.3098815381526947 0.2331378310918808 0.02297101131019493 0.03434917579094569
0 0.22753769159317017 0.23196347057819366 0.02297101131019493 0.03434917579094569
0 0.7219156622886658 0.3246608078479767 0.02297101131019493 0.03434917579094569
0 0.6407137513160706 0.32394519448280334 0.02297101131019493 0.03434917579094569
0 0.5586684942245483 0.3232221305370331 0.02297101131019493 0.03434917579094569
0 0.47576671838760376 0.32249152660369873 0.02297101131019493 0.03434917579094569
0 0.3919949233531952 0.32175323367118835 0.02297101131019493 0.03434917579094569
0 0.3073393404483795 0.3210071623325348 0.02297101131019493 0.03434917579094569
0 0.22178591787815094 0.3202531933784485 0.02297101131019493 0.03434917579094569
0 0.735447347164154 0.4171959161758423 0.02297101131019493 0.03434917579094569
0 0.6511270403862 0.41694897413253784 0.02297101131019493 0.03434917579094569
0 0.5658964514732361 0.4166993796825409 0.02297101131019493 0.03434917579094569
0 0.4797407388687134 0.41644707322120667 0.02297101131019493 0.03434917579094569
0 0.3926447331905365 0.41619202494621277 0.02297101131019493 0.03434917579094569
0 0.30459296703338623 0.41593414545059204 0.02297101131019493 0.03434917579094569
0 0.2155696153640747 0.4156734347343445 0.02297101131019493 0.03434917579094569
0 0.7500799298286438 0.5172591805458069 0.02297101131019493 0.03434917579094569
0 0.6623923182487488 0.5175613760948181 0.02297101131019493 0.03434917579094569
0 0.5737190842628479 0.5178669691085815 0.02297101131019493 0.03434917579094569
0 0.48404353857040405 0.5181759595870972 0.02297101131019493 0.03434917579094569
0 0.3933485746383667 0.5184885263442993 0.02297101131019493 0.03434917579094569
0 0.30161675810813904 0.5188046097755432 0.02297101131019493 0.03434917579094569
0 0.20883013308048248 0.5191243886947632 0.02297101131019493 0.03434917579094569
0 0.7659533619880676 0.6258082985877991 0.02297101131019493 0.03434917579094569
0 0.6746184229850769 0.6267558932304382 0.02297101131019493 0.03434917579094569
0 0.5822128653526306 0.6277145743370056 0.02297101131019493 0.03434917579094569
0 0.4887176752090454 0.6286845207214355 0.02297101131019493 0.03434917579094569
0 0.39411357045173645 0.6296660304069519 0.02297101131019493 0.03434917579094569
0 0.29838061332702637 0.6306592226028442 0.02297101131019493 0.03434917579094569
0 0.20149853825569153 0.6316643357276917 0.02297101131019493 0.03434917579094569
0 0.783232569694519 0.7439704537391663 0.02297101131019493 0.03434917579094569
0 0.6879339218139648 0.7456794381141663 0.02297101131019493 0.03434917579094569
0 0.5914680361747742 0.7474094033241272 0.02297101131019493 0.03434917579094569
0 0.4938134253025055 0.7491605877876282 0.02297101131019493 0.03434917579094569
0 0.39494794607162476 0.7509335875511169 0.02297101131019493 0.03434917579094569
0 0.2948489487171173 0.7527286410331726 0.02297101131019493 0.03434917579094569
0 0.19349318742752075 0.7545462250709534 0.02297101131019493 0.03434917579094569