0 0.7308380007743835 0.15348653495311737 0.020398677119778264 0.034235542019208275
0 0.6586794257164001 0.15339486300945282 0.020398677119778264 0.034235542019208275
0 0.5866998434066772 0.15330341458320618 0.020398677119778264 0.034235542019208275
0 0.5148985981941223 0.15321218967437744 0.020398677119778264 0.034235542019208275
0 0.4432750344276428 0.1531211882829666 0.020398677119778264 0.034235542019208275
0 0.37182852625846863 0.1530304253101349 0.020398677119778264 0.034235542019208275
0 0.3005583584308624 0.15293987095355988 0.020398677119778264 0.034235542019208275
0 0.7394523620605469 0.2332841157913208 0.020398677119778264 0.034235542019208275
0 0.664362907409668 0.23308561742305756 0.020398677119778264 0.034235542019208275
0 0.5894672274589539 0.2328876256942749 0.020398677119778264 0.034235542019208275
0 0.5147646069526672 0.23269015550613403 0.020398677119778264 0.034235542019208275
0 0.4402543306350708 0.23249319195747375 0.020398677119778264 0.034235542019208275
0 0.3659355938434601 0.23229673504829407 0.020398677119778264 0.034235542019208275
0 0.29180771112442017 0.23210076987743378 0.020398677119778264 0.034235542019208275
0 0.7487942576408386 0.3198207914829254 0.020398677119778264 0.034235542019208275
0 0.6705257296562195 0.31949740648269653 0.020398677119778264 0.034235542019208275
0 0.592467725276947 0.3191748559474945 0.020398677119778264 0.034235542019208275
0 0.5146193504333496 0.3188531994819641 0.020398677119778264 0.034235542019208275
0 0.43697986006736755 0.31853237748146057 0.020398677119778264 0.034235542019208275
0 0.35954833030700684 0.31821244955062866 0.020398677119778264 0.034235542019208275
0 0.282323956489563 0.3178933560848236 0.020398677119778264 0.034235542019208275
0 0.7589598298072815 0.4139879047870636 0.020398677119778264 0.034235542019208275
0 0.6772311925888062 0.41351789236068726 0.020398677119778264 0.034235542019208275
0 0.5957319736480713 0.4130491614341736 0.020398677119778264 0.034235542019208275
0 0.51446133852005 0.41258174180984497 0.020398677119778264 0.034235542019208275
0 0.43341827392578125 0.4121156632900238 0.020398677119778264 0.034235542019208275
0 0.3526017963886261 0.4116508662700653 0.020398677119778264 0.034235542019208275
0 0.27201101183891296 0.41118738055229187 0.020398677119778264 0.034235542019208275
0 0.7700631618499756 0.5168412327766418 0.020398677119778264 0.034235542019208275
0 0.6845542788505554 0.5161982774734497 0.020398677119778264 0.034235542019208275
0 0.599296510219574 0.5155572295188904 0.020398677119778264 0.034235542019208275
0 0.5142888426780701 0.5149180293083191 0.020398677119778264 0.034235542019208275
0 0.4295300841331482 0.5142807364463806 0.020398677119778264 0.034235542019208275
0 0.3450191915035248 0.5136452913284302 0.020398677119778264 0.034235542019208275
0 0.26075509190559387 0.5130116939544678 0.020398677119778264 0.034235542019208275
0 0.7822401523590088 0.6296407580375671 0.020398677119778264 0.034235542019208275
0 0.6925843954086304 0.6287928819656372 0.020398677119778264 0.034235542019208275
0 0.6032046675682068 0.6279475688934326 0.020398677119778264 0.034235542019208275
0 0.5140997171401978 0.6271048784255981 0.020398677119778264 0.034235542019208275
0 0.4252682328224182 0.6262648105621338 0.020398677119778264 0.034235542019208275
0 0.3367089629173279 0.62542724609375 0.020398677119778264 0.034235542019208275
0 0.24842067062854767 0.6245923042297363 0.020398677119778264 0.034235542019208275
0 0.7956545352935791 0.7539024949073792 0.020398677119778264 0.034235542019208275
0 0.7014292478561401 0.7528102993965149 0.020398677119778264 0.034235542019208275
0 0.6075087189674377 0.7517216205596924 0.020398677119778264 0.034235542019208275
0 0.5138914585113525 0.7506364583969116 0.020398677119778264 0.034235542019208275
0 0.4205760657787323 0.7495548129081726 0.020398677119778264 0.034235542019208275
0 0.32756105065345764 0.7484766244888306 0.020398677119778264 0.034235542019208275
0 0.23484498262405396 0.7474019527435303 0.020398677119778264 0.034235542019208275