0 0.32142379879951477 0.6847366690635681 0.028250617285569508 0.028250617285569508
0 0.4123615026473999 0.681464672088623 0.028250617285569508 0.028250617285569508
0 0.4997202157974243 0.6783214211463928 0.028250617285569508 0.028250617285569508
0 0.5837072134017944 0.6752994656562805 0.028250617285569508 0.028250617285569508
0 0.664513885974884 0.6723920106887817 0.028250617285569508 0.028250617285569508
0 0.7423176169395447 0.669592559337616 0.028250617285569508 0.028250617285569508
0 0.8172827363014221 0.6668952703475952 0.028250617285569508 0.028250617285569508
0 0.3208375871181488 0.5946713089942932 0.028250617285569508 0.028250617285569508
0 0.4097555875778198 0.5932399034500122 0.028250617285569508 0.028250617285569508
0 0.49525079131126404 0.5918635725975037 0.028250617285569508 0.028250617285569508
0 0.5775170922279358 0.5905392169952393 0.028250617285569508 0.028250617285569508
0 0.6567339897155762 0.5892639756202698 0.028250617285569508 0.028250617285569508
0 0.7330679297447205 0.5880351662635803 0.028250617285569508 0.028250617285569508
0 0.806673526763916 0.5868502259254456 0.028250617285569508 0.028250617285569508
0 0.32027745246887207 0.5086184740066528 0.028250617285569508 0.028250617285569508
0 0.40726354718208313 0.5088701844215393 0.028250617285569508 0.028250617285569508
0 0.49097299575805664 0.5091124176979065 0.028250617285569508 0.028250617285569508
0 0.5715874433517456 0.5093457102775574 0.028250617285569508 0.028250617285569508
0 0.6492754817008972 0.5095705389976501 0.028250617285569508 0.028250617285569508
0 0.7241936326026917 0.509787380695343 0.028250617285569508 0.028250617285569508
0 0.7964873313903809 0.5099965929985046 0.028250617285569508 0.028250617285569508
0 0.31974175572395325 0.4263158142566681 0.028250617285569508 0.028250617285569508
0 0.40487807989120483 0.428108274936676 0.028250617285569508 0.028250617285569508
0 0.4868747293949127 0.42983463406562805 0.028250617285569508 0.028250617285569508
0 0.5659021735191345 0.4314984679222107 0.028250617285569508 0.028250617285569508
0 0.6421189308166504 0.43310311436653137 0.028250617285569508 0.028250617285569508
0 0.7156722545623779 0.4346517026424408 0.028250617285569508 0.028250617285569508
0 0.7866993546485901 0.43614712357521057 0.028250617285569508 0.028250617285569508
0 0.3192289173603058 0.34752345085144043 0.028250617285569508 0.028250617285569508
0 0.4025924801826477 0.35072755813598633 0.028250617285569508 0.028250617285569508
0 0.48294493556022644 0.3538159430027008 0.028250617285569508 0.028250617285569508
0 0.5604465007781982 0.3567947447299957 0.028250617285569508 0.028250617285569508
0 0.6352463364601135 0.3596697151660919 0.028250617285569508 0.028250617285569508
0 0.707483172416687 0.3624461591243744 0.028250617285569508 0.028250617285569508
0 0.7772865891456604 0.3651290833950043 0.028250617285569508 0.028250617285569508
0 0.3187374770641327 0.27202150225639343 0.028250617285569508 0.028250617285569508
0 0.4004006087779999 0.27652010321617126 0.028250617285569508 0.028250617285569508
0 0.4791734516620636 0.28085947036743164 0.028250617285569508 0.028250617285569508
0 0.5552067756652832 0.2850479483604431 0.028250617285569508 0.028250617285569508
0 0.6286410689353943 0.2890932559967041 0.028250617285569508 0.028250617285569508
0 0.6996073722839355 0.29300257563591003 0.028250617285569508 0.028250617285569508
0 0.7682279348373413 0.2967827022075653 0.028250617285569508 0.028250617285569508
0 0.3182661235332489 0.19960804283618927 0.028250617285569508 0.028250617285569508
0 0.3982968032360077 0.20529459416866302 0.028250617285569508 0.028250617285569508
0 0.47555091977119446 0.21078385412693024 0.028250617285569508 0.028250617285569508
0 0.5501704216003418 0.21608591079711914 0.028250617285569508 0.028250617285569508
0 0.622287929058075 0.22121019661426544 0.028250617285569508 0.028250617285569508
0 0.6920271515846252 0.22616548836231232 0.028250617285569508 0.028250617285569508
0 0.7595037817955017 0.23096001148223877 0.028250617285569508 0.028250617285569508