0 0.7502478957176208 0.22305966913700104 0.03443154195944468 0.03443154195944468
0 0.6720961332321167 0.22403600811958313 0.03443154195944468 0.03443154195944468
0 0.5941048860549927 0.22501035034656525 0.03443154195944468 0.03443154195944468
0 0.5162737369537354 0.2259826809167862 0.03443154195944468 0.03443154195944468
0 0.43860217928886414 0.22695301473140717 0.03443154195944468 0.03443154195944468
0 0.3610897362232208 0.22792138159275055 0.03443154195944468 0.03443154195944468
0 0.28373587131500244 0.22888775169849396 0.03443154195944468 0.03443154195944468
0 0.760448694229126 0.2878707945346832 0.03443154195944468 0.03443154195944468
0 0.6794201135635376 0.28881382942199707 0.03443154195944468 0.03443154195944468
0 0.598564088344574 0.28975486755371094 0.03443154195944468 0.03443154195944468
0 0.5178800821304321 0.29069390892982483 0.03443154195944468 0.03443154195944468
0 0.4373675584793091 0.29163095355033875 0.03443154195944468 0.03443154195944468
0 0.35702595114707947 0.2925660312175751 0.03443154195944468 0.03443154195944468
0 0.2768547832965851 0.29349908232688904 0.03443154195944468 0.03443154195944468
0 0.7714270353317261 0.35762178897857666 0.03443154195944468 0.03443154195944468
0 0.6873016953468323 0.35852354764938354 0.03443154195944468 0.03443154195944468
0 0.6033623814582825 0.35942330956459045 0.03443154195944468 0.03443154195944468
0 0.5196084380149841 0.3603210747241974 0.03443154195944468 0.03443154195944468
0 0.4360392093658447 0.36121687293052673 0.03443154195944468 0.03443154195944468
0 0.3526541590690613 0.3621107041835785 0.03443154195944468 0.03443154195944468
0 0.26945266127586365 0.36300256848335266 0.03443154195944468 0.03443154195944468
0 0.783275306224823 0.4328997731208801 0.03443154195944468 0.03443154195944468
0 0.695807158946991 0.43375062942504883 0.03443154195944468 0.03443154195944468
0 0.6085400581359863 0.43459951877593994 0.03443154195944468 0.03443154195944468
0 0.521473228931427 0.43544644117355347 0.03443154195944468 0.03443154195944468
0 0.4346061050891876 0.4362914264202118 0.03443154195944468 0.03443154195944468
0 0.3479379415512085 0.4371345043182373 0.03443154195944468 0.03443154195944468
0 0.2614680230617523 0.4379756450653076 0.03443154195944468 0.03443154195944468
0 0.7961010932922363 0.5143888592720032 0.03443154195944468 0.03443154195944468
0 0.7050135135650635 0.5151771306991577 0.03443154195944468 0.03443154195944468
0 0.6141438484191895 0.5159635543823242 0.03443154195944468 0.03443154195944468
0 0.523491382598877 0.5167480707168579 0.03443154195944468 0.03443154195944468
0 0.4330553412437439 0.5175306797027588 0.03443154195944468 0.03443154195944468
0 0.3428348898887634 0.5183115005493164 0.03443154195944468 0.03443154195944468
0 0.25282931327819824 0.5190904140472412 0.03443154195944468 0.03443154195944468
0 0.8100306987762451 0.6028907299041748 0.03443154195944468 0.03443154195944468
0 0.7150111198425293 0.6036022901535034 0.03443154195944468 0.03443154195944468
0 0.6202287077903748 0.6043121218681335 0.03443154195944468 0.03443154195944468
0 0.5256825685501099 0.6050201654434204 0.03443154195944468 0.03443154195944468
0 0.4313717484474182 0.6057264804840088 0.03443154195944468 0.03443154195944468
0 0.33729544281959534 0.6064310073852539 0.03443154195944468 0.03443154195944468
0 0.24345271289348602 0.6071338057518005 0.03443154195944468 0.03443154195944468
0 0.8252128958702087 0.6993513703346252 0.03443154195944468 0.03443154195944468
0 0.7259066700935364 0.6999689936637878 0.03443154195944468 0.03443154195944468
0 0.6268593668937683 0.7005850076675415 0.03443154195944468 0.03443154195944468
0 0.5280700325965881 0.701199471950531 0.03443154195944468 0.03443154195944468
0 0.4295375645160675 0.7018122673034668 0.03443154195944468 0.03443154195944468
0 0.3312610387802124 0.7024235129356384 0.03443154195944468 0.03443154195944468
0 0.23323945701122284 0.7030331492424011 0.03443154195944468 0.03443154195944468