0 0.73634272813797 0.24530437588691711 0.03418982774019241 0.03418982774019241
0 0.6602259278297424 0.24444085359573364 0.03418982774019241 0.03418982774019241
0 0.5843213796615601 0.24357973039150238 0.03418982774019241 0.03418982774019241
0 0.508628249168396 0.24272100627422333 0.03418982774019241 0.03418982774019241
0 0.4331457018852234 0.24186468124389648 0.03418982774019241 0.03418982774019241
0 0.3578728139400482 0.24101072549819946 0.03418982774019241 0.03418982774019241
0 0.28280869126319885 0.24015913903713226 0.03418982774019241 0.03418982774019241
0 0.7444190382957458 0.3083208501338959 0.03418982774019241 0.03418982774019241
0 0.6653110384941101 0.3073320686817169 0.03418982774019241 0.03418982774019241
0 0.5864322781562805 0.3063461482524872 0.03418982774019241 0.03418982774019241
0 0.5077818632125854 0.30536308884620667 0.03418982774019241 0.03418982774019241
0 0.42935872077941895 0.30438289046287537 0.03418982774019241 0.03418982774019241
0 0.3511618971824646 0.3034054934978485 0.03418982774019241 0.03418982774019241
0 0.2731904089450836 0.3024308979511261 0.03418982774019241 0.03418982774019241
0 0.7531543374061584 0.3764793872833252 0.03418982774019241 0.03418982774019241
0 0.6708104610443115 0.375347375869751 0.03418982774019241 0.03418982774019241
0 0.5887149572372437 0.37421879172325134 0.03418982774019241 0.03418982774019241
0 0.5068666934967041 0.3730935752391815 0.03418982774019241 0.03418982774019241
0 0.4252645969390869 0.3719717860221863 0.03418982774019241 0.03418982774019241
0 0.3439074754714966 0.37085333466529846 0.03418982774019241 0.03418982774019241
0 0.2627943158149719 0.36973825097084045 0.03418982774019241 0.03418982774019241
0 0.7626327276229858 0.4504361152648926 0.03418982774019241 0.03418982774019241
0 0.6767770051956177 0.4491395652294159 0.03418982774019241 0.03418982774019241
0 0.5911911725997925 0.4478471279144287 0.03418982774019241 0.03418982774019241
0 0.5058740973472595 0.44655871391296387 0.03418982774019241 0.03418982774019241
0 0.4208243489265442 0.44527435302734375 0.03418982774019241 0.03418982774019241
0 0.33604079484939575 0.44399401545524597 0.03418982774019241 0.03418982774019241
0 0.25152212381362915 0.44271767139434814 0.03418982774019241 0.03418982774019241
0 0.7729532718658447 0.5309637188911438 0.03418982774019241 0.03418982774019241
0 0.6832727789878845 0.5294772982597351 0.03418982774019241 0.03418982774019241
0 0.5938867330551147 0.5279957056045532 0.03418982774019241 0.03418982774019241
0 0.5047937035560608 0.5265190005302429 0.03418982774019241 0.03418982774019241
0 0.41599220037460327 0.5250471234321594 0.03418982774019241 0.03418982774019241
0 0.32748085260391235 0.523580014705658 0.03418982774019241 0.03418982774019241
0 0.23925822973251343 0.5221177339553833 0.03418982774019241 0.03418982774019241
0 0.7842333912849426 0.61897873878479 0.03418982774019241 0.03418982774019241
0 0.6903714537620544 0.6172718405723572 0.03418982774019241 0.03418982774019241
0 0.5968320369720459 0.6155708432197571 0.03418982774019241 0.03418982774019241
0 0.5036133527755737 0.6138756275177002 0.03418982774019241 0.03418982774019241
0 0.4107138216495514 0.6121862530708313 0.03418982774019241 0.03418982774019241
0 0.31813183426856995 0.6105026602745056 0.03418982774019241 0.03418982774019241
0 0.22586573660373688 0.6088247895240784 0.03418982774019241 0.03418982774019241
0 0.7966134548187256 0.7155762314796448 0.03418982774019241 0.03418982774019241
0 0.6981611251831055 0.7136119604110718 0.03418982774019241 0.03418982774019241
0 0.6000634431838989 0.711654782295227 0.03418982774019241 0.03418982774019241
0 0.5023185610771179 0.7097046375274658 0.03418982774019241 0.03418982774019241
0 0.4049244523048401 0.7077615261077881 0.03418982774019241 0.03418982774019241
0 0.30787932872772217 0.7058253288269043 0.03418982774019241 0.03418982774019241
0 0.21118131279945374 0.7038960456848145 0.03418982774019241 0.03418982774019241