0 0.30516788363456726 0.3748234510421753 0.019753368571400642 0.026337824761867523
0 0.29978978633880615 0.43843352794647217 0.019753368571400642 0.026337824761867523
0 0.2940938174724579 0.5058035850524902 0.019753368571400642 0.026337824761867523
0 0.28805088996887207 0.5772771835327148 0.019753368571400642 0.026337824761867523
0 0.2816283404827118 0.6532409191131592 0.019753368571400642 0.026337824761867523
0 0.2747891843318939 0.7341317534446716 0.019753368571400642 0.026337824761867523
0 0.2674916088581085 0.8204451203346252 0.019753368571400642 0.026337824761867523
0 0.36890318989753723 0.37603461742401123 0.019753368571400642 0.026337824761867523
0 0.36535635590553284 0.43965011835098267 0.019753368571400642 0.026337824761867523
0 0.36159998178482056 0.5070241093635559 0.019753368571400642 0.026337824761867523
0 0.3576149046421051 0.5784998536109924 0.019753368571400642 0.026337824761867523
0 0.35337960720062256 0.6544636487960815 0.019753368571400642 0.026337824761867523
0 0.3488697409629822 0.7353519797325134 0.019753368571400642 0.026337824761867523
0 0.34405773878097534 0.8216597437858582 0.019753368571400642 0.026337824761867523
0 0.43258136510849 0.3772447109222412 0.019753368571400642 0.026337824761867523
0 0.4308624565601349 0.44086554646492004 0.019753368571400642 0.026337824761867523
0 0.4290420413017273 0.5082434415817261 0.019753368571400642 0.026337824761867523
0 0.427110880613327 0.5797213315963745 0.019753368571400642 0.026337824761867523
0 0.4250584840774536 0.6556851863861084 0.019753368571400642 0.026337824761867523
0 0.4228731095790863 0.7365709543228149 0.019753368571400642 0.026337824761867523
0 0.4205414056777954 0.8228729963302612 0.019753368571400642 0.026337824761867523
0 0.4962024688720703 0.37845370173454285 0.019753368571400642 0.026337824761867523
0 0.49630817770957947 0.44207990169525146 0.019753368571400642 0.026337824761867523
0 0.49642011523246765 0.5094616413116455 0.019753368571400642 0.026337824761867523
0 0.4965388774871826 0.5809416174888611 0.019753368571400642 0.026337824761867523
0 0.4966650605201721 0.6569054126739502 0.019753368571400642 0.026337824761867523
0 0.49679943919181824 0.7377886176109314 0.019753368571400642 0.026337824761867523
0 0.49694281816482544 0.824084997177124 0.019753368571400642 0.026337824761867523
0 0.5597665905952454 0.3796616196632385 0.019753368571400642 0.026337824761867523
0 0.5616936087608337 0.44329309463500977 0.019753368571400642 0.026337824761867523
0 0.5637342929840088 0.5106787085533142 0.019753368571400642 0.026337824761867523
0 0.5658990144729614 0.5821607708930969 0.019753368571400642 0.026337824761867523
0 0.5681994557380676 0.6581244468688965 0.019753368571400642 0.026337824761867523
0 0.5706488490104675 0.7390050292015076 0.019753368571400642 0.026337824761867523
0 0.5732620358467102 0.8252956867218018 0.019753368571400642 0.026337824761867523
0 0.6232737898826599 0.38086843490600586 0.019753368571400642 0.026337824761867523
0 0.6270188093185425 0.4445051848888397 0.019753368571400642 0.026337824761867523
0 0.6309846043586731 0.5118945837020874 0.019753368571400642 0.026337824761867523
0 0.6351914405822754 0.5833786725997925 0.019753368571400642 0.026337824761867523
0 0.6396618485450745 0.6593422889709473 0.019753368571400642 0.026337824761867523
0 0.6444214582443237 0.7402201294898987 0.019753368571400642 0.026337824761867523
0 0.649499237537384 0.8265050649642944 0.019753368571400642 0.026337824761867523
0 0.6867241859436035 0.3820742070674896 0.019753368571400642 0.026337824761867523
0 0.6922838687896729 0.44571617245674133 0.019753368571400642 0.026337824761867523
0 0.6981712579727173 0.5131093263626099 0.019753368571400642 0.026337824761867523
0 0.7044161558151245 0.5845953822135925 0.019753368571400642 0.026337824761867523
0 0.7110521793365479 0.6605588793754578 0.019753368571400642 0.026337824761867523
0 0.718117356300354 0.7414340376853943 0.019753368571400642 0.026337824761867523
0 0.7256545424461365 0.827713131904602 0.019753368571400642 0.026337824761867523