0 0.7071160674095154 0.16648456454277039 0.02278813417069614 0.03407571464776993
0 0.6317484378814697 0.16578608751296997 0.02278813417069614 0.03407571464776993
0 0.5558388829231262 0.16508258879184723 0.02278813417069614 0.03407571464776993
0 0.4793814718723297 0.16437400877475739 0.02278813417069614 0.03407571464776993
0 0.40237027406692505 0.16366028785705566 0.02278813417069614 0.03407571464776993
0 0.3247992694377899 0.16294139623641968 0.02278813417069614 0.03407571464776993
0 0.24666233360767365 0.16221724450588226 0.02278813417069614 0.03407571464776993
0 0.7187707424163818 0.24587637186050415 0.02278813417069614 0.03407571464776993
0 0.6406764388084412 0.2454470992088318 0.02278813417069614 0.03407571464776993
0 0.5619997978210449 0.24501462280750275 0.02278813417069614 0.03407571464776993
0 0.482734352350235 0.24457891285419464 0.02278813417069614 0.03407571464776993
0 0.4028734564781189 0.2441399246454239 0.02278813417069614 0.03407571464776993
0 0.3224104046821594 0.2436976283788681 0.02278813417069614 0.03407571464776993
0 0.24133828282356262 0.2432519942522049 0.02278813417069614 0.03407571464776993
0 0.7313114404678345 0.33130335807800293 0.02278813417069614 0.03407571464776993
0 0.6502857208251953 0.3311871290206909 0.02278813417069614 0.03407571464776993
0 0.5686327219009399 0.3310699760913849 0.02278813417069614 0.03407571464776993
0 0.486345112323761 0.33095189929008484 0.02278813417069614 0.03407571464776993
0 0.4034155011177063 0.33083292841911316 0.02278813417069614 0.03407571464776993
0 0.3198363482952118 0.3307130038738251 0.02278813417069614 0.03407571464776993
0 0.23559996485710144 0.33059215545654297 0.02278813417069614 0.03407571464776993
0 0.744843065738678 0.42348095774650574 0.02278813417069614 0.03407571464776993
0 0.6606573462486267 0.4237295985221863 0.02278813417069614 0.03407571464776993
0 0.575793981552124 0.4239802658557892 0.02278813417069614 0.03407571464776993
0 0.49024465680122375 0.42423295974731445 0.02278813417069614 0.03407571464776993
0 0.4040010869503021 0.4244877099990845 0.02278813417069614 0.03407571464776993
0 0.31705477833747864 0.42474454641342163 0.02278813417069614 0.03407571464776993
0 0.22939707338809967 0.42500343918800354 0.02278813417069614 0.03407571464776993
0 0.7594879269599915 0.523242175579071 0.02278813417069614 0.03407571464776993
0 0.6718858480453491 0.523917555809021 0.02278813417069614 0.03407571464776993
0 0.5835493206977844 0.5245985984802246 0.02278813417069614 0.03407571464776993
0 0.4944690763950348 0.5252853631973267 0.02278813417069614 0.03407571464776993
0 0.40463563799858093 0.5259779691696167 0.02278813417069614 0.03407571464776993
0 0.3140394687652588 0.5266764163970947 0.02278813417069614 0.03407571464776993
0 0.2226707935333252 0.5273808836936951 0.02278813417069614 0.03407571464776993
0 0.7753894329071045 0.6315630674362183 0.02278813417069614 0.03407571464776993
0 0.68408203125 0.6327391862869263 0.02278813417069614 0.03407571464776993
0 0.5919759273529053 0.6339256167411804 0.02278813417069614 0.03407571464776993
0 0.499060720205307 0.635122537612915 0.02278813417069614 0.03407571464776993
0 0.40532562136650085 0.6363299489021301 0.02278813417069614 0.03407571464776993
0 0.3107597231864929 0.6375480890274048 0.02278813417069614 0.03407571464776993
0 0.21535196900367737 0.6387770771980286 0.02278813417069614 0.03407571464776993
0 0.792716383934021 0.7495946288108826 0.02278813417069614 0.03407571464776993
0 0.6973764896392822 0.7513608336448669 0.02278813417069614 0.03407571464776993
0 0.6011648774147034 0.7531431913375854 0.02278813417069614 0.03407571464776993
0 0.5040696859359741 0.7549419403076172 0.02278813417069614 0.03407571464776993
0 0.40607860684394836 0.7567572593688965 0.02278813417069614 0.03407571464776993
0 0.30717915296554565 0.7585893869400024 0.02278813417069614 0.03407571464776993
0 0.207358717918396 0.7604386210441589 0.02278813417069614 0.03407571464776993