0 0.765356183052063 0.277705579996109 0.03569529205560684 0.03569529205560684
0 0.6789495348930359 0.27274182438850403 0.03569529205560684 0.03569529205560684
0 0.5945533514022827 0.26789358258247375 0.03569529205560684 0.03569529205560684
0 0.5120984315872192 0.26315683126449585 0.03569529205560684 0.03569529205560684
0 0.43151843547821045 0.2585277855396271 0.03569529205560684 0.03569529205560684
0 0.35275018215179443 0.2540028393268585 0.03569529205560684 0.03569529205560684
0 0.27573323249816895 0.24957847595214844 0.03569529205560684 0.03569529205560684
0 0.762097179889679 0.3470142185688019 0.03569529205560684 0.03569529205560684
0 0.6725868582725525 0.34102433919906616 0.03569529205560684 0.03569529205560684
0 0.5852341055870056 0.3351788818836212 0.03569529205560684 0.03569529205560684
0 0.4999619126319885 0.3294726312160492 0.03569529205560684 0.03569529205560684
0 0.41669678688049316 0.32390066981315613 0.03569529205560684 0.03569529205560684
0 0.33536869287490845 0.31845834851264954 0.03569529205560684 0.03569529205560684
0 0.25591084361076355 0.31314119696617126 0.03569529205560684 0.03569529205560684
0 0.7585890293121338 0.4216231405735016 0.03569529205560684 0.03569529205560684
0 0.6657437682151794 0.4144625961780548 0.03569529205560684 0.03569529205560684
0 0.575219988822937 0.4074811041355133 0.03569529205560684 0.03569529205560684
0 0.4869316518306732 0.40067198872566223 0.03569529205560684 0.03569529205560684
0 0.4007969796657562 0.39402899146080017 0.03569529205560684 0.03569529205560684
0 0.316738098859787 0.3875460922718048 0.03569529205560684 0.03569529205560684
0 0.2346808761358261 0.3812175691127777 0.03569529205560684 0.03569529205560684
0 0.754801869392395 0.5021645426750183 0.03569529205560684 0.03569529205560684
0 0.6583636999130249 0.4936634302139282 0.03569529205560684 0.03569529205560684
0 0.564430296421051 0.4853830933570862 0.03569529205560684 0.03569529205560684
0 0.47290512919425964 0.4773150384426117 0.03569529205560684 0.03569529205560684
0 0.38369688391685486 0.4694512188434601 0.03569529205560684 0.03569529205560684
0 0.29671865701675415 0.4617839753627777 0.03569529205560684 0.03569529205560684
0 0.21188783645629883 0.45430606603622437 0.03569529205560684 0.03569529205560684
0 0.7507010698318481 0.589375376701355 0.03569529205560684 0.03569529205560684
0 0.6503809690475464 0.5793328285217285 0.03569529205560684 0.03569529205560684
0 0.5527712106704712 0.5695616006851196 0.03569529205560684 0.03569529205560684
0 0.45776358246803284 0.5600508451461792 0.03569529205560684 0.03569529205560684
0 0.36525532603263855 0.5507903099060059 0.03569529205560684 0.03569529205560684
0 0.27514907717704773 0.5417702198028564 0.03569529205560684 0.03569529205560684
0 0.1873525083065033 0.5329813361167908 0.03569529205560684 0.03569529205560684
0 0.7462460994720459 0.684119701385498 0.03569529205560684 0.03569529205560684
0 0.6417183876037598 0.672296941280365 0.03569529205560684 0.03569529205560684
0 0.5401334166526794 0.6608070135116577 0.03569529205560684 0.03569529205560684
0 0.4413685202598572 0.6496360301971436 0.03569529205560684 0.03569529205560684
0 0.34530794620513916 0.6387709379196167 0.03569529205560684 0.03569529205560684
0 0.25184208154678345 0.6281993389129639 0.03569529205560684 0.03569529205560684
0 0.16086721420288086 0.6179094910621643 0.03569529205560684 0.03569529205560684
0 0.7413888573646545 0.7874178290367126 0.03569529205560684 0.03569529205560684
0 0.632285475730896 0.7735289335250854 0.03569529205560684 0.03569529205560684
0 0.5263881683349609 0.7600482106208801 0.03569529205560684 0.03569529205560684
0 0.4235575795173645 0.7469578981399536 0.03569529205560684 0.03569529205560684
0 0.32366248965263367 0.734241247177124 0.03569529205560684 0.03569529205560684
0 0.22657892107963562 0.7218824625015259 0.03569529205560684 0.03569529205560684
0 0.13218985497951508 0.7098667621612549 0.03569529205560684 0.03569529205560684