0 0.2825959026813507 0.6619548797607422 0.021426714956760406 0.028568953275680542
0 0.36006706953048706 0.6603792905807495 0.021426714956760406 0.028568953275680542
0 0.43892017006874084 0.6587756276130676 0.021426714956760406 0.028568953275680542
0 0.5191924571990967 0.6571430563926697 0.021426714956760406 0.028568953275680542
0 0.6009226441383362 0.6554808616638184 0.021426714956760406 0.028568953275680542
0 0.6841508150100708 0.653788149356842 0.021426714956760406 0.028568953275680542
0 0.768918514251709 0.6520641446113586 0.021426714956760406 0.028568953275680542
0 0.295040100812912 0.5702498555183411 0.021426714956760406 0.028568953275680542
0 0.36873674392700195 0.567983090877533 0.021426714956760406 0.028568953275680542
0 0.44368162751197815 0.5656778812408447 0.021426714956760406 0.028568953275680542
0 0.5199066996574402 0.5633333325386047 0.021426714956760406 0.028568953275680542
0 0.597445011138916 0.560948371887207 0.021426714956760406 0.028568953275680542
0 0.6763308048248291 0.5585219860076904 0.021426714956760406 0.028568953275680542
0 0.7565996050834656 0.5560530424118042 0.021426714956760406 0.028568953275680542
0 0.30630695819854736 0.4872209429740906 0.021426714956760406 0.028568953275680542
0 0.3765796422958374 0.4843982458114624 0.021426714956760406 0.028568953275680542
0 0.44798532128334045 0.4815300703048706 0.021426714956760406 0.028568953275680542
0 0.5205516815185547 0.47861525416374207 0.021426714956760406 0.028568953275680542
0 0.5943071246147156 0.47565266489982605 0.021426714956760406 0.028568953275680542
0 0.6692812442779541 0.47264114022254944 0.021426714956760406 0.028568953275680542
0 0.7455044388771057 0.46957942843437195 0.021426714956760406 0.028568953275680542
0 0.31655600666999817 0.4116925299167633 0.021426714956760406 0.028568953275680542
0 0.3837086260318756 0.4084217846393585 0.021426714956760406 0.028568953275680542
0 0.45189428329467773 0.4051007628440857 0.021426714956760406 0.028568953275680542
0 0.521136999130249 0.40172821283340454 0.021426714956760406 0.028568953275680542
0 0.5914615988731384 0.39830300211906433 0.021426714956760406 0.028568953275680542
0 0.662893533706665 0.3948238492012024 0.021426714956760406 0.028568953275680542
0 0.7354592680931091 0.39128947257995605 0.021426714956760406 0.028568953275680542
0 0.3259192109107971 0.34269216656684875 0.021426714956760406 0.028568953275680542
0 0.3902169466018677 0.33906006813049316 0.021426714956760406 0.028568953275680542
0 0.45546042919158936 0.33537453413009644 0.021426714956760406 0.028568953275680542
0 0.5216706395149231 0.33163440227508545 0.021426714956760406 0.028568953275680542
0 0.5888693332672119 0.3278384208679199 0.021426714956760406 0.028568953275680542
0 0.657078742980957 0.32398536801338196 0.021426714956760406 0.028568953275680542
0 0.726321816444397 0.3200739026069641 0.021426714956760406 0.028568953275680542
0 0.33450666069984436 0.27940860390663147 0.021426714956760406 0.028568953275680542
0 0.39618226885795593 0.2754852771759033 0.021426714956760406 0.028568953275680542
0 0.4587269127368927 0.2715066373348236 0.021426714956760406 0.028568953275680542
0 0.5221591591835022 0.267471581697464 0.021426714956760406 0.028568953275680542
0 0.586497962474823 0.2633788287639618 0.021426714956760406 0.028568953275680542
0 0.6517630219459534 0.2592271566390991 0.021426714956760406 0.028568953275680542
0 0.7179743051528931 0.2550152838230133 0.021426714956760406 0.028568953275680542
0 0.34241095185279846 0.22115959227085114 0.021426714956760406 0.028568953275680542
0 0.40166983008384705 0.21700216829776764 0.021426714956760406 0.028568953275680542
0 0.46173006296157837 0.21278852224349976 0.021426714956760406 0.028568953275680542
0 0.5226079821586609 0.20851750671863556 0.021426714956760406 0.028568953275680542
0 0.5843204855918884 0.20418794453144073 0.021426714956760406 0.028568953275680542
0 0.6468847393989563 0.19979862868785858 0.021426714956760406 0.028568953275680542
0 0.7103186249732971 0.19534829258918762 0.021426714956760406 0.028568953275680542