0 0.22791753709316254 0.7127193212509155 0.02910330891609192 0.02910330891609192
0 0.3079720139503479 0.7206637263298035 0.02910330891609192 0.02910330891609192
0 0.3897206485271454 0.7287762761116028 0.02910330891609192 0.02910330891609192
0 0.47321775555610657 0.7370623350143433 0.02910330891609192 0.02910330891609192
0 0.5585200786590576 0.7455275058746338 0.02910330891609192 0.02910330891609192
0 0.6456868052482605 0.7541777491569519 0.02910330891609192 0.02910330891609192
0 0.7347796559333801 0.7630190849304199 0.02910330891609192 0.02910330891609192
0 0.2438933551311493 0.6305608749389648 0.02910330891609192 0.02910330891609192
0 0.32205265760421753 0.6374629735946655 0.02910330891609192 0.02910330891609192
0 0.4018230736255646 0.6445072889328003 0.02910330891609192 0.02910330891609192
0 0.4832548499107361 0.6516982913017273 0.02910330891609192 0.02910330891609192
0 0.5664005279541016 0.6590406894683838 0.02910330891609192 0.02910330891609192
0 0.6513146758079529 0.6665392518043518 0.02910330891609192 0.02910330891609192
0 0.7380544543266296 0.6741990447044373 0.02910330891609192 0.02910330891609192
0 0.25907617807388306 0.5524804592132568 0.02910330891609192 0.02910330891609192
0 0.335427463054657 0.5584329962730408 0.02910330891609192 0.02910330891609192
0 0.413312703371048 0.5645051002502441 0.02910330891609192 0.02910330891609192
0 0.49277856945991516 0.5707004070281982 0.02910330891609192 0.02910330891609192
0 0.57387375831604 0.5770227313041687 0.02910330891609192 0.02910330891609192
0 0.6566488146781921 0.5834760665893555 0.02910330891609192 0.02910330891609192
0 0.7411564588546753 0.5900644659996033 0.02910330891609192 0.02910330891609192
0 0.2735236585140228 0.4781818091869354 0.02910330891609192 0.02910330891609192
0 0.3481481671333313 0.4832679033279419 0.02910330891609192 0.02910330891609192
0 0.42423492670059204 0.48845362663269043 0.02910330891609192 0.02910330891609192
0 0.5018273591995239 0.4937419891357422 0.02910330891609192 0.02910330891609192
0 0.5809705257415771 0.4991360604763031 0.02910330891609192 0.02910330891609192
0 0.6617115139961243 0.5046390295028687 0.02910330891609192 0.02910330891609192
0 0.7440990805625916 0.5102542042732239 0.02910330891609192 0.02910330891609192
0 0.2872879207134247 0.4073966443538666 0.02910330891609192 0.02910330891609192
0 0.3602616488933563 0.41169092059135437 0.02910330891609192 0.02910330891609192
0 0.43463078141212463 0.41606736183166504 0.02910330891609192 0.02910330891609192
0 0.5104358196258545 0.42052826285362244 0.02910330891609192 0.02910330891609192
0 0.587718665599823 0.4250761568546295 0.02910330891609192 0.02910330891609192
0 0.6665230393409729 0.42971354722976685 0.02910330891609192 0.02910330891609192
0 0.7468942403793335 0.4344431757926941 0.02910330891609192 0.02910330891609192
0 0.30041635036468506 0.3398814797401428 0.02910330891609192 0.02910330891609192
0 0.37181031703948975 0.3434511721134186 0.02910330891609192 0.02910330891609192
0 0.4445374310016632 0.3470875024795532 0.02910330891609192 0.02910330891609192
0 0.5186353325843811 0.35079237818717957 0.02910330891609192 0.02910330891609192
0 0.5941431522369385 0.3545677363872528 0.02910330891609192 0.02910330891609192
0 0.6711015701293945 0.3584156334400177 0.02910330891609192 0.02910330891609192
0 0.7495527267456055 0.3623381555080414 0.02910330891609192 0.02910330891609192
0 0.3129519522190094 0.2754148840904236 0.02910330891609192 0.02910330891609192
0 0.3828328549861908 0.2783204913139343 0.02910330891609192 0.02910330891609192
0 0.45398858189582825 0.28127914667129517 0.02910330891609192 0.02910330891609192
0 0.5264543890953064 0.2842922508716583 0.02910330891609192 0.02910330891609192
0 0.6002668142318726 0.28736135363578796 0.02910330891609192 0.02910330891609192
0 0.6754636764526367 0.29048800468444824 0.02910330891609192 0.02910330891609192
0 0.7520843744277954 0.29367387294769287 0.02910330891609192 0.02910330891609192