0 0.6940959095954895 0.16481554508209229 0.025243030861020088 0.033657374481360115
0 0.6253706216812134 0.16746565699577332 0.025243030861020088 0.033657374481360115
0 0.5565227270126343 0.1701204925775528 0.025243030861020088 0.033657374481360115
0 0.4875520169734955 0.17278006672859192 0.025243030861020088 0.033657374481360115
0 0.41845810413360596 0.17544439435005188 0.025243030861020088 0.033657374481360115
0 0.34924066066741943 0.17811347544193268 0.025243030861020088 0.033657374481360115
0 0.27989932894706726 0.1807873398065567 0.025243030861020088 0.033657374481360115
0 0.7047723531723022 0.2310558259487152 0.025243030861020088 0.033657374481360115
0 0.6328178644180298 0.23389261960983276 0.025243030861020088 0.033657374481360115
0 0.5607290267944336 0.23673471808433533 0.025243030861020088 0.033657374481360115
0 0.488505482673645 0.2395821213722229 0.025243030861020088 0.033657374481360115
0 0.41614681482315063 0.24243485927581787 0.025243030861020088 0.033657374481360115
0 0.3436526656150818 0.24529293179512024 0.025243030861020088 0.033657374481360115
0 0.27102264761924744 0.2481563538312912 0.025243030861020088 0.033657374481360115
0 0.716503918170929 0.30384254455566406 0.025243030861020088 0.033657374481360115
0 0.6410018801689148 0.30689090490341187 0.025243030861020088 0.033657374481360115
0 0.5653518438339233 0.3099452257156372 0.025243030861020088 0.033657374481360115
0 0.48955345153808594 0.31300556659698486 0.025243030861020088 0.033657374481360115
0 0.4136062264442444 0.31607189774513245 0.025243030861020088 0.033657374481360115
0 0.33750972151756287 0.31914424896240234 0.025243030861020088 0.033657374481360115
0 0.26126351952552795 0.32222265005111694 0.025243030861020088 0.033657374481360115
0 0.7294551730155945 0.38419657945632935 0.025243030861020088 0.033657374481360115
0 0.6500375866889954 0.3874863088130951 0.025243030861020088 0.033657374481360115
0 0.5704562664031982 0.39078283309936523 0.025243030861020088 0.033657374481360115
0 0.49071070551872253 0.39408615231513977 0.025243030861020088 0.033657374481360115
0 0.41080039739608765 0.3973962962627411 0.025243030861020088 0.033657374481360115
0 0.3307248055934906 0.4007132947444916 0.025243030861020088 0.033657374481360115
0 0.2504834532737732 0.40403714776039124 0.025243030861020088 0.033657374481360115
0 0.7438267469406128 0.4733628034591675 0.025243030861020088 0.033657374481360115
0 0.6600652933120728 0.47692999243736267 0.025243030861020088 0.033657374481360115
0 0.5761216878890991 0.48050493001937866 0.025243030861020088 0.033657374481360115
0 0.49199527502059937 0.48408764600753784 0.025243030861020088 0.033657374481360115
0 0.4076855182647705 0.4876781702041626 0.025243030861020088 0.033657374481360115
0 0.32319176197052 0.4912765622138977 0.025243030861020088 0.033657374481360115
0 0.23851343989372253 0.4948827922344208 0.025243030861020088 0.033657374481360115
0 0.7598658204078674 0.572874903678894 0.025243030861020088 0.033657374481360115
0 0.6712578535079956 0.5767636299133301 0.025243030861020088 0.033657374481360115
0 0.5824459195137024 0.5806613564491272 0.025243030861020088 0.033657374481360115
0 0.49342942237854004 0.5845680236816406 0.025243030861020088 0.033657374481360115
0 0.4042075574398041 0.5884836912155151 0.025243030861020088 0.033657374481360115
0 0.3147796094417572 0.5924084782600403 0.025243030861020088 0.033657374481360115
0 0.22514492273330688 0.5963422656059265 0.025243030861020088 0.033657374481360115
0 0.7778804898262024 0.6846444010734558 0.025243030861020088 0.033657374481360115
0 0.683830738067627 0.6889093518257141 0.025243030861020088 0.033657374481360115
0 0.5895511507987976 0.6931846737861633 0.025243030861020088 0.033657374481360115
0 0.4950408637523651 0.697470486164093 0.025243030861020088 0.033657374481360115
0 0.4002991020679474 0.7017667889595032 0.025243030861020088 0.033657374481360115
0 0.3053249418735504 0.7060736417770386 0.025243030861020088 0.033657374481360115
0 0.21011760830879211 0.710391104221344 0.025243030861020088 0.033657374481360115