0 0.7084507942199707 0.16271750628948212 0.022833545366302135 0.03414361923933029
0 0.632713794708252 0.16205590963363647 0.022833545366302135 0.03414361923933029
0 0.55646151304245 0.1613898128271103 0.022833545366302135 0.03414361923933029
0 0.4796886444091797 0.16071917116641998 0.022833545366302135 0.03414361923933029
0 0.40238991379737854 0.16004393994808197 0.022833545366302135 0.03414361923933029
0 0.3245598375797272 0.15936405956745148 0.022833545366302135 0.03414361923933029
0 0.24619293212890625 0.15867950022220612 0.022833545366302135 0.03414361923933029
0 0.7199472188949585 0.2429908961057663 0.022833545366302135 0.03414361923933029
0 0.641506552696228 0.24258732795715332 0.022833545366302135 0.03414361923933029
0 0.5625127553939819 0.2421809285879135 0.022833545366302135 0.03414361923933029
0 0.4829599857330322 0.2417716532945633 0.022833545366302135 0.03414361923933029
0 0.40284234285354614 0.24135947227478027 0.022833545366302135 0.03414361923933029
0 0.322153776884079 0.24094434082508087 0.022833545366302135 0.03414361923933029
0 0.24088811874389648 0.2405262589454651 0.022833545366302135 0.03414361923933029
0 0.7323049306869507 0.32927796244621277 0.022833545366302135 0.03414361923933029
0 0.650960385799408 0.329173743724823 0.022833545366302135 0.03414361923933029
0 0.5690206289291382 0.32906877994537354 0.022833545366302135 0.03414361923933029
0 0.48647910356521606 0.328963041305542 0.022833545366302135 0.03414361923933029
0 0.40332919359207153 0.32885652780532837 0.022833545366302135 0.03414361923933029
0 0.3195641338825226 0.32874923944473267 0.022833545366302135 0.03414361923933029
0 0.23517704010009766 0.3286411464214325 0.022833545366302135 0.03414361923933029
0 0.7456244826316833 0.42228075861930847 0.022833545366302135 0.03414361923933029
0 0.6611528396606445 0.42252475023269653 0.022833545366302135 0.03414361923933029
0 0.5760388970375061 0.42277055978775024 0.022833545366302135 0.03414361923933029
0 0.4902752637863159 0.42301827669143677 0.022833545366302135 0.03414361923933029
0 0.40385451912879944 0.4232679009437561 0.022833545366302135 0.03414361923933029
0 0.3167690336704254 0.42351943254470825 0.022833545366302135 0.03414361923933029
0 0.2290111780166626 0.4237729012966156 0.022833545366302135 0.03414361923933029
0 0.7600226402282715 0.5228151082992554 0.022833545366302135 0.03414361923933029
0 0.6721739172935486 0.5234652161598206 0.022833545366302135 0.03414361923933029
0 0.5836299657821655 0.5241205096244812 0.022833545366302135 0.03414361923933029
0 0.49438247084617615 0.5247810482978821 0.022833545366302135 0.03414361923933029
0 0.4044230282306671 0.5254468321800232 0.022833545366302135 0.03414361923933029
0 0.31374308466911316 0.5261179208755493 0.022833545366302135 0.03414361923933029
0 0.22233393788337708 0.52679443359375 0.022833545366302135 0.03414361923933029
0 0.7756359577178955 0.6318343877792358 0.022833545366302135 0.03414361923933029
0 0.684128999710083 0.6329600214958191 0.022833545366302135 0.03414361923933029
0 0.5918670296669006 0.6340948939323425 0.022833545366302135 0.03414361923933029
0 0.49884065985679626 0.6352391839027405 0.022833545366302135 0.03414361923933029
0 0.40504035353660583 0.6363930106163025 0.022833545366302135 0.03414361923933029
0 0.31045639514923096 0.6375564932823181 0.022833545366302135 0.03414361923933029
0 0.21507896482944489 0.6387296915054321 0.022833545366302135 0.03414361923933029
0 0.7926251292228699 0.7504602670669556 0.022833545366302135 0.03414361923933029
0 0.6971420645713806 0.7521446347236633 0.022833545366302135 0.03414361923933029
0 0.6008361577987671 0.7538434863090515 0.022833545366302135 0.03414361923933029
0 0.5036967992782593 0.7555570602416992 0.022833545366302135 0.03414361923933029
0 0.4057129919528961 0.7572855353355408 0.022833545366302135 0.03414361923933029
0 0.30687379837036133 0.7590290904045105 0.022833545366302135 0.03414361923933029
0 0.2071678787469864 0.7607879042625427 0.022833545366302135 0.03414361923933029