0 0.7171756625175476 0.3333934247493744 0.03127787013848623 0.03127787013848623
0 0.6472318172454834 0.332080215215683 0.03127787013848623 0.03127787013848623
0 0.5773352384567261 0.3307678997516632 0.03127787013848623 0.03127787013848623
0 0.5074858665466309 0.3294564485549927 0.03127787013848623 0.03127787013848623
0 0.43768370151519775 0.32814592123031616 0.03127787013848623 0.03127787013848623
0 0.3679286539554596 0.3268362581729889 0.03127787013848623 0.03127787013848623
0 0.2982206642627716 0.32552748918533325 0.03127787013848623 0.03127787013848623
0 0.7239019274711609 0.39063921570777893 0.03127787013848623 0.03127787013848623
0 0.6513017416000366 0.389256089925766 0.03127787013848623 0.03127787013848623
0 0.5787525177001953 0.38787394762039185 0.03127787013848623 0.03127787013848623
0 0.5062541961669922 0.3864927589893341 0.03127787013848623 0.03127787013848623
0 0.4338066279888153 0.38511255383491516 0.03127787013848623 0.03127787013848623
0 0.36140987277030945 0.3837333023548126 0.03127787013848623 0.03127787013848623
0 0.28906381130218506 0.3823550343513489 0.03127787013848623 0.03127787013848623
0 0.7311589121818542 0.4524022340774536 0.03127787013848623 0.03127787013848623
0 0.6556927561759949 0.4509420394897461 0.03127787013848623 0.03127787013848623
0 0.5802815556526184 0.44948291778564453 0.03127787013848623 0.03127787013848623
0 0.5049253702163696 0.4480248689651489 0.03127787013848623 0.03127787013848623
0 0.429624080657959 0.4465678632259369 0.03127787013848623 0.03127787013848623
0 0.3543776571750641 0.4451119005680084 0.03127787013848623 0.03127787013848623
0 0.2791859805583954 0.4436570405960083 0.03127787013848623 0.03127787013848623
0 0.7390121221542358 0.5192391872406006 0.03127787013848623 0.03127787013848623
0 0.6604443192481995 0.5176936388015747 0.03127787013848623 0.03127787013848623
0 0.5819361209869385 0.5161492824554443 0.03127787013848623 0.03127787013848623
0 0.5034875273704529 0.5146061182022095 0.03127787013848623 0.03127787013848623
0 0.4250984489917755 0.5130640864372253 0.03127787013848623 0.03127787013848623
0 0.3467687964439392 0.5115232467651367 0.03127787013848623 0.03127787013848623
0 0.2684985101222992 0.5099835991859436 0.03127787013848623 0.03127787013848623
0 0.7475380301475525 0.5918020009994507 0.03127787013848623 0.03127787013848623
0 0.6656027436256409 0.5901616215705872 0.03127787013848623 0.03127787013848623
0 0.5837323665618896 0.5885224342346191 0.03127787013848623 0.03127787013848623
0 0.5019266605377197 0.586884617805481 0.03127787013848623 0.03127787013848623
0 0.42018574476242065 0.5852481126785278 0.03127787013848623 0.03127787013848623
0 0.3385094106197357 0.583612859249115 0.03127787013848623 0.03127787013848623
0 0.25689762830734253 0.5819789171218872 0.03127787013848623 0.03127787013848623
0 0.7568271160125732 0.6708595156669617 0.03127787013848623 0.03127787013848623
0 0.6712227463722229 0.6691129803657532 0.03127787013848623 0.03127787013848623
0 0.5856891870498657 0.6673679351806641 0.03127787013848623 0.03127787013848623
0 0.5002263188362122 0.6656243205070496 0.03127787013848623 0.03127787013848623
0 0.41483402252197266 0.6638821363449097 0.03127787013848623 0.03127787013848623
0 0.3295122981071472 0.6621413826942444 0.03127787013848623 0.03127787013848623
0 0.2442609965801239 0.6604020595550537 0.03127787013848623 0.03127787013848623
0 0.7669865489006042 0.7573244571685791 0.03127787013848623 0.03127787013848623
0 0.6773691177368164 0.7554587125778198 0.03127787013848623 0.03127787013848623
0 0.5878291726112366 0.7535945773124695 0.03127787013848623 0.03127787013848623
0 0.4983668029308319 0.7517320513725281 0.03127787013848623 0.03127787013848623
0 0.4089817404747009 0.7498711943626404 0.03127787013848623 0.03127787013848623
0 0.31967398524284363 0.7480118870735168 0.03127787013848623 0.03127787013848623
0 0.23044340312480927 0.7461541891098022 0.03127787013848623 0.03127787013848623