0 0.3077617287635803 0.37600988149642944 0.019435426220297813 0.02591390162706375
0 0.30248764157295227 0.43929749727249146 0.019435426220297813 0.02591390162706375
0 0.29690638184547424 0.5062709450721741 0.019435426220297813 0.02591390162706375
0 0.29099035263061523 0.5772618055343628 0.019435426220297813 0.02591390162706375
0 0.2847084403038025 0.6526428461074829 0.019435426220297813 0.02591390162706375
0 0.27802568674087524 0.7328342199325562 0.019435426220297813 0.02591390162706375
0 0.2709023952484131 0.8183115720748901 0.019435426220297813 0.02591390162706375
0 0.37097904086112976 0.3766801357269287 0.019435426220297813 0.02591390162706375
0 0.3674982190132141 0.43990495800971985 0.019435426220297813 0.02591390162706375
0 0.36381494998931885 0.5068070292472839 0.019435426220297813 0.02591390162706375
0 0.3599110543727875 0.5777168273925781 0.019435426220297813 0.02591390162706375
0 0.35576605796813965 0.6530054807662964 0.019435426220297813 0.02591390162706375
0 0.35135695338249207 0.7330916523933411 0.019435426220297813 0.02591390162706375
0 0.3466576635837555 0.8184489011764526 0.019435426220297813 0.02591390162706375
0 0.4340377449989319 0.37734872102737427 0.019435426220297813 0.02591390162706375
0 0.4323410987854004 0.4405108392238617 0.019435426220297813 0.02591390162706375
0 0.4305458962917328 0.5073416829109192 0.019435426220297813 0.02591390162706375
0 0.4286433160305023 0.5781705379486084 0.019435426220297813 0.02591390162706375
0 0.4266234040260315 0.6533671021461487 0.019435426220297813 0.02591390162706375
0 0.4244749844074249 0.7333483099937439 0.019435426220297813 0.02591390162706375
0 0.42218536138534546 0.8185858130455017 0.019435426220297813 0.02591390162706375
0 0.49693840742111206 0.3780156075954437 0.019435426220297813 0.02591390162706375
0 0.49701687693595886 0.4411151707172394 0.019435426220297813 0.02591390162706375
0 0.49709993600845337 0.5078749656677246 0.019435426220297813 0.02591390162706375
0 0.49718791246414185 0.5786230564117432 0.019435426220297813 0.02591390162706375
0 0.4972813129425049 0.6537277102470398 0.019435426220297813 0.02591390162706375
0 0.49738067388534546 0.7336042523384094 0.019435426220297813 0.02591390162706375
0 0.49748653173446655 0.8187223672866821 0.019435426220297813 0.02591390162706375
0 0.5596816539764404 0.3786808252334595 0.019435426220297813 0.02591390162706375
0 0.5615262389183044 0.4417179226875305 0.019435426220297813 0.02591390162706375
0 0.5634776949882507 0.5084068179130554 0.019435426220297813 0.02591390162706375
0 0.5655456185340881 0.5790742635726929 0.019435426220297813 0.02591390162706375
0 0.5677406787872314 0.6540873050689697 0.019435426220297813 0.02591390162706375
0 0.5700749754905701 0.7338594794273376 0.019435426220297813 0.02591390162706375
0 0.5725622177124023 0.8188584446907043 0.019435426220297813 0.02591390162706375
0 0.6222680807113647 0.3793444037437439 0.019435426220297813 0.02591390162706375
0 0.625869870185852 0.4423191547393799 0.019435426220297813 0.02591390162706375
0 0.6296800374984741 0.5089372396469116 0.019435426220297813 0.02591390162706375
0 0.6337171792984009 0.5795243382453918 0.019435426220297813 0.02591390162706375
0 0.6380022168159485 0.6544458866119385 0.019435426220297813 0.02591390162706375
0 0.642558753490448 0.7341139316558838 0.019435426220297813 0.02591390162706375
0 0.6474133729934692 0.8189941644668579 0.019435426220297813 0.02591390162706375
0 0.684698224067688 0.3800063133239746 0.019435426220297813 0.02591390162706375
0 0.6900482773780823 0.4429188370704651 0.019435426220297813 0.02591390162706375
0 0.6957074999809265 0.509466290473938 0.019435426220297813 0.02591390162706375
0 0.7017033100128174 0.5799731016159058 0.019435426220297813 0.02591390162706375
0 0.7080668807029724 0.654803454875946 0.019435426220297813 0.02591390162706375
0 0.7148329615592957 0.7343676090240479 0.019435426220297813 0.02591390162706375
0 0.7220410704612732 0.8191294074058533 0.019435426220297813 0.02591390162706375