0 0.7360442876815796 0.17319197952747345 0.03600040078163147 0.03600040078163147
0 0.6574752926826477 0.17617619037628174 0.03600040078163147 0.03600040078163147
0 0.5789626836776733 0.1791582703590393 0.03600040078163147 0.03600040078163147
0 0.5005063414573669 0.18213820457458496 0.03600040078163147 0.03600040078163147
0 0.42210623621940613 0.1851160079240799 0.03600040078163147 0.03600040078163147
0 0.34376224875450134 0.18809166550636292 0.03600040078163147 0.03600040078163147
0 0.2654743790626526 0.1910652071237564 0.03600040078163147 0.03600040078163147
0 0.7445452809333801 0.2284175157546997 0.03600040078163147 0.03600040078163147
0 0.6627774834632874 0.2315024882555008 0.03600040078163147 0.03600040078163147
0 0.5810707211494446 0.23458516597747803 0.03600040078163147 0.03600040078163147
0 0.49942484498023987 0.2376655489206314 0.03600040078163147 0.03600040078163147
0 0.4178398847579956 0.24074363708496094 0.03600040078163147 0.03600040078163147
0 0.33631575107574463 0.24381941556930542 0.03600040078163147 0.03600040078163147
0 0.2548523247241974 0.24689291417598724 0.03600040078163147 0.03600040078163147
0 0.7537674307823181 0.28832775354385376 0.03600040078163147 0.03600040078163147
0 0.6685292720794678 0.29152023792266846 0.03600040078163147 0.03600040078163147
0 0.5833573937416077 0.2947102189064026 0.03600040078163147 0.03600040078163147
0 0.498251736164093 0.29789772629737854 0.03600040078163147 0.03600040078163147
0 0.41321223974227905 0.3010827600955963 0.03600040078163147 0.03600040078163147
0 0.3282387852668762 0.3042652904987335 0.03600040078163147 0.03600040078163147
0 0.24333134293556213 0.30744537711143494 0.03600040078163147 0.03600040078163147
0 0.7638065218925476 0.35354524850845337 0.03600040078163147 0.03600040078163147
0 0.6747903227806091 0.35685256123542786 0.03600040078163147 0.03600040078163147
0 0.585846483707428 0.36015719175338745 0.03600040078163147 0.03600040078163147
0 0.49697479605674744 0.36345914006233215 0.03600040078163147 0.03600040078163147
0 0.4081752598285675 0.36675840616226196 0.03600040078163147 0.03600040078163147
0 0.319447785615921 0.3700549900531769 0.03600040078163147 0.03600040078163147
0 0.23079222440719604 0.3733489215373993 0.03600040078163147 0.03600040078163147
0 0.7747761607170105 0.4248078167438507 0.03600040078163147 0.03600040078163147
0 0.6816315054893494 0.42823806405067444 0.03600040078163147 0.03600040078163147
0 0.5885660648345947 0.4316653907299042 0.03600040078163147 0.03600040078163147
0 0.49557965993881226 0.4350897967815399 0.03600040078163147 0.03600040078163147
0 0.4026722311973572 0.43851131200790405 0.03600040078163147 0.03600040078163147
0 0.30984362959861755 0.4419299066066742 0.03600040078163147 0.03600040078163147
0 0.2170937955379486 0.44534561038017273 0.03600040078163147 0.03600040078163147
0 0.7868120074272156 0.5029968619346619 0.03600040078163147 0.03600040078163147
0 0.68913733959198 0.506558895111084 0.03600040078163147 0.03600040078163147
0 0.5915497541427612 0.510117769241333 0.03600040078163147 0.03600040078163147
0 0.4940491020679474 0.5136734247207642 0.03600040078163147 0.03600040078163147
0 0.3966352641582489 0.5172259211540222 0.03600040078163147 0.03600040078163147
0 0.29930809140205383 0.5207752585411072 0.03600040078163147 0.03600040078163147
0 0.20206749439239502 0.524321436882019 0.03600040078163147 0.03600040078163147
0 0.8000774383544922 0.5891738533973694 0.03600040078163147 0.03600040078163147
0 0.6974096298217773 0.5928773283958435 0.03600040078163147 0.03600040078163147
0 0.59483802318573 0.5965774059295654 0.03600040078163147 0.03600040078163147
0 0.4923624098300934 0.6002739667892456 0.03600040078163147 0.03600040078163147
0 0.3899827003479004 0.6039670705795288 0.03600040078163147 0.03600040078163147
0 0.2876987159252167 0.607656717300415 0.03600040078163147 0.03600040078163147
0 0.18551038205623627 0.6113429665565491 0.03600040078163147 0.03600040078163147