0 0.6952002048492432 0.15550750494003296 0.02485041692852974 0.03313388923803965
0 0.6267262697219849 0.1568557769060135 0.02485041692852974 0.03313388923803965
0 0.5581361055374146 0.15820634365081787 0.02485041692852974 0.03313388923803965
0 0.48942941427230835 0.1595591902732849 0.02485041692852974 0.03313388923803965
0 0.42060586810112 0.160914346575737 0.02485041692852974 0.03313388923803965
0 0.351665198802948 0.16227181255817413 0.02485041692852974 0.03313388923803965
0 0.2826070785522461 0.1636315882205963 0.02485041692852974 0.03313388923803965
0 0.7052416801452637 0.22151188552379608 0.02485041692852974 0.03313388923803965
0 0.6336309909820557 0.22298064827919006 0.02485041692852974 0.03313388923803965
0 0.561893105506897 0.22445201873779297 0.02485041692852974 0.03313388923803965
0 0.4900277256965637 0.2259259968996048 0.02485041692852974 0.03313388923803965
0 0.41803449392318726 0.22740261256694794 0.02485041692852974 0.03313388923803965
0 0.3459131121635437 0.2288818508386612 0.02485041692852974 0.03313388923803965
0 0.273663192987442 0.23036371171474457 0.02485041692852974 0.03313388923803965
0 0.7162493467330933 0.293866902589798 0.02485041692852974 0.03313388923803965
0 0.641200602054596 0.2954736649990082 0.02485041692852974 0.03313388923803965
0 0.5660122036933899 0.29708340764045715 0.02485041692852974 0.03313388923803965
0 0.49068373441696167 0.2986961603164673 0.02485041692852974 0.03313388923803965
0 0.41521480679512024 0.3003118932247162 0.02485041692852974 0.03313388923803965
0 0.3396050035953522 0.30193066596984863 0.02485041692852974 0.03313388923803965
0 0.2638539671897888 0.3035524785518646 0.02485041692852974 0.03313388923803965
0 0.7283695936203003 0.3735353946685791 0.02485041692852974 0.03313388923803965
0 0.6495361328125 0.3753012418746948 0.02485041692852974 0.03313388923803965
0 0.5705484747886658 0.3770705461502075 0.02485041692852974 0.03313388923803965
0 0.49140626192092896 0.3788433372974396 0.02485041692852974 0.03313388923803965
0 0.41210898756980896 0.3806195855140686 0.02485041692852974 0.03313388923803965
0 0.3326561748981476 0.382399320602417 0.02485041692852974 0.03313388923803965
0 0.253047376871109 0.38418254256248474 0.02485041692852974 0.03313388923803965
0 0.7417801022529602 0.4616852402687073 0.02485041692852974 0.03313388923803965
0 0.6587598919868469 0.4636358618736267 0.02485041692852974 0.03313388923803965
0 0.575568675994873 0.46559053659439087 0.02485041692852974 0.03313388923803965
0 0.492205947637558 0.467549204826355 0.02485041692852974 0.03313388923803965
0 0.40867114067077637 0.4695119559764862 0.02485041692852974 0.03313388923803965
0 0.3249637484550476 0.47147873044013977 0.02485041692852974 0.03313388923803965
0 0.24108321964740753 0.47344958782196045 0.02485041692852974 0.03313388923803965
0 0.7566986083984375 0.5597469210624695 0.02485041692852974 0.03313388923803965
0 0.6690219640731812 0.5619139075279236 0.02485041692852974 0.03313388923803965
0 0.5811546444892883 0.5640856027603149 0.02485041692852974 0.03313388923803965
0 0.49309587478637695 0.5662620663642883 0.02485041692852974 0.03313388923803965
0 0.40484508872032166 0.568443238735199 0.02485041692852974 0.03313388923803965
0 0.3164016604423523 0.5706292390823364 0.02485041692852974 0.03313388923803965
0 0.22776494920253754 0.5728199481964111 0.02485041692852974 0.03313388923803965
0 0.7733944654464722 0.6694918274879456 0.02485041692852974 0.03313388923803965
0 0.6805081367492676 0.6719144582748413 0.02485041692852974 0.03313388923803965
0 0.5874075889587402 0.6743426322937012 0.02485041692852974 0.03313388923803965
0 0.4940921664237976 0.6767764687538147 0.02485041692852974 0.03313388923803965
0 0.40056106448173523 0.6792159080505371 0.02485041692852974 0.03313388923803965
0 0.3068135380744934 0.6816609501838684 0.02485041692852974 0.03313388923803965
0 0.21284888684749603 0.6841117143630981 0.02485041692852974 0.03313388923803965