0 0.6925646066665649 0.17804571986198425 0.025279296562075615 0.03370572874943415
0 0.6232967972755432 0.18138457834720612 0.025279296562075615 0.03370572874943415
0 0.5541910529136658 0.1847156137228012 0.025279296562075615 0.03370572874943415
0 0.485246866941452 0.1880388706922531 0.025279296562075615 0.03370572874943415
0 0.41646361351013184 0.19135437905788422 0.025279296562075615 0.03370572874943415
0 0.3478407561779022 0.19466213881969452 0.025279296562075615 0.03370572874943415
0 0.27937769889831543 0.1979622095823288 0.025279296562075615 0.03370572874943415
0 0.7040106058120728 0.24488362669944763 0.025279296562075615 0.03370572874943415
0 0.631420910358429 0.24829989671707153 0.025279296562075615 0.03370572874943415
0 0.5590091943740845 0.2517077922821045 0.025279296562075615 0.03370572874943415
0 0.486774742603302 0.2551073431968689 0.025279296562075615 0.03370572874943415
0 0.4147169589996338 0.25849857926368713 0.025279296562075615 0.03370572874943415
0 0.3428351879119873 0.2618815302848816 0.025279296562075615 0.03370572874943415
0 0.27112877368927 0.26525622606277466 0.025279296562075615 0.03370572874943415
0 0.7166061401367188 0.318433940410614 0.025279296562075615 0.03370572874943415
0 0.6403598785400391 0.3219267427921295 0.025279296562075615 0.03370572874943415
0 0.5643099546432495 0.32541054487228394 0.025279296562075615 0.03370572874943415
0 0.48845547437667847 0.32888540625572205 0.025279296562075615 0.03370572874943415
0 0.4127958118915558 0.33235132694244385 0.025279296562075615 0.03370572874943415
0 0.337330162525177 0.3358083665370941 0.025279296562075615 0.03370572874943415
0 0.2620578110218048 0.33925655484199524 0.025279296562075615 0.03370572874943415
0 0.7305335402488708 0.39976128935813904 0.025279296562075615 0.03370572874943415
0 0.650242805480957 0.40332815051078796 0.025279296562075615 0.03370572874943415
0 0.5701696276664734 0.4068853259086609 0.025279296562075615 0.03370572874943415
0 0.49031320214271545 0.410432904958725 0.025279296562075615 0.03370572874943415
0 0.4106726050376892 0.41397085785865784 0.025279296562075615 0.03370572874943415
0 0.3312469720840454 0.417499303817749 0.025279296562075615 0.03370572874943415
0 0.2520354390144348 0.42101821303367615 0.025279296562075615 0.03370572874943415
0 0.746015727519989 0.4901680052280426 0.025279296562075615 0.03370572874943415
0 0.6612274050712585 0.4938041865825653 0.025279296562075615 0.03370572874943415
0 0.5766816735267639 0.4974299371242523 0.025279296562075615 0.03370572874943415
0 0.4923774302005768 0.5010453462600708 0.025279296562075615 0.03370572874943415
0 0.40831372141838074 0.5046504139900208 0.025279296562075615 0.03370572874943415
0 0.3244895040988922 0.5082452297210693 0.025279296562075615 0.03370572874943415
0 0.24090372025966644 0.5118298530578613 0.025279296562075615 0.03370572874943415
0 0.7633285522460938 0.5912644267082214 0.025279296562075615 0.03370572874943415
0 0.673508882522583 0.5949618816375732 0.025279296562075615 0.03370572874943415
0 0.5839613080024719 0.5986480712890625 0.025279296562075615 0.03370572874943415
0 0.494684636592865 0.6023231744766235 0.025279296562075615 0.03370572874943415
0 0.4056776165962219 0.6059871315956116 0.025279296562075615 0.03370572874943415
0 0.31693902611732483 0.6096400618553162 0.025279296562075615 0.03370572874943415
0 0.2284676730632782 0.6132820248603821 0.025279296562075615 0.03370572874943415
0 0.7828170657157898 0.7050656080245972 0.025279296562075615 0.03370572874943415
0 0.6873312592506409 0.7088115215301514 0.025279296562075615 0.03370572874943415
0 0.5921528935432434 0.7125453352928162 0.025279296562075615 0.03370572874943415
0 0.49728038907051086 0.7162672281265259 0.025279296562075615 0.03370572874943415
0 0.4027123749256134 0.719977080821991 0.025279296562075615 0.03370572874943415
0 0.30844733119010925 0.7236751317977905 0.025279296562075615 0.03370572874943415
0 0.21448379755020142 0.7273613214492798 0.025279296562075615 0.03370572874943415