0 0.7073026895523071 0.16357314586639404 0.022903455886989832 0.03424815833568573
0 0.6319729685783386 0.16231298446655273 0.022903455886989832 0.03424815833568573
0 0.5560998916625977 0.16104374825954437 0.022903455886989832 0.03424815833568573
0 0.47967758774757385 0.1597653180360794 0.022903455886989832 0.03424815833568573
0 0.4027000069618225 0.15847758948802948 0.022903455886989832 0.03424815833568573
0 0.3251610994338989 0.15718048810958862 0.022903455886989832 0.03424815833568573
0 0.24705474078655243 0.1558738797903061 0.022903455886989832 0.03424815833568573
0 0.7187866568565369 0.24298691749572754 0.022903455886989832 0.03424815833568573
0 0.6406837701797485 0.24197570979595184 0.022903455886989832 0.03424815833568573
0 0.561996340751648 0.24095693230628967 0.022903455886989832 0.03424815833568573
0 0.482717901468277 0.23993049561977386 0.022903455886989832 0.03424815833568573
0 0.4028416574001312 0.23889632523059845 0.022903455886989832 0.03424815833568573
0 0.3223608434200287 0.23785431683063507 0.022903455886989832 0.03424815833568573
0 0.2412686049938202 0.23680439591407776 0.022903455886989832 0.03424815833568573
0 0.7311590909957886 0.3285447955131531 0.022903455886989832 0.03424815833568573
0 0.6500710844993591 0.3278256356716156 0.022903455886989832 0.03424815833568573
0 0.5683525800704956 0.3271009027957916 0.022903455886989832 0.03424815833568573
0 0.48599618673324585 0.326370507478714 0.022903455886989832 0.03424815833568573
0 0.40299442410469055 0.3256343901157379 0.022903455886989832 0.03424815833568573
0 0.31933969259262085 0.32489249110221863 0.022903455886989832 0.03424815833568573
0 0.23502419888973236 0.32414472103118896 0.022903455886989832 0.03424815833568573
0 0.744527280330658 0.4209884703159332 0.022903455886989832 0.03424815833568573
0 0.6602169275283813 0.42061272263526917 0.022903455886989832 0.03424815833568573
0 0.5752244591712952 0.42023396492004395 0.022903455886989832 0.03424815833568573
0 0.48954156041145325 0.4198521077632904 0.022903455886989832 0.03424815833568573
0 0.4031597077846527 0.41946715116500854 0.022903455886989832 0.03424815833568573
0 0.3160703778266907 0.4190790355205536 0.022903455886989832 0.03424815833568573
0 0.22826483845710754 0.41868773102760315 0.022903455886989832 0.03424815833568573
0 0.7590164542198181 0.5211840867996216 0.022903455886989832 0.03424815833568573
0 0.6712172031402588 0.5212132334709167 0.022903455886989832 0.03424815833568573
0 0.5826774835586548 0.521242618560791 0.022903455886989832 0.03424815833568573
0 0.49338799715042114 0.5212722420692444 0.022903455886989832 0.03424815833568573
0 0.40333908796310425 0.5213021636009216 0.022903455886989832 0.03424815833568573
0 0.3125211000442505 0.521332323551178 0.022903455886989832 0.03424815833568573
0 0.22092407941818237 0.5213627219200134 0.022903455886989832 0.03424815833568573
0 0.7747738361358643 0.6301493644714355 0.022903455886989832 0.03424815833568573
0 0.6831844449043274 0.630657434463501 0.022903455886989832 0.03424815833568573
0 0.5907886028289795 0.6311699748039246 0.022903455886989832 0.03424815833568573
0 0.4975755512714386 0.6316870450973511 0.022903455886989832 0.03424815833568573
0 0.4035344421863556 0.6322087049484253 0.022903455886989832 0.03424815833568573
0 0.30865421891212463 0.632735013961792 0.022903455886989832 0.03424815833568573
0 0.2129235416650772 0.633266031742096 0.022903455886989832 0.03424815833568573
0 0.7919735312461853 0.7490884065628052 0.022903455886989832 0.03424815833568573
0 0.6962521076202393 0.7501651644706726 0.022903455886989832 0.03424815833568573
0 0.5996489524841309 0.7512518167495728 0.022903455886989832 0.03424815833568573
0 0.5021517276763916 0.7523484826087952 0.022903455886989832 0.03424815833568573
0 0.4037480056285858 0.753455400466919 0.022903455886989832 0.03424815833568573
0 0.30442512035369873 0.7545726895332336 0.022903455886989832 0.03424815833568573
0 0.2041700929403305 0.755700409412384 0.022903455886989832 0.03424815833568573