0 0.24278269708156586 0.7247512340545654 0.031355721255143486 0.031355721255143486
0 0.33080461621284485 0.7234401106834412 0.031355721255143486 0.031355721255143486
0 0.41951727867126465 0.7221187353134155 0.031355721255143486 0.031355721255143486
0 0.5089288353919983 0.7207868695259094 0.031355721255143486 0.031355721255143486
0 0.5990476608276367 0.7194445133209229 0.031355721255143486 0.031355721255143486
0 0.6898820400238037 0.7180914878845215 0.031355721255143486 0.031355721255143486
0 0.7814406752586365 0.7167277336120605 0.031355721255143486 0.031355721255143486
0 0.2534633278846741 0.6364161968231201 0.031355721255143486 0.031355721255143486
0 0.33773115277290344 0.6348311901092529 0.031355721255143486 0.031355721255143486
0 0.4226316809654236 0.6332343220710754 0.031355721255143486 0.031355721255143486
0 0.5081720352172852 0.6316254138946533 0.031355721255143486 0.031355721255143486
0 0.5943595170974731 0.630004346370697 0.031355721255143486 0.031355721255143486
0 0.6812013983726501 0.6283709406852722 0.031355721255143486 0.031355721255143486
0 0.7687053084373474 0.6267250776290894 0.031355721255143486 0.031355721255143486
0 0.26326441764831543 0.555355429649353 0.031355721255143486 0.031355721255143486
0 0.3440852761268616 0.5535452961921692 0.031355721255143486 0.031355721255143486
0 0.42548778653144836 0.5517221093177795 0.031355721255143486 0.031355721255143486
0 0.5074782371520996 0.5498858094215393 0.031355721255143486 0.031355721255143486
0 0.5900630354881287 0.5480362176895142 0.031355721255143486 0.031355721255143486
0 0.6732486486434937 0.546173095703125 0.031355721255143486 0.031355721255143486
0 0.7570416331291199 0.5442964434623718 0.031355721255143486 0.031355721255143486
0 0.27229028940200806 0.4807058870792389 0.031355721255143486 0.031355721255143486
0 0.3499351143836975 0.4787105619907379 0.031355721255143486 0.031355721255143486
0 0.42811644077301025 0.47670143842697144 0.031355721255143486 0.031355721255143486
0 0.5068398714065552 0.4746783971786499 0.031355721255143486 0.031355721255143486
0 0.5861111283302307 0.4726412892341614 0.031355721255143486 0.031355721255143486
0 0.6659358143806458 0.4705899655818939 0.031355721255143486 0.031355721255143486
0 0.7463198900222778 0.4685242474079132 0.031355721255143486 0.031355721255143486
0 0.2806294858455658 0.4117359220981598 0.031355721255143486 0.031355721255143486
0 0.3553383946418762 0.4095883369445801 0.031355721255143486 0.031355721255143486
0 0.43054378032684326 0.40742650628089905 0.031355721255143486 0.031355721255143486
0 0.5062506198883057 0.4052502512931824 0.031355721255143486 0.031355721255143486
0 0.5824638605117798 0.4030594229698181 0.031355721255143486 0.031355721255143486
0 0.6591887474060059 0.4008539021015167 0.031355721255143486 0.031355721255143486
0 0.7364303469657898 0.39863353967666626 0.031355721255143486 0.031355721255143486
0 0.2883574366569519 0.34782111644744873 0.031355721255143486 0.031355721255143486
0 0.36034438014030457 0.3455486297607422 0.031355721255143486 0.031355721255143486
0 0.4327920377254486 0.34326156973838806 0.031355721255143486 0.031355721255143486
0 0.5057048797607422 0.3409598469734192 0.031355721255143486 0.031355721255143486
0 0.5790874361991882 0.33864328265190125 0.031355721255143486 0.031355721255143486
0 0.6529442071914673 0.3363117277622223 0.031355721255143486 0.031355721255143486
0 0.727279782295227 0.33396509289741516 0.031355721255143486 0.031355721255143486
0 0.295538991689682 0.2884253263473511 0.031355721255143486 0.031355721255143486
0 0.3649953305721283 0.2860506772994995 0.031355721255143486 0.031355721255143486
0 0.4348803758621216 0.2836613357067108 0.031355721255143486 0.031355721255143486
0 0.5051981210708618 0.2812572121620178 0.031355721255143486 0.031355721255143486
0 0.5759526491165161 0.2788381576538086 0.031355721255143486 0.031355721255143486
0 0.6471480131149292 0.2764040231704712 0.031355721255143486 0.031355721255143486
0 0.7187883257865906 0.27395468950271606 0.031355721255143486 0.031355721255143486