0 0.746463418006897 0.2910917401313782 0.0326898122827212 0.0326898122827212
0 0.6754299998283386 0.2905025780200958 0.0326898122827212 0.0326898122827212
0 0.604578971862793 0.28991493582725525 0.0326898122827212 0.0326898122827212
0 0.5339096188545227 0.28932881355285645 0.0326898122827212 0.0326898122827212
0 0.4634212553501129 0.288744181394577 0.0326898122827212 0.0326898122827212
0 0.3931131362915039 0.2881610095500946 0.0326898122827212 0.0326898122827212
0 0.32298463582992554 0.28757935762405396 0.0326898122827212 0.0326898122827212
0 0.7557055950164795 0.34752488136291504 0.0326898122827212 0.0326898122827212
0 0.6816907525062561 0.34683552384376526 0.0326898122827212 0.0326898122827212
0 0.6078738570213318 0.3461480140686035 0.0326898122827212 0.0326898122827212
0 0.5342541933059692 0.3454623222351074 0.0326898122827212 0.0326898122827212
0 0.4608308672904968 0.34477847814559937 0.0326898122827212 0.0326898122827212
0 0.38760316371917725 0.34409645199775696 0.0326898122827212 0.0326898122827212
0 0.31457024812698364 0.3434162437915802 0.0326898122827212 0.0326898122827212
0 0.7657551765441895 0.40888822078704834 0.0326898122827212 0.0326898122827212
0 0.6884976625442505 0.4080830514431 0.0326898122827212 0.0326898122827212
0 0.6114557981491089 0.4072801172733307 0.0326898122827212 0.0326898122827212
0 0.534628689289093 0.4064794182777405 0.0326898122827212 0.0326898122827212
0 0.45801544189453125 0.40568095445632935 0.0326898122827212 0.0326898122827212
0 0.38161513209342957 0.4048846960067749 0.0326898122827212 0.0326898122827212
0 0.30542686581611633 0.40409067273139954 0.0326898122827212 0.0326898122827212
0 0.77672278881073 0.4758574366569519 0.0326898122827212 0.0326898122827212
0 0.6959255337715149 0.4749176800251007 0.0326898122827212 0.0326898122827212
0 0.6153640151023865 0.4739806354045868 0.0326898122827212 0.0326898122827212
0 0.5350373387336731 0.47304636240005493 0.0326898122827212 0.0326898122827212
0 0.45494431257247925 0.47211477160453796 0.0326898122827212 0.0326898122827212
0 0.3750840425491333 0.4711858928203583 0.0326898122827212 0.0326898122827212
0 0.2954554855823517 0.47025972604751587 0.0326898122827212 0.0326898122827212
0 0.788740336894989 0.5492374300956726 0.0326898122827212 0.0326898122827212
0 0.704063355922699 0.5481404066085815 0.0326898122827212 0.0326898122827212
0 0.6196452379226685 0.5470467209815979 0.0326898122827212 0.0326898122827212
0 0.5354848504066467 0.5459563732147217 0.0326898122827212 0.0326898122827212
0 0.4515810012817383 0.5448693633079529 0.0326898122827212 0.0326898122827212
0 0.36793252825737 0.5437856316566467 0.0326898122827212 0.0326898122827212
0 0.28453823924064636 0.542705237865448 0.0326898122827212 0.0326898122827212
0 0.80196613073349 0.6299950480461121 0.0326898122827212 0.0326898122827212
0 0.713018000125885 0.628713071346283 0.0326898122827212 0.0326898122827212
0 0.6243554949760437 0.6274352669715881 0.0326898122827212 0.0326898122827212
0 0.5359771847724915 0.626161515712738 0.0326898122827212 0.0326898122827212
0 0.44788169860839844 0.6248918771743774 0.0326898122827212 0.0326898122827212
0 0.3600677251815796 0.6236262321472168 0.0326898122827212 0.0326898122827212
0 0.2725338935852051 0.6223646998405457 0.0326898122827212 0.0326898122827212
0 0.8165920376777649 0.719301700592041 0.0326898122827212 0.0326898122827212
0 0.7229190468788147 0.7178008556365967 0.0326898122827212 0.0326898122827212
0 0.6295626759529114 0.7163050174713135 0.0326898122827212 0.0326898122827212
0 0.536521315574646 0.7148142457008362 0.0326898122827212 0.0326898122827212
0 0.4437934160232544 0.7133285403251648 0.0326898122827212 0.0326898122827212
0 0.35137733817100525 0.7118477821350098 0.0326898122827212 0.0326898122827212
0 0.2592715620994568 0.7103720307350159 0.0326898122827212 0.0326898122827212