0 0.728814959526062 0.1830221712589264 0.025129374116659168 0.033505832155545555
0 0.6615902781486511 0.1800432950258255 0.025129374116659168 0.033505832155545555
0 0.5940837860107422 0.17705193161964417 0.025129374116659168 0.033505832155545555
0 0.5262937545776367 0.17404800653457642 0.025129374116659168 0.033505832155545555
0 0.4582183361053467 0.17103144526481628 0.025129374116659168 0.033505832155545555
0 0.38985583186149597 0.1680021584033966 0.025129374116659168 0.033505832155545555
0 0.3212043344974518 0.16496005654335022 0.025129374116659168 0.033505832155545555
0 0.7396771311759949 0.2468685507774353 0.025129374116659168 0.033505832155545555
0 0.6692270636558533 0.24388568103313446 0.025129374116659168 0.033505832155545555
0 0.5984673500061035 0.24088971316814423 0.025129374116659168 0.033505832155545555
0 0.5273960828781128 0.23788052797317505 0.025129374116659168 0.033505832155545555
0 0.456011027097702 0.23485808074474335 0.025129374116659168 0.033505832155545555
0 0.38431021571159363 0.23182225227355957 0.025129374116659168 0.033505832155545555
0 0.3122915029525757 0.22877296805381775 0.025129374116659168 0.033505832155545555
0 0.7516400814056396 0.31718525290489197 0.025129374116659168 0.033505832155545555
0 0.6776395440101624 0.3142128884792328 0.025129374116659168 0.033505832155545555
0 0.6032972931861877 0.31122681498527527 0.025129374116659168 0.033505832155545555
0 0.52861088514328 0.30822688341140747 0.025129374116659168 0.033505832155545555
0 0.4535779356956482 0.305213063955307 0.025129374116659168 0.033505832155545555
0 0.3781960904598236 0.30218520760536194 0.025129374116659168 0.033505832155545555
0 0.3024628460407257 0.2991432547569275 0.025129374116659168 0.033505832155545555
0 0.7648800611495972 0.395008385181427 0.025129374116659168 0.033505832155545555
0 0.6869522333145142 0.3920658528804779 0.025129374116659168 0.033505832155545555
0 0.6086452603340149 0.3891090154647827 0.025129374116659168 0.033505832155545555
0 0.5299563407897949 0.3861377537250519 0.025129374116659168 0.033505832155545555
0 0.45088258385658264 0.38315197825431824 0.025129374116659168 0.033505832155545555
0 0.3714212477207184 0.38015154004096985 0.025129374116659168 0.033505832155545555
0 0.29156947135925293 0.37713637948036194 0.025129374116659168 0.033505832155545555
0 0.7796131372451782 0.4816076159477234 0.025129374116659168 0.033505832155545555
0 0.6973178386688232 0.4787208139896393 0.025129374116659168 0.033505832155545555
0 0.6145994663238525 0.4758192002773285 0.025129374116659168 0.033505832155545555
0 0.5314546823501587 0.4729025959968567 0.025129374116659168 0.033505832155545555
0 0.4478801190853119 0.4699709117412567 0.025129374116659168 0.033505832155545555
0 0.3638725280761719 0.4670240581035614 0.025129374116659168 0.033505832155545555
0 0.27942851185798645 0.4640618860721588 0.025129374116659168 0.033505832155545555
0 0.7961069345474243 0.57855623960495 0.025129374116659168 0.033505832155545555
0 0.7089256048202515 0.575760006904602 0.025129374116659168 0.033505832155545555
0 0.6212691068649292 0.5729485154151917 0.025129374116659168 0.033505832155545555
0 0.5331335067749023 0.5701215863227844 0.025129374116659168 0.033505832155545555
0 0.4445149004459381 0.5672792792320251 0.025129374116659168 0.033505832155545555
0 0.35540929436683655 0.5644212961196899 0.025129374116659168 0.033505832155545555
0 0.26581260561943054 0.5615475177764893 0.025129374116659168 0.033505832155545555
0 0.8146971464157104 0.6878274083137512 0.025129374116659168 0.033505832155545555
0 0.7220130562782288 0.6851688623428345 0.025129374116659168 0.033505832155545555
0 0.6287914514541626 0.6824948787689209 0.025129374116659168 0.033505832155545555
0 0.5350276827812195 0.679805338382721 0.025129374116659168 0.033505832155545555
0 0.4407169818878174 0.6771001219749451 0.025129374116659168 0.033505832155545555
0 0.34585458040237427 0.6743791103363037 0.025129374116659168 0.033505832155545555
0 0.25043559074401855 0.6716420650482178 0.025129374116659168 0.033505832155545555