0 0.7270464301109314 0.2319289743900299 0.03262674560149511 0.03262674560149511
0 0.6517801284790039 0.2314581722021103 0.03262674560149511 0.03262674560149511
0 0.5748528838157654 0.23097698390483856 0.03262674560149511 0.03262674560149511
0 0.4962090253829956 0.23048505187034607 0.03262674560149511 0.03262674560149511
0 0.41579049825668335 0.22998203337192535 0.03262674560149511 0.03262674560149511
0 0.3335365653038025 0.229467511177063 0.03262674560149511 0.03262674560149511
0 0.2493835985660553 0.22894112765789032 0.03262674560149511 0.03262674560149511
0 0.7401501536369324 0.2991752624511719 0.03262674560149511 0.03262674560149511
0 0.6629824638366699 0.2994455099105835 0.03262674560149511 0.03262674560149511
0 0.5840649008750916 0.299721896648407 0.03262674560149511 0.03262674560149511
0 0.5033373832702637 0.30000463128089905 0.03262674560149511 0.03262674560149511
0 0.4207368791103363 0.3002939224243164 0.03262674560149511 0.03262674560149511
0 0.3361974060535431 0.30058997869491577 0.03262674560149511 0.03262674560149511
0 0.24964989721775055 0.300893098115921 0.03262674560149511 0.03262674560149511
0 0.7539786696434021 0.3701411783695221 0.03262674560149511 0.03262674560149511
0 0.6748115420341492 0.3712368309497833 0.03262674560149511 0.03262674560149511
0 0.5937983989715576 0.3723580241203308 0.03262674560149511 0.03262674560149511
0 0.5108740329742432 0.37350568175315857 0.03262674560149511 0.03262674560149511
0 0.4259698987007141 0.3746807277202606 0.03262674560149511 0.03262674560149511
0 0.33901432156562805 0.37588414549827576 0.03262674560149511 0.03262674560149511
0 0.24993200600147247 0.37711700797080994 0.03262674560149511 0.03262674560149511
0 0.7685939073562622 0.4451441764831543 0.03262674560149511 0.03262674560149511
0 0.6873214840888977 0.4471605718135834 0.03262674560149511 0.03262674560149511
0 0.604098916053772 0.44922536611557007 0.03262674560149511 0.03262674560149511
0 0.5188549757003784 0.45134031772613525 0.03262674560149511 0.03262674560149511
0 0.43151527643203735 0.4535072445869446 0.03262674560149511 0.03262674560149511
0 0.34200146794319153 0.45572811365127563 0.03262674560149511 0.03262674560149511
0 0.2502313554286957 0.45800498127937317 0.03262674560149511 0.03262674560149511
0 0.7840648293495178 0.5245387554168701 0.03262674560149511 0.03262674560149511
0 0.7005729079246521 0.5275841355323792 0.03262674560149511 0.03262674560149511
0 0.6150174140930176 0.5307047367095947 0.03262674560149511 0.03262674560149511
0 0.5273208022117615 0.5339034199714661 0.03262674560149511 0.03262674560149511
0 0.43740177154541016 0.5371832251548767 0.03262674560149511 0.03262674560149511
0 0.34517472982406616 0.5405471920967102 0.03262674560149511 0.03262674560149511
0 0.2505496144294739 0.5439985990524292 0.03262674560149511 0.03262674560149511
0 0.8004689812660217 0.6087223291397095 0.03262674560149511 0.03262674560149511
0 0.7146337032318115 0.6129196882247925 0.03262674560149511 0.03262674560149511
0 0.6266112923622131 0.6172240376472473 0.03262674560149511 0.03262674560149511
0 0.5363170504570007 0.6216394305229187 0.03262674560149511 0.03262674560149511
0 0.4436619281768799 0.6261703372001648 0.03262674560149511 0.03262674560149511
0 0.34855207800865173 0.6308212280273438 0.03262674560149511 0.03262674560149511
0 0.2508886456489563 0.6355969905853271 0.03262674560149511 0.03262674560149511
0 0.817893385887146 0.6981416344642639 0.03262674560149511 0.03262674560149511
0 0.7295803427696228 0.7036315202713013 0.03262674560149511 0.03262674560149511
0 0.6389452219009399 0.7092658281326294 0.03262674560149511 0.03262674560149511
0 0.5458951592445374 0.715050220489502 0.03262674560149511 0.03262674560149511
0 0.4503324627876282 0.7209908366203308 0.03262674560149511 0.03262674560149511
0 0.35215383768081665 0.7270939946174622 0.03262674560149511 0.03262674560149511
0 0.2512504756450653 0.7333666086196899 0.03262674560149511 0.03262674560149511