0 0.7071103453636169 0.19338051974773407 0.024981990456581116 0.03330932060877482
0 0.638490617275238 0.19560223817825317 0.024981990456581116 0.03330932060877482
0 0.5702335834503174 0.19781221449375153 0.024981990456581116 0.03330932060877482
0 0.502336323261261 0.2000105381011963 0.024981990456581116 0.03330932060877482
0 0.4347960948944092 0.20219729840755463 0.024981990456581116 0.03330932060877482
0 0.36761000752449036 0.2043725997209549 0.024981990456581116 0.03330932060877482
0 0.30077531933784485 0.20653651654720306 0.024981990456581116 0.03330932060877482
0 0.7175710201263428 0.2585115432739258 0.024981990456581116 0.03330932060877482
0 0.6455949544906616 0.2606600522994995 0.024981990456581116 0.03330932060877482
0 0.5740177035331726 0.26279664039611816 0.024981990456581116 0.03330932060877482
0 0.5028359293937683 0.2649214267730713 0.024981990456581116 0.03330932060877482
0 0.43204647302627563 0.26703450083732605 0.024981990456581116 0.03330932060877482
0 0.36164599657058716 0.269135981798172 0.024981990456581116 0.03330932060877482
0 0.2916313409805298 0.2712259292602539 0.024981990456581116 0.03330932060877482
0 0.7291008830070496 0.33030012249946594 0.024981990456581116 0.03330932060877482
0 0.6534233093261719 0.332348495721817 0.024981990456581116 0.03330932060877482
0 0.5781863927841187 0.334384948015213 0.024981990456581116 0.03330932060877482
0 0.5033861994743347 0.3364095687866211 0.024981990456581116 0.03330932060877482
0 0.4290190637111664 0.3384224772453308 0.024981990456581116 0.03330932060877482
0 0.355081170797348 0.3404237627983093 0.024981990456581116 0.03330932060877482
0 0.28156882524490356 0.3424135446548462 0.024981990456581116 0.03330932060877482
0 0.7418728470802307 0.40982192754745483 0.024981990456581116 0.03330932060877482
0 0.662092387676239 0.4117356538772583 0.024981990456581116 0.03330932060877482
0 0.582801342010498 0.413637638092041 0.024981990456581116 0.03330932060877482
0 0.5039951801300049 0.41552796959877014 0.024981990456581116 0.03330932060877482
0 0.42566949129104614 0.4174067974090576 0.024981990456581116 0.03330932060877482
0 0.34781989455223083 0.4192741811275482 0.024981990456581116 0.03330932060877482
0 0.27044206857681274 0.4211302697658539 0.024981990456581116 0.03330932060877482
0 0.7560989856719971 0.4983977675437927 0.024981990456581116 0.03330932060877482
0 0.6717453002929688 0.5001320838928223 0.024981990456581116 0.03330932060877482
0 0.5879383683204651 0.501855194568634 0.024981990456581116 0.03330932060877482
0 0.5046728253364563 0.5035671591758728 0.024981990456581116 0.03330932060877482
0 0.4219434857368469 0.5052680969238281 0.024981990456581116 0.03330932060877482
0 0.3397451639175415 0.5069581270217896 0.024981990456581116 0.03330932060877482
0 0.25807276368141174 0.5086373090744019 0.024981990456581116 0.03330932060877482
0 0.7720425724983215 0.5976671576499939 0.024981990456581116 0.03330932060877482
0 0.6825595498085022 0.5991637110710144 0.024981990456581116 0.03330932060877482
0 0.5936912894248962 0.600649893283844 0.024981990456581116 0.03330932060877482
0 0.5054314732551575 0.6021260023117065 0.024981990456581116 0.03330932060877482
0 0.4177737832069397 0.6035919785499573 0.024981990456581116 0.03330932060877482
0 0.33071213960647583 0.6050480008125305 0.024981990456581116 0.03330932060877482
0 0.24424050748348236 0.606494128704071 0.024981990456581116 0.03330932060877482
0 0.7900346517562866 0.7096911072731018 0.024981990456581116 0.03330932060877482
0 0.6947581768035889 0.7108725905418396 0.024981990456581116 0.03330932060877482
0 0.6001780033111572 0.712045431137085 0.024981990456581116 0.03330932060877482
0 0.5062865018844604 0.7132097482681274 0.024981990456581116 0.03330932060877482
0 0.41307610273361206 0.7143656015396118 0.024981990456581116 0.03330932060877482
0 0.32053953409194946 0.7155131101608276 0.024981990456581116 0.03330932060877482
0 0.2286694198846817 0.7166523337364197 0.024981990456581116 0.03330932060877482