0 0.6922351717948914 0.15416143834590912 0.02288613645359874 0.03422226011753082
0 0.6168976426124573 0.15379562973976135 0.02288613645359874 0.03422226011753082
0 0.540995180606842 0.1534270942211151 0.02288613645359874 0.03422226011753082
0 0.46452146768569946 0.15305577218532562 0.02288613645359874 0.03422226011753082
0 0.38746994733810425 0.1526816338300705 0.02288613645359874 0.03422226011753082
0 0.3098341226577759 0.15230467915534973 0.02288613645359874 0.03422226011753082
0 0.23160724341869354 0.15192484855651855 0.02288613645359874 0.03422226011753082
0 0.7041637897491455 0.23360973596572876 0.02288613645359874 0.03422226011753082
0 0.6260712146759033 0.23353812098503113 0.02288613645359874 0.03422226011753082
0 0.5473712086677551 0.23346595466136932 0.02288613645359874 0.03422226011753082
0 0.46805664896965027 0.23339322209358215 0.02288613645359874 0.03422226011753082
0 0.3881203234195709 0.23331990838050842 0.02288613645359874 0.03422226011753082
0 0.3075549006462097 0.23324602842330933 0.02288613645359874 0.03422226011753082
0 0.22635287046432495 0.23317156732082367 0.02288613645359874 0.03422226011753082
0 0.7170100212097168 0.319169819355011 0.02288613645359874 0.03422226011753082
0 0.6359533071517944 0.31943970918655396 0.02288613645359874 0.03422226011753082
0 0.5542416572570801 0.3197118043899536 0.02288613645359874 0.03422226011753082
0 0.4718671143054962 0.3199860751628876 0.02288613645359874 0.03422226011753082
0 0.388821542263031 0.3202625811100006 0.02288613645359874 0.03422226011753082
0 0.30509674549102783 0.3205413520336151 0.02288613645359874 0.03422226011753082
0 0.22068433463573456 0.32082241773605347 0.02288613645359874 0.03422226011753082
0 0.7308840751647949 0.41157516837120056 0.02288613645359874 0.03422226011753082
0 0.6466293931007385 0.4122426509857178 0.02288613645359874 0.03422226011753082
0 0.5616664290428162 0.41291576623916626 0.02288613645359874 0.03422226011753082
0 0.4759863018989563 0.4135945439338684 0.02288613645359874 0.03422226011753082
0 0.3895798325538635 0.4142790734767914 0.02288613645359874 0.03422226011753082
0 0.30243775248527527 0.41496941447257996 0.02288613645359874 0.03422226011753082
0 0.21455064415931702 0.4156656861305237 0.02288613645359874 0.03422226011753082
0 0.7459143400192261 0.5116814970970154 0.02288613645359874 0.03422226011753082
0 0.6581990718841553 0.5128134489059448 0.02288613645359874 0.03422226011753082
0 0.5697153806686401 0.513955295085907 0.02288613645359874 0.03422226011753082
0 0.4804532825946808 0.5151072144508362 0.02288613645359874 0.03422226011753082
0 0.3904024064540863 0.5162692666053772 0.02288613645359874 0.03422226011753082
0 0.29955223202705383 0.5174416303634644 0.02288613645359874 0.03422226011753082
0 0.20789210498332977 0.518624484539032 0.02288613645359874 0.03422226011753082
0 0.7622517347335815 0.6204933524131775 0.02288613645359874 0.03422226011753082
0 0.6707794070243835 0.6221699118614197 0.02288613645359874 0.03422226011753082
0 0.5784707069396973 0.6238618493080139 0.02288613645359874 0.03422226011753082
0 0.48531410098075867 0.6255692839622498 0.02288613645359874 0.03422226011753082
0 0.391297847032547 0.6272925138473511 0.02288613645359874 0.03422226011753082
0 0.2964099943637848 0.6290317177772522 0.02288613645359874 0.03422226011753082
0 0.20063835382461548 0.6307870745658875 0.02288613645359874 0.03422226011753082
0 0.780074417591095 0.7391979098320007 0.02288613645359874 0.03422226011753082
0 0.6845089793205261 0.7415159940719604 0.02288613645359874 0.03422226011753082
0 0.5880296230316162 0.7438561916351318 0.02288613645359874 0.03422226011753082
0 0.49062320590019226 0.7462189197540283 0.02288613645359874 0.03422226011753082
0 0.3922762870788574 0.748604416847229 0.02288613645359874 0.03422226011753082
0 0.29297512769699097 0.7510131001472473 0.02288613645359874 0.03422226011753082
0 0.19270582497119904 0.7534452676773071 0.02288613645359874 0.03422226011753082