0 0.7293521165847778 0.14809133112430573 0.03511956334114075 0.03511956334114075
0 0.6523742079734802 0.15014810860157013 0.03511956334114075 0.03511956334114075
0 0.5751609802246094 0.15221118927001953 0.03511956334114075 0.03511956334114075
0 0.4977113902568817 0.15428057312965393 0.03511956334114075 0.03511956334114075
0 0.4200242757797241 0.1563563048839569 0.03511956334114075 0.03511956334114075
0 0.342098593711853 0.15843841433525085 0.03511956334114075 0.03511956334114075
0 0.2639332115650177 0.16052691638469696 0.03511956334114075 0.03511956334114075
0 0.7371000051498413 0.20201437175273895 0.03511956334114075 0.03511956334114075
0 0.6571381688117981 0.2042367160320282 0.03511956334114075 0.03511956334114075
0 0.5769222974777222 0.20646610856056213 0.03511956334114075 0.03511956334114075
0 0.4964512884616852 0.20870260894298553 0.03511956334114075 0.03511956334114075
0 0.41572386026382446 0.2109462320804596 0.03511956334114075 0.03511956334114075
0 0.33473876118659973 0.2131970077753067 0.03511956334114075 0.03511956334114075
0 0.25349482893943787 0.21545498073101044 0.03511956334114075 0.03511956334114075
0 0.7454745173454285 0.2602980136871338 0.03511956334114075 0.03511956334114075
0 0.6622880101203918 0.2627065181732178 0.03511956334114075 0.03511956334114075
0 0.5788265466690063 0.2651229798793793 0.03511956334114075 0.03511956334114075
0 0.4950887858867645 0.2675474286079407 0.03511956334114075 0.03511956334114075
0 0.41107335686683655 0.26997995376586914 0.03511956334114075 0.03511956334114075
0 0.3267788589000702 0.2724205255508423 0.03511956334114075 0.03511956334114075
0 0.24220389127731323 0.27486923336982727 0.03511956334114075 0.03511956334114075
0 0.7545547485351562 0.32349345088005066 0.03511956334114075 0.03511956334114075
0 0.6678725481033325 0.326112300157547 0.03511956334114075 0.03511956334114075
0 0.5808917880058289 0.3287401497364044 0.03511956334114075 0.03511956334114075
0 0.49361085891723633 0.3313770592212677 0.03511956334114075 0.03511956334114075
0 0.40602821111679077 0.3340230882167816 0.03511956334114075 0.03511956334114075
0 0.318142294883728 0.33667826652526855 0.03511956334114075 0.03511956334114075
0 0.22995153069496155 0.3393426835536957 0.03511956334114075 0.03511956334114075
0 0.7644338607788086 0.3922489583492279 0.03511956334114075 0.03511956334114075
0 0.6739493608474731 0.39510661363601685 0.03511956334114075 0.03511956334114075
0 0.5831394195556641 0.39797458052635193 0.03511956334114075 0.03511956334114075
0 0.4920021891593933 0.40085285902023315 0.03511956334114075 0.03511956334114075
0 0.4005360007286072 0.4037415385246277 0.03511956334114075 0.03511956334114075
0 0.30873903632164 0.4066406488418579 0.03511956334114075 0.03511956334114075
0 0.21660947799682617 0.409550279378891 0.03511956334114075 0.03511956334114075
0 0.7752221822738647 0.46733203530311584 0.03511956334114075 0.03511956334114075
0 0.6805864572525024 0.470462441444397 0.03511956334114075 0.03511956334114075
0 0.5855945944786072 0.47360464930534363 0.03511956334114075 0.03511956334114075
0 0.49024465680122375 0.4767586886882782 0.03511956334114075 0.03511956334114075
0 0.39453452825546265 0.47992464900016785 0.03511956334114075 0.03511956334114075
0 0.2984621822834015 0.48310258984565735 0.03511956334114075 0.03511956334114075
0 0.20202557742595673 0.4862925708293915 0.03511956334114075 0.03511956334114075
0 0.7870512008666992 0.5496582984924316 0.03511956334114075 0.03511956334114075
0 0.6878650784492493 0.5531020760536194 0.03511956334114075 0.03511956334114075
0 0.5882876515388489 0.5565594434738159 0.03511956334114075 0.03511956334114075
0 0.4883165657520294 0.5600305199623108 0.03511956334114075 0.03511956334114075
0 0.38794949650764465 0.563515305519104 0.03511956334114075 0.03511956334114075
0 0.28718408942222595 0.5670139193534851 0.03511956334114075 0.03511956334114075
0 0.1860179901123047 0.5705264806747437 0.03511956334114075 0.03511956334114075