0 0.23473697900772095 0.6504999399185181 0.03365423033634821 0.03365423033634821
0 0.3333110511302948 0.65123051404953 0.03365423033634821 0.03365423033634821
0 0.431371808052063 0.6519572734832764 0.03365423033634821 0.03365423033634821
0 0.5289232730865479 0.6526802182197571 0.03365423033634821 0.03365423033634821
0 0.6259693503379822 0.6533994674682617 0.03365423033634821 0.03365423033634821
0 0.7225140333175659 0.6541149616241455 0.03365423033634821 0.03365423033634821
0 0.8185611367225647 0.654826819896698 0.03365423033634821 0.03365423033634821
0 0.24468575417995453 0.5575463771820068 0.03365423033634821 0.03365423033634821
0 0.33977511525154114 0.5584853887557983 0.03365423033634821 0.03365423033634821
0 0.434386670589447 0.5594197511672974 0.03365423033634821 0.03365423033634821
0 0.5285239815711975 0.5603494048118591 0.03365423033634821 0.03365423033634821
0 0.6221906542778015 0.5612744092941284 0.03365423033634821 0.03365423033634821
0 0.715390145778656 0.5621947646141052 0.03365423033634821 0.03365423033634821
0 0.8081259727478027 0.5631105899810791 0.03365423033634821 0.03365423033634821
0 0.25395822525024414 0.4709116518497467 0.03365423033634821 0.03365423033634821
0 0.34580084681510925 0.4720296859741211 0.03365423033634821 0.03365423033634821
0 0.43719759583473206 0.47314226627349854 0.03365423033634821 0.03365423033634821
0 0.5281516909599304 0.4742494821548462 0.03365423033634821 0.03365423033634821
0 0.6186662912368774 0.47535133361816406 0.03365423033634821 0.03365423033634821
0 0.7087446451187134 0.4764479100704193 0.03365423033634821 0.03365423033634821
0 0.7983899116516113 0.47753918170928955 0.03365423033634821 0.03365423033634821
0 0.26262107491493225 0.3899726867675781 0.03365423033634821 0.03365423033634821
0 0.35143136978149414 0.3912445306777954 0.03365423033634821 0.03365423033634821
0 0.43982458114624023 0.39251041412353516 0.03365423033634821 0.03365423033634821
0 0.5278036594390869 0.39377036690711975 0.03365423033634821 0.03365423033634821
0 0.6153715252876282 0.39502444863319397 0.03365423033634821 0.03365423033634821
0 0.7025310397148132 0.3962726593017578 0.03365423033634821 0.03365423033634821
0 0.7892850041389465 0.39751508831977844 0.03365423033634821 0.03365423033634821
0 0.2707325220108032 0.31418561935424805 0.03365423033634821 0.03365423033634821
0 0.3567042946815491 0.3155897855758667 0.03365423033634821 0.03365423033634821
0 0.44228512048721313 0.3169876039028168 0.03365423033634821 0.03365423033634821
0 0.5274776816368103 0.3183790445327759 0.03365423033634821 0.03365423033634821
0 0.6122845411300659 0.3197641968727112 0.03365423033634821 0.03365423033634821
0 0.6967084407806396 0.32114312052726746 0.03365423033634821 0.03365423033634821
0 0.7807518243789673 0.3225158154964447 0.03365423033634821 0.03365423033634821
0 0.2783435881137848 0.2430737465620041 0.03365423033634821 0.03365423033634821
0 0.361652672290802 0.24459178745746613 0.03365423033634821 0.03365423033634821
0 0.44459453225135803 0.24610313773155212 0.03365423033634821 0.03365423033634821
0 0.5271716713905334 0.24760782718658447 0.03365423033634821 0.03365423033634821
0 0.6093863844871521 0.24910593032836914 0.03365423033634821 0.03365423033634821
0 0.6912410855293274 0.25059744715690613 0.03365423033634821 0.03365423033634821
0 0.7727381587028503 0.2520824670791626 0.03365423033634821 0.03365423033634821
0 0.2854991555213928 0.17621740698814392 0.03365423033634821 0.03365423033634821
0 0.36630553007125854 0.17783339321613312 0.03365423033634821 0.03365423033634821
0 0.44676634669303894 0.17944245040416718 0.03365423033634821 0.03365423033634821
0 0.5268838405609131 0.18104463815689087 0.03365423033634821 0.03365423033634821
0 0.6066601276397705 0.18264001607894897 0.03365423033634821 0.03365423033634821
0 0.6860974431037903 0.18422861397266388 0.03365423033634821 0.03365423033634821
0 0.7651979327201843 0.18581047654151917 0.03365423033634821 0.03365423033634821