0 0.2839384377002716 0.6688535809516907 0.021663039922714233 0.028884053230285645
0 0.36206862330436707 0.6665207743644714 0.021663039922714233 0.028884053230285645
0 0.4417194128036499 0.6641426086425781 0.021663039922714233 0.028884053230285645
0 0.5229355692863464 0.6617176532745361 0.021663039922714233 0.028884053230285645
0 0.6057637929916382 0.6592445969581604 0.021663039922714233 0.028884053230285645
0 0.6902524828910828 0.6567219495773315 0.021663039922714233 0.028884053230285645
0 0.7764521241188049 0.6541481614112854 0.021663039922714233 0.028884053230285645
0 0.2959412932395935 0.5764409303665161 0.021663039922714233 0.028884053230285645
0 0.3704026937484741 0.5733733773231506 0.021663039922714233 0.028884053230285645
0 0.4462425708770752 0.570249080657959 0.021663039922714233 0.028884053230285645
0 0.5234994888305664 0.5670664310455322 0.021663039922714233 0.028884053230285645
0 0.6022136211395264 0.5638237595558167 0.021663039922714233 0.028884053230285645
0 0.6824265122413635 0.560519278049469 0.021663039922714233 0.028884053230285645
0 0.7641814351081848 0.5571513175964355 0.021663039922714233 0.028884053230285645
0 0.3068462312221527 0.49248114228248596 0.021663039922714233 0.028884053230285645
0 0.37796780467033386 0.4888206720352173 0.021663039922714233 0.028884053230285645
0 0.45034468173980713 0.4850955903530121 0.021663039922714233 0.028884053230285645
0 0.524010419845581 0.4813041687011719 0.021663039922714233 0.028884053230285645
0 0.5989997982978821 0.4774446189403534 0.021663039922714233 0.028884053230285645
0 0.6753488183021545 0.4735150933265686 0.021663039922714233 0.028884053230285645
0 0.7530946731567383 0.4695136547088623 0.021663039922714233 0.028884053230285645
0 0.3167973458766937 0.4158652722835541 0.021663039922714233 0.028884053230285645
0 0.3848656415939331 0.4117255210876465 0.021663039922714233 0.028884053230285645
0 0.4540819525718689 0.4075159728527069 0.021663039922714233 0.028884053230285645
0 0.5244755744934082 0.4032348096370697 0.021663039922714233 0.028884053230285645
0 0.5960767865180969 0.3988802134990692 0.021663039922714233 0.028884053230285645
0 0.6689169406890869 0.39445027709007263 0.021663039922714233 0.028884053230285645
0 0.743028461933136 0.38994300365448 0.021663039922714233 0.028884053230285645
0 0.32591453194618225 0.34567007422447205 0.021663039922714233 0.028884053230285645
0 0.3911808133125305 0.3411429822444916 0.021663039922714233 0.028884053230285645
0 0.45750096440315247 0.3365428149700165 0.021663039922714233 0.028884053230285645
0 0.5249007344245911 0.3318677246570587 0.021663039922714233 0.028884053230285645
0 0.5934067368507385 0.327115923166275 0.021663039922714233 0.028884053230285645
0 0.6630464196205139 0.3222855031490326 0.021663039922714233 0.028884053230285645
0 0.7338480949401855 0.31737446784973145 0.021663039922714233 0.028884053230285645
0 0.33429837226867676 0.2811209559440613 0.021663039922714233 0.028884053230285645
0 0.3969841003417969 0.27628129720687866 0.021663039922714233 0.028884053230285645
0 0.46064072847366333 0.271366685628891 0.021663039922714233 0.028884053230285645
0 0.5252909660339355 0.2663753628730774 0.021663039922714233 0.028884053230285645
0 0.5909582376480103 0.2613055109977722 0.021663039922714233 0.028884053230285645
0 0.6576667428016663 0.2561552822589874 0.021663039922714233 0.028884053230285645
0 0.7254415154457092 0.2509227395057678 0.021663039922714233 0.028884053230285645
0 0.34203392267227173 0.22156298160552979 0.021663039922714233 0.028884053230285645
0 0.40233534574508667 0.21647198498249054 0.021663039922714233 0.028884053230285645
0 0.46353408694267273 0.21130521595478058 0.021663039922714233 0.028884053230285645
0 0.5256502628326416 0.206060990691185 0.021663039922714233 0.028884053230285645
0 0.5887047648429871 0.20073755085468292 0.021663039922714233 0.028884053230285645
0 0.6527189612388611 0.1953330934047699 0.021663039922714233 0.028884053230285645
0 0.7177149057388306 0.1898457407951355 0.021663039922714233 0.028884053230285645