0 0.26884615421295166 0.20674556493759155 0.035185406605402626 0.035185406605402626
0 0.3469110429286957 0.2082638144493103 0.035185406605402626 0.035185406605402626
0 0.4250563383102417 0.2097836285829544 0.035185406605402626 0.035185406605402626
0 0.5032821893692017 0.21130500733852386 0.035185406605402626 0.035185406605402626
0 0.581588625907898 0.21282796561717987 0.035185406605402626 0.035185406605402626
0 0.6599758267402649 0.21435248851776123 0.035185406605402626 0.035185406605402626
0 0.738443911075592 0.21587857604026794 0.035185406605402626 0.035185406605402626
0 0.259915828704834 0.26214534044265747 0.035185406605402626 0.035185406605402626
0 0.3409641683101654 0.2637513279914856 0.035185406605402626 0.035185406605402626
0 0.42209917306900024 0.2653590142726898 0.035185406605402626 0.035185406605402626
0 0.5033209919929504 0.26696839928627014 0.035185406605402626 0.035185406605402626
0 0.5846297144889832 0.26857954263687134 0.035185406605402626 0.035185406605402626
0 0.6660255193710327 0.27019238471984863 0.035185406605402626 0.035185406605402626
0 0.7475085258483887 0.2718069851398468 0.035185406605402626 0.035185406605402626
0 0.25027504563331604 0.3219527304172516 0.035185406605402626 0.035185406605402626
0 0.3345438838005066 0.3236558437347412 0.035185406605402626 0.035185406605402626
0 0.41890645027160645 0.32536086440086365 0.035185406605402626 0.035185406605402626
0 0.5033628344535828 0.3270677626132965 0.035185406605402626 0.035185406605402626
0 0.5879132747650146 0.3287765681743622 0.035185406605402626 0.035185406605402626
0 0.6725578308105469 0.33048728108406067 0.035185406605402626 0.035185406605402626
0 0.7572967410087585 0.33219990134239197 0.035185406605402626 0.035185406605402626
0 0.23983542621135712 0.38671550154685974 0.035185406605402626 0.035185406605402626
0 0.3275913596153259 0.38852667808532715 0.035185406605402626 0.035185406605402626
0 0.4154489040374756 0.3903399705886841 0.035185406605402626 0.035185406605402626
0 0.5034082531929016 0.39215534925460815 0.035185406605402626 0.035185406605402626
0 0.5914695262908936 0.39397284388542175 0.035185406605402626 0.035185406605402626
0 0.6796329617500305 0.3957924544811249 0.035185406605402626 0.035185406605402626
0 0.7678987383842468 0.39761418104171753 0.035185406605402626 0.035185406605402626
0 0.22849346697330475 0.45707613229751587 0.035185406605402626 0.035185406605402626
0 0.32003748416900635 0.459008127450943 0.035185406605402626 0.035185406605402626
0 0.4116921126842499 0.46094244718551636 0.035185406605402626 0.035185406605402626
0 0.5034575462341309 0.46287912130355835 0.035185406605402626 0.035185406605402626
0 0.5953339338302612 0.4648181200027466 0.035185406605402626 0.035185406605402626
0 0.6873215436935425 0.46675947308540344 0.035185406605402626 0.035185406605402626
0 0.7794205546379089 0.46870318055152893 0.035185406605402626 0.035185406605402626
0 0.21612684428691864 0.5337932705879211 0.035185406605402626 0.035185406605402626
0 0.3118007779121399 0.5358609557151794 0.035185406605402626 0.035185406605402626
0 0.40759551525115967 0.5379312634468079 0.035185406605402626 0.035185406605402626
0 0.5035113096237183 0.5400042533874512 0.035185406605402626 0.035185406605402626
0 0.59954833984375 0.5420798063278198 0.035185406605402626 0.035185406605402626
0 0.6957069039344788 0.5441579818725586 0.035185406605402626 0.035185406605402626
0 0.7919871211051941 0.5462388396263123 0.035185406605402626 0.035185406605402626
0 0.20259016752243042 0.6177689433097839 0.035185406605402626 0.035185406605402626
0 0.3027842342853546 0.6199899911880493 0.035185406605402626 0.035185406605402626
0 0.4031108021736145 0.6222140789031982 0.035185406605402626 0.035185406605402626
0 0.5035701394081116 0.6244410276412964 0.035185406605402626 0.035185406605402626
0 0.6041625142097473 0.6266709566116333 0.035185406605402626 0.035185406605402626
0 0.7048882246017456 0.6289038062095642 0.035185406605402626 0.035185406605402626
0 0.8057474493980408 0.6311396360397339 0.035185406605402626 0.035185406605402626