0 0.29872268438339233 0.18731413781642914 0.01887890137732029 0.03356249133745829
0 0.29304274916648865 0.26818960905075073 0.01887890137732029 0.03356249133745829
0 0.28693410754203796 0.3551696538925171 0.01887890137732029 0.03356249133745829
0 0.2803462743759155 0.44897255301475525 0.01887890137732029 0.03356249133745829
0 0.27322059869766235 0.5504339337348938 0.01887890137732029 0.03356249133745829
0 0.2654884159564972 0.6605315208435059 0.01887890137732029 0.03356249133745829
0 0.25706878304481506 0.7804170250892639 0.01887890137732029 0.03356249133745829
0 0.35888761281967163 0.188606858253479 0.01887890137732029 0.03356249133745829
0 0.35540494322776794 0.2693166732788086 0.01887890137732029 0.03356249133745829
0 0.3516601324081421 0.35610198974609375 0.01887890137732029 0.03356249133745829
0 0.3476223945617676 0.4496755599975586 0.01887890137732029 0.03356249133745829
0 0.3432559669017792 0.5508663654327393 0.01887890137732029 0.03356249133745829
0 0.33851903676986694 0.6606438755989075 0.01887890137732029 0.03356249133745829
0 0.33336231112480164 0.780149519443512 0.01887890137732029 0.03356249133745829
0 0.4187481701374054 0.18989303708076477 0.01887890137732029 0.03356249133745829
0 0.4174402356147766 0.2704378664493561 0.01887890137732029 0.03356249133745829
0 0.41603413224220276 0.3570292294025421 0.01887890137732029 0.03356249133745829
0 0.4145183265209198 0.4503746032714844 0.01887890137732029 0.03356249133745829
0 0.41287949681282043 0.5512962341308594 0.01887890137732029 0.03356249133745829
0 0.4111020565032959 0.6607555150985718 0.01887890137732029 0.03356249133745829
0 0.4091675877571106 0.7798836827278137 0.01887890137732029 0.03356249133745829
0 0.4783066511154175 0.1911727339029312 0.01887890137732029 0.03356249133745829
0 0.47915118932724 0.2715531587600708 0.01887890137732029 0.03356249133745829
0 0.4800589382648468 0.35795146226882935 0.01887890137732029 0.03356249133745829
0 0.48103731870651245 0.4510696828365326 0.01887890137732029 0.03356249133745829
0 0.4820948541164398 0.5517235994338989 0.01887890137732029 0.03356249133745829
0 0.48324158787727356 0.6608664989471436 0.01887890137732029 0.03356249133745829
0 0.4844892919063568 0.7796196341514587 0.01887890137732029 0.03356249133745829
0 0.5375653505325317 0.19244597852230072 0.01887890137732029 0.03356249133745829
0 0.540540337562561 0.2726626694202423 0.01887890137732029 0.03356249133745829
0 0.5437374711036682 0.35886868834495544 0.01887890137732029 0.03356249133745829
0 0.5471825003623962 0.4517608880996704 0.01887890137732029 0.03356249133745829
0 0.5509055852890015 0.5521484613418579 0.01887890137732029 0.03356249133745829
0 0.5549416542053223 0.6609768271446228 0.01887890137732029 0.03356249133745829
0 0.559332013130188 0.7793571949005127 0.01887890137732029 0.03356249133745829
0 0.596526563167572 0.19371283054351807 0.01887890137732029 0.03356249133745829
0 0.6016102433204651 0.2737663984298706 0.01887890137732029 0.03356249133745829
0 0.6070724129676819 0.3597809970378876 0.01887890137732029 0.03356249133745829
0 0.6129571199417114 0.45244818925857544 0.01887890137732029 0.03356249133745829
0 0.6193152070045471 0.5525708794593811 0.01887890137732029 0.03356249133745829
0 0.6262063384056091 0.6610864400863647 0.01887890137732029 0.03356249133745829
0 0.6337003111839294 0.7790964245796204 0.01887890137732029 0.03356249133745829
0 0.6551924347877502 0.19497334957122803 0.01887890137732029 0.03356249133745829
0 0.6623632907867432 0.2748643755912781 0.01887890137732029 0.03356249133745829
0 0.6700666546821594 0.36068835854530334 0.01887890137732029 0.03356249133745829
0 0.6783641576766968 0.45313167572021484 0.01887890137732029 0.03356249133745829
0 0.6873272657394409 0.5529907941818237 0.01887890137732029 0.03356249133745829
0 0.6970394849777222 0.6611954569816589 0.01887890137732029 0.03356249133745829
0 0.7075987458229065 0.7788373231887817 0.01887890137732029 0.03356249133745829