0 0.7338312268257141 0.20739249885082245 0.034233130514621735 0.034233130514621735
0 0.6599144339561462 0.20942260324954987 0.034233130514621735 0.034233130514621735
0 0.5858774781227112 0.21145600080490112 0.034233130514621735 0.034233130514621735
0 0.5117198824882507 0.21349270641803741 0.034233130514621735 0.034233130514621735
0 0.43744152784347534 0.21553272008895874 0.034233130514621735 0.034233130514621735
0 0.36304202675819397 0.21757608652114868 0.034233130514621735 0.034233130514621735
0 0.28852108120918274 0.21962276101112366 0.034233130514621735 0.034233130514621735
0 0.745307445526123 0.2591094970703125 0.034233130514621735 0.034233130514621735
0 0.6683589220046997 0.2612668573856354 0.034233130514621735 0.034233130514621735
0 0.5912800431251526 0.2634279131889343 0.034233130514621735 0.034233130514621735
0 0.5140705108642578 0.26559263467788696 0.034233130514621735 0.034233130514621735
0 0.43672996759414673 0.2677609920501709 0.034233130514621735 0.034233130514621735
0 0.35925811529159546 0.2699330449104309 0.034233130514621735 0.034233130514621735
0 0.28165459632873535 0.2721088230609894 0.034233130514621735 0.034233130514621735
0 0.7577677369117737 0.31526124477386475 0.034233130514621735 0.034233130514621735
0 0.6775280833244324 0.31756076216697693 0.034233130514621735 0.034233130514621735
0 0.5971466898918152 0.31986433267593384 0.034233130514621735 0.034233130514621735
0 0.5166231989860535 0.32217198610305786 0.034233130514621735 0.034233130514621735
0 0.4359571933746338 0.324483722448349 0.034233130514621735 0.034233130514621735
0 0.3551482856273651 0.32679957151412964 0.034233130514621735 0.034233130514621735
0 0.27419614791870117 0.3291195034980774 0.034233130514621735 0.034233130514621735
0 0.7713443636894226 0.3764437139034271 0.034233130514621735 0.034233130514621735
0 0.6875195503234863 0.37890276312828064 0.034233130514621735 0.034233130514621735
0 0.6035399436950684 0.3813663423061371 0.034233130514621735 0.034233130514621735
0 0.5194051861763 0.38383448123931885 0.034233130514621735 0.034233130514621735
0 0.43511489033699036 0.38630715012550354 0.034233130514621735 0.034233130514621735
0 0.3506685793399811 0.3887844383716583 0.034233130514621735 0.034233130514621735
0 0.2660658061504364 0.3912662863731384 0.034233130514621735 0.034233130514621735
0 0.7861944437026978 0.4433647394180298 0.034233130514621735 0.034233130514621735
0 0.6984490156173706 0.44600382447242737 0.034233130514621735 0.034233130514621735
0 0.6105340123176575 0.44864797592163086 0.034233130514621735 0.034233130514621735
0 0.5224489569664001 0.4512972831726074 0.034233130514621735 0.034233130514621735
0 0.43419331312179565 0.4539516866207123 0.034233130514621735 0.034233130514621735
0 0.3457666337490082 0.4566112458705902 0.034233130514621735 0.034233130514621735
0 0.25716841220855713 0.4592759609222412 0.034233130514621735 0.034233130514621735
0 0.8025058507919312 0.5168713331222534 0.034233130514621735 0.034233130514621735
0 0.7104551196098328 0.519714891910553 0.034233130514621735 0.034233130514621735
0 0.6182177066802979 0.522564172744751 0.034233130514621735 0.034233130514621735
0 0.5257930755615234 0.5254191756248474 0.034233130514621735 0.034233130514621735
0 0.43318066000938416 0.5282800793647766 0.034233130514621735 0.034233130514621735
0 0.34037986397743225 0.531146764755249 0.034233130514621735 0.034233130514621735
0 0.24739012122154236 0.5340192317962646 0.034233130514621735 0.034233130514621735
0 0.8205054998397827 0.5979859828948975 0.034233130514621735 0.034233130514621735
0 0.7237051725387573 0.6010632514953613 0.034233130514621735 0.034233130514621735
0 0.6266984343528748 0.6041470170021057 0.034233130514621735 0.034233130514621735
0 0.5294845104217529 0.6072373986244202 0.034233130514621735 0.034233130514621735
0 0.4320627748966217 0.6103343963623047 0.034233130514621735 0.034233130514621735
0 0.33443257212638855 0.6134380102157593 0.034233130514621735 0.034233130514621735
0 0.23659326136112213 0.6165482997894287 0.034233130514621735 0.034233130514621735