0 0.6847532987594604 0.1792292594909668 0.02539264410734177 0.033856858809789024
0 0.6180954575538635 0.17976537346839905 0.02539264410734177 0.033856858809789024
0 0.5507792830467224 0.18030676245689392 0.02539264410734177 0.033856858809789024
0 0.48279497027397156 0.18085353076457977 0.02539264410734177 0.033856858809789024
0 0.4141325354576111 0.18140576779842377 0.02539264410734177 0.033856858809789024
0 0.3447817862033844 0.18196351826190948 0.02539264410734177 0.033856858809789024
0 0.2747323215007782 0.18252690136432648 0.02539264410734177 0.033856858809789024
0 0.6972497701644897 0.24198585748672485 0.02539264410734177 0.033856858809789024
0 0.6274221539497375 0.24287131428718567 0.02539264410734177 0.033856858809789024
0 0.556871235370636 0.2437659353017807 0.02539264410734177 0.033856858809789024
0 0.4855857491493225 0.2446698695421219 0.02539264410734177 0.033856858809789024
0 0.41355419158935547 0.24558328092098236 0.02539264410734177 0.033856858809789024
0 0.34076476097106934 0.24650628864765167 0.02539264410734177 0.033856858809789024
0 0.26720544695854187 0.24743905663490295 0.02539264410734177 0.033856858809789024
0 0.7110138535499573 0.3111082911491394 0.02539264410734177 0.033856858809789024
0 0.6377000212669373 0.31241321563720703 0.02539264410734177 0.033856858809789024
0 0.5635878443717957 0.3137323260307312 0.02539264410734177 0.033856858809789024
0 0.48866426944732666 0.315065860748291 0.02539264410734177 0.033856858809789024
0 0.4129158854484558 0.31641411781311035 0.02539264410734177 0.033856858809789024
0 0.33632898330688477 0.31777727603912354 0.02539264410734177 0.033856858809789024
0 0.2588895559310913 0.31915560364723206 0.02539264410734177 0.033856858809789024
0 0.7262486815452576 0.38761693239212036 0.02539264410734177 0.033856858809789024
0 0.649082362651825 0.3894284963607788 0.02539264410734177 0.033856858809789024
0 0.5710304379463196 0.39126086235046387 0.02539264410734177 0.033856858809789024
0 0.49207746982574463 0.3931143879890442 0.02539264410734177 0.033856858809789024
0 0.41220781207084656 0.3949894309043884 0.02539264410734177 0.033856858809789024
0 0.331405371427536 0.3968863785266876 0.02539264410734177 0.033856858809789024
0 0.24965377151966095 0.3988055884838104 0.02539264410734177 0.033856858809789024
0 0.743203341960907 0.47276246547698975 0.02539264410734177 0.033856858809789024
0 0.6617574691772461 0.47519034147262573 0.02539264410734177 0.033856858809789024
0 0.5793233513832092 0.47764766216278076 0.02539264410734177 0.033856858809789024
0 0.4958829879760742 0.4801349937915802 0.02539264410734177 0.033856858809789024
0 0.41141781210899353 0.482652872800827 0.02539264410734177 0.033856858809789024
0 0.3259087800979614 0.4852018356323242 0.02539264410734177 0.033856858809789024
0 0.23933647572994232 0.4877825379371643 0.02539264410734177 0.033856858809789024
0 0.7621865272521973 0.5680949091911316 0.02539264410734177 0.033856858809789024
0 0.6759586930274963 0.5712783932685852 0.02539264410734177 0.033856858809789024
0 0.5886212587356567 0.5745028853416443 0.02539264410734177 0.033856858809789024
0 0.5001527070999146 0.5777691006660461 0.02539264410734177 0.033856858809789024
0 0.41053083539009094 0.5810778737068176 0.02539264410734177 0.033856858809789024
0 0.31973299384117126 0.5844300985336304 0.02539264410734177 0.033856858809789024
0 0.22773590683937073 0.5878266096115112 0.02539264410734177 0.033856858809789024
0 0.7835853099822998 0.6755587458610535 0.02539264410734177 0.033856858809789024
0 0.6919793486595154 0.6796771883964539 0.02539264410734177 0.033856858809789024
0 0.5991185307502747 0.6838520765304565 0.02539264410734177 0.033856858809789024
0 0.5049769282341003 0.6880844831466675 0.02539264410734177 0.033856858809789024
0 0.40952786803245544 0.6923757195472717 0.02539264410734177 0.033856858809789024
0 0.3127438426017761 0.6967269778251648 0.02539264410734177 0.033856858809789024
0 0.2145967334508896 0.701139509677887 0.02539264410734177 0.033856858809789024