0 0.7065869569778442 0.16011756658554077 0.022894093627110125 0.03423415869474411
0 0.6308413743972778 0.15910644829273224 0.022894093627110125 0.03423415869474411
0 0.5545951724052429 0.15808866918087006 0.022894093627110125 0.03423415869474411
0 0.47784334421157837 0.15706413984298706 0.022894093627110125 0.03423415869474411
0 0.40058091282844543 0.15603278577327728 0.022894093627110125 0.03423415869474411
0 0.32280272245407104 0.15499454736709595 0.022894093627110125 0.03423415869474411
0 0.24450361728668213 0.15394935011863708 0.022894093627110125 0.03423415869474411
0 0.718091607093811 0.24049749970436096 0.022894093627110125 0.03423415869474411
0 0.6396076679229736 0.23972377181053162 0.022894093627110125 0.03423415869474411
0 0.5605858564376831 0.23894473910331726 0.022894093627110125 0.03423415869474411
0 0.4810207486152649 0.23816035687923431 0.022894093627110125 0.03423415869474411
0 0.40090668201446533 0.237370565533638 0.022894093627110125 0.03423415869474411
0 0.320237934589386 0.23657529056072235 0.022894093627110125 0.03423415869474411
0 0.23900872468948364 0.23577450215816498 0.022894093627110125 0.03423415869474411
0 0.7304690480232239 0.32697543501853943 0.022894093627110125 0.03423415869474411
0 0.6490413546562195 0.3264787793159485 0.022894093627110125 0.03423415869474411
0 0.5670343041419983 0.3259785771369934 0.022894093627110125 0.03423415869474411
0 0.4844417870044708 0.3254748284816742 0.022894093627110125 0.03423415869474411
0 0.4012575149536133 0.3249674439430237 0.022894093627110125 0.03423415869474411
0 0.3174750506877899 0.3244563937187195 0.022894093627110125 0.03423415869474411
0 0.233087956905365 0.3239416778087616 0.022894093627110125 0.03423415869474411
0 0.7438225746154785 0.42027270793914795 0.022894093627110125 0.03423415869474411
0 0.6592216491699219 0.4201001524925232 0.022894093627110125 0.03423415869474411
0 0.5739949941635132 0.41992634534835815 0.022894093627110125 0.03423415869474411
0 0.48813560605049133 0.41975122690200806 0.022894093627110125 0.03423415869474411
0 0.40163642168045044 0.4195747971534729 0.022894093627110125 0.03423415869474411
0 0.3144902288913727 0.4193970561027527 0.022894093627110125 0.03423415869474411
0 0.22668977081775665 0.419217973947525 0.022894093627110125 0.03423415869474411
0 0.7582722902297974 0.5212289690971375 0.022894093627110125 0.03423415869474411
0 0.6702409386634827 0.5214366316795349 0.022894093627110125 0.03423415869474411
0 0.5815315246582031 0.5216459035873413 0.022894093627110125 0.03423415869474411
0 0.4921361804008484 0.5218567848205566 0.022894093627110125 0.03423415869474411
0 0.40204691886901855 0.5220693349838257 0.022894093627110125 0.03423415869474411
0 0.3112556040287018 0.5222834944725037 0.022894093627110125 0.03423415869474411
0 0.21975402534008026 0.5224993228912354 0.022894093627110125 0.03423415869474411
0 0.7739589810371399 0.630827784538269 0.022894093627110125 0.03423415869474411
0 0.6822072863578796 0.6314828991889954 0.022894093627110125 0.03423415869474411
0 0.5897184014320374 0.6321433186531067 0.022894093627110125 0.03423415869474411
0 0.49648335576057434 0.632809042930603 0.022894093627110125 0.03423415869474411
0 0.40249311923980713 0.6334801912307739 0.022894093627110125 0.03423415869474411
0 0.30773845314979553 0.6341567635536194 0.022894093627110125 0.03423415869474411
0 0.21220998466014862 0.634838879108429 0.022894093627110125 0.03423415869474411
0 0.7910486459732056 0.7502285242080688 0.022894093627110125 0.03423415869474411
0 0.6952483654022217 0.7514123320579529 0.022894093627110125 0.03423415869474411
0 0.5986436605453491 0.7526060342788696 0.022894093627110125 0.03423415869474411
0 0.5012242794036865 0.7538098096847534 0.022894093627110125 0.03423415869474411
0 0.40297991037368774 0.7550237774848938 0.022894093627110125 0.03423415869474411
0 0.3039000332355499 0.7562481164932251 0.022894093627110125 0.03423415869474411
0 0.2039739489555359 0.7574828863143921 0.022894093627110125 0.03423415869474411