0 0.7163053750991821 0.31051692366600037 0.030356069405873615 0.030356069405873615
0 0.6498442888259888 0.3105003237724304 0.030356069405873615 0.030356069405873615
0 0.5834280848503113 0.31048375368118286 0.030356069405873615 0.030356069405873615
0 0.5170568227767944 0.3104671835899353 0.030356069405873615 0.030356069405873615
0 0.4507303535938263 0.31045064330101013 0.030356069405873615 0.030356069405873615
0 0.38444870710372925 0.31043410301208496 0.030356069405873615 0.030356069405873615
0 0.3182118237018585 0.3104175925254822 0.030356069405873615 0.030356069405873615
0 0.724808931350708 0.36351728439331055 0.030356069405873615 0.030356069405873615
0 0.6556620597839355 0.3634813725948334 0.030356069405873615 0.030356069405873615
0 0.586563766002655 0.3634454905986786 0.030356069405873615 0.030356069405873615
0 0.5175141096115112 0.3634096384048462 0.030356069405873615 0.030356069405873615
0 0.448513001203537 0.3633738160133362 0.030356069405873615 0.030356069405873615
0 0.37956035137176514 0.36333802342414856 0.030356069405873615 0.030356069405873615
0 0.3106561303138733 0.3633022606372833 0.030356069405873615 0.030356069405873615
0 0.734028160572052 0.4209780991077423 0.030356069405873615 0.030356069405873615
0 0.6619692444801331 0.42091962695121765 0.030356069405873615 0.030356069405873615
0 0.5899631977081299 0.42086121439933777 0.030356069405873615 0.030356069405873615
0 0.5180099010467529 0.4208028018474579 0.030356069405873615 0.030356069405873615
0 0.4461092948913574 0.42074447870254517 0.030356069405873615 0.030356069405873615
0 0.3742613196372986 0.42068615555763245 0.030356069405873615 0.030356069405873615
0 0.30246594548225403 0.4206279218196869 0.030356069405873615 0.030356069405873615
0 0.744057297706604 0.48348724842071533 0.030356069405873615 0.030356069405873615
0 0.668830394744873 0.483402281999588 0.030356069405873615 0.030356069405873615
0 0.5936610698699951 0.48331737518310547 0.030356069405873615 0.030356069405873615
0 0.5185491442680359 0.4832325577735901 0.030356069405873615 0.030356069405873615
0 0.4434947371482849 0.4831477701663971 0.030356069405873615 0.030356069405873615
0 0.3684976398944855 0.48306307196617126 0.030356069405873615 0.030356069405873615
0 0.2935578525066376 0.4829784333705902 0.030356069405873615 0.030356069405873615
0 0.7550081014633179 0.5517405271530151 0.030356069405873615 0.030356069405873615
0 0.676321804523468 0.5516243577003479 0.030356069405873615 0.030356069405873615
0 0.5976983904838562 0.5515082478523254 0.030356069405873615 0.030356069405873615
0 0.5191379189491272 0.5513922572135925 0.030356069405873615 0.030356069405873615
0 0.44064030051231384 0.5512763261795044 0.030356069405873615 0.030356069405873615
0 0.3622053861618042 0.5511605143547058 0.030356069405873615 0.030356069405873615
0 0.2838331460952759 0.5510448217391968 0.030356069405873615 0.030356069405873615
0 0.767013669013977 0.6265679001808167 0.030356069405873615 0.030356069405873615
0 0.6845344305038452 0.6264147162437439 0.030356069405873615 0.030356069405873615
0 0.6021243333816528 0.6262616515159607 0.030356069405873615 0.030356069405873615
0 0.5197833776473999 0.6261087656021118 0.030356069405873615 0.030356069405873615
0 0.4375113844871521 0.6259559392929077 0.030356069405873615 0.030356069405873615
0 0.35530832409858704 0.6258032917976379 0.030356069405873615 0.030356069405873615
0 0.27317410707473755 0.6256507635116577 0.030356069405873615 0.030356069405873615
0 0.7802340984344482 0.7089671492576599 0.030356069405873615 0.030356069405873615
0 0.6935777068138123 0.7087699174880981 0.030356069405873615 0.030356069405873615
0 0.6069977283477783 0.7085728049278259 0.030356069405873615 0.030356069405873615
0 0.5204939842224121 0.7083759307861328 0.030356069405873615 0.030356069405873615
0 0.43406641483306885 0.708179235458374 0.030356069405873615 0.030356069405873615
0 0.3477148711681366 0.7079826593399048 0.030356069405873615 0.030356069405873615
0 0.2614392936229706 0.7077863216400146 0.030356069405873615 0.030356069405873615