0 0.7323607802391052 0.15061913430690765 0.02039290750399232 0.03422585874795914
0 0.6602985262870789 0.15050454437732697 0.02039290750399232 0.03422585874795914
0 0.5884599685668945 0.15039032697677612 0.02039290750399232 0.03422585874795914
0 0.5168440937995911 0.15027646720409393 0.02039290750399232 0.03422585874795914
0 0.4454498589038849 0.1501629501581192 0.02039290750399232 0.03422585874795914
0 0.3742762804031372 0.15004977583885193 0.02039290750399232 0.03422585874795914
0 0.30332228541374207 0.1499369591474533 0.02039290750399232 0.03422585874795914
0 0.7407916188240051 0.23030662536621094 0.02039290750399232 0.03422585874795914
0 0.6657910943031311 0.2300584763288498 0.02039290750399232 0.03422585874795914
0 0.5910329222679138 0.22981113195419312 0.02039290750399232 0.03422585874795914
0 0.5165157914161682 0.2295645773410797 0.02039290750399232 0.03422585874795914
0 0.4422386586666107 0.22931882739067078 0.02039290750399232 0.03422585874795914
0 0.36820027232170105 0.22907386720180511 0.02039290750399232 0.03422585874795914
0 0.29439955949783325 0.22882968187332153 0.02039290750399232 0.03422585874795914
0 0.7499368786811829 0.31674718856811523 0.02039290750399232 0.03422585874795914
0 0.6717483997344971 0.3163427710533142 0.02039290750399232 0.03422585874795914
0 0.5938231348991394 0.315939724445343 0.02039290750399232 0.03422585874795914
0 0.5161598324775696 0.31553804874420166 0.02039290750399232 0.03422585874795914
0 0.43875712156295776 0.31513768434524536 0.02039290750399232 0.03422585874795914
0 0.3616136908531189 0.3147386908531189 0.02039290750399232 0.03422585874795914
0 0.2847282588481903 0.3143410384654999 0.02039290750399232 0.03422585874795914
0 0.7598914504051208 0.41083720326423645 0.02039290750399232 0.03422585874795914
0 0.678231954574585 0.410249263048172 0.02039290750399232 0.03422585874795914
0 0.5968594551086426 0.4096633791923523 0.02039290750399232 0.03422585874795914
0 0.5157725214958191 0.40907958149909973 0.02039290750399232 0.03422585874795914
0 0.4349696636199951 0.40849781036376953 0.02039290750399232 0.03422585874795914
0 0.3544493317604065 0.4079180657863617 0.02039290750399232 0.03422585874795914
0 0.2742100954055786 0.4073403775691986 0.02039290750399232 0.03422585874795914
0 0.7707677483558655 0.5136390924453735 0.02039290750399232 0.03422585874795914
0 0.6853147149085999 0.5128346085548401 0.02039290750399232 0.03422585874795914
0 0.6001758575439453 0.5120331048965454 0.02039290750399232 0.03422585874795914
0 0.5153495669364929 0.5112345218658447 0.02039290750399232 0.03422585874795914
0 0.4308340847492218 0.510438859462738 0.02039290750399232 0.03422585874795914
0 0.34662768244743347 0.5096461176872253 0.02039290750399232 0.03422585874795914
0 0.2627286911010742 0.5088562965393066 0.02039290750399232 0.03422585874795914
0 0.7826999425888062 0.6264215707778931 0.02039290750399232 0.03422585874795914
0 0.6930837631225586 0.6253602504730225 0.02039290750399232 0.03422585874795914
0 0.6038129925727844 0.6243031024932861 0.02039290750399232 0.03422585874795914
0 0.5148857831954956 0.6232499480247498 0.02039290750399232 0.03422585874795914
0 0.4263000786304474 0.6222009062767029 0.02039290750399232 0.03422585874795914
0 0.33805394172668457 0.621155858039856 0.02039290750399232 0.03422585874795914
0 0.25014540553092957 0.620114803314209 0.02039290750399232 0.03422585874795914
0 0.7958497405052185 0.7507122159004211 0.02039290750399232 0.03422585874795914
0 0.7016439437866211 0.7493445873260498 0.02039290750399232 0.03422585874795914
0 0.6078197956085205 0.7479825615882874 0.02039290750399232 0.03422585874795914
0 0.5143749713897705 0.7466260194778442 0.02039290750399232 0.03422585874795914
0 0.42130717635154724 0.7452749609947205 0.02039290750399232 0.03422585874795914
0 0.32861414551734924 0.7439293265342712 0.02039290750399232 0.03422585874795914
0 0.23629361391067505 0.7425891160964966 0.02039290750399232 0.03422585874795914