0 0.7289265394210815 0.18120457231998444 0.02522630244493485 0.033635069926579796
0 0.6614617705345154 0.17795881628990173 0.02522630244493485 0.033635069926579796
0 0.5937306880950928 0.17470026016235352 0.02522630244493485 0.033635069926579796
0 0.5257315635681152 0.17142879962921143 0.02522630244493485 0.033635069926579796
0 0.45746296644210815 0.1681443750858307 0.02522630244493485 0.033635069926579796
0 0.3889232277870178 0.16484689712524414 0.02522630244493485 0.033635069926579796
0 0.3201106786727905 0.161536306142807 0.02522630244493485 0.033635069926579796
0 0.7401732802391052 0.24553191661834717 0.02522630244493485 0.033635069926579796
0 0.6694640517234802 0.2422618418931961 0.02522630244493485 0.033635069926579796
0 0.5984621047973633 0.23897822201251984 0.02522630244493485 0.033635069926579796
0 0.5271656513214111 0.2356809824705124 0.02522630244493485 0.033635069926579796
0 0.4555727541446686 0.2323700338602066 0.02522630244493485 0.033635069926579796
0 0.38368165493011475 0.22904528677463531 0.02522630244493485 0.033635069926579796
0 0.31149041652679443 0.22570666670799255 0.02522630244493485 0.033635069926579796
0 0.7525624632835388 0.3163937032222748 0.02522630244493485 0.033635069926579796
0 0.6782809495925903 0.31311100721359253 0.02522630244493485 0.033635069926579796
0 0.6036763191223145 0.3098140358924866 0.02522630244493485 0.033635069926579796
0 0.5287463068962097 0.30650267004966736 0.02522630244493485 0.033635069926579796
0 0.45348885655403137 0.3031768202781677 0.02522630244493485 0.033635069926579796
0 0.3779017925262451 0.2998364269733429 0.02522630244493485 0.033635069926579796
0 0.30198296904563904 0.2964813709259033 0.02522630244493485 0.033635069926579796
0 0.7662774920463562 0.3948388993740082 0.02522630244493485 0.033635069926579796
0 0.6880435943603516 0.39155957102775574 0.02522630244493485 0.033635069926579796
0 0.6094510555267334 0.3882651925086975 0.02522630244493485 0.033635069926579796
0 0.5304973125457764 0.38495567440986633 0.02522630244493485 0.033635069926579796
0 0.4511798620223999 0.38163092732429504 0.02522630244493485 0.033635069926579796
0 0.3714962899684906 0.3782908320426941 0.02522630244493485 0.033635069926579796
0 0.29144394397735596 0.3749352693557739 0.02522630244493485 0.033635069926579796
0 0.7815431952476501 0.48215362429618835 0.02522630244493485 0.033635069926579796
0 0.6989127397537231 0.4788994789123535 0.02522630244493485 0.033635069926579796
0 0.6158818602561951 0.4756295680999756 0.02522630244493485 0.033635069926579796
0 0.5324476957321167 0.472343772649765 0.02522630244493485 0.033635069926579796
0 0.44860729575157166 0.46904197335243225 0.02522630244493485 0.033635069926579796
0 0.3643576502799988 0.46572405099868774 0.02522630244493485 0.033635069926579796
0 0.2796958088874817 0.46238991618156433 0.02522630244493485 0.033635069926579796
0 0.7986384630203247 0.5799323320388794 0.02522630244493485 0.033635069926579796
0 0.7110877633094788 0.5767331719398499 0.02522630244493485 0.033635069926579796
0 0.6230873465538025 0.5735176205635071 0.02522630244493485 0.033635069926579796
0 0.5346336364746094 0.5702854990959167 0.02522630244493485 0.033635069926579796
0 0.44572320580482483 0.5670366883277893 0.02522630244493485 0.033635069926579796
0 0.35635247826576233 0.5637710690498352 0.02522630244493485 0.033635069926579796
0 0.26651784777641296 0.5604884624481201 0.02522630244493485 0.033635069926579796
0 0.8179129958152771 0.6901758313179016 0.02522630244493485 0.033635069926579796
0 0.7248191237449646 0.68707275390625 0.02522630244493485 0.033635069926579796
0 0.6312164068222046 0.6839526891708374 0.02522630244493485 0.033635069926579796
0 0.5371005535125732 0.6808155179023743 0.02522630244493485 0.033635069926579796
0 0.44246745109558105 0.677661120891571 0.02522630244493485 0.033635069926579796
0 0.34731271862983704 0.6744893789291382 0.02522630244493485 0.033635069926579796
0 0.25163209438323975 0.6713000535964966 0.02522630244493485 0.033635069926579796