0 0.2592315375804901 0.2886333763599396 0.03484786550203959 0.03484786550203959
0 0.2509550452232361 0.3477313816547394 0.03484786550203959 0.03484786550203959
0 0.24201150238513947 0.4115925133228302 0.03484786550203959 0.03484786550203959
0 0.23231686651706696 0.4808167517185211 0.03484786550203959 0.03484786550203959
0 0.22177237272262573 0.5561093688011169 0.03484786550203959 0.03484786550203959
0 0.21026115119457245 0.6383048892021179 0.03484786550203959 0.03484786550203959
0 0.19764386117458344 0.7283982038497925 0.03484786550203959 0.03484786550203959
0 0.3371347188949585 0.28881824016571045 0.03484786550203959 0.03484786550203959
0 0.3318835198879242 0.34783872961997986 0.03484786550203959 0.03484786550203959
0 0.32620975375175476 0.4116089940071106 0.03484786550203959 0.03484786550203959
0 0.32006019353866577 0.4807264506816864 0.03484786550203959 0.03484786550203959
0 0.3133724629878998 0.555893063545227 0.03484786550203959 0.03484786550203959
0 0.3060726225376129 0.6379393935203552 0.03484786550203959 0.03484786550203959
0 0.29807260632514954 0.7278551459312439 0.03484786550203959 0.03484786550203959
0 0.4148232638835907 0.28900256752967834 0.03484786550203959 0.03484786550203959
0 0.4125804305076599 0.3479457497596741 0.03484786550203959 0.03484786550203959
0 0.41015738248825073 0.4116254150867462 0.03484786550203959 0.03484786550203959
0 0.4075314700603485 0.4806364178657532 0.03484786550203959 0.03484786550203959
0 0.4046761095523834 0.5556774735450745 0.03484786550203959 0.03484786550203959
0 0.40155982971191406 0.637575089931488 0.03484786550203959 0.03484786550203959
0 0.3981451988220215 0.7273139953613281 0.03484786550203959 0.03484786550203959
0 0.49229809641838074 0.28918641805648804 0.03484786550203959 0.03484786550203959
0 0.4930467903614044 0.3480524718761444 0.03484786550203959 0.03484786550203959
0 0.4938555359840393 0.41164180636405945 0.03484786550203959 0.03484786550203959
0 0.4947319030761719 0.48054665327072144 0.03484786550203959 0.03484786550203959
0 0.49568474292755127 0.5554625988006592 0.03484786550203959 0.03484786550203959
0 0.4967244565486908 0.6372120976448059 0.03484786550203959 0.03484786550203959
0 0.4978635609149933 0.7267747521400452 0.03484786550203959 0.03484786550203959
0 0.5695600509643555 0.28936976194381714 0.03484786550203959 0.03484786550203959
0 0.5732835531234741 0.34815889596939087 0.03484786550203959 0.03484786550203959
0 0.5773053765296936 0.4116581380367279 0.03484786550203959 0.03484786550203959
0 0.5816628336906433 0.4804571866989136 0.03484786550203959 0.03484786550203959
0 0.5863997936248779 0.5552483797073364 0.03484786550203959 0.03484786550203959
0 0.591568112373352 0.6368502378463745 0.03484786550203959 0.03484786550203959
0 0.5972295999526978 0.7262374758720398 0.03484786550203959 0.03484786550203959
0 0.6466100811958313 0.28955259919166565 0.03484786550203959 0.03484786550203959
0 0.6532917022705078 0.34826502203941345 0.03484786550203959 0.03484786550203959
0 0.6605079174041748 0.411674439907074 0.03484786550203959 0.03484786550203959
0 0.6683254241943359 0.4803679883480072 0.03484786550203959 0.03484786550203959
0 0.6768227219581604 0.555034875869751 0.03484786550203959 0.03484786550203959
0 0.6860924959182739 0.6364896297454834 0.03484786550203959 0.03484786550203959
0 0.6962450742721558 0.7257020473480225 0.03484786550203959 0.03484786550203959
0 0.7234489917755127 0.28973492980003357 0.03484786550203959 0.03484786550203959
0 0.7330722808837891 0.34837082028388977 0.03484786550203959 0.03484786550203959
0 0.7434642910957336 0.41169068217277527 0.03484786550203959 0.03484786550203959
0 0.75472092628479 0.4802790582180023 0.03484786550203959 0.03484786550203959
0 0.7669548392295837 0.5548220276832581 0.03484786550203959 0.03484786550203959
0 0.7802990674972534 0.6361302733421326 0.03484786550203959 0.03484786550203959
0 0.7949119210243225 0.7251684665679932 0.03484786550203959 0.03484786550203959