0 0.6914405226707458 0.15496951341629028 0.02299726284109056 0.034388430416584015
0 0.615768313407898 0.15459933876991272 0.02299726284109056 0.034388430416584015
0 0.53960120677948 0.15422675013542175 0.02299726284109056 0.034388430416584015
0 0.4629344344139099 0.153851717710495 0.02299726284109056 0.034388430416584015
0 0.385763019323349 0.15347421169281006 0.02299726284109056 0.034388430416584015
0 0.3080819547176361 0.15309421718120575 0.02299726284109056 0.034388430416584015
0 0.22988617420196533 0.15271170437335968 0.02299726284109056 0.034388430416584015
0 0.7035214304924011 0.23452992737293243 0.02299726284109056 0.034388430416584015
0 0.6250490546226501 0.23441487550735474 0.02299726284109056 0.034388430416584015
0 0.5460441708564758 0.23429904878139496 0.02299726284109056 0.034388430416584015
0 0.4665013551712036 0.2341824322938919 0.02299726284109056 0.034388430416584015
0 0.38641512393951416 0.23406502604484558 0.02299726284109056 0.034388430416584015
0 0.3057798743247986 0.2339468002319336 0.02299726284109056 0.034388430416584015
0 0.22458992898464203 0.23382776975631714 0.02299726284109056 0.034388430416584015
0 0.716541588306427 0.3202756345272064 0.02299726284109056 0.034388430416584015
0 0.635053813457489 0.3204573392868042 0.02299726284109056 0.034388430416584015
0 0.552991509437561 0.32064032554626465 0.02299726284109056 0.034388430416584015
0 0.4703485369682312 0.32082462310791016 0.02299726284109056 0.034388430416584015
0 0.3871186673641205 0.32101020216941833 0.02299726284109056 0.034388430416584015
0 0.30329564213752747 0.32119712233543396 0.02299726284109056 0.034388430416584015
0 0.21887311339378357 0.32138538360595703 0.02299726284109056 0.034388430416584015
0 0.7306148409843445 0.412957102060318 0.02299726284109056 0.034388430416584015
0 0.6458708643913269 0.41348502039909363 0.02299726284109056 0.034388430416584015
0 0.5605049729347229 0.41401681303977966 0.02299726284109056 0.034388430416584015
0 0.4745103120803833 0.4145525097846985 0.02299726284109056 0.034388430416584015
0 0.3878799378871918 0.4150921702384949 0.02299726284109056 0.034388430416584015
0 0.30060672760009766 0.4156358540058136 0.02299726284109056 0.034388430416584015
0 0.2126835286617279 0.41618356108665466 0.02299726284109056 0.034388430416584015
0 0.7458744645118713 0.513451337814331 0.02299726284109056 0.034388430416584015
0 0.6576032042503357 0.5143845081329346 0.02299726284109056 0.034388430416584015
0 0.5686566233634949 0.5153248310089111 0.02299726284109056 0.034388430416584015
0 0.4790269732475281 0.5162723660469055 0.02299726284109056 0.034388430416584015
0 0.38870635628700256 0.5172272324562073 0.02299726284109056 0.034388430416584015
0 0.29768675565719604 0.5181894898414612 0.02299726284109056 0.034388430416584015
0 0.20596003532409668 0.519159197807312 0.02299726284109056 0.034388430416584015
0 0.7624770402908325 0.6227896809577942 0.02299726284109056 0.034388430416584015
0 0.6703721880912781 0.6241991519927979 0.02299726284109056 0.034388430416584015
0 0.5775313973426819 0.6256198287010193 0.02299726284109056 0.034388430416584015
0 0.48394590616226196 0.6270519495010376 0.02299726284109056 0.034388430416584015
0 0.3896067142486572 0.6284955739974976 0.02299726284109056 0.034388430416584015
0 0.29450464248657227 0.6299508810043335 0.02299726284109056 0.034388430416584015
0 0.1986304223537445 0.6314180493354797 0.02299726284109056 0.034388430416584015
0 0.7806079983711243 0.7421934008598328 0.02299726284109056 0.034388430416584015
0 0.6843215227127075 0.7441650032997131 0.02299726284109056 0.034388430416584015
0 0.5872300267219543 0.7461531758308411 0.02299726284109056 0.034388430416584015
0 0.48932337760925293 0.7481579780578613 0.02299726284109056 0.034388430416584015
0 0.3905913233757019 0.7501797080039978 0.02299726284109056 0.034388430416584015
0 0.2910233736038208 0.75221848487854 0.02299726284109056 0.034388430416584015
0 0.19060884416103363 0.7542746663093567 0.02299726284109056 0.034388430416584015