0 0.2956615388393402 0.1906072199344635 0.018944984301924706 0.033679972092310585
0 0.2898922264575958 0.2722448408603668 0.018944984301924706 0.033679972092310585
0 0.28369736671447754 0.359904408454895 0.018944984301924706 0.033679972092310585
0 0.27702802419662476 0.45427775382995605 0.018944984301924706 0.033679972092310585
0 0.26982754468917847 0.5561668872833252 0.018944984301924706 0.033679972092310585
0 0.26202982664108276 0.6665068864822388 0.018944984301924706 0.033679972092310585
0 0.253557413816452 0.7863945960998535 0.018944984301924706 0.033679972092310585
0 0.3560638129711151 0.19155973196029663 0.018944984301924706 0.033679972092310585
0 0.35245075821876526 0.27305686473846436 0.018944984301924706 0.033679972092310585
0 0.34857177734375 0.36055225133895874 0.018944984301924706 0.033679972092310585
0 0.3443963825702667 0.4547334611415863 0.018944984301924706 0.033679972092310585
0 0.3398892879486084 0.5563971996307373 0.018944984301924706 0.033679972092310585
0 0.33500927686691284 0.6664721369743347 0.018944984301924706 0.033679972092310585
0 0.3297080993652344 0.7860471606254578 0.018944984301924706 0.033679972092310585
0 0.41621747612953186 0.19250831007957458 0.018944984301924706 0.033679972092310585
0 0.41474270820617676 0.27386540174484253 0.018944984301924706 0.033679972092310585
0 0.4131596088409424 0.36119720339775085 0.018944984301924706 0.033679972092310585
0 0.41145581007003784 0.455187052488327 0.018944984301924706 0.033679972092310585
0 0.40961697697639465 0.5566264390945435 0.018944984301924706 0.033679972092310585
0 0.4076263904571533 0.666437566280365 0.018944984301924706 0.033679972092310585
0 0.4054644703865051 0.7857015132904053 0.018944984301924706 0.033679972092310585
0 0.476124107837677 0.19345299899578094 0.018944984301924706 0.033679972092310585
0 0.4767697751522064 0.2746705114841461 0.018944984301924706 0.033679972092310585
0 0.4774627387523651 0.3618393540382385 0.018944984301924706 0.033679972092310585
0 0.47820839285850525 0.4556385576725006 0.018944984301924706 0.033679972092310585
0 0.47901302576065063 0.5568545460700989 0.018944984301924706 0.033679972092310585
0 0.47988390922546387 0.6664031744003296 0.018944984301924706 0.033679972092310585
0 0.48082953691482544 0.785357654094696 0.018944984301924706 0.033679972092310585
0 0.5357851982116699 0.1943938136100769 0.018944984301924706 0.033679972092310585
0 0.538533627986908 0.2754721939563751 0.018944984301924706 0.033679972092310585
0 0.5414830446243286 0.362478643655777 0.018944984301924706 0.033679972092310585
0 0.5446562170982361 0.45608800649642944 0.018944984301924706 0.033679972092310585
0 0.548079788684845 0.5570815801620483 0.018944984301924706 0.033679972092310585
0 0.5517844557762146 0.6663689613342285 0.018944984301924706 0.033679972092310585
0 0.5558063983917236 0.7850155234336853 0.018944984301924706 0.033679972092310585
0 0.5952022671699524 0.19533078372478485 0.018944984301924706 0.033679972092310585
0 0.6000360250473022 0.27627047896385193 0.018944984301924706 0.033679972092310585
0 0.6052223443984985 0.363115131855011 0.018944984301924706 0.033679972092310585
0 0.6108014583587646 0.4565354287624359 0.018944984301924706 0.033679972092310585
0 0.6168195605278015 0.5573075413703918 0.018944984301924706 0.033679972092310585
0 0.6233306527137756 0.666334867477417 0.018944984301924706 0.033679972092310585
0 0.6303979754447937 0.7846751809120178 0.018944984301924706 0.033679972092310585
0 0.6543768048286438 0.19626392424106598 0.018944984301924706 0.033679972092310585
0 0.661278486251831 0.2770653963088989 0.018944984301924706 0.033679972092310585
0 0.6686825752258301 0.36374884843826294 0.018944984301924706 0.033679972092310585
0 0.6766460537910461 0.45698079466819763 0.018944984301924706 0.033679972092310585
0 0.6852346658706665 0.5575324296951294 0.018944984301924706 0.033679972092310585
0 0.6945251822471619 0.6663010120391846 0.018944984301924706 0.033679972092310585
0 0.7046072483062744 0.7843366265296936 0.018944984301924706 0.033679972092310585