0 0.33591151237487793 0.6061670184135437 0.019792625680565838 0.02639016757408778
0 0.41208401322364807 0.5959131717681885 0.019792625680565838 0.02639016757408778
0 0.48758548498153687 0.585749626159668 0.019792625680565838 0.02639016757408778
0 0.5624247789382935 0.5756751894950867 0.019792625680565838 0.02639016757408778
0 0.6366105675697327 0.5656887888908386 0.019792625680565838 0.02639016757408778
0 0.7101513743400574 0.5557891726493835 0.019792625680565838 0.02639016757408778
0 0.7830554842948914 0.5459752678871155 0.019792625680565838 0.02639016757408778
0 0.33631426095962524 0.5220679640769958 0.019792625680565838 0.02639016757408778
0 0.40882793068885803 0.5126606225967407 0.019792625680565838 0.02639016757408778
0 0.48073333501815796 0.5033321380615234 0.019792625680565838 0.02639016757408778
0 0.5520381331443787 0.49408161640167236 0.019792625680565838 0.02639016757408778
0 0.6227498054504395 0.48490801453590393 0.019792625680565838 0.02639016757408778
0 0.6928756833076477 0.4758104085922241 0.019792625680565838 0.02639016757408778
0 0.7624230980873108 0.4667878746986389 0.019792625680565838 0.02639016757408778
0 0.33667999505996704 0.44570550322532654 0.019792625680565838 0.02639016757408778
0 0.4058701992034912 0.4370359778404236 0.019792625680565838 0.02639016757408778
0 0.4745064973831177 0.4284358620643616 0.019792625680565838 0.02639016757408778
0 0.5425955653190613 0.41990432143211365 0.019792625680565838 0.02639016757408778
0 0.6101438403129578 0.41144052147865295 0.019792625680565838 0.02639016757408778
0 0.6771578192710876 0.4030436873435974 0.019792625680565838 0.02639016757408778
0 0.7436438202857971 0.39471298456192017 0.019792625680565838 0.02639016757408778
0 0.3370135426521301 0.376058965921402 0.019792625680565838 0.02639016757408778
0 0.403171569108963 0.36803683638572693 0.019792625680565838 0.02639016757408778
0 0.468823105096817 0.3600761294364929 0.019792625680565838 0.02639016757408778
0 0.5339739322662354 0.35217612981796265 0.019792625680565838 0.02639016757408778
0 0.5986297726631165 0.3443361520767212 0.019792625680565838 0.02639016757408778
0 0.6627961993217468 0.336555540561676 0.019792625680565838 0.02639016757408778
0 0.7264788150787354 0.32883358001708984 0.019792625680565838 0.02639016757408778
0 0.3373189866542816 0.31227967143058777 0.019792625680565838 0.02639016757408778
0 0.4006994664669037 0.30482903122901917 0.019792625680565838 0.02639016757408778
0 0.4636150002479553 0.2974330186843872 0.019792625680565838 0.02639016757408778
0 0.5260706543922424 0.29009106755256653 0.019792625680565838 0.02639016757408778
0 0.5880715250968933 0.2828025817871094 0.019792625680565838 0.02639016757408778
0 0.6496224999427795 0.2755669951438904 0.019792625680565838 0.02639016757408778
0 0.7107284665107727 0.2683837115764618 0.019792625680565838 0.02639016757408778
0 0.3375997543334961 0.2536562383174896 0.019792625680565838 0.02639016757408778
0 0.39842650294303894 0.24671277403831482 0.019792625680565838 0.02639016757408778
0 0.45882493257522583 0.23981821537017822 0.019792625680565838 0.02639016757408778
0 0.5187995433807373 0.23297204077243805 0.019792625680565838 0.02639016757408778
0 0.5783548355102539 0.22617372870445251 0.019792625680565838 0.02639016757408778
0 0.6374951601028442 0.21942278742790222 0.019792625680565838 0.02639016757408778
0 0.6962248086929321 0.21271871030330658 0.019792625680565838 0.02639016757408778
0 0.3378587067127228 0.19958770275115967 0.019792625680565838 0.02639016757408778
0 0.39632952213287354 0.19309672713279724 0.019792625680565838 0.02639016757408778
0 0.4544045329093933 0.18664968013763428 0.019792625680565838 0.02639016757408778
0 0.5120877027511597 0.18024612963199615 0.019792625680565838 0.02639016757408778
0 0.5693830251693726 0.17388564348220825 0.019792625680565838 0.02639016757408778
0 0.6262943148612976 0.16756778955459595 0.019792625680565838 0.02639016757408778
0 0.68282550573349 0.16129212081432343 0.019792625680565838 0.02639016757408778