0 0.7238137722015381 0.2625676691532135 0.03351671497027079 0.03351671497027079
0 0.6485082507133484 0.26378417015075684 0.03351671497027079 0.03351671497027079
0 0.5734272003173828 0.26499706506729126 0.03351671497027079 0.03351671497027079
0 0.4985696077346802 0.2662063539028168 0.03351671497027079 0.03351671497027079
0 0.4239344298839569 0.2674120366573334 0.03351671497027079 0.03351671497027079
0 0.349520742893219 0.26861414313316345 0.03351671497027079 0.03351671497027079
0 0.27532753348350525 0.269812673330307 0.03351671497027079 0.03351671497027079
0 0.7326664328575134 0.32469409704208374 0.03351671497027079 0.03351671497027079
0 0.6544735431671143 0.32586076855659485 0.03351671497027079 0.03351671497027079
0 0.5765225887298584 0.32702383399009705 0.03351671497027079 0.03351671497027079
0 0.49881240725517273 0.3281833231449127 0.03351671497027079 0.03351671497027079
0 0.4213419556617737 0.3293392062187195 0.03351671497027079 0.03351671497027079
0 0.3441101014614105 0.3304915428161621 0.03351671497027079 0.03351671497027079
0 0.2671157121658325 0.3316403329372406 0.03351671497027079 0.03351671497027079
0 0.7422227263450623 0.39175814390182495 0.03351671497027079 0.03351671497027079
0 0.6609121561050415 0.39286306500434875 0.03351671497027079 0.03351671497027079
0 0.5798631310462952 0.3939644396305084 0.03351671497027079 0.03351671497027079
0 0.49907442927360535 0.39506226778030396 0.03351671497027079 0.03351671497027079
0 0.418544739484787 0.3961566090583801 0.03351671497027079 0.03351671497027079
0 0.3382728397846222 0.39724740386009216 0.03351671497027079 0.03351671497027079
0 0.25825750827789307 0.3983347415924072 0.03351671497027079 0.03351671497027079
0 0.7525699138641357 0.46437278389930725 0.03351671497027079 0.03351671497027079
0 0.6678828001022339 0.4654015600681305 0.03351671497027079 0.03351671497027079
0 0.5834792852401733 0.46642687916755676 0.03351671497027079 0.03351671497027079
0 0.49935802817344666 0.46744877099990845 0.03351671497027079 0.03351671497027079
0 0.41551756858825684 0.46846726536750793 0.03351671497027079 0.03351671497027079
0 0.33195650577545166 0.46948233246803284 0.03351671497027079 0.03351671497027079
0 0.2486734688282013 0.4704940617084503 0.03351671497027079 0.03351671497027079
0 0.7638105154037476 0.5432568788528442 0.03351671497027079 0.03351671497027079
0 0.6754541993141174 0.5441919565200806 0.03351671497027079 0.03351671497027079
0 0.587406575679779 0.5451237559318542 0.03351671497027079 0.03351671497027079
0 0.4996659755706787 0.5460523366928101 0.03351671497027079 0.03351671497027079
0 0.41223084926605225 0.5469776391983032 0.03351671497027079 0.03351671497027079
0 0.3250995874404907 0.5478997230529785 0.03351671497027079 0.03351671497027079
0 0.238270565867424 0.5488186478614807 0.03351671497027079 0.03351671497027079
0 0.7760653495788574 0.6292590498924255 0.03351671497027079 0.03351671497027079
0 0.6837075352668762 0.6300789713859558 0.03351671497027079 0.03351671497027079
0 0.5916869044303894 0.6308958530426025 0.03351671497027079 0.03351671497027079
0 0.5000016093254089 0.6317098140716553 0.03351671497027079 0.03351671497027079
0 0.4086497128009796 0.6325207948684692 0.03351671497027079 0.03351671497027079
0 0.31762951612472534 0.6333288550376892 0.03351671497027079 0.03351671497027079
0 0.22693917155265808 0.6341339945793152 0.03351671497027079 0.03351671497027079
0 0.7894782423973083 0.723388135433197 0.03351671497027079 0.03351671497027079
0 0.6927393674850464 0.7240664958953857 0.03351671497027079 0.03351671497027079
0 0.5963702201843262 0.7247422337532043 0.03351671497027079 0.03351671497027079
0 0.5003687143325806 0.7254154086112976 0.03351671497027079 0.03351671497027079
0 0.40473276376724243 0.7260860204696655 0.03351671497027079 0.03351671497027079
0 0.30946028232574463 0.7267541289329529 0.03351671497027079 0.03351671497027079
0 0.21454918384552002 0.7274196147918701 0.03351671497027079 0.03351671497027079