0 0.7081648111343384 0.344478577375412 0.03193656106789907 0.03193656106789907
0 0.6404629349708557 0.3449845016002655 0.03193656106789907 0.03193656106789907
0 0.5728023052215576 0.34549015760421753 0.03193656106789907 0.03193656106789907
0 0.5051829218864441 0.3459954857826233 0.03193656106789907 0.03193656106789907
0 0.43760478496551514 0.3465005159378052 0.03193656106789907 0.03193656106789907
0 0.3700678050518036 0.3470052480697632 0.03193656106789907 0.03193656106789907
0 0.3025719225406647 0.3475096523761749 0.03193656106789907 0.03193656106789907
0 0.7176262140274048 0.3973170518875122 0.03193656106789907 0.03193656106789907
0 0.6469468474388123 0.3978284001350403 0.03193656106789907 0.03193656106789907
0 0.5763124823570251 0.3983394205570221 0.03193656106789907 0.03193656106789907
0 0.5057230591773987 0.39885014295578003 0.03193656106789907 0.03193656106789907
0 0.4351785182952881 0.3993605077266693 0.03193656106789907 0.03193656106789907
0 0.36467888951301575 0.3998705744743347 0.03193656106789907 0.03193656106789907
0 0.2942240238189697 0.40038031339645386 0.03193656106789907 0.03193656106789907
0 0.7279574275016785 0.45501336455345154 0.03193656106789907 0.03193656106789907
0 0.6540266871452332 0.45552900433540344 0.03193656106789907 0.03193656106789907
0 0.5801451206207275 0.4560443162918091 0.03193656106789907 0.03193656106789907
0 0.5063127875328064 0.45655927062034607 0.03193656106789907 0.03193656106789907
0 0.4325295090675354 0.4570738971233368 0.03193656106789907 0.03193656106789907
0 0.3587953448295593 0.45758816599845886 0.03193656106789907 0.03193656106789907
0 0.2851101756095886 0.4581020772457123 0.03193656106789907 0.03193656106789907
0 0.7392842769622803 0.5182697176933289 0.03193656106789907 0.03193656106789907
0 0.6617885231971741 0.5187881588935852 0.03193656106789907 0.03193656106789907
0 0.5843468904495239 0.5193061828613281 0.03193656106789907 0.03193656106789907
0 0.5069592595100403 0.5198238492012024 0.03193656106789907 0.03193656106789907
0 0.42962557077407837 0.5203412175178528 0.03193656106789907 0.03193656106789907
0 0.3523457944393158 0.5208581686019897 0.03193656106789907 0.03193656106789907
0 0.2751198709011078 0.5213747620582581 0.03193656106789907 0.03193656106789907
0 0.7517579197883606 0.5879306197166443 0.03193656106789907 0.03193656106789907
0 0.6703360080718994 0.5884496569633484 0.03193656106789907 0.03193656106789907
0 0.5889737010002136 0.5889683961868286 0.03193656106789907 0.03193656106789907
0 0.5076711177825928 0.5894867181777954 0.03193656106789907 0.03193656106789907
0 0.42642802000045776 0.5900046825408936 0.03193656106789907 0.03193656106789907
0 0.34524446725845337 0.5905222296714783 0.03193656106789907 0.03193656106789907
0 0.26412031054496765 0.5910394191741943 0.03193656106789907 0.03193656106789907
0 0.7655618190765381 0.6650204062461853 0.03193656106789907 0.03193656106789907
0 0.6797946095466614 0.6655373573303223 0.03193656106789907 0.03193656106789907
0 0.5940936207771301 0.6660539507865906 0.03193656106789907 0.03193656106789907
0 0.5084587931632996 0.6665701270103455 0.03193656106789907 0.03193656106789907
0 0.4228900372982025 0.6670859456062317 0.03193656106789907 0.03193656106789907
0 0.3373872637748718 0.6676013469696045 0.03193656106789907 0.03193656106789907
0 0.2519504427909851 0.6681163311004639 0.03193656106789907 0.03193656106789907
0 0.7809207439422607 0.7507944703102112 0.03193656106789907 0.03193656106789907
0 0.6903183460235596 0.7513055801391602 0.03193656106789907 0.03193656106789907
0 0.5997897982597351 0.7518162727355957 0.03193656106789907 0.03193656106789907
0 0.5093351006507874 0.7523265480995178 0.03193656106789907 0.03193656106789907
0 0.41895410418510437 0.7528364062309265 0.03193656106789907 0.03193656106789907
0 0.3286467492580414 0.753345787525177 0.03193656106789907 0.03193656106789907
0 0.23841293156147003 0.7538548111915588 0.03193656106789907 0.03193656106789907