0 0.6973654627799988 0.1412825733423233 0.026395346969366074 0.03519379595915476
0 0.6296393275260925 0.14003531634807587 0.026395346969366074 0.03519379595915476
0 0.5612324476242065 0.1387755125761032 0.026395346969366074 0.03519379595915476
0 0.4921343922615051 0.137502983212471 0.026395346969366074 0.03519379595915476
0 0.4223347306251526 0.13621753454208374 0.026395346969366074 0.03519379595915476
0 0.35182270407676697 0.1349189579486847 0.026395346969366074 0.03519379595915476
0 0.2805873453617096 0.13360707461833954 0.026395346969366074 0.03519379595915476
0 0.7099271416664124 0.203945592045784 0.026395346969366074 0.03519379595915476
0 0.638820230960846 0.2029641717672348 0.026395346969366074 0.03519379595915476
0 0.566961944103241 0.2019723802804947 0.026395346969366074 0.03519379595915476
0 0.4943403899669647 0.20097005367279053 0.026395346969366074 0.03519379595915476
0 0.4209432899951935 0.19995702803134918 0.026395346969366074 0.03519379595915476
0 0.3467581272125244 0.19893312454223633 0.026395346969366074 0.03519379595915476
0 0.27177220582962036 0.19789816439151764 0.026395346969366074 0.03519379595915476
0 0.7238285541534424 0.2732918858528137 0.026395346969366074 0.03519379595915476
0 0.6489856839179993 0.2726418077945709 0.026395346969366074 0.03519379595915476
0 0.5733093619346619 0.2719845175743103 0.026395346969366074 0.03519379595915476
0 0.49678561091423035 0.2713198661804199 0.026395346969366074 0.03519379595915476
0 0.41940006613731384 0.27064770460128784 0.026395346969366074 0.03519379595915476
0 0.34113809466362 0.2699679434299469 0.026395346969366074 0.03519379595915476
0 0.26198476552963257 0.26928043365478516 0.026395346969366074 0.03519379595915476
0 0.7392961382865906 0.3504508435726166 0.026395346969366074 0.03519379595915476
0 0.6603031754493713 0.3502154052257538 0.026395346969366074 0.03519379595915476
0 0.5803803205490112 0.34997719526290894 0.026395346969366074 0.03519379595915476
0 0.4995112121105194 0.34973615407943726 0.026395346969366074 0.03519379595915476
0 0.4176788628101349 0.34949225187301636 0.026395346969366074 0.03519379595915476
0 0.3348659574985504 0.34924542903900146 0.026395346969366074 0.03519379595915476
0 0.2510547637939453 0.3489956259727478 0.026395346969366074 0.03519379595915476
0 0.7566103339195251 0.4368215799331665 0.026395346969366074 0.03519379595915476
0 0.6729801297187805 0.43710771203041077 0.026395346969366074 0.03519379595915476
0 0.5883060097694397 0.43739742040634155 0.026395346969366074 0.03519379595915476
0 0.5025683641433716 0.43769073486328125 0.026395346969366074 0.03519379595915476
0 0.4157469570636749 0.4379877746105194 0.026395346969366074 0.03519379595915476
0 0.32782116532325745 0.4382885992527008 0.026395346969366074 0.03519379595915476
0 0.2387697696685791 0.4385932683944702 0.026395346969366074 0.03519379595915476
0 0.7761228680610657 0.5341585278511047 0.026395346969366074 0.03519379595915476
0 0.6872772574424744 0.5351052284240723 0.026395346969366074 0.03519379595915476
0 0.5972513556480408 0.5360645055770874 0.026395346969366074 0.03519379595915476
0 0.5060214400291443 0.5370365977287292 0.026395346969366074 0.03519379595915476
0 0.41356316208839417 0.5380218029022217 0.026395346969366074 0.03519379595915476
0 0.3198516070842743 0.5390203595161438 0.026395346969366074 0.03519379595915476
0 0.22486111521720886 0.5400325655937195 0.026395346969366074 0.03519379595915476
0 0.7982807755470276 0.6446916460990906 0.026395346969366074 0.03519379595915476
0 0.7035263776779175 0.6464821696281433 0.026395346969366074 0.03519379595915476
0 0.607426643371582 0.6482980847358704 0.026395346969366074 0.03519379595915476
0 0.5099526643753052 0.6501399874687195 0.026395346969366074 0.03519379595915476
0 0.41107478737831116 0.6520083546638489 0.026395346969366074 0.03519379595915476
0 0.3107624351978302 0.6539039015769958 0.026395346969366074 0.03519379595915476
0 0.2089841663837433 0.6558271646499634 0.026395346969366074 0.03519379595915476