0 0.741460919380188 0.18056155741214752 0.035990409553050995 0.035990409553050995
0 0.6620370149612427 0.1827978938817978 0.035990409553050995 0.035990409553050995
0 0.582648515701294 0.18503324687480927 0.035990409553050995 0.035990409553050995
0 0.5032952427864075 0.18726760149002075 0.035990409553050995 0.035990409553050995
0 0.423977255821228 0.18950097262859344 0.035990409553050995 0.035990409553050995
0 0.3446945250034332 0.19173333048820496 0.035990409553050995 0.035990409553050995
0 0.2654470205307007 0.19396471977233887 0.035990409553050995 0.035990409553050995
0 0.7505249381065369 0.2360859364271164 0.035990409553050995 0.035990409553050995
0 0.6679730415344238 0.23839746415615082 0.035990409553050995 0.035990409553050995
0 0.5854592323303223 0.24070793390274048 0.035990409553050995 0.035990409553050995
0 0.502983570098877 0.243017315864563 0.035990409553050995 0.035990409553050995
0 0.4205459952354431 0.24532565474510193 0.035990409553050995 0.035990409553050995
0 0.33814647793769836 0.24763290584087372 0.035990409553050995 0.035990409553050995
0 0.2557850480079651 0.24993911385536194 0.035990409553050995 0.035990409553050995
0 0.760331928730011 0.2961611747741699 0.035990409553050995 0.035990409553050995
0 0.6743953824043274 0.2985529601573944 0.035990409553050995 0.035990409553050995
0 0.5885002017021179 0.3009435832500458 0.035990409553050995 0.035990409553050995
0 0.5026463270187378 0.3033330738544464 0.035990409553050995 0.035990409553050995
0 0.4168337285518646 0.3057214021682739 0.035990409553050995 0.035990409553050995
0 0.3310624063014984 0.3081085979938507 0.035990409553050995 0.035990409553050995
0 0.2453322857618332 0.31049463152885437 0.035990409553050995 0.035990409553050995
0 0.7709770798683167 0.36137068271636963 0.035990409553050995 0.035990409553050995
0 0.6813665628433228 0.3638482987880707 0.035990409553050995 0.035990409553050995
0 0.5918009877204895 0.36632466316223145 0.035990409553050995 0.035990409553050995
0 0.5022802948951721 0.36879977583885193 0.035990409553050995 0.035990409553050995
0 0.4128045439720154 0.37127363681793213 0.035990409553050995 0.035990409553050995
0 0.3233736455440521 0.37374627590179443 0.035990409553050995 0.035990409553050995
0 0.23398754000663757 0.37621769309043884 0.035990409553050995 0.035990409553050995
0 0.7825725674629211 0.4324020445346832 0.035990409553050995 0.035990409553050995
0 0.6889598965644836 0.4349716007709503 0.035990409553050995 0.035990409553050995
0 0.5953962802886963 0.43753981590270996 0.035990409553050995 0.035990409553050995
0 0.5018816590309143 0.44010668992996216 0.035990409553050995 0.035990409553050995
0 0.4084160327911377 0.4426721930503845 0.035990409553050995 0.035990409553050995
0 0.3149993419647217 0.4452363848686218 0.035990409553050995 0.035990409553050995
0 0.22163154184818268 0.4477992057800293 0.035990409553050995 0.035990409553050995
0 0.7952516674995422 0.510071337223053 0.035990409553050995 0.035990409553050995
0 0.6972626447677612 0.5127395987510681 0.035990409553050995 0.035990409553050995
0 0.5993273258209229 0.5154064297676086 0.035990409553050995 0.035990409553050995
0 0.5014457702636719 0.5180717706680298 0.035990409553050995 0.035990409553050995
0 0.40361782908439636 0.5207356810569763 0.035990409553050995 0.035990409553050995
0 0.3058435320854187 0.5233981013298035 0.035990409553050995 0.035990409553050995
0 0.20812277495861053 0.526059091091156 0.035990409553050995 0.035990409553050995
0 0.8091737031936646 0.5953546166419983 0.035990409553050995 0.035990409553050995
0 0.7063790559768677 0.5981290936470032 0.035990409553050995 0.035990409553050995
0 0.6036435961723328 0.6009019613265991 0.035990409553050995 0.035990409553050995
0 0.5009672045707703 0.6036732792854309 0.035990409553050995 0.035990409553050995
0 0.3983498215675354 0.6064429879188538 0.035990409553050995 0.035990409553050995
0 0.2957914471626282 0.6092110872268677 0.035990409553050995 0.035990409553050995
0 0.19329200685024261 0.6119775772094727 0.035990409553050995 0.035990409553050995