0 0.7296755909919739 0.1863858550786972 0.025172200053930286 0.03356293340524038
0 0.6628735065460205 0.18345898389816284 0.025172200053930286 0.03356293340524038
0 0.5956908464431763 0.18051542341709137 0.025172200053930286 0.03356293340524038
0 0.5281242728233337 0.17755505442619324 0.025172200053930286 0.03356293340524038
0 0.4601705074310303 0.1745777279138565 0.025172200053930286 0.03356293340524038
0 0.39182624220848083 0.17158327996730804 0.025172200053930286 0.03356293340524038
0 0.3230880796909332 0.1685715764760971 0.025172200053930286 0.03356293340524038
0 0.7409327030181885 0.2495688945055008 0.025172200053930286 0.03356293340524038
0 0.6709084510803223 0.2466876059770584 0.025172200053930286 0.03356293340524038
0 0.6004657745361328 0.24378910660743713 0.025172200053930286 0.03356293340524038
0 0.5296007990837097 0.24087323248386383 0.025172200053930286 0.03356293340524038
0 0.4583097994327545 0.23793981969356537 0.025172200053930286 0.03356293340524038
0 0.3865889012813568 0.2349887192249298 0.025172200053930286 0.03356293340524038
0 0.3144342005252838 0.23201978206634521 0.025172200053930286 0.03356293340524038
0 0.7533396482467651 0.3192058801651001 0.025172200053930286 0.03356293340524038
0 0.6797667145729065 0.3163950741291046 0.025172200053930286 0.03356293340524038
0 0.6057314872741699 0.3135665953159332 0.025172200053930286 0.03356293340524038
0 0.5312296152114868 0.310720294713974 0.025172200053930286 0.03356293340524038
0 0.456256628036499 0.3078559935092926 0.025172200053930286 0.03356293340524038
0 0.38080811500549316 0.3049735426902771 0.025172200053930286 0.03356293340524038
0 0.30487948656082153 0.3020727336406708 0.025172200053930286 0.03356293340524038
0 0.767082154750824 0.39633890986442566 0.025172200053930286 0.03356293340524038
0 0.6895816326141357 0.3936309218406677 0.025172200053930286 0.03356293340524038
0 0.6115677952766418 0.3909050226211548 0.025172200053930286 0.03356293340524038
0 0.5330354571342468 0.38816097378730774 0.025172200053930286 0.03356293340524038
0 0.4539794921875 0.38539862632751465 0.025172200053930286 0.03356293340524038
0 0.37439462542533875 0.3826178312301636 0.025172200053930286 0.03356293340524038
0 0.29427552223205566 0.3798183500766754 0.025172200053930286 0.03356293340524038
0 0.7823881506919861 0.4822472035884857 0.025172200053930286 0.03356293340524038
0 0.7005171179771423 0.47968438267707825 0.025172200053930286 0.03356293340524038
0 0.6180727481842041 0.47710365056991577 0.025172200053930286 0.03356293340524038
0 0.5350489616394043 0.4745047688484192 0.025172200053930286 0.03356293340524038
0 0.45143964886665344 0.4718875586986542 0.025172200053930286 0.03356293340524038
0 0.3672385811805725 0.4692518413066864 0.025172200053930286 0.03356293340524038
0 0.2824394702911377 0.46659737825393677 0.025172200053930286 0.03356293340524038
0 0.7995404601097107 0.5785185694694519 0.025172200053930286 0.03356293340524038
0 0.7127766013145447 0.5761568546295166 0.025172200053930286 0.03356293340524038
0 0.6253681778907776 0.5737776756286621 0.025172200053930286 0.03356293340524038
0 0.5373080372810364 0.5713806748390198 0.025172200053930286 0.03356293340524038
0 0.4485888183116913 0.5689657926559448 0.025172200053930286 0.03356293340524038
0 0.3592031002044678 0.5665327310562134 0.025172200053930286 0.03356293340524038
0 0.26914334297180176 0.5640813708305359 0.025172200053930286 0.03356293340524038
0 0.818894624710083 0.6871485114097595 0.025172200053930286 0.03356293340524038
0 0.7266160249710083 0.6850625276565552 0.025172200053930286 0.03356293340524038
0 0.6336075663566589 0.6829600930213928 0.025172200053930286 0.03356293340524038
0 0.5398606061935425 0.6808409094810486 0.025172200053930286 0.03356293340524038
0 0.4453662037849426 0.6787048578262329 0.025172200053930286 0.03356293340524038
0 0.35011544823646545 0.6765516996383667 0.025172200053930286 0.03356293340524038
0 0.2540992200374603 0.6743812561035156 0.025172200053930286 0.03356293340524038