0 0.28880998492240906 0.22881601750850677 0.03361996511618296 0.03361996511618296
0 0.3617081046104431 0.23140373826026917 0.03361996511618296 0.03361996511618296
0 0.4349871873855591 0.23400498926639557 0.03361996511618296 0.03361996511618296
0 0.5086502432823181 0.23661987483501434 0.03361996511618296 0.03361996511618296
0 0.5827003121376038 0.23924848437309265 0.03361996511618296 0.03361996511618296
0 0.6571403741836548 0.24189095199108124 0.03361996511618296 0.03361996511618296
0 0.7319735884666443 0.24454736709594727 0.03361996511618296 0.03361996511618296
0 0.2780850827693939 0.2801705598831177 0.03361996511618296 0.03361996511618296
0 0.35383015871047974 0.2829994857311249 0.03361996511618296 0.03361996511618296
0 0.42998674511909485 0.28584378957748413 0.03361996511618296 0.03361996511618296
0 0.5065581798553467 0.288703590631485 0.03361996511618296 0.03361996511618296
0 0.5835479497909546 0.2915790379047394 0.03361996511618296 0.03361996511618296
0 0.6609593629837036 0.2944701910018921 0.03361996511618296 0.03361996511618296
0 0.7387959957122803 0.29737725853919983 0.03361996511618296 0.03361996511618296
0 0.2664816379547119 0.33573177456855774 0.03361996511618296 0.03361996511618296
0 0.34530505537986755 0.33883360028266907 0.03361996511618296 0.03361996511618296
0 0.4245743453502655 0.34195297956466675 0.03361996511618296 0.03361996511618296
0 0.5042933225631714 0.3450900614261627 0.03361996511618296 0.03361996511618296
0 0.5844658017158508 0.34824496507644653 0.03361996511618296 0.03361996511618296
0 0.6650956273078918 0.3514178991317749 0.03361996511618296 0.03361996511618296
0 0.7461867928504944 0.354608952999115 0.03361996511618296 0.03361996511618296
0 0.2538870871067047 0.396038681268692 0.03361996511618296 0.03361996511618296
0 0.3360496759414673 0.39945071935653687 0.03361996511618296 0.03361996511618296
0 0.41869696974754333 0.4028829038143158 0.03361996511618296 0.03361996511618296
0 0.5018332600593567 0.40633541345596313 0.03361996511618296 0.03361996511618296
0 0.5854629874229431 0.4098083972930908 0.03361996511618296 0.03361996511618296
0 0.669590413570404 0.41330206394195557 0.03361996511618296 0.03361996511618296
0 0.7542201280593872 0.4168165624141693 0.03361996511618296 0.03361996511618296
0 0.24016883969306946 0.4617263674736023 0.03361996511618296 0.03361996511618296
0 0.325965940952301 0.46549293398857117 0.03361996511618296 0.03361996511618296
0 0.41229191422462463 0.46928274631500244 0.03361996511618296 0.03361996511618296
0 0.49915167689323425 0.47309598326683044 0.03361996511618296 0.03361996511618296
0 0.586550235748291 0.4769328534603119 0.03361996511618296 0.03361996511618296
0 0.6744925379753113 0.48079362511634827 0.03361996511618296 0.03361996511618296
0 0.7629837393760681 0.4846784770488739 0.03361996511618296 0.03361996511618296
0 0.22516943514347076 0.5335485935211182 0.03361996511618296 0.03361996511618296
0 0.3149374723434448 0.537722647190094 0.03361996511618296 0.03361996511618296
0 0.4052848517894745 0.5419236421585083 0.03361996511618296 0.03361996511618296
0 0.4962172508239746 0.546151876449585 0.03361996511618296 0.03361996511618296
0 0.5877403616905212 0.5504075288772583 0.03361996511618296 0.03361996511618296
0 0.6798598766326904 0.5546908974647522 0.03361996511618296 0.03361996511618296
0 0.7725817561149597 0.5590023398399353 0.03361996511618296 0.03361996511618296
0 0.20870062708854675 0.612406849861145 0.03361996511618296 0.03361996511618296
0 0.3028249442577362 0.6170521974563599 0.03361996511618296 0.03361996511618296
0 0.3975867033004761 0.6217290163040161 0.03361996511618296 0.03361996511618296
0 0.4929924011230469 0.6264375448226929 0.03361996511618296 0.03361996511618296
0 0.5890486240386963 0.6311782598495483 0.03361996511618296 0.03361996511618296
0 0.6857620477676392 0.6359513401985168 0.03361996511618296 0.03361996511618296
0 0.7831394672393799 0.6407572031021118 0.03361996511618296 0.03361996511618296