0 0.3050347864627838 0.37633374333381653 0.01961662992835045 0.02615550657113393
0 0.2997944951057434 0.4397498071193695 0.01961662992835045 0.02615550657113393
0 0.2942454516887665 0.506902277469635 0.01961662992835045 0.02615550657113393
0 0.28835955262184143 0.5781313180923462 0.01961662992835045 0.02615550657113393
0 0.28210514783859253 0.6538197994232178 0.01961662992835045 0.02615550657113393
0 0.2754465341567993 0.7344000935554504 0.01961662992835045 0.02615550657113393
0 0.2683431804180145 0.8203622102737427 0.01961662992835045 0.02615550657113393
0 0.3684666156768799 0.3772842288017273 0.01961662992835045 0.02615550657113393
0 0.36504390835762024 0.4406827688217163 0.01961662992835045 0.02615550657113393
0 0.3614197075366974 0.5078139901161194 0.01961662992835045 0.02615550657113393
0 0.3575756549835205 0.5790174007415771 0.01961662992835045 0.02615550657113393
0 0.3534910976886749 0.654675304889679 0.01961662992835045 0.02615550657113393
0 0.34914278984069824 0.7352190613746643 0.01961662992835045 0.02615550657113393
0 0.34450429677963257 0.8211377859115601 0.01961662992835045 0.02615550657113393
0 0.4318115711212158 0.3782333731651306 0.01961662992835045 0.02615550657113393
0 0.4302014410495758 0.44161441922187805 0.01961662992835045 0.02615550657113393
0 0.4284965693950653 0.5087243318557739 0.01961662992835045 0.02615550657113393
0 0.4266883432865143 0.5799022316932678 0.01961662992835045 0.02615550657113393
0 0.42476707696914673 0.6555294394493103 0.01961662992835045 0.02615550657113393
0 0.42272186279296875 0.7360367178916931 0.01961662992835045 0.02615550657113393
0 0.4205402433872223 0.8219121694564819 0.01961662992835045 0.02615550657113393
0 0.49506986141204834 0.37918123602867126 0.01961662992835045 0.02615550657113393
0 0.49526724219322205 0.44254472851753235 0.01961662992835045 0.02615550657113393
0 0.49547621607780457 0.5096334218978882 0.01961662992835045 0.02615550657113393
0 0.49569785594940186 0.5807856917381287 0.01961662992835045 0.02615550657113393
0 0.4959333539009094 0.6563823223114014 0.01961662992835045 0.02615550657113393
0 0.49618399143218994 0.7368531227111816 0.01961662992835045 0.02615550657113393
0 0.49645137786865234 0.8226852416992188 0.01961662992835045 0.02615550657113393
0 0.5582416653633118 0.38012781739234924 0.01961662992835045 0.02615550657113393
0 0.5602415204048157 0.443473756313324 0.01961662992835045 0.02615550657113393
0 0.5623589158058167 0.5105411410331726 0.01961662992835045 0.02615550657113393
0 0.5646044611930847 0.5816678404808044 0.01961662992835045 0.02615550657113393
0 0.5669901371002197 0.6572338342666626 0.01961662992835045 0.02615550657113393
0 0.5695295333862305 0.7376682162284851 0.01961662992835045 0.02615550657113393
0 0.5722379684448242 0.8234570622444153 0.01961662992835045 0.02615550657113393
0 0.6213271021842957 0.38107308745384216 0.01961662992835045 0.02615550657113393
0 0.6251245141029358 0.44440147280693054 0.01961662992835045 0.02615550657113393
0 0.6291448473930359 0.511447548866272 0.01961662992835045 0.02615550657113393
0 0.6334083080291748 0.5825486779212952 0.01961662992835045 0.02615550657113393
0 0.6379377245903015 0.6580840945243835 0.01961662992835045 0.02615550657113393
0 0.6427586674690247 0.7384819984436035 0.01961662992835045 0.02615550657113393
0 0.6479002833366394 0.8242275714874268 0.01961662992835045 0.02615550657113393
0 0.6843264102935791 0.3820170760154724 0.01961662992835045 0.02615550657113393
0 0.6899163722991943 0.44532787799835205 0.01961662992835045 0.02615550657113393
0 0.695834219455719 0.512352705001831 0.01961662992835045 0.02615550657113393
0 0.7021097540855408 0.583428144454956 0.01961662992835045 0.02615550657113393
0 0.7087763547897339 0.6589329838752747 0.01961662992835045 0.02615550657113393
0 0.7158717513084412 0.7392944693565369 0.01961662992835045 0.02615550657113393
0 0.7234387397766113 0.824996829032898 0.01961662992835045 0.02615550657113393