0 0.7287623882293701 0.26635318994522095 0.03385550777117411 0.03385550777117411
0 0.6537682414054871 0.26550841331481934 0.03385550777117411 0.03385550777117411
0 0.5789399147033691 0.26466548442840576 0.03385550777117411 0.03385550777117411
0 0.5042768120765686 0.2638244330883026 0.03385550777117411 0.03385550777117411
0 0.42977845668792725 0.2629852592945099 0.03385550777117411 0.03385550777117411
0 0.3554442524909973 0.2621479034423828 0.03385550777117411 0.03385550777117411
0 0.28127366304397583 0.26131242513656616 0.03385550777117411 0.03385550777117411
0 0.7360407114028931 0.32843446731567383 0.03385550777117411 0.03385550777117411
0 0.6580726504325867 0.3274848759174347 0.03385550777117411 0.03385550777117411
0 0.5802837610244751 0.32653743028640747 0.03385550777117411 0.03385550777117411
0 0.5026734471321106 0.32559219002723694 0.03385550777117411 0.03385550777117411
0 0.4252411425113678 0.3246491253376007 0.03385550777117411 0.03385550777117411
0 0.3479861319065094 0.3237082064151764 0.03385550777117411 0.03385550777117411
0 0.2709078788757324 0.322769433259964 0.03385550777117411 0.03385550777117411
0 0.7439190745353699 0.39563387632369995 0.03385550777117411 0.03385550777117411
0 0.6627314686775208 0.394564688205719 0.03385550777117411 0.03385550777117411
0 0.5817381739616394 0.3934980630874634 0.03385550777117411 0.03385550777117411
0 0.5009384155273438 0.3924339711666107 0.03385550777117411 0.03385550777117411
0 0.42033153772354126 0.391372412443161 0.03385550777117411 0.03385550777117411
0 0.339916855096817 0.39031341671943665 0.03385550777117411 0.03385550777117411
0 0.2596936523914337 0.38925692439079285 0.03385550777117411 0.03385550777117411
0 0.7524749040603638 0.46861156821250916 0.03385550777117411 0.03385550777117411
0 0.667790412902832 0.4674052894115448 0.03385550777117411 0.03385550777117411
0 0.5833173394203186 0.4662020206451416 0.03385550777117411 0.03385550777117411
0 0.4990547299385071 0.46500176191329956 0.03385550777117411 0.03385550777117411
0 0.41500189900398254 0.4638044834136963 0.03385550777117411 0.03385550777117411
0 0.33115801215171814 0.4626101851463318 0.03385550777117411 0.03385550777117411
0 0.24752230942249298 0.46141883730888367 0.03385550777117411 0.03385550777117411
0 0.7617994546890259 0.5481462478637695 0.03385550777117411 0.03385550777117411
0 0.6733033657073975 0.5467820763587952 0.03385550777117411 0.03385550777117411
0 0.5850380063056946 0.5454214215278625 0.03385550777117411 0.03385550777117411
0 0.4970024526119232 0.5440642833709717 0.03385550777117411 0.03385550777117411
0 0.4091958701610565 0.5427107214927673 0.03385550777117411 0.03385550777117411
0 0.3216173052787781 0.54136061668396 0.03385550777117411 0.03385550777117411
0 0.23426589369773865 0.5400140881538391 0.03385550777117411 0.03385550777117411
0 0.7720012068748474 0.6351632475852966 0.03385550777117411 0.03385550777117411
0 0.6793341636657715 0.633616030216217 0.03385550777117411 0.03385550777117411
0 0.5869200825691223 0.6320730447769165 0.03385550777117411 0.03385550777117411
0 0.49475789070129395 0.630534291267395 0.03385550777117411 0.03385550777117411
0 0.4028466045856476 0.6289997100830078 0.03385550777117411 0.03385550777117411
0 0.31118515133857727 0.6274692416191101 0.03385550777117411 0.03385550777117411
0 0.21977251768112183 0.6259430050849915 0.03385550777117411 0.03385550777117411
0 0.783210039138794 0.7307705879211426 0.03385550777117411 0.03385550777117411
0 0.68595951795578 0.7290099859237671 0.03385550777117411 0.03385550777117411
0 0.5889874696731567 0.7272544503211975 0.03385550777117411 0.03385550777117411
0 0.49229270219802856 0.7255039215087891 0.03385550777117411 0.03385550777117411
0 0.39587411284446716 0.7237584590911865 0.03385550777117411 0.03385550777117411
0 0.29973044991493225 0.7220178842544556 0.03385550777117411 0.03385550777117411
0 0.2038605809211731 0.7202823162078857 0.03385550777117411 0.03385550777117411