0 0.6999319195747375 0.34930935502052307 0.02960932006438573 0.02960932006438573
0 0.6337161064147949 0.3500823378562927 0.02960932006438573 0.02960932006438573
0 0.5675080418586731 0.3508552312850952 0.02960932006438573 0.02960932006438573
0 0.5013076066970825 0.35162806510925293 0.02960932006438573 0.02960932006438573
0 0.43511489033699036 0.3524007797241211 0.02960932006438573 0.02960932006438573
0 0.3689298629760742 0.3531734049320221 0.02960932006438573 0.02960932006438573
0 0.3027525246143341 0.35394594073295593 0.02960932006438573 0.02960932006438573
0 0.7078288197517395 0.4043290913105011 0.02960932006438573 0.02960932006438573
0 0.6391116976737976 0.40512794256210327 0.02960932006438573 0.02960932006438573
0 0.5704028010368347 0.40592673420906067 0.02960932006438573 0.02960932006438573
0 0.5017022490501404 0.4067254066467285 0.02960932006438573 0.02960932006438573
0 0.43300992250442505 0.4075239598751068 0.02960932006438573 0.02960932006438573
0 0.3643259108066559 0.40832245349884033 0.02960932006438573 0.02960932006438573
0 0.2956501841545105 0.4091208279132843 0.02960932006438573 0.02960932006438573
0 0.7163456678390503 0.46366825699806213 0.02960932006438573 0.02960932006438573
0 0.6449307799339294 0.4644947648048401 0.02960932006438573 0.02960932006438573
0 0.5735248327255249 0.4653211534023285 0.02960932006438573 0.02960932006438573
0 0.5021278262138367 0.46614745259284973 0.02960932006438573 0.02960932006438573
0 0.43073976039886475 0.4669736325740814 0.02960932006438573 0.02960932006438573
0 0.35936063528060913 0.46779972314834595 0.02960932006438573 0.02960932006438573
0 0.2879904806613922 0.4686257243156433 0.02960932006438573 0.02960932006438573
0 0.7255585193634033 0.5278562903404236 0.02960932006438573 0.02960932006438573
0 0.6512253284454346 0.5287123918533325 0.02960932006438573 0.02960932006438573
0 0.576901912689209 0.5295683145523071 0.02960932006438573 0.02960932006438573
0 0.502588152885437 0.530424177646637 0.02960932006438573 0.02960932006438573
0 0.4282841384410858 0.5312799215316772 0.02960932006438573 0.02960932006438573
0 0.35398977994918823 0.532135546207428 0.02960932006438573 0.02960932006438573
0 0.27970510721206665 0.5329911112785339 0.02960932006438573 0.02960932006438573
0 0.7355561852455139 0.5975128412246704 0.02960932006438573 0.02960932006438573
0 0.6580561399459839 0.5984006524085999 0.02960932006438573 0.02960932006438573
0 0.5805667042732239 0.5992883443832397 0.02960932006438573 0.02960932006438573
0 0.5030877590179443 0.6001759171485901 0.02960932006438573 0.02960932006438573
0 0.42561936378479004 0.6010633707046509 0.02960932006438573 0.02960932006438573
0 0.3481614887714386 0.6019506454467773 0.02960932006438573 0.02960932006438573
0 0.2707141637802124 0.602837860584259 0.02960932006438573 0.02960932006438573
0 0.746443510055542 0.6733678579330444 0.02960932006438573 0.02960932006438573
0 0.6654947996139526 0.6742897629737854 0.02960932006438573 0.02960932006438573
0 0.5845575332641602 0.6752115488052368 0.02960932006438573 0.02960932006438573
0 0.5036317706108093 0.6761332154273987 0.02960932006438573 0.02960932006438573
0 0.42271751165390015 0.6770547032356262 0.02960932006438573 0.02960932006438573
0 0.3418147563934326 0.677976131439209 0.02960932006438573 0.02960932006438573
0 0.26092350482940674 0.6788973808288574 0.02960932006438573 0.02960932006438573
0 0.758344829082489 0.7562872171401978 0.02960932006438573 0.02960932006438573
0 0.6736261248588562 0.7572458982467651 0.02960932006438573 0.02960932006438573
0 0.588919997215271 0.7582044005393982 0.02960932006438573 0.02960932006438573
0 0.5042264461517334 0.7591627836227417 0.02960932006438573 0.02960932006438573
0 0.4195455312728882 0.7601210474967957 0.02960932006438573 0.02960932006438573
0 0.3348771631717682 0.7610791325569153 0.02960932006438573 0.02960932006438573
0 0.2502214312553406 0.7620370984077454 0.02960932006438573 0.02960932006438573