0 0.6915220618247986 0.1573435515165329 0.024900931864976883 0.03320124248663584
0 0.6232515573501587 0.1589571237564087 0.024900931864976883 0.03320124248663584
0 0.5548504590988159 0.1605737805366516 0.024900931864976883 0.03320124248663584
0 0.48631855845451355 0.16219352185726166 0.024900931864976883 0.03320124248663584
0 0.4176553785800934 0.16381637752056122 0.024900931864976883 0.03320124248663584
0 0.34886059165000916 0.1654423326253891 0.024900931864976883 0.03320124248663584
0 0.27993378043174744 0.1670714169740677 0.024900931864976883 0.03320124248663584
0 0.7022058367729187 0.22295865416526794 0.024900931864976883 0.03320124248663584
0 0.630777895450592 0.22471265494823456 0.024900931864976883 0.03320124248663584
0 0.5592070817947388 0.22647017240524292 0.024900931864976883 0.03320124248663584
0 0.48749300837516785 0.22823120653629303 0.024900931864976883 0.03320124248663584
0 0.4156351685523987 0.22999577224254608 0.024900931864976883 0.03320124248663584
0 0.34363314509391785 0.23176388442516327 0.024900931864976883 0.03320124248663584
0 0.2714865207672119 0.2335355430841446 0.024900931864976883 0.03320124248663584
0 0.7139282822608948 0.29495304822921753 0.024900931864976883 0.03320124248663584
0 0.6390367746353149 0.29686784744262695 0.024900931864976883 0.03320124248663584
0 0.563988208770752 0.2987866699695587 0.024900931864976883 0.03320124248663584
0 0.48878198862075806 0.3007095158100128 0.024900931864976883 0.03320124248663584
0 0.4134176969528198 0.30263638496398926 0.024900931864976883 0.03320124248663584
0 0.33789482712745667 0.3045673370361328 0.024900931864976883 0.03320124248663584
0 0.2622128427028656 0.3065023422241211 0.024900931864976883 0.03320124248663584
0 0.7268486618995667 0.3743045926094055 0.024900931864976883 0.03320124248663584
0 0.648140549659729 0.376404732465744 0.024900931864976883 0.03320124248663584
0 0.5692589282989502 0.378509521484375 0.024900931864976883 0.03320124248663584
0 0.4902031421661377 0.3806189298629761 0.024900931864976883 0.03320124248663584
0 0.41097262501716614 0.382733017206192 0.024900931864976883 0.03320124248663584
0 0.33156684041023254 0.38485175371170044 0.024900931864976883 0.03320124248663584
0 0.2519851624965668 0.3869751989841461 0.024900931864976883 0.03320124248663584
0 0.7411604523658752 0.4622017741203308 0.024900931864976883 0.03320124248663584
0 0.6582258939743042 0.46451717615127563 0.024900931864976883 0.03320124248663584
0 0.5750985741615295 0.46683791279792786 0.024900931864976883 0.03320124248663584
0 0.49177786707878113 0.46916407346725464 0.024900931864976883 0.03320124248663584
0 0.40826302766799927 0.471495658159256 0.024900931864976883 0.03320124248663584
0 0.32455340027809143 0.4738326966762543 0.024900931864976883 0.03320124248663584
0 0.2406483143568039 0.4761751592159271 0.024900931864976883 0.03320124248663584
0 0.7571012377738953 0.5601035952568054 0.024900931864976883 0.03320124248663584
0 0.6694605946540833 0.5626710057258606 0.024900931864976883 0.03320124248663584
0 0.5816045999526978 0.5652447938919067 0.024900931864976883 0.03320124248663584
0 0.4935324788093567 0.5678248405456543 0.024900931864976883 0.03320124248663584
0 0.40524348616600037 0.5704112648963928 0.024900931864976883 0.03320124248663584
0 0.31673675775527954 0.5730040669441223 0.024900931864976883 0.03320124248663584
0 0.22801153361797333 0.5756032466888428 0.024900931864976883 0.03320124248663584
0 0.7749660015106201 0.6698212623596191 0.024900931864976883 0.03320124248663584
0 0.6820529699325562 0.6726865768432617 0.024900931864976883 0.03320124248663584
0 0.5888978242874146 0.6755593419075012 0.024900931864976883 0.03320124248663584
0 0.49549973011016846 0.6784396171569824 0.024900931864976883 0.03320124248663584
0 0.4018576145172119 0.6813274025917053 0.024900931864976883 0.03320124248663584
0 0.3079705536365509 0.6842227578163147 0.024900931864976883 0.03320124248663584
0 0.2138376086950302 0.6871256828308105 0.024900931864976883 0.03320124248663584