0 0.7124772667884827 0.265198290348053 0.030947022140026093 0.030947022140026093
0 0.6401584148406982 0.2629050612449646 0.030947022140026093 0.030947022140026093
0 0.5665389895439148 0.26057058572769165 0.030947022140026093 0.030947022140026093
0 0.4915837049484253 0.2581937313079834 0.030947022140026093 0.030947022140026093
0 0.4152558147907257 0.2557733654975891 0.030947022140026093 0.030947022140026093
0 0.33751729130744934 0.2533082962036133 0.030947022140026093 0.030947022140026093
0 0.2583286762237549 0.25079721212387085 0.030947022140026093 0.030947022140026093
0 0.7216929197311401 0.32861414551734924 0.030947022140026093 0.030947022140026093
0 0.6475197076797485 0.32683971524238586 0.030947022140026093 0.030947022140026093
0 0.5719766020774841 0.32503247261047363 0.030947022140026093 0.030947022140026093
0 0.49502527713775635 0.3231915831565857 0.030947022140026093 0.030947022140026093
0 0.4166259765625 0.32131603360176086 0.030947022140026093 0.030947022140026093
0 0.33673742413520813 0.31940484046936035 0.030947022140026093 0.030947022140026093
0 0.25531676411628723 0.31745702028274536 0.030947022140026093 0.030947022140026093
0 0.7314114570617676 0.39549100399017334 0.030947022140026093 0.030947022140026093
0 0.6552866101264954 0.39429646730422974 0.030947022140026093 0.030947022140026093
0 0.5777166485786438 0.3930792510509491 0.030947022140026093 0.030947022140026093
0 0.4986600875854492 0.3918387293815613 0.030947022140026093 0.030947022140026093
0 0.41807377338409424 0.3905741572380066 0.030947022140026093 0.030947022140026093
0 0.33591288328170776 0.3892849087715149 0.030947022140026093 0.030947022140026093
0 0.25213077664375305 0.3879702389240265 0.030947022140026093 0.030947022140026093
0 0.7416753172874451 0.4661201238632202 0.030947022140026093 0.030947022140026093
0 0.6634934544563293 0.46557462215423584 0.030947022140026093 0.030947022140026093
0 0.5837850570678711 0.46501848101615906 0.030947022140026093 0.030947022140026093
0 0.5025048851966858 0.4644513726234436 0.030947022140026093 0.030947022140026093
0 0.4196060597896576 0.4638729691505432 0.030947022140026093 0.030947022140026093
0 0.33503976464271545 0.4632829427719116 0.030947022140026093 0.030947022140026093
0 0.24875511229038239 0.4626809060573578 0.030947022140026093 0.030947022140026093
0 0.7525317072868347 0.5408264398574829 0.030947022140026093 0.030947022140026093
0 0.6721788048744202 0.5410084128379822 0.030947022140026093 0.030947022140026093
0 0.5902107357978821 0.5411940217018127 0.030947022140026093 0.030947022140026093
0 0.5065783858299255 0.5413833856582642 0.030947022140026093 0.030947022140026093
0 0.4212304353713989 0.5415766835212708 0.030947022140026093 0.030947022140026093
0 0.33411362767219543 0.5417739748954773 0.030947022140026093 0.030947022140026093
0 0.24517233669757843 0.5419753789901733 0.030947022140026093 0.030947022140026093
0 0.7640333771705627 0.6199734807014465 0.030947022140026093 0.030947022140026093
0 0.6813856959342957 0.6209720969200134 0.030947022140026093 0.030947022140026093
0 0.5970263481140137 0.6219913959503174 0.030947022140026093 0.030947022140026093
0 0.5109016299247742 0.6230320334434509 0.030947022140026093 0.030947022140026093
0 0.4229554533958435 0.6240946650505066 0.030947022140026093 0.030947022140026093
0 0.33312949538230896 0.6251800060272217 0.030947022140026093 0.030947022140026093
0 0.2413627952337265 0.6262887716293335 0.030947022140026093 0.030947022140026093
0 0.7762396931648254 0.7039693593978882 0.030947022140026093 0.030947022140026093
0 0.691162645816803 0.7058863639831543 0.030947022140026093 0.030947022140026093
0 0.6042684316635132 0.7078443765640259 0.030947022140026093 0.030947022140026093
0 0.5154982805252075 0.7098446488380432 0.030947022140026093 0.030947022140026093
0 0.42479074001312256 0.7118885517120361 0.030947022140026093 0.030947022140026093
0 0.33208173513412476 0.713977575302124 0.030947022140026093 0.030947022140026093
0 0.23730425536632538 0.7161132097244263 0.030947022140026093 0.030947022140026093