0 0.23607677221298218 0.6542841196060181 0.03349359085162481 0.03349359085162481
0 0.3343755602836609 0.6545690894126892 0.03349359085162481 0.03349359085162481
0 0.43211328983306885 0.6548523902893066 0.03349359085162481 0.03349359085162481
0 0.5292947888374329 0.6551340818405151 0.03349359085162481 0.03349359085162481
0 0.625924825668335 0.6554141640663147 0.03349359085162481 0.03349359085162481
0 0.7220079898834229 0.6556926965713501 0.03349359085162481 0.03349359085162481
0 0.8175489902496338 0.6559696197509766 0.03349359085162481 0.03349359085162481
0 0.24578215181827545 0.5615988969802856 0.03349359085162481 0.03349359085162481
0 0.3406687080860138 0.5621301531791687 0.03349359085162481 0.03349359085162481
0 0.43503233790397644 0.5626584887504578 0.03349359085162481 0.03349359085162481
0 0.528877317905426 0.5631838440895081 0.03349359085162481 0.03349359085162481
0 0.6222078800201416 0.5637063980102539 0.03349359085162481 0.03349359085162481
0 0.7150283455848694 0.5642260909080505 0.03349359085162481 0.03349359085162481
0 0.8073427677154541 0.564742922782898 0.03349359085162481 0.03349359085162481
0 0.25483956933021545 0.4751017987728119 0.03349359085162481 0.03349359085162481
0 0.3465428650379181 0.47584640979766846 0.03349359085162481 0.03349359085162481
0 0.4377575218677521 0.47658705711364746 0.03349359085162481 0.03349359085162481
0 0.5284874439239502 0.4773237705230713 0.03349359085162481 0.03349359085162481
0 0.6187365055084229 0.47805655002593994 0.03349359085162481 0.03349359085162481
0 0.7085084915161133 0.4787854850292206 0.03349359085162481 0.03349359085162481
0 0.7978072166442871 0.4795105755329132 0.03349359085162481 0.03349359085162481
0 0.2633117735385895 0.3941930830478668 0.03349359085162481 0.03349359085162481
0 0.3520384430885315 0.3951228857040405 0.03349359085162481 0.03349359085162481
0 0.4403075575828552 0.3960478603839874 0.03349359085162481 0.03349359085162481
0 0.52812260389328 0.3969680964946747 0.03349359085162481 0.03349359085162481
0 0.6154870986938477 0.3978835940361023 0.03349359085162481 0.03349359085162481
0 0.7024044990539551 0.3987944424152374 0.03349359085162481 0.03349359085162481
0 0.7888782620429993 0.3997006118297577 0.03349359085162481 0.03349359085162481
0 0.271253764629364 0.31834813952445984 0.03349359085162481 0.03349359085162481
0 0.35719096660614014 0.3194388747215271 0.03349359085162481 0.03349359085162481
0 0.44269877672195435 0.320524126291275 0.03349359085162481 0.03349359085162481
0 0.5277804136276245 0.3216039836406708 0.03349359085162481 0.03349359085162481
0 0.6124390363693237 0.32267847657203674 0.03349359085162481 0.03349359085162481
0 0.6966778039932251 0.3237476348876953 0.03349359085162481 0.03349359085162481
0 0.7804998159408569 0.32481151819229126 0.03349359085162481 0.03349359085162481
0 0.27871376276016235 0.24710601568222046 0.03349359085162481 0.03349359085162481
0 0.3620315492153168 0.24833674728870392 0.03349359085162481 0.03349359085162481
0 0.4449455738067627 0.24956151843070984 0.03349359085162481 0.03349359085162481
0 0.5274588465690613 0.2507803738117218 0.03349359085162481 0.03349359085162481
0 0.6095741391181946 0.251993328332901 0.03349359085162481 0.03349359085162481
0 0.6912944316864014 0.2532004714012146 0.03349359085162481 0.03349359085162481
0 0.7726225852966309 0.2544018030166626 0.03349359085162481 0.03349359085162481
0 0.2857343852519989 0.18006004393100739 0.03349359085162481 0.03349359085162481
0 0.36658766865730286 0.18141266703605652 0.03349359085162481 0.03349359085162481
0 0.4470606744289398 0.18275892734527588 0.03349359085162481 0.03349359085162481
0 0.5271560549736023 0.18409886956214905 0.03349359085162481 0.03349359085162481
0 0.6068764328956604 0.1854325383901596 0.03349359085162481 0.03349359085162481
0 0.6862245202064514 0.18675997853279114 0.03349359085162481 0.03349359085162481
0 0.7652028203010559 0.18808123469352722 0.03349359085162481 0.03349359085162481