0 0.6930255889892578 0.15300855040550232 0.024708474054932598 0.03294463207324346
0 0.6240445971488953 0.1555527001619339 0.024708474054932598 0.03294463207324346
0 0.5552356243133545 0.1580905169248581 0.024708474054932598 0.03294463207324346
0 0.48659807443618774 0.1606220006942749 0.024708474054932598 0.03294463207324346
0 0.4181313216686249 0.1631471961736679 0.024708474054932598 0.03294463207324346
0 0.34983471035957336 0.1656661033630371 0.024708474054932598 0.03294463207324346
0 0.28170761466026306 0.1681787669658661 0.024708474054932598 0.03294463207324346
0 0.7031329274177551 0.2192506343126297 0.024708474054932598 0.03294463207324346
0 0.6309764981269836 0.22182489931583405 0.024708474054932598 0.03294463207324346
0 0.5590083599090576 0.22439245879650116 0.024708474054932598 0.03294463207324346
0 0.4872276782989502 0.22695332765579224 0.024708474054932598 0.03294463207324346
0 0.41563376784324646 0.22950753569602966 0.024708474054932598 0.03294463207324346
0 0.3442258834838867 0.23205509781837463 0.024708474054932598 0.03294463207324346
0 0.27300330996513367 0.23459605872631073 0.024708474054932598 0.03294463207324346
0 0.7142127156257629 0.2918664515018463 0.024708474054932598 0.03294463207324346
0 0.6385745406150818 0.29446500539779663 0.024708474054932598 0.03294463207324346
0 0.5631430745124817 0.2970564365386963 0.024708474054932598 0.03294463207324346
0 0.48791760206222534 0.29964083433151245 0.024708474054932598 0.03294463207324346
0 0.4128971993923187 0.30221813917160034 0.024708474054932598 0.03294463207324346
0 0.3380810618400574 0.3047884702682495 0.024708474054932598 0.03294463207324346
0 0.26346832513809204 0.3073517978191376 0.024708474054932598 0.03294463207324346
0 0.7264124751091003 0.3718223571777344 0.024708474054932598 0.03294463207324346
0 0.6469394564628601 0.3744370937347412 0.024708474054932598 0.03294463207324346
0 0.5676946043968201 0.37704432010650635 0.024708474054932598 0.03294463207324346
0 0.4886769652366638 0.3796440660953522 0.024708474054932598 0.03294463207324346
0 0.40988561511039734 0.38223639130592346 0.024708474054932598 0.03294463207324346
0 0.33131951093673706 0.3848212659358978 0.024708474054932598 0.03294463207324346
0 0.25297775864601135 0.38739877939224243 0.024708474054932598 0.03294463207324346
0 0.7399110794067383 0.4602905511856079 0.024708474054932598 0.03294463207324346
0 0.6561935544013977 0.4629102945327759 0.024708474054932598 0.03294463207324346
0 0.5727291703224182 0.4655221402645111 0.024708474054932598 0.03294463207324346
0 0.48951682448387146 0.4681260585784912 0.024708474054932598 0.03294463207324346
0 0.40655532479286194 0.47072213888168335 0.024708474054932598 0.03294463207324346
0 0.3238435685634613 0.4733104407787323 0.024708474054932598 0.03294463207324346
0 0.24138042330741882 0.4758909344673157 0.024708474054932598 0.03294463207324346
0 0.7549275159835815 0.5587068200111389 0.024708474054932598 0.03294463207324346
0 0.6664866209030151 0.5613162517547607 0.024708474054932598 0.03294463207324346
0 0.5783280730247498 0.5639172792434692 0.024708474054932598 0.03294463207324346
0 0.4904506504535675 0.5665100812911987 0.024708474054932598 0.03294463207324346
0 0.40285295248031616 0.5690945982933044 0.024708474054932598 0.03294463207324346
0 0.3155336380004883 0.5716709494590759 0.024708474054932598 0.03294463207324346
0 0.22849141061306 0.5742390751838684 0.024708474054932598 0.03294463207324346
0 0.7717331647872925 0.6688490509986877 0.024708474054932598 0.03294463207324346
0 0.6780039668083191 0.6714270114898682 0.024708474054932598 0.03294463207324346
0 0.584591805934906 0.6739962697029114 0.024708474054932598 0.03294463207324346
0 0.49149516224861145 0.6765568852424622 0.024708474054932598 0.03294463207324346
0 0.3987123966217041 0.6791087985038757 0.024708474054932598 0.03294463207324346
0 0.3062419295310974 0.6816521883010864 0.024708474054932598 0.03294463207324346
0 0.21408219635486603 0.6841869950294495 0.024708474054932598 0.03294463207324346