0 0.6970006227493286 0.18784724175930023 0.024658866226673126 0.032878488302230835
0 0.6308003067970276 0.18915584683418274 0.024658866226673126 0.032878488302230835
0 0.5645933747291565 0.1904645711183548 0.024658866226673126 0.032878488302230835
0 0.49837973713874817 0.1917734295129776 0.024658866226673126 0.032878488302230835
0 0.4321594536304474 0.19308242201805115 0.024658866226673126 0.032878488302230835
0 0.36593252420425415 0.19439153373241425 0.024658866226673126 0.032878488302230835
0 0.2996988892555237 0.19570079445838928 0.024658866226673126 0.032878488302230835
0 0.7082356810569763 0.2503061592578888 0.024658866226673126 0.032878488302230835
0 0.6387762427330017 0.25168249011039734 0.024658866226673126 0.032878488302230835
0 0.5693094730377197 0.2530589699745178 0.024658866226673126 0.032878488302230835
0 0.49983540177345276 0.25443559885025024 0.024658866226673126 0.032878488302230835
0 0.43035396933555603 0.2558123469352722 0.024658866226673126 0.032878488302230835
0 0.36086520552635193 0.25718924403190613 0.024658866226673126 0.032878488302230835
0 0.29136908054351807 0.25856631994247437 0.024658866226673126 0.032878488302230835
0 0.7206344604492188 0.31923428177833557 0.024658866226673126 0.032878488302230835
0 0.6475783586502075 0.3206857144832611 0.024658866226673126 0.032878488302230835
0 0.5745141506195068 0.32213732600212097 0.024658866226673126 0.032878488302230835
0 0.5014418363571167 0.3235890865325928 0.024658866226673126 0.032878488302230835
0 0.4283614158630371 0.3250409960746765 0.024658866226673126 0.032878488302230835
0 0.35527288913726807 0.3264930546283722 0.024658866226673126 0.032878488302230835
0 0.2821762263774872 0.3279453217983246 0.024658866226673126 0.032878488302230835
0 0.7343875169754028 0.3956916034221649 0.024658866226673126 0.032878488302230835
0 0.6573419570922852 0.3972267806529999 0.024658866226673126 0.032878488302230835
0 0.5802873969078064 0.39876213669776917 0.024658866226673126 0.032878488302230835
0 0.5032237768173218 0.4002976715564728 0.024658866226673126 0.032878488302230835
0 0.4261511564254761 0.4018334150314331 0.024658866226673126 0.032878488302230835
0 0.3490695059299469 0.40336930751800537 0.024658866226673126 0.032878488302230835
0 0.27197885513305664 0.40490537881851196 0.024658866226673126 0.032878488302230835
0 0.7497296929359436 0.4809829890727997 0.024658866226673126 0.032878488302230835
0 0.6682337522506714 0.48261213302612305 0.024658866226673126 0.032878488302230835
0 0.5867277979850769 0.4842414855957031 0.024658866226673126 0.032878488302230835
0 0.5052116513252258 0.4858710467815399 0.024658866226673126 0.032878488302230835
0 0.4236854910850525 0.4875008165836334 0.024658866226673126 0.032878488302230835
0 0.34214919805526733 0.48913079500198364 0.024658866226673126 0.032878488302230835
0 0.26060280203819275 0.4907609522342682 0.024658866226673126 0.032878488302230835
0 0.7669532299041748 0.576733410358429 0.024658866226673126 0.032878488302230835
0 0.6804612874984741 0.5784687399864197 0.024658866226673126 0.032878488302230835
0 0.5939580202102661 0.5802043080329895 0.024658866226673126 0.032878488302230835
0 0.507443368434906 0.5819401144981384 0.024658866226673126 0.032878488302230835
0 0.4209173619747162 0.5836761593818665 0.024658866226673126 0.032878488302230835
0 0.33437997102737427 0.5854123830795288 0.024658866226673126 0.032878488302230835
0 0.24783119559288025 0.587148904800415 0.024658866226673126 0.032878488302230835
0 0.7864267826080322 0.6849923133850098 0.024658866226673126 0.032878488302230835
0 0.6942862868309021 0.6868485808372498 0.024658866226673126 0.032878488302230835
0 0.6021329164505005 0.6887051463127136 0.024658866226673126 0.032878488302230835
0 0.5099666714668274 0.6905619502067566 0.024658866226673126 0.032878488302230835
0 0.41778749227523804 0.6924189925193787 0.024658866226673126 0.032878488302230835
0 0.3255954384803772 0.6942763328552246 0.024658866226673126 0.032878488302230835
0 0.2333904504776001 0.6961339116096497 0.024658866226673126 0.032878488302230835