0 0.7094905972480774 0.16338448226451874 0.022818801924586296 0.034121572971343994
0 0.6339336037635803 0.1624772548675537 0.022818801924586296 0.034121572971343994
0 0.5578947067260742 0.16156424582004547 0.022818801924586296 0.034121572971343994
0 0.4813692569732666 0.16064538061618805 0.022818801924586296 0.034121572971343994
0 0.4043525457382202 0.15972061455249786 0.022818801924586296 0.034121572971343994
0 0.3268398344516754 0.15878990292549133 0.022818801924586296 0.034121572971343994
0 0.24882633984088898 0.1578531712293625 0.022818801924586296 0.034121572971343994
0 0.720766544342041 0.2435113489627838 0.022818801924586296 0.034121572971343994
0 0.6424728631973267 0.2428348958492279 0.022818801924586296 0.034121572971343994
0 0.5636614561080933 0.24215395748615265 0.022818801924586296 0.034121572971343994
0 0.4843270778656006 0.24146851897239685 0.022818801924586296 0.034121572971343994
0 0.4044645428657532 0.24077850580215454 0.022818801924586296 0.034121572971343994
0 0.324068546295166 0.24008388817310333 0.022818801924586296 0.034121572971343994
0 0.2431337535381317 0.23938460648059845 0.022818801924586296 0.034121572971343994
0 0.732899010181427 0.32972484827041626 0.022818801924586296 0.034121572971343994
0 0.651663064956665 0.329317569732666 0.022818801924586296 0.034121572971343994
0 0.5698692798614502 0.3289075195789337 0.022818801924586296 0.034121572971343994
0 0.48751190304756165 0.3284946084022522 0.022818801924586296 0.034121572971343994
0 0.40458518266677856 0.32807886600494385 0.022818801924586296 0.034121572971343994
0 0.32108309864997864 0.3276602625846863 0.022818801924586296 0.034121572971343994
0 0.23699970543384552 0.32723870873451233 0.022818801924586296 0.034121572971343994
0 0.7459895610809326 0.42274585366249084 0.022818801924586296 0.034121572971343994
0 0.6615814566612244 0.42265334725379944 0.022818801924586296 0.034121572971343994
0 0.5765707492828369 0.4225601553916931 0.022818801924586296 0.034121572971343994
0 0.49095091223716736 0.4224662780761719 0.022818801924586296 0.034121572971343994
0 0.4047154486179352 0.4223717451095581 0.022818801924586296 0.034121572971343994
0 0.31785765290260315 0.4222765266895294 0.022818801924586296 0.034121572971343994
0 0.23037077486515045 0.4221806228160858 0.022818801924586296 0.034121572971343994
0 0.7601562142372131 0.523413896560669 0.022818801924586296 0.034121572971343994
0 0.6723182201385498 0.523690402507782 0.022818801924586296 0.034121572971343994
0 0.5838271975517273 0.5239689350128174 0.022818801924586296 0.034121572971343994
0 0.49467581510543823 0.5242495536804199 0.022818801924586296 0.034121572971343994
0 0.4048566222190857 0.5245323181152344 0.022818801924586296 0.034121572971343994
0 0.3143620789051056 0.524817168712616 0.022818801924586296 0.034121572971343994
0 0.22318457067012787 0.5251041650772095 0.022818801924586296 0.034121572971343994
0 0.775537371635437 0.6327122449874878 0.022818801924586296 0.034121572971343994
0 0.6839790344238281 0.6334228515625 0.022818801924586296 0.034121572971343994
0 0.59171062707901 0.6341390013694763 0.022818801924586296 0.034121572971343994
0 0.4987237751483917 0.6348606944084167 0.022818801924586296 0.034121572971343994
0 0.40501007437705994 0.6355880498886108 0.022818801924586296 0.034121572971343994
0 0.310560941696167 0.6363211274147034 0.022818801924586296 0.034121572971343994
0 0.21536771953105927 0.6370599865913391 0.022818801924586296 0.034121572971343994
0 0.7922962307929993 0.751800537109375 0.022818801924586296 0.034121572971343994
0 0.6966885924339294 0.7530238032341003 0.022818801924586296 0.034121572971343994
0 0.6003059148788452 0.754257082939148 0.022818801924586296 0.034121572971343994
0 0.5031387209892273 0.755500316619873 0.022818801924586296 0.034121572971343994
0 0.4051774740219116 0.7567537426948547 0.022818801924586296 0.034121572971343994
0 0.30641233921051025 0.7580174803733826 0.022818801924586296 0.034121572971343994
0 0.20683340728282928 0.7592915892601013 0.022818801924586296 0.034121572971343994