0 0.6771346926689148 0.19359394907951355 0.025076599791646004 0.033435466388861336
0 0.6101254820823669 0.19511711597442627 0.025076599791646004 0.033435466388861336
0 0.5425520539283752 0.19665312767028809 0.025076599791646004 0.033435466388861336
0 0.47440725564956665 0.19820211827754974 0.025076599791646004 0.033435466388861336
0 0.40568381547927856 0.19976426661014557 0.025076599791646004 0.033435466388861336
0 0.33637434244155884 0.2013397216796875 0.025076599791646004 0.033435466388861336
0 0.2664712965488434 0.20292867720127106 0.025076599791646004 0.033435466388861336
0 0.6899916529655457 0.25774136185646057 0.025076599791646004 0.033435466388861336
0 0.6198838353157043 0.2596178352832794 0.025076599791646004 0.033435466388861336
0 0.5491577982902527 0.2615108788013458 0.025076599791646004 0.033435466388861336
0 0.47780537605285645 0.2634206712245941 0.025076599791646004 0.033435466388861336
0 0.4058181643486023 0.2653474509716034 0.025076599791646004 0.033435466388861336
0 0.33318763971328735 0.26729145646095276 0.025076599791646004 0.033435466388861336
0 0.2599051594734192 0.2692528963088989 0.025076599791646004 0.033435466388861336
0 0.704113245010376 0.32819873094558716 0.025076599791646004 0.033435466388861336
0 0.630606472492218 0.3304924964904785 0.025076599791646004 0.033435466388861336
0 0.5564193725585938 0.3328074812889099 0.025076599791646004 0.033435466388861336
0 0.4815424382686615 0.3351440131664276 0.025076599791646004 0.033435466388861336
0 0.4059659540653229 0.3375023603439331 0.025076599791646004 0.033435466388861336
0 0.32968011498451233 0.33988285064697266 0.025076599791646004 0.033435466388861336
0 0.2526748478412628 0.34228578209877014 0.025076599791646004 0.033435466388861336
0 0.7196958065032959 0.40594521164894104 0.025076599791646004 0.033435466388861336
0 0.642443835735321 0.4087349772453308 0.025076599791646004 0.033435466388861336
0 0.5644395351409912 0.41155189275741577 0.025076599791646004 0.033435466388861336
0 0.4856717586517334 0.41439637541770935 0.025076599791646004 0.033435466388861336
0 0.4061293303966522 0.417268842458725 0.025076599791646004 0.033435466388861336
0 0.32580074667930603 0.4201696813106537 0.025076599791646004 0.033435466388861336
0 0.24467426538467407 0.4230993390083313 0.025076599791646004 0.033435466388861336
0 0.7369784116744995 0.4921736717224121 0.025076599791646004 0.033435466388861336
0 0.6555792093276978 0.49555715918540955 0.025076599791646004 0.033435466388861336
0 0.5733436346054077 0.49897539615631104 0.025076599791646004 0.033435466388861336
0 0.4902585744857788 0.5024289488792419 0.025076599791646004 0.033435466388861336
0 0.40631091594696045 0.5059183835983276 0.025076599791646004 0.033435466388861336
0 0.32148709893226624 0.5094441771507263 0.025076599791646004 0.033435466388861336
0 0.23577335476875305 0.5130069851875305 0.025076599791646004 0.033435466388861336
0 0.7562552690505981 0.5883522629737854 0.025076599791646004 0.033435466388861336
0 0.6702385544776917 0.5924521088600159 0.025076599791646004 0.033435466388861336
0 0.5832863450050354 0.5965965986251831 0.025076599791646004 0.033435466388861336
0 0.4953833520412445 0.6007864475250244 0.025076599791646004 0.033435466388861336
0 0.40651389956474304 0.6050223112106323 0.025076599791646004 0.033435466388861336
0 0.3166619539260864 0.6093050241470337 0.025076599791646004 0.033435466388861336
0 0.22581109404563904 0.6136353015899658 0.025076599791646004 0.033435466388861336
0 0.7778927087783813 0.6963086128234863 0.025076599791646004 0.033435466388861336
0 0.6867032647132874 0.7012807726860046 0.025076599791646004 0.033435466388861336
0 0.5944607257843018 0.7063103914260864 0.025076599791646004 0.033435466388861336
0 0.501146674156189 0.7113984227180481 0.025076599791646004 0.033435466388861336
0 0.4067423343658447 0.7165458798408508 0.025076599791646004 0.033435466388861336
0 0.31122854351997375 0.7217538356781006 0.025076599791646004 0.033435466388861336
0 0.21458560228347778 0.7270233631134033 0.025076599791646004 0.033435466388861336