0 0.7104375958442688 0.3045528829097748 0.029362191756566364 0.029362191756566364
0 0.6412710547447205 0.30536147952079773 0.029362191756566364 0.029362191756566364
0 0.5720094442367554 0.3061712086200714 0.029362191756566364 0.029362191756566364
0 0.5026525259017944 0.30698204040527344 0.029362191756566364 0.029362191756566364
0 0.4332001209259033 0.3077940046787262 0.029362191756566364 0.029362191756566364
0 0.3636520504951477 0.3086070716381073 0.029362191756566364 0.029362191756566364
0 0.29400813579559326 0.30942127108573914 0.029362191756566364 0.029362191756566364
0 0.7179055213928223 0.3664860725402832 0.029362191756566364 0.029362191756566364
0 0.6465868353843689 0.3673637807369232 0.029362191756566364 0.029362191756566364
0 0.5751670002937317 0.36824271082878113 0.029362191756566364 0.029362191756566364
0 0.5036458969116211 0.3691228926181793 0.029362191756566364 0.029362191756566364
0 0.4320232570171356 0.3700043559074402 0.029362191756566364 0.029362191756566364
0 0.36029887199401855 0.37088704109191895 0.029362191756566364 0.029362191756566364
0 0.2884725034236908 0.371770977973938 0.029362191756566364 0.029362191756566364
0 0.7258539199829102 0.43240436911582947 0.029362191756566364 0.029362191756566364
0 0.6522448658943176 0.4333585202693939 0.029362191756566364 0.029362191756566364
0 0.5785280466079712 0.4343140721321106 0.029362191756566364 0.029362191756566364
0 0.5047033429145813 0.4352709949016571 0.029362191756566364 0.029362191756566364
0 0.4307704269886017 0.4362293481826782 0.029362191756566364 0.029362191756566364
0 0.356729120016098 0.43718910217285156 0.029362191756566364 0.029362191756566364
0 0.28257912397384644 0.4381502568721771 0.029362191756566364 0.029362191756566364
0 0.7343307733535767 0.5027052164077759 0.029362191756566364 0.029362191756566364
0 0.6582793593406677 0.5037441849708557 0.029362191756566364 0.029362191756566364
0 0.5821129083633423 0.5047847628593445 0.029362191756566364 0.029362191756566364
0 0.505831241607666 0.5058268904685974 0.029362191756566364 0.029362191756566364
0 0.42943406105041504 0.5068706274032593 0.029362191756566364 0.029362191756566364
0 0.35292112827301025 0.5079159140586853 0.029362191756566364 0.029362191756566364
0 0.2762921452522278 0.5089628100395203 0.029362191756566364 0.029362191756566364
0 0.7433906197547913 0.5778406262397766 0.029362191756566364 0.029362191756566364
0 0.6647291779518127 0.5789740681648254 0.029362191756566364 0.029362191756566364
0 0.5859447121620178 0.5801092982292175 0.029362191756566364 0.029362191756566364
0 0.5070369243621826 0.5812463164329529 0.029362191756566364 0.029362191756566364
0 0.42800551652908325 0.5823851227760315 0.029362191756566364 0.029362191756566364
0 0.3488502502441406 0.5835256576538086 0.029362191756566364 0.029362191756566364
0 0.2695707678794861 0.5846680402755737 0.029362191756566364 0.029362191756566364
0 0.7530956268310547 0.6583271026611328 0.029362191756566364 0.029362191756566364
0 0.6716387271881104 0.6595661044120789 0.029362191756566364 0.029362191756566364
0 0.5900498032569885 0.6608070731163025 0.029362191756566364 0.029362191756566364
0 0.5083286166191101 0.6620500683784485 0.029362191756566364 0.029362191756566364
0 0.4264748990535736 0.6632950901985168 0.029362191756566364 0.029362191756566364
0 0.344488263130188 0.6645421385765076 0.029362191756566364 0.029362191756566364
0 0.2623683512210846 0.6657912135124207 0.029362191756566364 0.029362191756566364
0 0.7635173797607422 0.7447574138641357 0.029362191756566364 0.029362191756566364
0 0.6790589094161987 0.7461147308349609 0.029362191756566364 0.029362191756566364
0 0.5944585800170898 0.7474743127822876 0.029362191756566364 0.029362191756566364
0 0.5097160339355469 0.7488361597061157 0.029362191756566364 0.029362191756566364
0 0.4248308539390564 0.7502003312110901 0.029362191756566364 0.029362191756566364
0 0.3398027718067169 0.7515667676925659 0.029362191756566364 0.029362191756566364
0 0.2546314001083374 0.752935528755188 0.029362191756566364 0.029362191756566364