0 0.2078602910041809 0.7183581590652466 0.030854955315589905 0.030854955315589905
0 0.29536697268486023 0.718146800994873 0.030854955315589905 0.030854955315589905
0 0.38325974345207214 0.7179345488548279 0.030854955315589905 0.030854955315589905
0 0.4715411067008972 0.7177213430404663 0.030854955315589905 0.030854955315589905
0 0.5602136850357056 0.7175072431564331 0.030854955315589905 0.030854955315589905
0 0.6492800116539001 0.7172921299934387 0.030854955315589905 0.030854955315589905
0 0.7387428283691406 0.7170760631561279 0.030854955315589905 0.030854955315589905
0 0.21976083517074585 0.630405843257904 0.030854955315589905 0.030854955315589905
0 0.3036115765571594 0.6300179362297058 0.030854955315589905 0.030854955315589905
0 0.3878166377544403 0.6296284198760986 0.030854955315589905 0.030854955315589905
0 0.47237831354141235 0.6292372941970825 0.030854955315589905 0.030854955315589905
0 0.5572987794876099 0.6288444399833679 0.030854955315589905 0.030854955315589905
0 0.6425804495811462 0.6284499764442444 0.030854955315589905 0.030854955315589905
0 0.7282255291938782 0.6280537843704224 0.030854955315589905 0.030854955315589905
0 0.23070253431797028 0.5495400428771973 0.030854955315589905 0.030854955315589905
0 0.31119054555892944 0.5490041971206665 0.030854955315589905 0.030854955315589905
0 0.39200490713119507 0.5484662055969238 0.030854955315589905 0.030854955315589905
0 0.4731476306915283 0.5479260087013245 0.030854955315589905 0.030854955315589905
0 0.5546207427978516 0.5473836064338684 0.030854955315589905 0.030854955315589905
0 0.6364261507987976 0.5468389987945557 0.030854955315589905 0.030854955315589905
0 0.7185660600662231 0.5462921857833862 0.030854955315589905 0.030854955315589905
0 0.2407967746257782 0.4749374985694885 0.030854955315589905 0.030854955315589905
0 0.3181813657283783 0.4742773771286011 0.030854955315589905 0.030854955315589905
0 0.3958675265312195 0.4736146628856659 0.030854955315589905 0.030854955315589905
0 0.473857045173645 0.47294938564300537 0.030854955315589905 0.030854955315589905
0 0.5521516799926758 0.47228148579597473 0.030854955315589905 0.030854955315589905
0 0.630753219127655 0.47161099314689636 0.030854955315589905 0.030854955315589905
0 0.7096635103225708 0.4709378480911255 0.030854955315589905 0.030854955315589905
0 0.2501383423805237 0.40589767694473267 0.030854955315589905 0.030854955315589905
0 0.3246499300003052 0.4051329493522644 0.030854955315589905 0.030854955315589905
0 0.39944103360176086 0.4043653607368469 0.030854955315589905 0.030854955315589905
0 0.4745132327079773 0.40359488129615784 0.030854955315589905 0.030854955315589905
0 0.549868106842041 0.40282151103019714 0.030854955315589905 0.030854955315589905
0 0.6255072951316833 0.40204522013664246 0.030854955315589905 0.030854955315589905
0 0.7014323472976685 0.4012659788131714 0.030854955315589905 0.030854955315589905
0 0.2588083744049072 0.34182074666023254 0.030854955315589905 0.030854955315589905
0 0.33065265417099 0.34096792340278625 0.030854955315589905 0.030854955315589905
0 0.4027567505836487 0.34011200070381165 0.030854955315589905 0.030854955315589905
0 0.47512203454971313 0.3392530083656311 0.030854955315589905 0.030854955315589905
0 0.547749936580658 0.33839085698127747 0.030854955315589905 0.030854955315589905
0 0.6206418871879578 0.3375256061553955 0.030854955315589905 0.030854955315589905
0 0.6937993168830872 0.33665719628334045 0.030854955315589905 0.030854955315589905
0 0.26687678694725037 0.2821901738643646 0.030854955315589905 0.030854955315589905
0 0.33623814582824707 0.2812631130218506 0.030854955315589905 0.030854955315589905
0 0.40584155917167664 0.2803328037261963 0.030854955315589905 0.030854955315589905
0 0.4756883382797241 0.27939924597740173 0.030854955315589905 0.030854955315589905
0 0.5457797050476074 0.2784624397754669 0.030854955315589905 0.030854955315589905
0 0.6161170601844788 0.27752232551574707 0.030854955315589905 0.030854955315589905
0 0.6867015361785889 0.2765789031982422 0.030854955315589905 0.030854955315589905