0 0.3201165795326233 0.23012854158878326 0.018075069878250364 0.032133457561333977
0 0.31464216113090515 0.3085004985332489 0.018075069878250364 0.032133457561333977
0 0.30877140164375305 0.392546683549881 0.018075069878250364 0.032133457561333977
0 0.30245962738990784 0.4829064905643463 0.018075069878250364 0.032133457561333977
0 0.29565519094467163 0.5803190469741821 0.018075069878250364 0.032133457561333977
0 0.288298100233078 0.6856436729431152 0.018075069878250364 0.032133457561333977
0 0.28031817078590393 0.799885094165802 0.018075069878250364 0.032133457561333977
0 0.37761393189430237 0.23117724061012268 0.018075069878250364 0.032133457561333977
0 0.3741508424282074 0.30952680110931396 0.018075069878250364 0.032133457561333977
0 0.37043723464012146 0.3935445249080658 0.018075069878250364 0.032133457561333977
0 0.3664448857307434 0.4838685989379883 0.018075069878250364 0.032133457561333977
0 0.3621411919593811 0.581236720085144 0.018075069878250364 0.032133457561333977
0 0.3574882447719574 0.6865063905715942 0.018075069878250364 0.032133457561333977
0 0.3524417281150818 0.8006800413131714 0.018075069878250364 0.032133457561333977
0 0.4350276589393616 0.23222441971302032 0.018075069878250364 0.032133457561333977
0 0.4335699677467346 0.31055155396461487 0.018075069878250364 0.032133457561333977
0 0.43200692534446716 0.39454078674316406 0.018075069878250364 0.032133457561333977
0 0.4303266108036041 0.4848291277885437 0.018075069878250364 0.032133457561333977
0 0.42851540446281433 0.5821528434753418 0.018075069878250364 0.032133457561333977
0 0.426557332277298 0.6873675584793091 0.018075069878250364 0.032133457561333977
0 0.42443379759788513 0.8014735579490662 0.018075069878250364 0.032133457561333977
0 0.49235793948173523 0.2332700937986374 0.018075069878250364 0.032133457561333977
0 0.49289971590042114 0.3115747570991516 0.018075069878250364 0.032133457561333977
0 0.4934806227684021 0.39553549885749817 0.018075069878250364 0.032133457561333977
0 0.4941050708293915 0.48578813672065735 0.018075069878250364 0.032133457561333977
0 0.4947781264781952 0.5830674171447754 0.018075069878250364 0.032133457561333977
0 0.495505690574646 0.6882272362709045 0.018075069878250364 0.032133457561333977
0 0.49629470705986023 0.8022655844688416 0.018075069878250364 0.032133457561333977
0 0.5496049523353577 0.2343142330646515 0.018075069878250364 0.032133457561333977
0 0.5521402955055237 0.3125964105129242 0.018075069878250364 0.032133457561333977
0 0.5548586249351501 0.3965286612510681 0.018075069878250364 0.032133457561333977
0 0.5577805042266846 0.48674556612968445 0.018075069878250364 0.032133457561333977
0 0.5609296560287476 0.5839805006980896 0.018075069878250364 0.032133457561333977
0 0.5643336772918701 0.6890854239463806 0.018075069878250364 0.032133457561333977
0 0.5680248737335205 0.8030561804771423 0.018075069878250364 0.032133457561333977
0 0.6067689061164856 0.23535685241222382 0.018075069878250364 0.032133457561333977
0 0.6112918853759766 0.313616544008255 0.018075069878250364 0.032133457561333977
0 0.6161410808563232 0.3975202739238739 0.018075069878250364 0.032133457561333977
0 0.6213530898094177 0.4877014756202698 0.018075069878250364 0.032133457561333977
0 0.6269702315330505 0.5848920345306396 0.018075069878250364 0.032133457561333977
0 0.6330415606498718 0.6899421215057373 0.018075069878250364 0.032133457561333977
0 0.6396245360374451 0.8038453459739685 0.018075069878250364 0.032133457561333977
0 0.663849949836731 0.23639796674251556 0.018075069878250364 0.032133457561333977
0 0.6703547239303589 0.31463512778282166 0.018075069878250364 0.032133457561333977
0 0.6773282885551453 0.3985103666782379 0.018075069878250364 0.032133457561333977
0 0.684823215007782 0.48865583539009094 0.018075069878250364 0.032133457561333977
0 0.6929001212120056 0.5858020186424255 0.018075069878250364 0.032133457561333977
0 0.701629638671875 0.6907973289489746 0.018075069878250364 0.032133457561333977
0 0.7110942006111145 0.8046330809593201 0.018075069878250364 0.032133457561333977