0 0.7345568537712097 0.2603863477706909 0.03326846162478129 0.03326846162478129
0 0.6605115532875061 0.2600821256637573 0.03326846162478129 0.03326846162478129
0 0.5865814089775085 0.2597784101963043 0.03326846162478129 0.03326846162478129
0 0.5127662420272827 0.25947514176368713 0.03326846162478129 0.03326846162478129
0 0.4390658140182495 0.25917235016822815 0.03326846162478129 0.03326846162478129
0 0.3654797673225403 0.25887003540992737 0.03326846162478129 0.03326846162478129
0 0.2920079231262207 0.2585681676864624 0.03326846162478129 0.03326846162478129
0 0.7427850365638733 0.32185935974121094 0.03326846162478129 0.03326846162478129
0 0.6658610701560974 0.32149362564086914 0.03326846162478129 0.03326846162478129
0 0.5890614986419678 0.3211284875869751 0.03326846162478129 0.03326846162478129
0 0.512385904788971 0.3207639455795288 0.03326846162478129 0.03326846162478129
0 0.4358341097831726 0.3203999698162079 0.03326846162478129 0.03326846162478129
0 0.3594057559967041 0.3200365900993347 0.03326846162478129 0.03326846162478129
0 0.28310054540634155 0.3196738064289093 0.03326846162478129 0.03326846162478129
0 0.7516778111457825 0.3882976472377777 0.03326846162478129 0.03326846162478129
0 0.6716423630714417 0.3878612220287323 0.03326846162478129 0.03326846162478129
0 0.5917415618896484 0.38742557168006897 0.03326846162478129 0.03326846162478129
0 0.5119749307632446 0.38699063658714294 0.03326846162478129 0.03326846162478129
0 0.4323422908782959 0.3865564167499542 0.03326846162478129 0.03326846162478129
0 0.35284319519996643 0.3861229419708252 0.03326846162478129 0.03326846162478129
0 0.27347734570503235 0.38569018244743347 0.03326846162478129 0.03326846162478129
0 0.761319100856781 0.46032801270484924 0.03326846162478129 0.03326846162478129
0 0.6779098510742188 0.4598101079463959 0.03326846162478129 0.03326846162478129
0 0.5946467518806458 0.45929309725761414 0.03326846162478129 0.03326846162478129
0 0.5115294456481934 0.45877698063850403 0.03326846162478129 0.03326846162478129
0 0.4285575747489929 0.45826178789138794 0.03326846162478129 0.03326846162478129
0 0.34573066234588623 0.4577474892139435 0.03326846162478129 0.03326846162478129
0 0.2630484104156494 0.45723408460617065 0.03326846162478129 0.03326846162478129
0 0.7718075513839722 0.5386875867843628 0.03326846162478129 0.03326846162478129
0 0.6847275495529175 0.5380752086639404 0.03326846162478129 0.03326846162478129
0 0.5978068113327026 0.5374639630317688 0.03326846162478129 0.03326846162478129
0 0.511044979095459 0.5368537902832031 0.03326846162478129 0.03326846162478129
0 0.42444151639938354 0.5362447500228882 0.03326846162478129 0.03326846162478129
0 0.3379960358142853 0.535636842250824 0.03326846162478129 0.03326846162478129
0 0.25170812010765076 0.5350300073623657 0.03326846162478129 0.03326846162478129
0 0.783259928226471 0.6242489218711853 0.03326846162478129 0.03326846162478129
0 0.6921712160110474 0.6235265135765076 0.03326846162478129 0.03326846162478129
0 0.6012567281723022 0.6228054165840149 0.03326846162478129 0.03326846162478129
0 0.5105160474777222 0.6220858097076416 0.03326846162478129 0.03326846162478129
0 0.41994860768318176 0.6213675141334534 0.03326846162478129 0.03326846162478129
0 0.3295539319515228 0.620650589466095 0.03326846162478129 0.03326846162478129
0 0.23933152854442596 0.6199350357055664 0.03326846162478129 0.03326846162478129
0 0.7958155870437622 0.7180525660514832 0.03326846162478129 0.03326846162478129
0 0.7003312110900879 0.7172012329101562 0.03326846162478129 0.03326846162478129
0 0.6050383448600769 0.7163516283035278 0.03326846162478129 0.03326846162478129
0 0.5099363327026367 0.7155037522315979 0.03326846162478129 0.03326846162478129
0 0.41502460837364197 0.7146574854850769 0.03326846162478129 0.03326846162478129
0 0.3203026354312897 0.7138130068778992 0.03326846162478129 0.03326846162478129
0 0.22576981782913208 0.7129701375961304 0.03326846162478129 0.03326846162478129