0 0.3351733088493347 0.3908207416534424 0.019262643530964855 0.025683524707953136
0 0.32967302203178406 0.4473477900028229 0.019262643530964855 0.025683524707953136
0 0.32383278012275696 0.5073686838150024 0.019262643530964855 0.025683524707953136
0 0.31762006878852844 0.5712177753448486 0.019262643530964855 0.025683524707953136
0 0.31099802255630493 0.6392733454704285 0.019262643530964855 0.025683524707953136
0 0.3039248585700989 0.7119652628898621 0.019262643530964855 0.025683524707953136
0 0.2963528335094452 0.7897838950157166 0.019262643530964855 0.025683524707953136
0 0.3960218131542206 0.39187589287757874 0.019262643530964855 0.025683524707953136
0 0.3923405408859253 0.44851332902908325 0.019262643530964855 0.025683524707953136
0 0.3884314298629761 0.5086565017700195 0.019262643530964855 0.025683524707953136
0 0.38427260518074036 0.5726413130760193 0.019262643530964855 0.025683524707953136
0 0.37983939051628113 0.6408479809761047 0.019262643530964855 0.025683524707953136
0 0.3751036524772644 0.7137086391448975 0.019262643530964855 0.025683524707953136
0 0.3700334131717682 0.7917163968086243 0.019262643530964855 0.025683524707953136
0 0.4570350646972656 0.3929339051246643 0.019262643530964855 0.025683524707953136
0 0.45518285036087036 0.4496821165084839 0.019262643530964855 0.025683524707953136
0 0.4532158076763153 0.5099479556083679 0.019262643530964855 0.025683524707953136
0 0.4511229395866394 0.5740690231323242 0.019262643530964855 0.025683524707953136
0 0.4488917589187622 0.642427384853363 0.019262643530964855 0.025683524707953136
0 0.44650810956954956 0.7154574990272522 0.019262643530964855 0.025683524707953136
0 0.44395580887794495 0.7936551570892334 0.019262643530964855 0.025683524707953136
0 0.5182137489318848 0.3939947783946991 0.019262643530964855 0.025683524707953136
0 0.5182006359100342 0.45085418224334717 0.019262643530964855 0.025683524707953136
0 0.5181867480278015 0.5112431645393372 0.019262643530964855 0.025683524707953136
0 0.5181719660758972 0.5755009651184082 0.019262643530964855 0.025683524707953136
0 0.5181561708450317 0.6440116763114929 0.019262643530964855 0.025683524707953136
0 0.5181393027305603 0.7172119617462158 0.019262643530964855 0.025683524707953136
0 0.5181212425231934 0.7956003546714783 0.019262643530964855 0.025683524707953136
0 0.5795585513114929 0.3950585424900055 0.019262643530964855 0.025683524707953136
0 0.5813947319984436 0.4520294964313507 0.019262643530964855 0.025683524707953136
0 0.5833450555801392 0.5125421285629272 0.019262643530964855 0.025683524707953136
0 0.5854204893112183 0.576937198638916 0.019262643530964855 0.025683524707953136
0 0.587633490562439 0.6456008553504944 0.019262643530964855 0.025683524707953136
0 0.5899982452392578 0.7189719676971436 0.019262643530964855 0.025683524707953136
0 0.5925309062004089 0.7975519299507141 0.019262643530964855 0.025683524707953136
0 0.6410700678825378 0.3961251974105835 0.019262643530964855 0.025683524707953136
0 0.6447657346725464 0.4532081186771393 0.019262643530964855 0.025683524707953136
0 0.6486914753913879 0.5138447880744934 0.019262643530964855 0.025683524707953136
0 0.652869462966919 0.5783777236938477 0.019262643530964855 0.025683524707953136
0 0.6573248505592346 0.6471949219703674 0.019262643530964855 0.025683524707953136
0 0.6620861291885376 0.720737636089325 0.019262643530964855 0.025683524707953136
0 0.6671860218048096 0.7995099425315857 0.019262643530964855 0.025683524707953136
0 0.7027490735054016 0.3971947431564331 0.019262643530964855 0.025683524707953136
0 0.7083145380020142 0.4543900489807129 0.019262643530964855 0.025683524707953136
0 0.7142269015312195 0.5151512622833252 0.019262643530964855 0.025683524707953136
0 0.7205197811126709 0.5798225402832031 0.019262643530964855 0.025683524707953136
0 0.7272310853004456 0.6487938761711121 0.019262643530964855 0.025683524707953136
0 0.7344039678573608 0.7225089073181152 0.019262643530964855 0.025683524707953136
0 0.7420877814292908 0.8014744520187378 0.019262643530964855 0.025683524707953136