0 0.6806331872940063 0.19865262508392334 0.024983219802379608 0.03331095973650614
0 0.6140406131744385 0.199472114443779 0.024983219802379608 0.03331095973650614
0 0.5467341542243958 0.20030038058757782 0.024983219802379608 0.03331095973650614
0 0.4787023067474365 0.20113757252693176 0.024983219802379608 0.03331095973650614
0 0.4099332094192505 0.20198385417461395 0.024983219802379608 0.03331095973650614
0 0.340414822101593 0.20283934473991394 0.024983219802379608 0.03331095973650614
0 0.2701348662376404 0.20370419323444366 0.024983219802379608 0.03331095973650614
0 0.6934878826141357 0.26252755522727966 0.024983219802379608 0.03331095973650614
0 0.6238600015640259 0.26374170184135437 0.024983219802379608 0.03331095973650614
0 0.5534507036209106 0.26496949791908264 0.024983219802379608 0.03331095973650614
0 0.48224663734436035 0.2662111520767212 0.024983219802379608 0.03331095973650614
0 0.41023439168930054 0.2674669027328491 0.024983219802379608 0.03331095973650614
0 0.3374001085758209 0.26873698830604553 0.024983219802379608 0.03331095973650614
0 0.26372960209846497 0.2700216472148895 0.024983219802379608 0.03331095973650614
0 0.707593560218811 0.3326183557510376 0.024983219802379608 0.03331095973650614
0 0.6346405744552612 0.33430221676826477 0.024983219802379608 0.03331095973650614
0 0.560828447341919 0.33600589632987976 0.024983219802379608 0.03331095973650614
0 0.48614203929901123 0.3377297818660736 0.024983219802379608 0.03331095973650614
0 0.4105656147003174 0.3394742012023926 0.024983219802379608 0.03331095973650614
0 0.33408322930336 0.3412395119667053 0.024983219802379608 0.03331095973650614
0 0.2566784620285034 0.34302613139152527 0.024983219802379608 0.03331095973650614
0 0.723142147064209 0.40987879037857056 0.024983219802379608 0.03331095973650614
0 0.6465306282043457 0.4121248126029968 0.024983219802379608 0.03331095973650614
0 0.568970263004303 0.4143986403942108 0.024983219802379608 0.03331095973650614
0 0.49044331908226013 0.4167008399963379 0.024983219802379608 0.03331095973650614
0 0.4109315574169159 0.41903188824653625 0.024983219802379608 0.03331095973650614
0 0.33041635155677795 0.4213923513889313 0.024983219802379608 0.03331095973650614
0 0.2488785982131958 0.4237827956676483 0.024983219802379608 0.03331095973650614
0 0.7403668761253357 0.4954681992530823 0.024983219802379608 0.03331095973650614
0 0.6597108244895935 0.49839144945144653 0.024983219802379608 0.03331095973650614
0 0.5780013203620911 0.501352846622467 0.024983219802379608 0.03331095973650614
0 0.4952174425125122 0.5043531656265259 0.024983219802379608 0.03331095973650614
0 0.4113380014896393 0.5073932409286499 0.024983219802379608 0.03331095973650614
0 0.32634100317955017 0.5104737877845764 0.024983219802379608 0.03331095973650614
0 0.24020402133464813 0.5135956406593323 0.024983219802379608 0.03331095973650614
0 0.7595543265342712 0.590810239315033 0.024983219802379608 0.03331095973650614
0 0.674403190612793 0.5945552587509155 0.024983219802379608 0.03331095973650614
0 0.588075578212738 0.5983520150184631 0.024983219802379608 0.03331095973650614
0 0.500546932220459 0.6022016406059265 0.024983219802379608 0.03331095973650614
0 0.4117920398712158 0.6061051487922668 0.024983219802379608 0.03331095973650614
0 0.3217849135398865 0.6100637316703796 0.024983219802379608 0.03331095973650614
0 0.23049888014793396 0.6140785813331604 0.024983219802379608 0.03331095973650614
0 0.7810601592063904 0.6976723670959473 0.024983219802379608 0.03331095973650614
0 0.6908836960792542 0.702423095703125 0.024983219802379608 0.03331095973650614
0 0.5993849635124207 0.7072434425354004 0.024983219802379608 0.03331095973650614
0 0.5065346360206604 0.7121350169181824 0.024983219802379608 0.03331095973650614
0 0.41230258345603943 0.7170994281768799 0.024983219802379608 0.03331095973650614
0 0.3166576623916626 0.7221382260322571 0.024983219802379608 0.03331095973650614
0 0.2195679247379303 0.7272531390190125 0.024983219802379608 0.03331095973650614