0 0.7052639722824097 0.1616276651620865 0.02278650320755939 0.03407327582438787
0 0.6297808885574341 0.1609063446521759 0.02278650320755939 0.03407327582438787
0 0.5538002252578735 0.16018027067184448 0.02278650320755939 0.03407327582438787
0 0.477317214012146 0.15944939851760864 0.02278650320755939 0.03407327582438787
0 0.40032678842544556 0.1587136685848236 0.02278650320755939 0.03407327582438787
0 0.3228238821029663 0.157973051071167 0.02278650320755939 0.03407327582438787
0 0.24480333924293518 0.15722747147083282 0.02278650320755939 0.03407327582438787
0 0.716903567314148 0.24123254418373108 0.02278650320755939 0.03407327582438787
0 0.6386849880218506 0.24075578153133392 0.02278650320755939 0.03407327582438787
0 0.5599319338798523 0.24027575552463531 0.02278650320755939 0.03407327582438787
0 0.4806388318538666 0.23979243636131287 0.02278650320755939 0.03407327582438787
0 0.4008001387119293 0.2393057942390442 0.02278650320755939 0.03407327582438787
0 0.32041019201278687 0.2388157993555069 0.02278650320755939 0.03407327582438787
0 0.23946326971054077 0.2383223921060562 0.02278650320755939 0.03407327582438787
0 0.7294285297393799 0.326892614364624 0.02278650320755939 0.03407327582438787
0 0.6482688784599304 0.32670047879219055 0.02278650320755939 0.03407327582438787
0 0.5665333271026611 0.32650697231292725 0.02278650320755939 0.03407327582438787
0 0.48421576619148254 0.3263120949268341 0.02278650320755939 0.03407327582438787
0 0.4013099670410156 0.32611581683158875 0.02278650320755939 0.03407327582438787
0 0.3178096115589142 0.32591813802719116 0.02278650320755939 0.03407327582438787
0 0.2337082177400589 0.32571902871131897 0.02278650320755939 0.03407327582438787
0 0.7429438233375549 0.4193260669708252 0.02278650320755939 0.03407327582438787
0 0.6586133241653442 0.4194660186767578 0.02278650320755939 0.03407327582438787
0 0.5736605525016785 0.4196070432662964 0.02278650320755939 0.03407327582438787
0 0.4880787134170532 0.41974908113479614 0.02278650320755939 0.03407327582438787
0 0.4018607437610626 0.41989219188690186 0.02278650320755939 0.03407327582438787
0 0.3149995505809784 0.4200363755226135 0.02278650320755939 0.03407327582438787
0 0.22748787701129913 0.42018160223960876 0.02278650320755939 0.03407327582438787
0 0.7575718760490417 0.51936936378479 0.02278650320755939 0.03407327582438787
0 0.6698126196861267 0.519897997379303 0.02278650320755939 0.03407327582438787
0 0.5813790559768677 0.5204307436943054 0.02278650320755939 0.03407327582438787
0 0.4922633469104767 0.5209675431251526 0.02278650320755939 0.03407327582438787
0 0.4024575650691986 0.521508514881134 0.02278650320755939 0.03407327582438787
0 0.31195366382598877 0.5220537185668945 0.02278650320755939 0.03407327582438787
0 0.22074344754219055 0.5226031541824341 0.02278650320755939 0.03407327582438787
0 0.7734558582305908 0.6280025243759155 0.02278650320755939 0.03407327582438787
0 0.681977391242981 0.6289876699447632 0.02278650320755939 0.03407327582438787
0 0.5897656083106995 0.629980742931366 0.02278650320755939 0.03407327582438787
0 0.4968116283416748 0.6309817433357239 0.02278650320755939 0.03407327582438787
0 0.4031064510345459 0.6319908499717712 0.02278650320755939 0.03407327582438787
0 0.3086409270763397 0.6330081820487976 0.02278650320755939 0.03407327582438787
0 0.2134057581424713 0.6340337991714478 0.02278650320755939 0.03407327582438787
0 0.7907648682594299 0.7463816404342651 0.02278650320755939 0.03407327582438787
0 0.6952381134033203 0.7479050755500793 0.02278650320755939 0.03407327582438787
0 0.5989108681678772 0.7494412064552307 0.02278650320755939 0.03407327582438787
0 0.5017731189727783 0.7509903311729431 0.02278650320755939 0.03407327582438787
0 0.40381455421447754 0.7525525093078613 0.02278650320755939 0.03407327582438787
0 0.3050246834754944 0.7541279792785645 0.02278650320755939 0.03407327582438787
0 0.2053929567337036 0.7557168006896973 0.02278650320755939 0.03407327582438787