0 0.7199239730834961 0.22163793444633484 0.03349397579828898 0.03349397579828898
0 0.6466848254203796 0.22137883305549622 0.03349397579828898 0.03349397579828898
0 0.5734743475914001 0.22111982107162476 0.03349397579828898 0.03349397579828898
0 0.5002923607826233 0.22086091339588165 0.03349397579828898 0.03349397579828898
0 0.42713895440101624 0.2206021100282669 0.03349397579828898 0.03349397579828898
0 0.3540140688419342 0.22034341096878052 0.03349397579828898 0.03349397579828898
0 0.2809177041053772 0.22008481621742249 0.03349397579828898 0.03349397579828898
0 0.7283081412315369 0.2723068594932556 0.03349397579828898 0.03349397579828898
0 0.6521071195602417 0.27202698588371277 0.03349397579828898 0.03349397579828898
0 0.575937032699585 0.2717472314834595 0.03349397579828898 0.03349397579828898
0 0.49979785084724426 0.2714675962924957 0.03349397579828898 0.03349397579828898
0 0.4236895740032196 0.27118808031082153 0.03349397579828898 0.03349397579828898
0 0.347612202167511 0.2709086537361145 0.03349397579828898 0.03349397579828898
0 0.27156567573547363 0.2706293761730194 0.03349397579828898 0.03349397579828898
0 0.7373987436294556 0.32724514603614807 0.03349397579828898 0.03349397579828898
0 0.6579861044883728 0.3269418776035309 0.03349397579828898 0.03349397579828898
0 0.5786071419715881 0.32663872838020325 0.03349397579828898 0.03349397579828898
0 0.49926167726516724 0.32633569836616516 0.03349397579828898 0.03349397579828898
0 0.41994979977607727 0.3260327875614166 0.03349397579828898 0.03349397579828898
0 0.34067147970199585 0.32573002576828003 0.03349397579828898 0.03349397579828898
0 0.2614266574382782 0.325427383184433 0.03349397579828898 0.03349397579828898
0 0.7472890019416809 0.3870161175727844 0.03349397579828898 0.03349397579828898
0 0.6643822193145752 0.3866862952709198 0.03349397579828898 0.03349397579828898
0 0.5815119743347168 0.3863566219806671 0.03349397579828898 0.03349397579828898
0 0.49867838621139526 0.38602709770202637 0.03349397579828898 0.03349397579828898
0 0.41588136553764343 0.38569772243499756 0.03349397579828898 0.03349397579828898
0 0.3331209123134613 0.3853684663772583 0.03349397579828898 0.03349397579828898
0 0.2503969371318817 0.385039359331131 0.03349397579828898 0.03349397579828898
0 0.7580893039703369 0.4522867798805237 0.03349397579828898 0.03349397579828898
0 0.6713666319847107 0.45192670822143555 0.03349397579828898 0.03349397579828898
0 0.5846840143203735 0.45156681537628174 0.03349397579828898 0.03349397579828898
0 0.4980414807796478 0.45120707154273987 0.03349397579828898 0.03349397579828898
0 0.411438912153244 0.45084747672080994 0.03349397579828898 0.03349397579828898
0 0.3248763680458069 0.45048806071281433 0.03349397579828898 0.03349397579828898
0 0.23835375905036926 0.45012882351875305 0.03349397579828898 0.03349397579828898
0 0.7699313163757324 0.5238528251647949 0.03349397579828898 0.03349397579828898
0 0.6790245771408081 0.5234580636024475 0.03349397579828898 0.03349397579828898
0 0.5881618857383728 0.5230634808540344 0.03349397579828898 0.03349397579828898
0 0.49734318256378174 0.5226690769195557 0.03349397579828898 0.03349397579828898
0 0.40656840801239014 0.5222748517990112 0.03349397579828898 0.03349397579828898
0 0.3158376216888428 0.5218808650970459 0.03349397579828898 0.03349397579828898
0 0.2251506894826889 0.5214870572090149 0.03349397579828898 0.03349397579828898
0 0.7829733490943909 0.6026711463928223 0.03349397579828898 0.03349397579828898
0 0.687458336353302 0.602236270904541 0.03349397579828898 0.03349397579828898
0 0.5919919610023499 0.6018016934394836 0.03349397579828898 0.03349397579828898
0 0.49657416343688965 0.6013672947883606 0.03349397579828898 0.03349397579828898
0 0.4012048542499542 0.6009331345558167 0.03349397579828898 0.03349397579828898
0 0.30588406324386597 0.6004992127418518 0.03349397579828898 0.03349397579828898
0 0.2106117159128189 0.6000654697418213 0.03349397579828898 0.03349397579828898