0 0.7311088442802429 0.2638905942440033 0.030607265730698902 0.030607265730698902
0 0.6579585671424866 0.26451656222343445 0.030607265730698902 0.030607265730698902
0 0.5851754546165466 0.2651394009590149 0.030607265730698902 0.030607265730698902
0 0.5127567052841187 0.265759140253067 0.030607265730698902 0.030607265730698902
0 0.4406996965408325 0.2663757801055908 0.030607265730698902 0.030607265730698902
0 0.3690016269683838 0.2669893205165863 0.030607265730698902 0.030607265730698902
0 0.29765987396240234 0.26759985089302063 0.030607265730698902 0.030607265730698902
0 0.7375021576881409 0.3293198049068451 0.030607265730698902 0.030607265730698902
0 0.662024974822998 0.3297957479953766 0.030607265730698902 0.030607265730698902
0 0.5869386196136475 0.3302692174911499 0.030607265730698902 0.030607265730698902
0 0.5122400522232056 0.3307402431964874 0.030607265730698902 0.030607265730698902
0 0.43792620301246643 0.33120885491371155 0.030607265730698902 0.030607265730698902
0 0.36399415135383606 0.33167505264282227 0.030607265730698902 0.030607265730698902
0 0.29044094681739807 0.3321388363838196 0.030607265730698902 0.030607265730698902
0 0.7443135380744934 0.39902806282043457 0.030607265730698902 0.030607265730698902
0 0.6663566827774048 0.3993327021598816 0.030607265730698902 0.030607265730698902
0 0.5888165235519409 0.3996357023715973 0.030607265730698902 0.030607265730698902
0 0.5116898417472839 0.39993709325790405 0.030607265730698902 0.030607265730698902
0 0.43497323989868164 0.40023690462112427 0.030607265730698902 0.030607265730698902
0 0.35866349935531616 0.40053510665893555 0.030607265730698902 0.030607265730698902
0 0.28275740146636963 0.4008317291736603 0.030607265730698902 0.030607265730698902
0 0.7515854239463806 0.47344934940338135 0.030607265730698902 0.030607265730698902
0 0.6709803938865662 0.47355806827545166 0.030607265730698902 0.030607265730698902
0 0.5908206701278687 0.4736662209033966 0.030607265730698902 0.030607265730698902
0 0.5111027359962463 0.4737737476825714 0.030607265730698902 0.030607265730698902
0 0.43182283639907837 0.47388067841529846 0.030607265730698902 0.030607265730698902
0 0.3529773950576782 0.47398701310157776 0.030607265730698902 0.030607265730698902
0 0.27456286549568176 0.4740927815437317 0.030607265730698902 0.030607265730698902
0 0.7593662142753601 0.5530783534049988 0.030607265730698902 0.030607265730698902
0 0.675926685333252 0.5529625415802002 0.030607265730698902 0.030607265730698902
0 0.5929642915725708 0.5528474450111389 0.030607265730698902 0.030607265730698902
0 0.5104749202728271 0.5527330040931702 0.030607265730698902 0.030607265730698902
0 0.4284544587135315 0.5526191592216492 0.030607265730698902 0.030607265730698902
0 0.34689903259277344 0.5525059700012207 0.030607265730698902 0.030607265730698902
0 0.265804648399353 0.5523934364318848 0.030607265730698902 0.030607265730698902
0 0.7677111625671387 0.6384814977645874 0.030607265730698902 0.030607265730698902
0 0.6812306642532349 0.6381078362464905 0.030607265730698902 0.030607265730698902
0 0.5952624082565308 0.6377363204956055 0.030607265730698902 0.030607265730698902
0 0.5098019242286682 0.6373670697212219 0.030607265730698902 0.030607265730698902
0 0.42484474182128906 0.6369999647140503 0.030607265730698902 0.030607265730698902
0 0.34038639068603516 0.6366350054740906 0.030607265730698902 0.030607265730698902
0 0.2564224898815155 0.6362722516059875 0.030607265730698902 0.030607265730698902
0 0.776684045791626 0.7303104996681213 0.030607265730698902 0.030607265730698902
0 0.6869324445724487 0.7296397686004639 0.030607265730698902 0.030607265730698902
0 0.5977323651313782 0.7289731502532959 0.030607265730698902 0.030607265730698902
0 0.5090788006782532 0.7283106446266174 0.030607265730698902 0.030607265730698902
0 0.4209667146205902 0.7276521325111389 0.030607265730698902 0.030607265730698902
0 0.3333911895751953 0.7269976735115051 0.030607265730698902 0.030607265730698902
0 0.24634727835655212 0.7263472080230713 0.030607265730698902 0.030607265730698902