0 0.30456987023353577 0.3761024475097656 0.019797634333372116 0.026396845777829487
0 0.29915496706962585 0.4394306242465973 0.019797634333372116 0.026396845777829487
0 0.2934061884880066 0.5066637992858887 0.019797634333372116 0.026396845777829487
0 0.28729161620140076 0.5781745314598083 0.019797634333372116 0.026396845777829487
0 0.280775249004364 0.6543846130371094 0.019797634333372116 0.026396845777829487
0 0.27381613850593567 0.735772967338562 0.019797634333372116 0.026396845777829487
0 0.26636752486228943 0.8228858113288879 0.019797634333372116 0.026396845777829487
0 0.3677937090396881 0.37707144021987915 0.019797634333372116 0.026396845777829487
0 0.3642711341381073 0.44040432572364807 0.019797634333372116 0.026396845777829487
0 0.36053141951560974 0.5076408982276917 0.019797634333372116 0.026396845777829487
0 0.3565538823604584 0.5791535973548889 0.019797634333372116 0.026396845777829487
0 0.3523150682449341 0.6553637385368347 0.019797634333372116 0.026396845777829487
0 0.34778836369514465 0.7367498874664307 0.019797634333372116 0.026396845777829487
0 0.342943400144577 0.823857843875885 0.019797634333372116 0.026396845777829487
0 0.4309704899787903 0.37803971767425537 0.019797634333372116 0.026396845777829487
0 0.42933738231658936 0.44137728214263916 0.019797634333372116 0.026396845777829487
0 0.4276036322116852 0.5086172819137573 0.019797634333372116 0.026396845777829487
0 0.4257596731185913 0.5801318883895874 0.019797634333372116 0.026396845777829487
0 0.42379462718963623 0.656342089176178 0.019797634333372116 0.026396845777829487
0 0.42169618606567383 0.7377259731292725 0.019797634333372116 0.026396845777829487
0 0.4194502830505371 0.8248290419578552 0.019797634333372116 0.026396845777829487
0 0.49410030245780945 0.3790072798728943 0.019797634333372116 0.026396845777829487
0 0.4943538010120392 0.44234949350357056 0.019797634333372116 0.026396845777829487
0 0.4946228861808777 0.5095928907394409 0.019797634333372116 0.026396845777829487
0 0.4949090778827667 0.581109344959259 0.019797634333372116 0.026396845777829487
0 0.4952140748500824 0.6573195457458496 0.019797634333372116 0.026396845777829487
0 0.49553975462913513 0.7387012243270874 0.019797634333372116 0.026396845777829487
0 0.49588829278945923 0.825799286365509 0.019797634333372116 0.026396845777829487
0 0.5571832060813904 0.3799741268157959 0.019797634333372116 0.026396845777829487
0 0.5593204498291016 0.4433209300041199 0.019797634333372116 0.026396845777829487
0 0.561589241027832 0.5105677247047424 0.019797634333372116 0.026396845777829487
0 0.5640022158622742 0.5820860266685486 0.019797634333372116 0.026396845777829487
0 0.566573441028595 0.6582962274551392 0.019797634333372116 0.026396845777829487
0 0.5693190693855286 0.7396756410598755 0.019797634333372116 0.026396845777829487
0 0.5722575187683105 0.826768696308136 0.019797634333372116 0.026396845777829487
0 0.6202191710472107 0.3809402287006378 0.019797634333372116 0.026396845777829487
0 0.6242373585700989 0.4442916512489319 0.019797634333372116 0.026396845777829487
0 0.6285027861595154 0.5115417838096619 0.019797634333372116 0.026396845777829487
0 0.6330390572547913 0.5830618739128113 0.019797634333372116 0.026396845777829487
0 0.6378728151321411 0.6592720150947571 0.019797634333372116 0.026396845777829487
0 0.6430342793464661 0.7406491637229919 0.019797634333372116 0.026396845777829487
0 0.6485579609870911 0.8277372121810913 0.019797634333372116 0.026396845777829487
0 0.6832083463668823 0.3819056451320648 0.019797634333372116 0.026396845777829487
0 0.6891045570373535 0.4452616274356842 0.019797634333372116 0.026396845777829487
0 0.6953635215759277 0.5125150680541992 0.019797634333372116 0.026396845777829487
0 0.7020197510719299 0.5840370059013367 0.019797634333372116 0.026396845777829487
0 0.709112286567688 0.6602470874786377 0.019797634333372116 0.026396845777829487
0 0.71668541431427 0.7416219115257263 0.019797634333372116 0.026396845777829487
0 0.7247898578643799 0.8287048935890198 0.019797634333372116 0.026396845777829487