0 0.7029131054878235 0.19066783785820007 0.02512170933187008 0.03349561244249344
0 0.6349678635597229 0.19017700850963593 0.02512170933187008 0.03349561244249344
0 0.5669542551040649 0.1896856725215912 0.02512170933187008 0.03349561244249344
0 0.4988722801208496 0.18919385969638824 0.02512170933187008 0.03349561244249344
0 0.43072178959846497 0.1887015402317047 0.02512170933187008 0.03349561244249344
0 0.36250266432762146 0.18820872902870178 0.02512170933187008 0.03349561244249344
0 0.2942148447036743 0.18771542608737946 0.02512170933187008 0.03349561244249344
0 0.7125958204269409 0.25582075119018555 0.02512170933187008 0.03349561244249344
0 0.6413816213607788 0.255340576171875 0.02512170933187008 0.03349561244249344
0 0.5700923800468445 0.25485992431640625 0.02512170933187008 0.03349561244249344
0 0.498727947473526 0.2543787360191345 0.02512170933187008 0.03349561244249344
0 0.4272882342338562 0.2538970410823822 0.02512170933187008 0.03349561244249344
0 0.35577312111854553 0.2534148395061493 0.02512170933187008 0.03349561244249344
0 0.28418248891830444 0.2529321312904358 0.02512170933187008 0.03349561244249344
0 0.7232584357261658 0.32756689190864563 0.02512170933187008 0.03349561244249344
0 0.6484447717666626 0.3271021246910095 0.02512170933187008 0.03349561244249344
0 0.5735483765602112 0.32663682103157043 0.02512170933187008 0.03349561244249344
0 0.49856895208358765 0.32617098093032837 0.02512170933187008 0.03349561244249344
0 0.4235064387321472 0.3257046639919281 0.02512170933187008 0.03349561244249344
0 0.34836068749427795 0.32523781061172485 0.02512170933187008 0.03349561244249344
0 0.2731315493583679 0.324770450592041 0.02512170933187008 0.03349561244249344
0 0.7350574731826782 0.4069603979587555 0.02512170933187008 0.03349561244249344
0 0.6562612652778625 0.4065170884132385 0.02512170933187008 0.03349561244249344
0 0.5773731470108032 0.40607327222824097 0.02512170933187008 0.03349561244249344
0 0.4983929991722107 0.40562891960144043 0.02512170933187008 0.03349561244249344
0 0.41932061314582825 0.4051840603351593 0.02512170933187008 0.03349561244249344
0 0.34015586972236633 0.4047386944293976 0.02512170933187008 0.03349561244249344
0 0.26089856028556824 0.4042927920818329 0.02512170933187008 0.03349561244249344
0 0.7481850385665894 0.4952927827835083 0.02512170933187008 0.03349561244249344
0 0.6649583578109741 0.494878888130188 0.02512170933187008 0.03349561244249344
0 0.5816290974617004 0.4944644570350647 0.02512170933187008 0.03349561244249344
0 0.49819719791412354 0.4940495491027832 0.02512170933187008 0.03349561244249344
0 0.41466233134269714 0.49363410472869873 0.02512170933187008 0.03349561244249344
0 0.3310244083404541 0.49321815371513367 0.02512170933187008 0.03349561244249344
0 0.2472831755876541 0.492801696062088 0.02512170933187008 0.03349561244249344
0 0.7628787159919739 0.594163715839386 0.02512170933187008 0.03349561244249344
0 0.6746937036514282 0.5937896370887756 0.02512170933187008 0.03349561244249344
0 0.5863935351371765 0.5934150218963623 0.02512170933187008 0.03349561244249344
0 0.49797797203063965 0.5930399298667908 0.02512170933187008 0.03349561244249344
0 0.4094468653202057 0.592664361000061 0.02512170933187008 0.03349561244249344
0 0.32079994678497314 0.5922882556915283 0.02512170933187008 0.03349561244249344
0 0.2320369929075241 0.5919117331504822 0.02512170933187008 0.03349561244249344
0 0.7794367074966431 0.7055788636207581 0.02512170933187008 0.03349561244249344
0 0.6856650710105896 0.7052582502365112 0.02512170933187008 0.03349561244249344
0 0.5917631983757019 0.7049372792243958 0.02512170933187008 0.03349561244249344
0 0.49773088097572327 0.7046158313751221 0.02512170933187008 0.03349561244249344
0 0.4035678207874298 0.7042939066886902 0.02512170933187008 0.03349561244249344
0 0.30927374958992004 0.7039715647697449 0.02512170933187008 0.03349561244249344
0 0.21484839916229248 0.7036487460136414 0.02512170933187008 0.03349561244249344