0 0.711262047290802 0.16737276315689087 0.022771585375691458 0.03405096878608068
0 0.6353493928909302 0.16636991500854492 0.022771585375691458 0.03405096878608068
0 0.5589892864227295 0.16536115109920502 0.022771585375691458 0.03405096878608068
0 0.4821777641773224 0.16434642672538757 0.022771585375691458 0.03405096878608068
0 0.4049108922481537 0.163325697183609 0.022771585375691458 0.03405096878608068
0 0.3271845281124115 0.16229887306690216 0.022771585375691458 0.03405096878608068
0 0.24899457395076752 0.16126593947410583 0.022771585375691458 0.03405096878608068
0 0.7225737571716309 0.2478170543909073 0.022771585375691458 0.03405096878608068
0 0.6439443230628967 0.24702279269695282 0.022771585375691458 0.03405096878608068
0 0.5648345947265625 0.24622368812561035 0.022771585375691458 0.03405096878608068
0 0.4852401614189148 0.2454196661710739 0.022771585375691458 0.03405096878608068
0 0.40515658259391785 0.2446107268333435 0.022771585375691458 0.03405096878608068
0 0.32457929849624634 0.24379679560661316 0.022771585375691458 0.03405096878608068
0 0.24350374937057495 0.2429778277873993 0.022771585375691458 0.03405096878608068
0 0.734733521938324 0.3342924416065216 0.022771585375691458 0.03405096878608068
0 0.6531856656074524 0.33374151587486267 0.022771585375691458 0.03405096878608068
0 0.5711209177970886 0.3331871032714844 0.022771585375691458 0.03405096878608068
0 0.4885343313217163 0.33262914419174194 0.022771585375691458 0.03405096878608068
0 0.4054209291934967 0.3320676386356354 0.022771585375691458 0.03405096878608068
0 0.3217756152153015 0.3315025568008423 0.022771585375691458 0.03405096878608068
0 0.23759333789348602 0.3309338092803955 0.022771585375691458 0.03405096878608068
0 0.7478404641151428 0.4275035858154297 0.022771585375691458 0.03405096878608068
0 0.6631492376327515 0.4272371232509613 0.022771585375691458 0.03405096878608068
0 0.5779001116752625 0.42696890234947205 0.022771585375691458 0.03405096878608068
0 0.49208763241767883 0.4266988933086395 0.022771585375691458 0.03405096878608068
0 0.40570613741874695 0.42642712593078613 0.022771585375691458 0.03405096878608068
0 0.31874993443489075 0.4261535108089447 0.022771585375691458 0.03405096878608068
0 0.23121333122253418 0.42587810754776 0.022771585375691458 0.03405096878608068
0 0.7620096802711487 0.5282694101333618 0.022771585375691458 0.03405096878608068
0 0.6739230751991272 0.5283363461494446 0.022771585375691458 0.03405096878608068
0 0.5852325558662415 0.5284036993980408 0.022771585375691458 0.03405096878608068
0 0.4959318935871124 0.5284715890884399 0.022771585375691458 0.03405096878608068
0 0.4060147702693939 0.5285398960113525 0.022771585375691458 0.03405096878608068
0 0.3154747784137726 0.5286086797714233 0.022771585375691458 0.03405096878608068
0 0.2243054360151291 0.5286779999732971 0.022771585375691458 0.03405096878608068
0 0.7773758172988892 0.6375470757484436 0.022771585375691458 0.03405096878608068
0 0.685610294342041 0.6380059719085693 0.022771585375691458 0.03405096878608068
0 0.5931888222694397 0.6384681463241577 0.022771585375691458 0.03405096878608068
0 0.5001043677330017 0.6389336585998535 0.022771585375691458 0.03405096878608068
0 0.40634986758232117 0.6394025683403015 0.022771585375691458 0.03405096878608068
0 0.3119179606437683 0.6398748159408569 0.022771585375691458 0.03405096878608068
0 0.21680134534835815 0.6403504610061646 0.022771585375691458 0.03405096878608068
0 0.7940972447395325 0.7564627528190613 0.022771585375691458 0.03405096878608068
0 0.6983320713043213 0.757384181022644 0.022771585375691458 0.03405096878608068
0 0.6018519997596741 0.758312463760376 0.022771585375691458 0.03405096878608068
0 0.5046490430831909 0.7592477202415466 0.022771585375691458 0.03405096878608068
0 0.4067149758338928 0.7601900100708008 0.022771585375691458 0.03405096878608068
0 0.3080415427684784 0.761139452457428 0.022771585375691458 0.03405096878608068
0 0.2086203545331955 0.7620960474014282 0.022771585375691458 0.03405096878608068