0 0.24173319339752197 0.7318161129951477 0.02960932006438573 0.02960932006438573
0 0.32653817534446716 0.7307615876197815 0.02960932006438573 0.02960932006438573
0 0.4115278422832489 0.7297047972679138 0.02960932006438573 0.02960932006438573
0 0.49670282006263733 0.7286456823348999 0.02960932006438573 0.02960932006438573
0 0.5820636749267578 0.7275843024253845 0.02960932006438573 0.02960932006438573
0 0.6676111221313477 0.7265205979347229 0.02960932006438573 0.02960932006438573
0 0.7533456087112427 0.7254545092582703 0.02960932006438573 0.02960932006438573
0 0.25087594985961914 0.645446240901947 0.02960932006438573 0.02960932006438573
0 0.33243635296821594 0.6443418264389038 0.02960932006438573 0.02960932006438573
0 0.4141675531864166 0.6432351469993591 0.02960932006438573 0.02960932006438573
0 0.49607011675834656 0.6421261429786682 0.02960932006438573 0.02960932006438573
0 0.5781445503234863 0.641014814376831 0.02960932006438573 0.02960932006438573
0 0.6603913903236389 0.6399011611938477 0.02960932006438573 0.02960932006438573
0 0.7428112626075745 0.6387851238250732 0.02960932006438573 0.02960932006438573
0 0.2593436539173126 0.5654533505439758 0.02960932006438573 0.02960932006438573
0 0.3378986120223999 0.5643091797828674 0.02960932006438573 0.02960932006438573
0 0.41661199927330017 0.5631627440452576 0.02960932006438573 0.02960932006438573
0 0.49548426270484924 0.5620139837265015 0.02960932006438573 0.02960932006438573
0 0.5745159387588501 0.5608628988265991 0.02960932006438573 0.02960932006438573
0 0.6537075042724609 0.5597094893455505 0.02960932006438573 0.02960932006438573
0 0.7330593466758728 0.5585536956787109 0.02960932006438573 0.02960932006438573
0 0.26720842719078064 0.49115636944770813 0.02960932006438573 0.02960932006438573
0 0.3429715633392334 0.4899808168411255 0.02960932006438573 0.02960932006438573
0 0.41888201236724854 0.4888029992580414 0.02960932006438573 0.02960932006438573
0 0.49494025111198425 0.48762285709381104 0.02960932006438573 0.02960932006438573
0 0.5711467266082764 0.48644042015075684 0.02960932006438573 0.02960932006438573
0 0.6475017666816711 0.4852556884288788 0.02960932006438573 0.02960932006438573
0 0.724005937576294 0.4840686619281769 0.02960932006438573 0.02960932006438573
0 0.2745324671268463 0.42196783423423767 0.02960932006438573 0.02960932006438573
0 0.34769538044929504 0.4207678437232971 0.02960932006438573 0.02960932006438573
0 0.42099568247795105 0.4195655882358551 0.02960932006438573 0.02960932006438573
0 0.49443376064300537 0.4183610677719116 0.02960932006438573 0.02960932006438573
0 0.5680100321769714 0.41715431213378906 0.02960932006438573 0.02960932006438573
0 0.6417248249053955 0.41594526171684265 0.02960932006438573 0.02960932006438573
0 0.715578556060791 0.4147339165210724 0.02960932006438573 0.02960932006438573
0 0.2813696265220642 0.35737839341163635 0.02960932006438573 0.02960932006438573
0 0.35210490226745605 0.3561597466468811 0.02960932006438573 0.02960932006438573
0 0.4229685962200165 0.35493889451026917 0.02960932006438573 0.02960932006438573
0 0.49396100640296936 0.35371580719947815 0.02960932006438573 0.02960932006438573
0 0.5650825500488281 0.35249051451683044 0.02960932006438573 0.02960932006438573
0 0.6363335847854614 0.35126298666000366 0.02960932006438573 0.02960932006438573
0 0.7077143788337708 0.3500331938266754 0.02960932006438573 0.02960932006438573
0 0.2877669334411621 0.296944260597229 0.02960932006438573 0.02960932006438573
0 0.3562304973602295 0.29571178555488586 0.02960932006438573 0.02960932006438573
0 0.4248143434524536 0.2944771647453308 0.02960932006438573 0.02960932006438573
0 0.49351876974105835 0.29324036836624146 0.02960932006438573 0.02960932006438573
0 0.5623441338539124 0.2920014262199402 0.02960932006438573 0.02960932006438573
0 0.6312906742095947 0.2907602787017822 0.02960932006438573 0.02960932006438573
0 0.7003588080406189 0.2895169258117676 0.02960932006438573 0.02960932006438573