0 0.7102751731872559 0.18128548562526703 0.025372793897986412 0.03383039186398188
0 0.6409744024276733 0.17986425757408142 0.025372793897986412 0.03383039186398188
0 0.5719130635261536 0.1784479320049286 0.025372793897986412 0.03383039186398188
0 0.503089964389801 0.17703649401664734 0.025372793897986412 0.03383039186398188
0 0.4345039427280426 0.17562991380691528 0.025372793897986412 0.03383039186398188
0 0.36615365743637085 0.17422816157341003 0.025372793897986412 0.03383039186398188
0 0.29803797602653503 0.1728312373161316 0.025372793897986412 0.03383039186398188
0 0.7182379364967346 0.24798761308193207 0.025372793897986412 0.03383039186398188
0 0.6455594897270203 0.24637635052204132 0.025372793897986412 0.03383039186398188
0 0.5731443762779236 0.24477092921733856 0.025372793897986412 0.03383039186398188
0 0.5009911060333252 0.2431713044643402 0.025372793897986412 0.03383039186398188
0 0.42909836769104004 0.24157746136188507 0.025372793897986412 0.03383039186398188
0 0.35746467113494873 0.23998935520648956 0.025372793897986412 0.03383039186398188
0 0.2860886752605438 0.2384069710969925 0.025372793897986412 0.03383039186398188
0 0.7270145416259766 0.32150712609291077 0.025372793897986412 0.03383039186398188
0 0.6506123542785645 0.31967344880104065 0.025372793897986412 0.03383039186398188
0 0.5745010375976562 0.31784674525260925 0.025372793897986412 0.03383039186398188
0 0.49867895245552063 0.3160269856452942 0.025372793897986412 0.03383039186398188
0 0.42314451932907104 0.31421414017677307 0.025372793897986412 0.03383039186398188
0 0.3478960394859314 0.3124081492424011 0.025372793897986412 0.03383039186398188
0 0.27293190360069275 0.31060898303985596 0.025372793897986412 0.03383039186398188
0 0.7367364764213562 0.40294548869132996 0.025372793897986412 0.03383039186398188
0 0.656208336353302 0.4008495807647705 0.025372793897986412 0.03383039186398188
0 0.5760031938552856 0.398762047290802 0.025372793897986412 0.03383039186398188
0 0.49611926078796387 0.39668288826942444 0.025372793897986412 0.03383039186398188
0 0.4165544807910919 0.39461204409599304 0.025372793897986412 0.03383039186398188
0 0.33730700612068176 0.39254945516586304 0.025372793897986412 0.03383039186398188
0 0.2583749294281006 0.39049506187438965 0.025372793897986412 0.03383039186398188
0 0.7475651502609253 0.4936549663543701 0.025372793897986412 0.03383039186398188
0 0.6624400019645691 0.491247296333313 0.025372793897986412 0.03383039186398188
0 0.5776757001876831 0.48884984850883484 0.025372793897986412 0.03383039186398188
0 0.49326997995376587 0.4864625632762909 0.025372793897986412 0.03383039186398188
0 0.4092205762863159 0.4840853214263916 0.025372793897986412 0.03383039186398188
0 0.3255252242088318 0.48171812295913696 0.025372793897986412 0.03383039186398188
0 0.2421816736459732 0.4793608486652374 0.025372793897986412 0.03383039186398188
0 0.7597010135650635 0.5953142046928406 0.025372793897986412 0.03383039186398188
0 0.6694222688674927 0.5925326347351074 0.025372793897986412 0.03383039186398188
0 0.5795491933822632 0.5897635221481323 0.025372793897986412 0.03383039186398188
0 0.4900791049003601 0.5870068669319153 0.025372793897986412 0.03383039186398188
0 0.40100929141044617 0.5842625498771667 0.025372793897986412 0.03383039186398188
0 0.31233707070350647 0.5815304517745972 0.025372793897986412 0.03383039186398188
0 0.2240598052740097 0.5788105726242065 0.025372793897986412 0.03383039186398188
0 0.7733959555625916 0.7100332975387573 0.025372793897986412 0.03383039186398188
0 0.6772993206977844 0.7067985534667969 0.025372793897986412 0.03383039186398188
0 0.5816621780395508 0.703579306602478 0.025372793897986412 0.03383039186398188
0 0.4864812195301056 0.7003753781318665 0.025372793897986412 0.03383039186398188
0 0.3917531669139862 0.6971867084503174 0.025372793897986412 0.03383039186398188
0 0.29747480154037476 0.6940131783485413 0.025372793897986412 0.03383039186398188
0 0.20364294946193695 0.6908547282218933 0.025372793897986412 0.03383039186398188