0 0.27181845903396606 0.27159154415130615 0.035844976703325905 0.035844976703325905
0 0.2625355124473572 0.33191829919815063 0.035844976703325905 0.035844976703325905
0 0.2525108754634857 0.3970649242401123 0.035844976703325905 0.035844976703325905
0 0.2416520118713379 0.46763306856155396 0.035844976703325905 0.035844976703325905
0 0.22985021770000458 0.5443289279937744 0.035844976703325905 0.035844976703325905
0 0.2169771045446396 0.6279868483543396 0.035844976703325905 0.035844976703325905
0 0.2028798907995224 0.7195998430252075 0.035844976703325905 0.035844976703325905
0 0.3515075147151947 0.27159154415130615 0.035844976703325905 0.035844976703325905
0 0.34528568387031555 0.33191829919815063 0.035844976703325905 0.035844976703325905
0 0.33856678009033203 0.3970649242401123 0.035844976703325905 0.035844976703325905
0 0.3312886953353882 0.46763306856155396 0.035844976703325905 0.035844976703325905
0 0.32337865233421326 0.5443289279937744 0.035844976703325905 0.035844976703325905
0 0.3147505521774292 0.6279868483543396 0.035844976703325905 0.035844976703325905
0 0.3053020238876343 0.7195998430252075 0.035844976703325905 0.035844976703325905
0 0.43119654059410095 0.27159154415130615 0.035844976703325905 0.035844976703325905
0 0.4280358552932739 0.33191829919815063 0.035844976703325905 0.035844976703325905
0 0.42462265491485596 0.3970649242401123 0.035844976703325905 0.035844976703325905
0 0.4209253787994385 0.46763306856155396 0.035844976703325905 0.035844976703325905
0 0.41690707206726074 0.5443289279937744 0.035844976703325905 0.035844976703325905
0 0.41252401471138 0.6279868483543396 0.035844976703325905 0.035844976703325905
0 0.40772417187690735 0.7195998430252075 0.035844976703325905 0.035844976703325905
0 0.5108855962753296 0.27159154415130615 0.035844976703325905 0.035844976703325905
0 0.5107860565185547 0.33191829919815063 0.035844976703325905 0.035844976703325905
0 0.5106785297393799 0.3970649242401123 0.035844976703325905 0.035844976703325905
0 0.5105620622634888 0.46763306856155396 0.035844976703325905 0.035844976703325905
0 0.5104355216026306 0.5443289279937744 0.035844976703325905 0.035844976703325905
0 0.5102974772453308 0.6279868483543396 0.035844976703325905 0.035844976703325905
0 0.5101463198661804 0.7195998430252075 0.035844976703325905 0.035844976703325905
0 0.5905746221542358 0.27159154415130615 0.035844976703325905 0.035844976703325905
0 0.5935361981391907 0.33191829919815063 0.035844976703325905 0.035844976703325905
0 0.5967344045639038 0.3970649242401123 0.035844976703325905 0.035844976703325905
0 0.6001987457275391 0.46763306856155396 0.035844976703325905 0.035844976703325905
0 0.6039639711380005 0.5443289279937744 0.035844976703325905 0.035844976703325905
0 0.6080709099769592 0.6279868483543396 0.035844976703325905 0.035844976703325905
0 0.6125684380531311 0.7195998430252075 0.035844976703325905 0.035844976703325905
0 0.6702636480331421 0.27159154415130615 0.035844976703325905 0.035844976703325905
0 0.6762863993644714 0.33191829919815063 0.035844976703325905 0.035844976703325905
0 0.6827902793884277 0.3970649242401123 0.035844976703325905 0.035844976703325905
0 0.6898354887962341 0.46763306856155396 0.035844976703325905 0.035844976703325905
0 0.6974924206733704 0.5443289279937744 0.035844976703325905 0.035844976703325905
0 0.7058444023132324 0.6279868483543396 0.035844976703325905 0.035844976703325905
0 0.7149905562400818 0.7195998430252075 0.035844976703325905 0.035844976703325905
0 0.7499527335166931 0.27159154415130615 0.035844976703325905 0.035844976703325905
0 0.7590365409851074 0.33191829919815063 0.035844976703325905 0.035844976703325905
0 0.7688461542129517 0.3970649242401123 0.035844976703325905 0.035844976703325905
0 0.7794721722602844 0.46763306856155396 0.035844976703325905 0.035844976703325905
0 0.7910208106040955 0.5443289279937744 0.035844976703325905 0.035844976703325905
0 0.8036178350448608 0.6279868483543396 0.035844976703325905 0.035844976703325905
0 0.8174126744270325 0.7195998430252075 0.035844976703325905 0.035844976703325905