0 0.3065182864665985 0.3751974105834961 0.019617272540926933 0.026156363387902577
0 0.3010964095592499 0.4391508102416992 0.019617272540926933 0.026156363387902577
0 0.29535871744155884 0.5068292617797852 0.019617272540926933 0.026156363387902577
0 0.2892768085002899 0.5785679817199707 0.019617272540926933 0.026156363387902577
0 0.2828187346458435 0.6547436118125916 0.019617272540926933 0.026156363387902577
0 0.27594852447509766 0.7357810139656067 0.019617272540926933 0.026156363387902577
0 0.2686253488063812 0.8221608400344849 0.019617272540926933 0.026156363387902577
0 0.37014293670654297 0.37639060616493225 0.019617272540926933 0.026156363387902577
0 0.36652442812919617 0.44032737612724304 0.019617272540926933 0.026156363387902577
0 0.3626953065395355 0.5079852342605591 0.019617272540926933 0.026156363387902577
0 0.35863667726516724 0.5796986818313599 0.019617272540926933 0.026156363387902577
0 0.3543272316455841 0.6558436751365662 0.019617272540926933 0.026156363387902577
0 0.34974297881126404 0.7368441820144653 0.019617272540926933 0.026156363387902577
0 0.34485679864883423 0.8231797814369202 0.019617272540926933 0.026156363387902577
0 0.43367019295692444 0.37758198380470276 0.019617272540926933 0.026156363387902577
0 0.4318494498729706 0.44150209426879883 0.019617272540926933 0.026156363387902577
0 0.42992281913757324 0.5091392993927002 0.019617272540926933 0.026156363387902577
0 0.42788082361221313 0.5808274745941162 0.019617272540926933 0.026156363387902577
0 0.4257127046585083 0.6569418907165527 0.019617272540926933 0.026156363387902577
0 0.4234065115451813 0.7379054427146912 0.019617272540926933 0.026156363387902577
0 0.42094850540161133 0.8241968154907227 0.019617272540926933 0.026156363387902577
0 0.49710026383399963 0.3787715435028076 0.019617272540926933 0.026156363387902577
0 0.4970717132091522 0.4426749646663666 0.019617272540926933 0.026156363387902577
0 0.4970415234565735 0.5102914571762085 0.019617272540926933 0.026156363387902577
0 0.4970095157623291 0.5819544196128845 0.019617272540926933 0.026156363387902577
0 0.49697554111480713 0.6580381393432617 0.019617272540926933 0.026156363387902577
0 0.49693939089775085 0.7389647960662842 0.019617272540926933 0.026156363387902577
0 0.49690085649490356 0.8252120018005371 0.019617272540926933 0.026156363387902577
0 0.5604333877563477 0.3799592852592468 0.019617272540926933 0.026156363387902577
0 0.5621914863586426 0.4438459873199463 0.019617272540926933 0.026156363387902577
0 0.5640516877174377 0.5114418268203735 0.019617272540926933 0.026156363387902577
0 0.566023051738739 0.58307945728302 0.019617272540926933 0.026156363387902577
0 0.5681160092353821 0.6591325402259827 0.019617272540926933 0.026156363387902577
0 0.5703420042991638 0.7400223016738892 0.019617272540926933 0.026156363387902577
0 0.5727142095565796 0.8262253403663635 0.019617272540926933 0.026156363387902577
0 0.6236697435379028 0.3811452090740204 0.019617272540926933 0.026156363387902577
0 0.627208948135376 0.44501519203186035 0.019617272540926933 0.026156363387902577
0 0.6309534907341003 0.5125902891159058 0.019617272540926933 0.026156363387902577
0 0.6349217295646667 0.5842026472091675 0.019617272540926933 0.026156363387902577
0 0.639134407043457 0.6602250933647156 0.019617272540926933 0.026156363387902577
0 0.6436147093772888 0.7410779595375061 0.019617272540926933 0.026156363387902577
0 0.6483889818191528 0.8272368311882019 0.019617272540926933 0.026156363387902577
0 0.6868095993995667 0.3823293447494507 0.019617272540926933 0.026156363387902577
0 0.6921244263648987 0.4461825489997864 0.019617272540926933 0.026156363387902577
0 0.6977473497390747 0.51373690366745 0.019617272540926933 0.026156363387902577
0 0.7037058472633362 0.5853239297866821 0.019617272540926933 0.026156363387902577
0 0.7100310325622559 0.6613157391548157 0.019617272540926933 0.026156363387902577
0 0.7167577743530273 0.742131769657135 0.019617272540926933 0.026156363387902577
0 0.7239255309104919 0.8282464742660522 0.019617272540926933 0.026156363387902577