0 0.7041776180267334 0.18402455747127533 0.024657683447003365 0.03287691126267115
0 0.6377679109573364 0.18556317687034607 0.024657683447003365 0.03287691126267115
0 0.5714355111122131 0.18709999322891235 0.024657683447003365 0.03287691126267115
0 0.5051803588867188 0.18863500654697418 0.024657683447003365 0.03287691126267115
0 0.43900230526924133 0.19016824662685394 0.024657683447003365 0.03287691126267115
0 0.37290117144584656 0.19169971346855164 0.024657683447003365 0.03287691126267115
0 0.3068768382072449 0.19322939217090607 0.024657683447003365 0.03287691126267115
0 0.7153701186180115 0.24639804661273956 0.024657683447003365 0.03287691126267115
0 0.6456801295280457 0.24797436594963074 0.024657683447003365 0.03287691126267115
0 0.5760753750801086 0.2495487481355667 0.024657683447003365 0.03287691126267115
0 0.5065555572509766 0.2511212229728699 0.024657683447003365 0.03287691126267115
0 0.43712061643600464 0.25269177556037903 0.024657683447003365 0.03287691126267115
0 0.36777037382125854 0.254260390996933 0.024657683447003365 0.03287691126267115
0 0.29850465059280396 0.2558270990848541 0.024657683447003365 0.03287691126267115
0 0.727724015712738 0.3152434527873993 0.024657683447003365 0.03287691126267115
0 0.6544128656387329 0.3168572187423706 0.024657683447003365 0.03287691126267115
0 0.5811960101127625 0.3184688985347748 0.024657683447003365 0.03287691126267115
0 0.5080731511116028 0.3200785219669342 0.024657683447003365 0.03287691126267115
0 0.43504419922828674 0.3216860890388489 0.024657683447003365 0.03287691126267115
0 0.36210891604423523 0.3232915699481964 0.024657683447003365 0.03287691126267115
0 0.2892671525478363 0.3248949944972992 0.024657683447003365 0.03287691126267115
0 0.74142986536026 0.3916231393814087 0.024657683447003365 0.03287691126267115
0 0.6641006469726562 0.39327332377433777 0.024657683447003365 0.03287691126267115
0 0.5868762731552124 0.39492130279541016 0.024657683447003365 0.03287691126267115
0 0.5097565054893494 0.39656704664230347 0.024657683447003365 0.03287691126267115
0 0.4327411353588104 0.3982105553150177 0.024657683447003365 0.03287691126267115
0 0.35582998394966125 0.39985182881355286 0.024657683447003365 0.03287691126267115
0 0.27902278304100037 0.4014908969402313 0.024657683447003365 0.03287691126267115
0 0.7567224502563477 0.47684553265571594 0.024657683447003365 0.03287691126267115
0 0.6749091744422913 0.47853004932403564 0.024657683447003365 0.03287691126267115
0 0.5932132005691528 0.48021215200424194 0.024657683447003365 0.03287691126267115
0 0.511634349822998 0.48189184069633484 0.024657683447003365 0.03287691126267115
0 0.43017223477363586 0.48356911540031433 0.024657683447003365 0.03287691126267115
0 0.34882670640945435 0.4852440059185028 0.024657683447003365 0.03287691126267115
0 0.267597496509552 0.48691651225090027 0.024657683447003365 0.03287691126267115
0 0.7738943099975586 0.5725405812263489 0.024657683447003365 0.03287691126267115
0 0.6870449185371399 0.574255645275116 0.024657683447003365 0.03287691126267115
0 0.600327730178833 0.5759681463241577 0.024657683447003365 0.03287691126267115
0 0.5137423872947693 0.5776779651641846 0.024657683447003365 0.03287691126267115
0 0.42728859186172485 0.5793852210044861 0.024657683447003365 0.03287691126267115
0 0.3409661054611206 0.5810899138450623 0.024657683447003365 0.03287691126267115
0 0.2547745704650879 0.5827919840812683 0.024657683447003365 0.03287691126267115
0 0.793314516544342 0.6807651519775391 0.024657683447003365 0.03287691126267115
0 0.7007683515548706 0.6825045943260193 0.024657683447003365 0.03287691126267115
0 0.6083722114562988 0.6842412352561951 0.024657683447003365 0.03287691126267115
0 0.5161257386207581 0.6859750747680664 0.024657683447003365 0.03287691126267115
0 0.424028605222702 0.6877060532569885 0.024657683447003365 0.03287691126267115
0 0.3320804536342621 0.689434289932251 0.024657683447003365 0.03287691126267115
0 0.2402808666229248 0.6911596655845642 0.024657683447003365 0.03287691126267115