0 0.7033202052116394 0.19276784360408783 0.025074927136301994 0.03343323618173599
0 0.6357786059379578 0.1932348906993866 0.025074927136301994 0.03343323618173599
0 0.5683706998825073 0.19370101392269135 0.025074927136301994 0.03343323618173599
0 0.5010960698127747 0.19416622817516327 0.025074927136301994 0.03343323618173599
0 0.4339543879032135 0.19463050365447998 0.025074927136301994 0.03343323618173599
0 0.36694514751434326 0.19509388506412506 0.025074927136301994 0.03343323618173599
0 0.30006805062294006 0.19555634260177612 0.025074927136301994 0.03343323618173599
0 0.7131558060646057 0.2571093440055847 0.025074927136301994 0.03343323618173599
0 0.6422562599182129 0.25753265619277954 0.025074927136301994 0.03343323618173599
0 0.5715039372444153 0.25795507431030273 0.025074927136301994 0.03343323618173599
0 0.5008984804153442 0.2583766281604767 0.025074927136301994 0.03343323618173599
0 0.43043941259384155 0.258797287940979 0.025074927136301994 0.03343323618173599
0 0.36012622714042664 0.2592170834541321 0.025074927136301994 0.03343323618173599
0 0.28995850682258606 0.2596360146999359 0.025074927136301994 0.03343323618173599
0 0.724018394947052 0.3281690776348114 0.025074927136301994 0.03343323618173599
0 0.6494094729423523 0.328536719083786 0.025074927136301994 0.03343323618173599
0 0.5749636292457581 0.32890355587005615 0.025074927136301994 0.03343323618173599
0 0.5006803274154663 0.3292696177959442 0.025074927136301994 0.03343323618173599
0 0.4265590310096741 0.3296348452568054 0.025074927136301994 0.03343323618173599
0 0.352599173784256 0.32999929785728455 0.025074927136301994 0.03343323618173599
0 0.27880024909973145 0.3303629457950592 0.025074927136301994 0.03343323618173599
0 0.7360776662826538 0.4070572853088379 0.025074927136301994 0.03343323618173599
0 0.6573498845100403 0.40735408663749695 0.025074927136301994 0.03343323618173599
0 0.5788035988807678 0.4076502323150635 0.025074927136301994 0.03343323618173599
0 0.5004382133483887 0.4079456925392151 0.025074927136301994 0.03343323618173599
0 0.4222531020641327 0.4082404673099518 0.025074927136301994 0.03343323618173599
0 0.34424763917922974 0.40853455662727356 0.025074927136301994 0.03343323618173599
0 0.2664211690425873 0.4088279902935028 0.025074927136301994 0.03343323618173599
0 0.7495429515838623 0.49514296650886536 0.025074927136301994 0.03343323618173599
0 0.6662149429321289 0.4953494966030121 0.025074927136301994 0.03343323618173599
0 0.5830901861190796 0.49555549025535583 0.025074927136301994 0.03343323618173599
0 0.500167965888977 0.4957610070705414 0.025074927136301994 0.03343323618173599
0 0.41744762659072876 0.4959660470485687 0.025074927136301994 0.03343323618173599
0 0.33492833375930786 0.4961705505847931 0.025074927136301994 0.03343323618173599
0 0.25260937213897705 0.49637457728385925 0.025074927136301994 0.03343323618173599
0 0.7646753191947937 0.5941342115402222 0.025074927136301994 0.03343323618173599
0 0.6761760711669922 0.5942251682281494 0.025074927136301994 0.03343323618173599
0 0.5879060626029968 0.5943158268928528 0.025074927136301994 0.03343323618173599
0 0.4998644292354584 0.594406247138977 0.025074927136301994 0.03343323618173599
0 0.4120502471923828 0.594496488571167 0.025074927136301994 0.03343323618173599
0 0.3244626522064209 0.5945864319801331 0.025074927136301994 0.03343323618173599
0 0.2371007800102234 0.5946761965751648 0.025074927136301994 0.03343323618173599
0 0.7818048000335693 0.7061899900436401 0.025074927136301994 0.03343323618173599
0 0.6874500513076782 0.7061319947242737 0.025074927136301994 0.03343323618173599
0 0.5933557748794556 0.7060741782188416 0.025074927136301994 0.03343323618173599
0 0.4995209574699402 0.706016480922699 0.025074927136301994 0.03343323618173599
0 0.40594446659088135 0.7059589624404907 0.025074927136301994 0.03343323618173599
0 0.31262528896331787 0.7059016227722168 0.025074927136301994 0.03343323618173599
0 0.21956229209899902 0.7058444023132324 0.025074927136301994 0.03343323618173599