0 0.7306140661239624 0.264568030834198 0.033528782427310944 0.033528782427310944
0 0.6556709408760071 0.26390403509140015 0.033528782427310944 0.033528782427310944
0 0.581092119216919 0.2632432281970978 0.033528782427310944 0.033528782427310944
0 0.5068748593330383 0.2625856399536133 0.033528782427310944 0.033528782427310944
0 0.4330165684223175 0.26193124055862427 0.033528782427310944 0.033528782427310944
0 0.35951468348503113 0.26128000020980835 0.033528782427310944 0.033528782427310944
0 0.28636661171913147 0.26063188910484314 0.033528782427310944 0.033528782427310944
0 0.7378854155540466 0.32659706473350525 0.033528782427310944 0.033528782427310944
0 0.6599732041358948 0.32574984431266785 0.033528782427310944 0.033528782427310944
0 0.5824545621871948 0.3249069154262543 0.033528782427310944 0.033528782427310944
0 0.5053264498710632 0.32406821846961975 0.033528782427310944 0.033528782427310944
0 0.4285860061645508 0.3232337534427643 0.033528782427310944 0.033528782427310944
0 0.3522302806377411 0.3224034607410431 0.033528782427310944 0.033528782427310944
0 0.27625638246536255 0.3215773105621338 0.033528782427310944 0.033528782427310944
0 0.7457544207572937 0.3937242031097412 0.033528782427310944 0.033528782427310944
0 0.6646281480789185 0.3926653265953064 0.033528782427310944 0.033528782427310944
0 0.5839284062385559 0.3916120231151581 0.033528782427310944 0.033528782427310944
0 0.5036517977714539 0.3905642330646515 0.033528782427310944 0.033528782427310944
0 0.42379510402679443 0.3895219564437866 0.033528782427310944 0.033528782427310944
0 0.3443549573421478 0.3884850740432739 0.033528782427310944 0.033528782427310944
0 0.26532816886901855 0.3874536156654358 0.033528782427310944 0.033528782427310944
0 0.7542979121208191 0.46660494804382324 0.033528782427310944 0.033528782427310944
0 0.6696809530258179 0.4653005003929138 0.033528782427310944 0.033528782427310944
0 0.5855278372764587 0.46400323510169983 0.033528782427310944 0.033528782427310944
0 0.5018348097801208 0.4627130329608917 0.033528782427310944 0.033528782427310944
0 0.4185980260372162 0.4614298641681671 0.033528782427310944 0.033528782427310944
0 0.33581382036209106 0.4601536691188812 0.033528782427310944 0.033528782427310944
0 0.2534785270690918 0.45888441801071167 0.033528782427310944 0.033528782427310944
0 0.7636064291000366 0.5460121035575867 0.033528782427310944 0.033528782427310944
0 0.675184965133667 0.5444214344024658 0.033528782427310944 0.033528782427310944
0 0.5872697234153748 0.5428398847579956 0.033528782427310944 0.033528782427310944
0 0.49985647201538086 0.5412673354148865 0.033528782427310944 0.033528782427310944
0 0.4129408597946167 0.5397037863731384 0.033528782427310944 0.033528782427310944
0 0.326518714427948 0.5381490588188171 0.033528782427310944 0.033528782427310944
0 0.24058577418327332 0.5366032123565674 0.033528782427310944 0.033528782427310944
0 0.7737876176834106 0.6328634023666382 0.033528782427310944 0.033528782427310944
0 0.6812033653259277 0.630937397480011 0.033528782427310944 0.033528782427310944
0 0.5891739130020142 0.6290229558944702 0.033528782427310944 0.033528782427310944
0 0.49769434332847595 0.6271198987960815 0.033528782427310944 0.033528782427310944
0 0.40675967931747437 0.625228226184845 0.033528782427310944 0.033528782427310944
0 0.316365122795105 0.6233477592468262 0.033528782427310944 0.033528782427310944
0 0.2265058308839798 0.6214784383773804 0.033528782427310944 0.033528782427310944
0 0.784970223903656 0.7282572388648987 0.033528782427310944 0.033528782427310944
0 0.6878119111061096 0.7259360551834106 0.033528782427310944 0.033528782427310944
0 0.5912642478942871 0.7236294150352478 0.033528782427310944 0.033528782427310944
0 0.4953215420246124 0.7213373184204102 0.033528782427310944 0.033528782427310944
0 0.3999781310558319 0.7190594673156738 0.033528782427310944 0.033528782427310944
0 0.30522841215133667 0.7167958617210388 0.033528782427310944 0.033528782427310944
0 0.2110668122768402 0.714546263217926 0.033528782427310944 0.033528782427310944