0 0.33479562401771545 0.39016565680503845 0.019213339313864708 0.02561778575181961
0 0.32940688729286194 0.4476873278617859 0.019213339313864708 0.02561778575181961
0 0.3236939311027527 0.5086699724197388 0.019213339313864708 0.02561778575181961
0 0.3176265358924866 0.5734357237815857 0.019213339313864708 0.02561778575181961
0 0.3111707270145416 0.6423478722572327 0.019213339313864708 0.02561778575181961
0 0.30428797006607056 0.7158176898956299 0.019213339313864708 0.02561778575181961
0 0.2969343960285187 0.7943128943443298 0.019213339313864708 0.02561778575181961
0 0.39642417430877686 0.39139455556869507 0.019213339313864708 0.02561778575181961
0 0.3928358852863312 0.4489433765411377 0.019213339313864708 0.02561778575181961
0 0.3890317380428314 0.5099542737007141 0.019213339313864708 0.02561778575181961
0 0.3849916458129883 0.5747494101524353 0.019213339313864708 0.02561778575181961
0 0.3806929588317871 0.643692135810852 0.019213339313864708 0.02561778575181961
0 0.3761099874973297 0.7171937823295593 0.019213339313864708 0.02561778575181961
0 0.3712136149406433 0.7957220673561096 0.019213339313864708 0.02561778575181961
0 0.45803454518318176 0.39262309670448303 0.019213339313864708 0.02561778575181961
0 0.45624566078186035 0.45019903779029846 0.019213339313864708 0.02561778575181961
0 0.454349160194397 0.5112382173538208 0.019213339313864708 0.02561778575181961
0 0.45233505964279175 0.5760626792907715 0.019213339313864708 0.02561778575181961
0 0.45019203424453735 0.645035982131958 0.019213339313864708 0.02561778575181961
0 0.44790735840797424 0.7185693979263306 0.019213339313864708 0.02561778575181961
0 0.44546642899513245 0.7971307635307312 0.019213339313864708 0.02561778575181961
0 0.5196267366409302 0.39385128021240234 0.019213339313864708 0.02561778575181961
0 0.5196361541748047 0.4514543414115906 0.019213339313864708 0.02561778575181961
0 0.519646167755127 0.5125216841697693 0.019213339313864708 0.02561778575181961
0 0.519656777381897 0.5773755311965942 0.019213339313864708 0.02561778575181961
0 0.5196680426597595 0.6463793516159058 0.019213339313864708 0.02561778575181961
0 0.5196800231933594 0.7199445962905884 0.019213339313864708 0.02561778575181961
0 0.5196928977966309 0.7985389828681946 0.019213339313864708 0.02561778575181961
0 0.5812008380889893 0.3950790762901306 0.019213339313864708 0.02561778575181961
0 0.5830074548721313 0.45270925760269165 0.019213339313864708 0.02561778575181961
0 0.584922730922699 0.5138047933578491 0.019213339313864708 0.02561778575181961
0 0.5869567394256592 0.5786879658699036 0.019213339313864708 0.02561778575181961
0 0.5891209244728088 0.6477223038673401 0.019213339313864708 0.02561778575181961
0 0.5914281010627747 0.7213192582130432 0.019213339313864708 0.02561778575181961
0 0.5938929915428162 0.799946665763855 0.019213339313864708 0.02561778575181961
0 0.6427567601203918 0.3963065445423126 0.019213339313864708 0.02561778575181961
0 0.6463595032691956 0.4539637863636017 0.019213339313864708 0.02561778575181961
0 0.6501789093017578 0.5150874853134155 0.019213339313864708 0.02561778575181961
0 0.6542350649833679 0.5799999833106995 0.019213339313864708 0.02561778575181961
0 0.6585506796836853 0.6490647792816162 0.019213339313864708 0.02561778575181961
0 0.6631515026092529 0.7226934432983398 0.019213339313864708 0.02561778575181961
0 0.668066680431366 0.8013538718223572 0.019213339313864708 0.02561778575181961
0 0.7042945027351379 0.3975336253643036 0.019213339313864708 0.02561778575181961
0 0.7096923589706421 0.4552179276943207 0.019213339313864708 0.02561778575181961
0 0.7154147624969482 0.5163698196411133 0.019213339313864708 0.02561778575181961
0 0.7214917540550232 0.5813115835189819 0.019213339313864708 0.02561778575181961
0 0.7279574275016785 0.6504068374633789 0.019213339313864708 0.02561778575181961
0 0.734850287437439 0.724067211151123 0.019213339313864708 0.02561778575181961
0 0.7422140836715698 0.8027606010437012 0.019213339313864708 0.02561778575181961