0 0.6939637064933777 0.15605445206165314 0.022900036179150148 0.03424304475386938
0 0.618037760257721 0.15600760281085968 0.022900036179150148 0.03424304475386938
0 0.5415858626365662 0.15596044063568115 0.022900036179150148 0.03424304475386938
0 0.4646024703979492 0.15591293573379517 0.022900036179150148 0.03424304475386938
0 0.3870820701122284 0.15586510300636292 0.022900036179150148 0.03424304475386938
0 0.3090190291404724 0.1558169424533844 0.022900036179150148 0.03424304475386938
0 0.23040761053562164 0.15576843917369843 0.022900036179150148 0.03424304475386938
0 0.7055965065956116 0.23628802597522736 0.022900036179150148 0.03424304475386938
0 0.6269513964653015 0.2365264892578125 0.022900036179150148 0.03424304475386938
0 0.5477416515350342 0.23676666617393494 0.022900036179150148 0.03424304475386938
0 0.4679611027240753 0.23700858652591705 0.022900036179150148 0.03424304475386938
0 0.3876035809516907 0.23725223541259766 0.022900036179150148 0.03424304475386938
0 0.30666276812553406 0.23749767243862152 0.022900036179150148 0.03424304475386938
0 0.22513234615325928 0.23774488270282745 0.022900036179150148 0.03424304475386938
0 0.7181038856506348 0.3225540816783905 0.022900036179150148 0.03424304475386938
0 0.6365377902984619 0.3231217861175537 0.022900036179150148 0.03424304475386938
0 0.5543637871742249 0.32369372248649597 0.022900036179150148 0.03424304475386938
0 0.4715751111507416 0.32426995038986206 0.022900036179150148 0.03424304475386938
0 0.3881648778915405 0.324850469827652 0.022900036179150148 0.03424304475386938
0 0.3041260242462158 0.3254354000091553 0.022900036179150148 0.03424304475386938
0 0.219451442360878 0.32602474093437195 0.022900036179150148 0.03424304475386938
0 0.7315884232521057 0.4155595600605011 0.022900036179150148 0.03424304475386938
0 0.6468759179115295 0.41650834679603577 0.022900036179150148 0.03424304475386938
0 0.5615072250366211 0.4174644351005554 0.022900036179150148 0.03424304475386938
0 0.4754747748374939 0.4184280037879944 0.022900036179150148 0.03424304475386938
0 0.38877072930336 0.41939905285835266 0.022900036179150148 0.03424304475386938
0 0.301387220621109 0.4203777313232422 0.022900036179150148 0.03424304475386938
0 0.21331626176834106 0.42136409878730774 0.022900036179150148 0.03424304475386938
0 0.7461692690849304 0.5161263346672058 0.022900036179150148 0.03424304475386938
0 0.6580579280853271 0.517517626285553 0.022900036179150148 0.03424304475386938
0 0.569236159324646 0.5189201235771179 0.022900036179150148 0.03424304475386938
0 0.47969529032707214 0.5203339457511902 0.022900036179150148 0.03424304475386938
0 0.3894266188144684 0.5217593312263489 0.022900036179150148 0.03424304475386938
0 0.2984212338924408 0.523196280002594 0.022900036179150148 0.03424304475386938
0 0.20667003095149994 0.5246450304985046 0.022900036179150148 0.03424304475386938
0 0.761985719203949 0.6252155303955078 0.022900036179150148 0.03424304475386938
0 0.6701915264129639 0.627122700214386 0.022900036179150148 0.03424304475386938
0 0.5776255130767822 0.629045844078064 0.022900036179150148 0.03424304475386938
0 0.48427802324295044 0.6309852600097656 0.022900036179150148 0.03424304475386938
0 0.39013904333114624 0.6329411268234253 0.022900036179150148 0.03424304475386938
0 0.2951985001564026 0.6349136233329773 0.022900036179150148 0.03424304475386938
0 0.19944611191749573 0.6369029879570007 0.022900036179150148 0.03424304475386938
0 0.779201865196228 0.7439584732055664 0.022900036179150148 0.03424304475386938
0 0.6834035515785217 0.7464694976806641 0.022900036179150148 0.03424304475386938
0 0.586763858795166 0.7490025758743286 0.022900036179150148 0.03424304475386938
0 0.4892716407775879 0.7515580654144287 0.022900036179150148 0.03424304475386938
0 0.3909156322479248 0.7541361451148987 0.022900036179150148 0.03424304475386938
0 0.29168426990509033 0.7567371726036072 0.022900036179150148 0.03424304475386938
0 0.19156579673290253 0.7593615055084229 0.022900036179150148 0.03424304475386938