0 0.7066653370857239 0.16035909950733185 0.022903455886989832 0.03424815833568573
0 0.6307015419006348 0.15992717444896698 0.022903455886989832 0.03424815833568573
0 0.5543668270111084 0.15949314832687378 0.022903455886989832 0.03424815833568573
0 0.47765839099884033 0.15905699133872986 0.022903455886989832 0.03424815833568573
0 0.4005734920501709 0.15861870348453522 0.022903455886989832 0.03424815833568573
0 0.32310938835144043 0.15817825496196747 0.022903455886989832 0.03424815833568573
0 0.2452632635831833 0.15773563086986542 0.022903455886989832 0.03424815833568573
0 0.7182911038398743 0.24050825834274292 0.022903455886989832 0.03424815833568573
0 0.6395339965820312 0.24026277661323547 0.022903455886989832 0.03424815833568573
0 0.5603780150413513 0.24001604318618774 0.022903455886989832 0.03424815833568573
0 0.48082002997398376 0.23976805806159973 0.022903455886989832 0.03424815833568573
0 0.40085700154304504 0.23951880633831024 0.022903455886989832 0.03424815833568573
0 0.32048583030700684 0.23926830291748047 0.022903455886989832 0.03424815833568573
0 0.23970337212085724 0.23901650309562683 0.022903455886989832 0.03424815833568573
0 0.7308117747306824 0.3268274664878845 0.022903455886989832 0.03424815833568573
0 0.6490482091903687 0.3267989754676819 0.022903455886989832 0.03424815833568573
0 0.5668544173240662 0.3267703652381897 0.022903455886989832 0.03424815833568573
0 0.4842270016670227 0.3267415761947632 0.022903455886989832 0.03424815833568573
0 0.4011625647544861 0.3267126679420471 0.022903455886989832 0.03424815833568573
0 0.31765761971473694 0.32668358087539673 0.022903455886989832 0.03424815833568573
0 0.23370863497257233 0.3266543447971344 0.022903455886989832 0.03424815833568573
0 0.7443349957466125 0.4200577139854431 0.022903455886989832 0.03424815833568573
0 0.6593261957168579 0.4202825427055359 0.022903455886989832 0.03424815833568573
0 0.5738521218299866 0.42050859332084656 0.022903455886989832 0.03424815833568573
0 0.4879089593887329 0.4207358658313751 0.022903455886989832 0.03424815833568573
0 0.4014928340911865 0.42096441984176636 0.022903455886989832 0.03424815833568573
0 0.31459981203079224 0.4211942255496979 0.022903455886989832 0.03424815833568573
0 0.22722595930099487 0.4214252829551697 0.022903455886989832 0.03424815833568573
0 0.7589859962463379 0.5210635662078857 0.022903455886989832 0.03424815833568573
0 0.6704638004302979 0.5215849876403809 0.022903455886989832 0.03424815833568573
0 0.581436812877655 0.5221093893051147 0.022903455886989832 0.03424815833568573
0 0.4919006824493408 0.5226367712020874 0.022903455886989832 0.03424815833568573
0 0.40185099840164185 0.5231671929359436 0.022903455886989832 0.03424815833568573
0 0.3112833499908447 0.5237006545066833 0.022903455886989832 0.03424815833568573
0 0.2201932668685913 0.5242371559143066 0.022903455886989832 0.03424815833568573
0 0.7749121189117432 0.6308602094650269 0.022903455886989832 0.03424815833568573
0 0.682573676109314 0.6317301988601685 0.022903455886989832 0.03424815833568573
0 0.5896855592727661 0.6326053142547607 0.022903455886989832 0.03424815833568573
0 0.496242880821228 0.6334856748580933 0.022903455886989832 0.03424815833568573
0 0.40224069356918335 0.6343713402748108 0.022903455886989832 0.03424815833568573
0 0.3076739013195038 0.6352623105049133 0.022903455886989832 0.03424815833568573
0 0.21253743767738342 0.6361586451530457 0.022903455886989832 0.03424815833568573
0 0.7922874093055725 0.7506473660469055 0.022903455886989832 0.03424815833568573
0 0.6957888007164001 0.7519287467002869 0.022903455886989832 0.03424815833568573
0 0.5986895561218262 0.7532180547714233 0.022903455886989832 0.03424815833568573
0 0.5009838938713074 0.7545154094696045 0.022903455886989832 0.03424815833568573
0 0.40266627073287964 0.7558209300041199 0.022903455886989832 0.03424815833568573
0 0.30373087525367737 0.7571346163749695 0.022903455886989832 0.03424815833568573
0 0.204171821475029 0.7584565877914429 0.022903455886989832 0.03424815833568573