0 0.3044975996017456 0.3703167736530304 0.01984354481101036 0.026458059748013813
0 0.2990000247955322 0.43447601795196533 0.01984354481101036 0.026458059748013813
0 0.29317784309387207 0.5024234056472778 0.01984354481101036 0.026458059748013813
0 0.28700143098831177 0.5745046138763428 0.01984354481101036 0.026458059748013813
0 0.28043749928474426 0.6511087417602539 0.01984354481101036 0.026458059748013813
0 0.2734483480453491 0.732675313949585 0.01984354481101036 0.026458059748013813
0 0.2659912705421448 0.8197026252746582 0.01984354481101036 0.026458059748013813
0 0.3689899146556854 0.3722074031829834 0.01984354481101036 0.026458059748013813
0 0.3653479516506195 0.43630972504615784 0.01984354481101036 0.026458059748013813
0 0.361491322517395 0.5041900873184204 0.01984354481101036 0.026458059748013813
0 0.357400506734848 0.5761926174163818 0.01984354481101036 0.026458059748013813
0 0.3530535101890564 0.6527045369148254 0.01984354481101036 0.026458059748013813
0 0.3484254479408264 0.734163224697113 0.01984354481101036 0.026458059748013813
0 0.3434881567955017 0.8210644721984863 0.01984354481101036 0.026458059748013813
0 0.4332655370235443 0.3740916848182678 0.01984354481101036 0.026458059748013813
0 0.43146657943725586 0.43813708424568176 0.01984354481101036 0.026458059748013813
0 0.4295617938041687 0.5059504508972168 0.01984354481101036 0.026458059748013813
0 0.4275415539741516 0.5778743624687195 0.01984354481101036 0.026458059748013813
0 0.42539504170417786 0.6542943120002747 0.01984354481101036 0.026458059748013813
0 0.4231100082397461 0.7356453537940979 0.01984354481101036 0.026458059748013813
0 0.42067259550094604 0.8224207758903503 0.01984354481101036 0.026458059748013813
0 0.4973255693912506 0.37596964836120605 0.01984354481101036 0.026458059748013813
0 0.4973571300506592 0.4399581551551819 0.01984354481101036 0.026458059748013813
0 0.4973905682563782 0.5077045559883118 0.01984354481101036 0.026458059748013813
0 0.49742600321769714 0.57955002784729 0.01984354481101036 0.026458059748013813
0 0.4974636435508728 0.6558780670166016 0.01984354481101036 0.026458059748013813
0 0.49750372767448425 0.7371217012405396 0.01984354481101036 0.026458059748013813
0 0.4975464642047882 0.8237717151641846 0.01984354481101036 0.026458059748013813
0 0.5611711144447327 0.3778413236141205 0.01984354481101036 0.026458059748013813
0 0.5630207657814026 0.4417729377746582 0.01984354481101036 0.026458059748013813
0 0.5649788975715637 0.5094525218009949 0.01984354481101036 0.026458059748013813
0 0.5670552253723145 0.581219494342804 0.01984354481101036 0.026458059748013813
0 0.5692608952522278 0.6574558019638062 0.01984354481101036 0.026458059748013813
0 0.571608304977417 0.7385923266410828 0.01984354481101036 0.026458059748013813
0 0.5741116404533386 0.8251171708106995 0.01984354481101036 0.026458059748013813
0 0.6248032450675964 0.3797067403793335 0.01984354481101036 0.026458059748013813
0 0.6284586787223816 0.4435814917087555 0.01984354481101036 0.026458059748013813
0 0.6323280334472656 0.5111942291259766 0.01984354481101036 0.026458059748013813
0 0.6364306211471558 0.5828829407691956 0.01984354481101036 0.026458059748013813
0 0.6407882571220398 0.6590276956558228 0.01984354481101036 0.026458059748013813
0 0.6454254388809204 0.7400572299957275 0.01984354481101036 0.026458059748013813
0 0.6503699421882629 0.8264572620391846 0.01984354481101036 0.026458059748013813
0 0.6882230043411255 0.3815659284591675 0.01984354481101036 0.026458059748013813
0 0.6936719417572021 0.44538381695747375 0.01984354481101036 0.026458059748013813
0 0.699439287185669 0.5129297971725464 0.01984354481101036 0.026458059748013813
0 0.7055536508560181 0.5845403075218201 0.01984354481101036 0.026458059748013813
0 0.7120473384857178 0.6605936288833618 0.01984354481101036 0.026458059748013813
0 0.7189568281173706 0.7415164709091187 0.01984354481101036 0.026458059748013813
0 0.7263233065605164 0.8277919292449951 0.01984354481101036 0.026458059748013813