0 0.6734221577644348 0.1963854879140854 0.025679899379611015 0.034239865839481354
0 0.605965793132782 0.20055997371673584 0.025679899379611015 0.034239865839481354
0 0.538559079170227 0.20473138988018036 0.025679899379611015 0.034239865839481354
0 0.4712018072605133 0.20889975130558014 0.025679899379611015 0.034239865839481354
0 0.40389397740364075 0.2130650281906128 0.025679899379611015 0.034239865839481354
0 0.3366355895996094 0.2172272652387619 0.025679899379611015 0.034239865839481354
0 0.26942652463912964 0.22138644754886627 0.025679899379611015 0.034239865839481354
0 0.6846963167190552 0.2588919997215271 0.025679899379611015 0.034239865839481354
0 0.6137535572052002 0.26325780153274536 0.025679899379611015 0.034239865839481354
0 0.5428655743598938 0.2676202356815338 0.025679899379611015 0.034239865839481354
0 0.472032368183136 0.27197933197021484 0.025679899379611015 0.034239865839481354
0 0.4012538194656372 0.2763350307941437 0.025679899379611015 0.034239865839481354
0 0.3305298984050751 0.2806873619556427 0.025679899379611015 0.034239865839481354
0 0.2598605155944824 0.2850363552570343 0.025679899379611015 0.034239865839481354
0 0.6971983313560486 0.3282057046890259 0.025679899379611015 0.034239865839481354
0 0.6223890781402588 0.3327808976173401 0.025679899379611015 0.034239865839481354
0 0.5476407408714294 0.33735236525535583 0.025679899379611015 0.034239865839481354
0 0.47295325994491577 0.3419201374053955 0.025679899379611015 0.034239865839481354
0 0.398326575756073 0.34648415446281433 0.025679899379611015 0.034239865839481354
0 0.32376062870025635 0.3510444760322571 0.025679899379611015 0.034239865839481354
0 0.24925531446933746 0.35560107231140137 0.025679899379611015 0.034239865839481354
0 0.7111402750015259 0.40550264716148376 0.025679899379611015 0.034239865839481354
0 0.6320187449455261 0.4103078842163086 0.025679899379611015 0.034239865839481354
0 0.5529653429985046 0.4151090085506439 0.025679899379611015 0.034239865839481354
0 0.4739800691604614 0.41990599036216736 0.025679899379611015 0.034239865839481354
0 0.39506277441978455 0.4246988296508789 0.025679899379611015 0.034239865839481354
0 0.31621336936950684 0.42948755621910095 0.025679899379611015 0.034239865839481354
0 0.23743179440498352 0.4342721700668335 0.025679899379611015 0.034239865839481354
0 0.7267860770225525 0.4922463297843933 0.025679899379611015 0.034239865839481354
0 0.6428247094154358 0.49730539321899414 0.025679899379611015 0.034239865839481354
0 0.5589401721954346 0.5023598670959473 0.025679899379611015 0.034239865839481354
0 0.4751322269439697 0.5074096918106079 0.025679899379611015 0.034239865839481354
0 0.3914008140563965 0.5124549269676208 0.025679899379611015 0.034239865839481354
0 0.30774587392807007 0.5174955725669861 0.025679899379611015 0.034239865839481354
0 0.22416722774505615 0.5225315690040588 0.025679899379611015 0.034239865839481354
0 0.7444684505462646 0.5902811884880066 0.025679899379611015 0.034239865839481354
0 0.6550366282463074 0.595621645450592 0.025679899379611015 0.034239865839481354
0 0.5656919479370117 0.600956916809082 0.025679899379611015 0.034239865839481354
0 0.4764341115951538 0.6062869429588318 0.025679899379611015 0.034239865839481354
0 0.38726314902305603 0.6116118431091309 0.025679899379611015 0.034239865839481354
0 0.2981788218021393 0.6169315576553345 0.025679899379611015 0.034239865839481354
0 0.20918108522891998 0.6222460865974426 0.025679899379611015 0.034239865839481354
0 0.7646127343177795 0.7019654512405396 0.025679899379611015 0.034239865839481354
0 0.6689479351043701 0.7076192498207092 0.025679899379611015 0.034239865839481354
0 0.5733827352523804 0.7132672667503357 0.025679899379611015 0.034239865839481354
0 0.47791698575019836 0.7189093232154846 0.025679899379611015 0.034239865839481354
0 0.38255056738853455 0.7245455384254456 0.025679899379611015 0.034239865839481354
0 0.2872832417488098 0.7301759123802185 0.025679899379611015 0.034239865839481354
0 0.1921149343252182 0.7358003854751587 0.025679899379611015 0.034239865839481354