0 0.2997688055038452 0.6477023363113403 0.020538566634058952 0.027384755512078602
0 0.3770124912261963 0.6465816497802734 0.020538566634058952 0.027384755512078602
0 0.45453914999961853 0.6454569101333618 0.020538566634058952 0.027384755512078602
0 0.5323503613471985 0.6443279981613159 0.020538566634058952 0.027384755512078602
0 0.6104476451873779 0.6431949734687805 0.020538566634058952 0.027384755512078602
0 0.688832700252533 0.6420577764511108 0.020538566634058952 0.027384755512078602
0 0.767507016658783 0.6409163475036621 0.020538566634058952 0.027384755512078602
0 0.31073635816574097 0.5575217604637146 0.020538566634058952 0.027384755512078602
0 0.38426434993743896 0.5562983751296997 0.020538566634058952 0.027384755512078602
0 0.45804867148399353 0.555070698261261 0.020538566634058952 0.027384755512078602
0 0.5320906639099121 0.5538387894630432 0.020538566634058952 0.027384755512078602
0 0.6063917279243469 0.5526025295257568 0.020538566634058952 0.027384755512078602
0 0.6809531450271606 0.5513619184494019 0.020538566634058952 0.027384755512078602
0 0.7557762861251831 0.5501169562339783 0.020538566634058952 0.027384755512078602
0 0.3206939101219177 0.4756457209587097 0.020538566634058952 0.027384755512078602
0 0.3908472955226898 0.47434285283088684 0.020538566634058952 0.027384755512078602
0 0.4612339437007904 0.47303566336631775 0.020538566634058952 0.027384755512078602
0 0.531855046749115 0.47172409296035767 0.020538566634058952 0.027384755512078602
0 0.6027117371559143 0.470408171415329 0.020538566634058952 0.027384755512078602
0 0.6738052368164062 0.4690878391265869 0.020538566634058952 0.027384755512078602
0 0.7451366782188416 0.46776309609413147 0.020538566634058952 0.027384755512078602
0 0.3297748565673828 0.40097758173942566 0.020538566634058952 0.027384755512078602
0 0.3968498110771179 0.3996136784553528 0.020538566634058952 0.027384755512078602
0 0.4641379415988922 0.3982454538345337 0.020538566634058952 0.027384755512078602
0 0.5316402316093445 0.396872878074646 0.020538566634058952 0.027384755512078602
0 0.5993577837944031 0.3954958915710449 0.020538566634058952 0.027384755512078602
0 0.6672916412353516 0.39411452412605286 0.020538566634058952 0.027384755512078602
0 0.7354427576065063 0.3927287459373474 0.020538566634058952 0.027384755512078602
0 0.33809009194374084 0.3326056897640228 0.020538566634058952 0.027384755512078602
0 0.4023453891277313 0.3311954736709595 0.020538566634058952 0.027384755512078602
0 0.46679627895355225 0.3297809660434723 0.020538566634058952 0.027384755512078602
0 0.5314436554908752 0.3283621668815613 0.020538566634058952 0.027384755512078602
0 0.5962884426116943 0.32693901658058167 0.020538566634058952 0.027384755512078602
0 0.6613314747810364 0.32551151514053345 0.020538566634058952 0.027384755512078602
0 0.7265737056732178 0.32407963275909424 0.020538566634058952 0.027384755512078602
0 0.34573251008987427 0.26976582407951355 0.020538566634058952 0.027384755512078602
0 0.40739569067955017 0.26832112669944763 0.020538566634058952 0.027384755512078602
0 0.46923893690109253 0.26687222719192505 0.020538566634058952 0.027384755512078602
0 0.5312630534172058 0.265419065952301 0.020538566634058952 0.027384755512078602
0 0.5934688448905945 0.26396164298057556 0.020538566634058952 0.027384755512078602
0 0.6558570861816406 0.26249995827674866 0.020538566634058952 0.027384755512078602
0 0.7184286117553711 0.2610339820384979 0.020538566634058952 0.027384755512078602
0 0.35278061032295227 0.21181274950504303 0.020538566634058952 0.027384755512078602
0 0.4120526611804962 0.2103431075811386 0.020538566634058952 0.027384755512078602
0 0.4714910686016083 0.2088693231344223 0.020538566634058952 0.027384755512078602
0 0.5310965180397034 0.2073913961648941 0.020538566634058952 0.027384755512078602
0 0.5908697247505188 0.20590931177139282 0.020538566634058952 0.027384755512078602
0 0.6508114337921143 0.20442305505275726 0.020538566634058952 0.027384755512078602
0 0.7109222412109375 0.20293259620666504 0.020538566634058952 0.027384755512078602