0 0.6778779625892639 0.16626298427581787 0.025026103481650356 0.033368137975533806
0 0.6102504730224609 0.16945257782936096 0.025026103481650356 0.033368137975533806
0 0.5424416065216064 0.17265072464942932 0.025026103481650356 0.033368137975533806
0 0.4744507968425751 0.17585745453834534 0.025026103481650356 0.033368137975533806
0 0.4062771797180176 0.1790728121995926 0.025026103481650356 0.033368137975533806
0 0.33792009949684143 0.18229682743549347 0.025026103481650356 0.033368137975533806
0 0.26937878131866455 0.18552951514720917 0.025026103481650356 0.033368137975533806
0 0.6892433762550354 0.23142194747924805 0.025026103481650356 0.033368137975533806
0 0.6184133887290955 0.23485471308231354 0.025026103481650356 0.033368137975533806
0 0.5473844408988953 0.23829711973667145 0.025026103481650356 0.033368137975533806
0 0.47615575790405273 0.24174919724464417 0.025026103481650356 0.033368137975533806
0 0.40472647547721863 0.24521100521087646 0.025026103481650356 0.033368137975533806
0 0.3330957293510437 0.24868257343769073 0.025026103481650356 0.033368137975533806
0 0.2612626552581787 0.25216394662857056 0.025026103481650356 0.033368137975533806
0 0.701742947101593 0.3030830919742584 0.025026103481650356 0.033368137975533806
0 0.627392053604126 0.3067929148674011 0.025026103481650356 0.033368137975533806
0 0.5528219938278198 0.3105136454105377 0.025026103481650356 0.033368137975533806
0 0.47803163528442383 0.3142453730106354 0.025026103481650356 0.033368137975533806
0 0.40302008390426636 0.3179881274700165 0.025026103481650356 0.033368137975533806
0 0.32778632640838623 0.3217419981956482 0.025026103481650356 0.033368137975533806
0 0.25232940912246704 0.3255069851875305 0.025026103481650356 0.033368137975533806
0 0.7155553102493286 0.38227081298828125 0.025026103481650356 0.033368137975533806
0 0.6373152732849121 0.3862984776496887 0.025026103481650356 0.033368137975533806
0 0.5588323473930359 0.39033859968185425 0.025026103481650356 0.033368137975533806
0 0.4801054298877716 0.39439132809638977 0.025026103481650356 0.033368137975533806
0 0.40113335847854614 0.3984566628932953 0.025026103481650356 0.033368137975533806
0 0.3219149708747864 0.4025346636772156 0.025026103481650356 0.033368137975533806
0 0.24244913458824158 0.4066254198551178 0.025026103481650356 0.033368137975533806
0 0.7308987975120544 0.470236599445343 0.025026103481650356 0.033368137975533806
0 0.6483402252197266 0.47463172674179077 0.025026103481650356 0.033368137975533806
0 0.565511167049408 0.47904127836227417 0.025026103481650356 0.033368137975533806
0 0.4824102520942688 0.4834652841091156 0.025026103481650356 0.033368137975533806
0 0.39903610944747925 0.4879038631916046 0.025026103481650356 0.033368137975533806
0 0.31538739800453186 0.4923570156097412 0.025026103481650356 0.033368137975533806
0 0.231462761759758 0.49682489037513733 0.025026103481650356 0.033368137975533806
0 0.7480428814888 0.5685256719589233 0.025026103481650356 0.033368137975533806
0 0.6606613397598267 0.5733493566513062 0.025026103481650356 0.033368137975533806
0 0.5729765295982361 0.5781898498535156 0.025026103481650356 0.033368137975533806
0 0.48498696088790894 0.583047091960907 0.025026103481650356 0.033368137975533806
0 0.3966910243034363 0.5879213213920593 0.025026103481650356 0.033368137975533806
0 0.3080870807170868 0.5928124785423279 0.025026103481650356 0.033368137975533806
0 0.21917355060577393 0.597720742225647 0.025026103481650356 0.033368137975533806
0 0.7673244476318359 0.6790685653686523 0.025026103481650356 0.033368137975533806
0 0.6745213270187378 0.6843969225883484 0.025026103481650356 0.033368137975533806
0 0.5813760161399841 0.6897449493408203 0.025026103481650356 0.033368137975533806
0 0.4878867268562317 0.6951127052307129 0.025026103481650356 0.033368137975533806
0 0.3940514028072357 0.7005003094673157 0.025026103481650356 0.033368137975533806
0 0.2998681962490082 0.705907940864563 0.025026103481650356 0.033368137975533806
0 0.20533517003059387 0.7113355994224548 0.025026103481650356 0.033368137975533806