0 0.7343359589576721 0.22795604169368744 0.03481632719437281 0.03481632719437281
0 0.6577686667442322 0.22510060667991638 0.03481632719437281 0.03481632719437281
0 0.5814628601074219 0.2222549319267273 0.03481632719437281 0.03481632719437281
0 0.5054172277450562 0.2194189429283142 0.03481632719437281 0.03481632719437281
0 0.4296305179595947 0.21659262478351593 0.03481632719437281 0.03481632719437281
0 0.354101300239563 0.2137759029865265 0.03481632719437281 0.03481632719437281
0 0.27882832288742065 0.2109687328338623 0.03481632719437281 0.03481632719437281
0 0.7411854267120361 0.281880646944046 0.03481632719437281 0.03481632719437281
0 0.661491870880127 0.27881306409835815 0.03481632719437281 0.03481632719437281
0 0.5820816159248352 0.2757564187049866 0.03481632719437281 0.03481632719437281
0 0.502953052520752 0.2727105915546417 0.03481632719437281 0.03481632719437281
0 0.4241047501564026 0.2696755528450012 0.03481632719437281 0.03481632719437281
0 0.3455352187156677 0.2666512429714203 0.03481632719437281 0.03481632719437281
0 0.267242968082428 0.26363760232925415 0.03481632719437281 0.03481632719437281
0 0.7486167550086975 0.34038597345352173 0.03481632719437281 0.03481632719437281
0 0.665530800819397 0.337079793214798 0.03481632719437281 0.03481632719437281
0 0.5827527046203613 0.3337858319282532 0.03481632719437281 0.03481632719437281
0 0.5002806782722473 0.33050408959388733 0.03481632719437281 0.03481632719437281
0 0.4181130528450012 0.3272344470024109 0.03481632719437281 0.03481632719437281
0 0.33624815940856934 0.3239768147468567 0.03481632719437281 0.03481632719437281
0 0.25468432903289795 0.32073119282722473 0.03481632719437281 0.03481632719437281
0 0.7567073106765747 0.40408164262771606 0.03481632719437281 0.03481632719437281
0 0.6699273586273193 0.4005056321620941 0.03481632719437281 0.03481632719437281
0 0.583483099937439 0.39694344997406006 0.03481632719437281 0.03481632719437281
0 0.4973725974559784 0.3933950364589691 0.03481632719437281 0.03481632719437281
0 0.4115939140319824 0.3898603022098541 0.03481632719437281 0.03481632719437281
0 0.32614514231681824 0.3863391578197479 0.03481632719437281 0.03481632719437281
0 0.24102437496185303 0.38283154368400574 0.03481632719437281 0.03481632719437281
0 0.7655489444732666 0.47369033098220825 0.03481632719437281 0.03481632719437281
0 0.6747311949729919 0.46980753540992737 0.03481632719437281 0.03481632719437281
0 0.5842810273170471 0.4659404754638672 0.03481632719437281 0.03481632719437281
0 0.49419617652893066 0.46208900213241577 0.03481632719437281 0.03481632719437281
0 0.4044744372367859 0.45825305581092834 0.03481632719437281 0.03481632719437281
0 0.3151136636734009 0.45443257689476013 0.03481632719437281 0.03481632719437281
0 0.22611160576343536 0.4506273865699768 0.03481632719437281 0.03481632719437281
0 0.7752513289451599 0.5500755906105042 0.03481632719437281 0.03481632719437281
0 0.6800017356872559 0.5458417534828186 0.03481632719437281 0.03481632719437281
0 0.5851563215255737 0.5416259765625 0.03481632719437281 0.03481632719437281
0 0.4907124936580658 0.5374279618263245 0.03481632719437281 0.03481632719437281
0 0.3966677486896515 0.533247709274292 0.03481632719437281 0.03481632719437281
0 0.30301955342292786 0.529085099697113 0.03481632719437281 0.03481632719437281
0 0.20976538956165314 0.524940013885498 0.03481632719437281 0.03481632719437281
0 0.7859466075897217 0.6342775821685791 0.03481632719437281 0.03481632719437281
0 0.685810387134552 0.6296394467353821 0.03481632719437281 0.03481632719437281
0 0.5861207842826843 0.6250219941139221 0.03481632719437281 0.03481632719437281
0 0.48687469959259033 0.6204251050949097 0.03481632719437281 0.03481632719437281
0 0.3880692720413208 0.6158486604690552 0.03481632719437281 0.03481632719437281
0 0.28970152139663696 0.6112924218177795 0.03481632719437281 0.03481632719437281
0 0.1917685866355896 0.6067563891410828 0.03481632719437281 0.03481632719437281