0 0.30934926867485046 0.6467403173446655 0.02030467800796032 0.027072904010613758
0 0.3844931125640869 0.647219717502594 0.02030467800796032 0.027072904010613758
0 0.4603288769721985 0.6477035284042358 0.02030467800796032 0.027072904010613758
0 0.5368661284446716 0.6481918096542358 0.02030467800796032 0.027072904010613758
0 0.6141147017478943 0.6486846208572388 0.02030467800796032 0.027072904010613758
0 0.6920844912528992 0.6491820812225342 0.02030467800796032 0.027072904010613758
0 0.7707856893539429 0.6496841311454773 0.02030467800796032 0.027072904010613758
0 0.32043957710266113 0.5595847368240356 0.02030467800796032 0.027072904010613758
0 0.3918934464454651 0.5596607327461243 0.02030467800796032 0.027072904010613758
0 0.46397238969802856 0.5597373843193054 0.02030467800796032 0.027072904010613758
0 0.5366845726966858 0.5598147511482239 0.02030467800796032 0.027072904010613758
0 0.6100385189056396 0.5598927736282349 0.02030467800796032 0.027072904010613758
0 0.6840426325798035 0.5599714517593384 0.02030467800796032 0.027072904010613758
0 0.7587056159973145 0.560050904750824 0.02030467800796032 0.027072904010613758
0 0.3304831087589264 0.4806557297706604 0.02030467800796032 0.027072904010613758
0 0.39859238266944885 0.4804007112979889 0.02030467800796032 0.027072904010613758
0 0.46726909279823303 0.48014354705810547 0.02030467800796032 0.027072904010613758
0 0.5365204215049744 0.47988423705101013 0.02030467800796032 0.027072904010613758
0 0.6063535213470459 0.4796227514743805 0.02030467800796032 0.027072904010613758
0 0.6767758131027222 0.47935906052589417 0.02030467800796032 0.027072904010613758
0 0.7477947473526001 0.47909313440322876 0.02030467800796032 0.027072904010613758
0 0.33962133526802063 0.408841073513031 0.02030467800796032 0.027072904010613758
0 0.4046851098537445 0.40831315517425537 0.02030467800796032 0.027072904010613758
0 0.47026631236076355 0.40778103470802307 0.02030467800796032 0.027072904010613758
0 0.5363711714744568 0.40724465250968933 0.02030467800796032 0.027072904010613758
0 0.6030060052871704 0.40670397877693176 0.02030467800796032 0.027072904010613758
0 0.670177161693573 0.4061589241027832 0.02030467800796032 0.027072904010613758
0 0.7378911972045898 0.40560948848724365 0.02030467800796032 0.027072904010613758
0 0.3479713797569275 0.3432203531265259 0.02030467800796032 0.027072904010613758
0 0.41025033593177795 0.3424666225910187 0.02030467800796032 0.027072904010613758
0 0.4730030596256256 0.34170717000961304 0.02030467800796032 0.027072904010613758
0 0.536234974861145 0.3409418761730194 0.02030467800796032 0.027072904010613758
0 0.5999516248703003 0.3401707410812378 0.02030467800796032 0.027072904010613758
0 0.6641586422920227 0.339393675327301 0.02030467800796032 0.027072904010613758
0 0.7288615703582764 0.33861061930656433 0.02030467800796032 0.027072904010613758
0 0.3556310534477234 0.2830253541469574 0.02030467800796032 0.027072904010613758
0 0.4153537452220917 0.28208425641059875 0.02030467800796032 0.027072904010613758
0 0.4755118787288666 0.28113630414009094 0.02030467800796032 0.027072904010613758
0 0.5361101627349854 0.2801814079284668 0.02030467800796032 0.027072904010613758
0 0.5971535444259644 0.27921950817108154 0.02030467800796032 0.027072904010613758
0 0.6586468815803528 0.278250515460968 0.02030467800796032 0.027072904010613758
0 0.720595121383667 0.27727437019348145 0.02030467800796032 0.027072904010613758
0 0.3626825213432312 0.22760987281799316 0.02030467800796032 0.027072904010613758
0 0.4200505316257477 0.22651301324367523 0.02030467800796032 0.027072904010613758
0 0.47782009840011597 0.22540849447250366 0.02030467800796032 0.027072904010613758
0 0.535995364189148 0.2242961972951889 0.02030467800796032 0.027072904010613758
0 0.5945807695388794 0.22317607700824738 0.02030467800796032 0.027072904010613758
0 0.6535804867744446 0.22204801440238953 0.02030467800796032 0.027072904010613758
0 0.7129990458488464 0.22091196477413177 0.02030467800796032 0.027072904010613758