0 0.2782050669193268 0.17909370362758636 0.03470883518457413 0.03470883518457413
0 0.35429778695106506 0.17753224074840546 0.03470883518457413 0.03470883518457413
0 0.4302230477333069 0.17597420513629913 0.03470883518457413 0.03470883518457413
0 0.5059814453125 0.1744195967912674 0.03470883518457413 0.03470883518457413
0 0.581573486328125 0.17286840081214905 0.03470883518457413 0.03470883518457413
0 0.6569997072219849 0.1713206022977829 0.03470883518457413 0.03470883518457413
0 0.7322607040405273 0.16977620124816895 0.03470883518457413 0.03470883518457413
0 0.27094724774360657 0.2329273372888565 0.03470883518457413 0.03470883518457413
0 0.3501449525356293 0.23124061524868011 0.03470883518457413 0.03470883518457413
0 0.42916128039360046 0.22955773770809174 0.03470883518457413 0.03470883518457413
0 0.5079968571662903 0.22787873446941376 0.03470883518457413 0.03470883518457413
0 0.5866523385047913 0.2262035459280014 0.03470883518457413 0.03470883518457413
0 0.6651283502578735 0.22453218698501587 0.03470883518457413 0.03470883518457413
0 0.7434253692626953 0.22286464273929596 0.03470883518457413 0.03470883518457413
0 0.2630729079246521 0.2913339138031006 0.03470883518457413 0.03470883518457413
0 0.34563976526260376 0.28950583934783936 0.03470883518457413 0.03470883518457413
0 0.4280095398426056 0.2876821458339691 0.03470883518457413 0.03470883518457413
0 0.5101829171180725 0.2858627736568451 0.03470883518457413 0.03470883518457413
0 0.5921606421470642 0.2840477526187897 0.03470883518457413 0.03470883518457413
0 0.6739433407783508 0.2822370231151581 0.03470883518457413 0.03470883518457413
0 0.7555317878723145 0.2804306149482727 0.03470883518457413 0.03470883518457413
0 0.25450000166893005 0.35492199659347534 0.03470883518457413 0.03470883518457413
0 0.34073540568351746 0.3529335856437683 0.03470883518457413 0.03470883518457413
0 0.4267558753490448 0.35095012187957764 0.03470883518457413 0.03470883518457413
0 0.5125621557235718 0.3489716053009033 0.03470883518457413 0.03470883518457413
0 0.59815514087677 0.346998006105423 0.03470883518457413 0.03470883518457413
0 0.6835355162620544 0.3450293242931366 0.03470883518457413 0.03470883518457413
0 0.7687041163444519 0.3430655002593994 0.03470883518457413 0.03470883518457413
0 0.245131254196167 0.4244130849838257 0.03470883518457413 0.03470883518457413
0 0.3353763818740845 0.42224177718162537 0.03470883518457413 0.03470883518457413
0 0.42538613080978394 0.4200761020183563 0.03470883518457413 0.03470883518457413
0 0.5151614546775818 0.41791608929634094 0.03470883518457413 0.03470883518457413
0 0.6047032475471497 0.41576167941093445 0.03470883518457413 0.03470883518457413
0 0.6940124034881592 0.41361287236213684 0.03470883518457413 0.03470883518457413
0 0.783089816570282 0.41146963834762573 0.03470883518457413 0.03470883518457413
0 0.2348504513502121 0.5006691813468933 0.03470883518457413 0.03470883518457413
0 0.3294963240623474 0.4982878863811493 0.03470883518457413 0.03470883518457413
0 0.4238834083080292 0.4959131181240082 0.03470883518457413 0.03470883518457413
0 0.5180127024650574 0.4935448467731476 0.03470883518457413 0.03470883518457413
0 0.6118853092193604 0.49118301272392273 0.03470883518457413 0.03470883518457413
0 0.7055022120475769 0.4888276159763336 0.03470883518457413 0.03470883518457413
0 0.7988645434379578 0.48647862672805786 0.03470883518457413 0.03470883518457413
0 0.22351759672164917 0.5847286581993103 0.03470883518457413 0.03470883518457413
0 0.3230154514312744 0.5821047425270081 0.03470883518457413 0.03470883518457413
0 0.4222273528575897 0.5794883370399475 0.03470883518457413 0.03470883518457413
0 0.5211544632911682 0.5768795013427734 0.03470883518457413 0.03470883518457413
0 0.6197981238365173 0.5742780566215515 0.03470883518457413 0.03470883518457413
0 0.7181594371795654 0.5716841220855713 0.03470883518457413 0.03470883518457413
0 0.8162396550178528 0.5690975785255432 0.03470883518457413 0.03470883518457413