0 0.723929226398468 0.8260793089866638 0.01979699730873108 0.026395996411641438
0 0.716414749622345 0.7396862506866455 0.01979699730873108 0.026395996411641438
0 0.7093756794929504 0.6587589383125305 0.01979699730873108 0.026395996411641438
0 0.7027683258056641 0.5827946066856384 0.01979699730873108 0.026395996411641438
0 0.6965540647506714 0.5113503336906433 0.01979699730873108 0.026395996411641438
0 0.6906989216804504 0.4440343379974365 0.01979699730873108 0.026395996411641438
0 0.6851726174354553 0.38049882650375366 0.01979699730873108 0.026395996411641438
0 0.6475458741188049 0.8253536224365234 0.01979699730873108 0.026395996411641438
0 0.6425250172615051 0.7389569878578186 0.01979699730873108 0.026395996411641438
0 0.6378219127655029 0.6580280661582947 0.01979699730873108 0.026395996411641438
0 0.6334072947502136 0.5820636749267578 0.01979699730873108 0.026395996411641438
0 0.6292554140090942 0.510620653629303 0.01979699730873108 0.026395996411641438
0 0.6253435611724854 0.44330695271492004 0.01979699730873108 0.026395996411641438
0 0.6216514110565186 0.37977465987205505 0.01979699730873108 0.026395996411641438
0 0.5711128115653992 0.8246273994445801 0.01979699730873108 0.026395996411641438
0 0.5685887336730957 0.7382272481918335 0.01979699730873108 0.026395996411641438
0 0.5662244558334351 0.6572967171669006 0.01979699730873108 0.026395996411641438
0 0.5640051960945129 0.5813323259353638 0.01979699730873108 0.026395996411641438
0 0.5619181394577026 0.5098905563354492 0.01979699730873108 0.026395996411641438
0 0.5599517226219177 0.4425791800022125 0.01979699730873108 0.026395996411641438
0 0.5580958127975464 0.3790501058101654 0.01979699730873108 0.026395996411641438
0 0.494629830121994 0.8239006996154785 0.01979699730873108 0.026395996411641438
0 0.49460574984550476 0.737497091293335 0.01979699730873108 0.026395996411641438
0 0.49458321928977966 0.6565649509429932 0.01979699730873108 0.026395996411641438
0 0.4945620596408844 0.5806005001068115 0.01979699730873108 0.026395996411641438
0 0.4945421814918518 0.5091599822044373 0.01979699730873108 0.026395996411641438
0 0.49452343583106995 0.4418509900569916 0.01979699730873108 0.026395996411641438
0 0.49450573325157166 0.3783251643180847 0.01979699730873108 0.026395996411641438
0 0.41809695959091187 0.8231735825538635 0.01979699730873108 0.026395996411641438
0 0.4205761253833771 0.7367664575576782 0.01979699730873108 0.026395996411641438
0 0.42289823293685913 0.6558327674865723 0.01979699730873108 0.026395996411641438
0 0.42507776618003845 0.5798682570457458 0.01979699730873108 0.026395996411641438
0 0.427127480506897 0.5084290504455566 0.01979699730873108 0.026395996411641438
0 0.42905861139297485 0.4411224126815796 0.01979699730873108 0.026395996411641438
0 0.43088117241859436 0.377599835395813 0.01979699730873108 0.026395996411641438
0 0.34151414036750793 0.8224459290504456 0.01979699730873108 0.026395996411641438
0 0.3464997410774231 0.7360353469848633 0.01979699730873108 0.026395996411641438
0 0.3511694371700287 0.6551000475883484 0.01979699730873108 0.026395996411641438
0 0.3555523157119751 0.5791355967521667 0.01979699730873108 0.026395996411641438
0 0.35967403650283813 0.5076977014541626 0.01979699730873108 0.026395996411641438
0 0.36355724930763245 0.4403934180736542 0.01979699730873108 0.026395996411641438
0 0.3672221004962921 0.3768741190433502 0.01979699730873108 0.026395996411641438
0 0.26488134264945984 0.8217177987098694 0.01979699730873108 0.026395996411641438
0 0.2723765969276428 0.7353038191795349 0.01979699730873108 0.026395996411641438
0 0.27939677238464355 0.6543669700622559 0.01979699730873108 0.026395996411641438
0 0.28598564863204956 0.5784025192260742 0.01979699730873108 0.026395996411641438
0 0.2921818196773529 0.5069658756256104 0.01979699730873108 0.026395996411641438
0 0.2980193495750427 0.43966400623321533 0.01979699730873108 0.026395996411641438
0 0.30352848768234253 0.376147985458374 0.01979699730873108 0.026395996411641438