0 0.7082396149635315 0.15949250757694244 0.02288224174020191 0.03421643624703089
0 0.6324461698532104 0.15879474580287933 0.02288224174020191 0.03421643624703089
0 0.5561106204986572 0.15809200704097748 0.02288224174020191 0.03421643624703089
0 0.4792271852493286 0.1573842167854309 0.02288224174020191 0.03421643624703089
0 0.4017898440361023 0.15667133033275604 0.02288224174020191 0.03421643624703089
0 0.32379263639450073 0.1559532880783081 0.02288224174020191 0.03421643624703089
0 0.24522949755191803 0.15523003041744232 0.02288224174020191 0.03421643624703089
0 0.719735860824585 0.23948577046394348 0.02288224174020191 0.03421643624703089
0 0.6412121057510376 0.23905795812606812 0.02288224174020191 0.03421643624703089
0 0.5621060729026794 0.23862698674201965 0.02288224174020191 0.03421643624703089
0 0.48241135478019714 0.23819281160831451 0.02288224174020191 0.03421643624703089
0 0.40212124586105347 0.23775538802146912 0.02288224174020191 0.03421643624703089
0 0.32122910022735596 0.23731467127799988 0.02288224174020191 0.03421643624703089
0 0.23972810804843903 0.2368706464767456 0.02288224174020191 0.03421643624703089
0 0.7321017980575562 0.32553091645240784 0.02288224174020191 0.03421643624703089
0 0.6506437659263611 0.32541677355766296 0.02288224174020191 0.03421643624703089
0 0.5685586333274841 0.32530173659324646 0.02288224174020191 0.03421643624703089
0 0.48583921790122986 0.3251858353614807 0.02288224174020191 0.03421643624703089
0 0.40247809886932373 0.32506901025772095 0.02288224174020191 0.03421643624703089
0 0.3184678256511688 0.32495129108428955 0.02288224174020191 0.03421643624703089
0 0.2338007539510727 0.32483264803886414 0.02288224174020191 0.03421643624703089
0 0.7454401254653931 0.4183417558670044 0.02288224174020191 0.03421643624703089
0 0.660819947719574 0.41859298944473267 0.02288224174020191 0.03421643624703089
0 0.5755225419998169 0.4188462197780609 0.02288224174020191 0.03421643624703089
0 0.48953983187675476 0.4191015064716339 0.02288224174020191 0.03421643624703089
0 0.402863472700119 0.41935884952545166 0.02288224174020191 0.03421643624703089
0 0.31548503041267395 0.41961827874183655 0.02288224174020191 0.03421643624703089
0 0.22739596664905548 0.41987982392311096 0.02288224174020191 0.03421643624703089
0 0.759870171546936 0.5187488794326782 0.02288224174020191 0.03421643624703089
0 0.6718325018882751 0.5194270610809326 0.02288224174020191 0.03421643624703089
0 0.5830612182617188 0.5201108455657959 0.02288224174020191 0.03421643624703089
0 0.4935471713542938 0.5208004117012024 0.02288224174020191 0.03421643624703089
0 0.40328091382980347 0.5214957594871521 0.02288224174020191 0.03421643624703089
0 0.3122529685497284 0.5221969485282898 0.02288224174020191 0.03421643624703089
0 0.2204536348581314 0.522904098033905 0.02288224174020191 0.03421643624703089
0 0.7755315899848938 0.6277247071266174 0.02288224174020191 0.03421643624703089
0 0.6837889552116394 0.6289035081863403 0.02288224174020191 0.03421643624703089
0 0.5912488698959351 0.6300925016403198 0.02288224174020191 0.03421643624703089
0 0.49790096282958984 0.6312918663024902 0.02288224174020191 0.03421643624703089
0 0.40373462438583374 0.6325017809867859 0.02288224174020191 0.03421643624703089
0 0.3087390065193176 0.6337223649024963 0.02288224174020191 0.03421643624703089
0 0.21290312707424164 0.6349536776542664 0.02288224174020191 0.03421643624703089
0 0.7925891876220703 0.7464150190353394 0.02288224174020191 0.03421643624703089
0 0.6968160271644592 0.7481831312179565 0.02288224174020191 0.03421643624703089
0 0.6001729965209961 0.7499672770500183 0.02288224174020191 0.03421643624703089
0 0.5026481747627258 0.7517677545547485 0.02288224174020191 0.03421643624703089
0 0.4042294919490814 0.7535846829414368 0.02288224174020191 0.03421643624703089
0 0.304904580116272 0.7554183602333069 0.02288224174020191 0.03421643624703089
0 0.20466086268424988 0.7572689652442932 0.02288224174020191 0.03421643624703089