0 0.3368951976299286 0.3857371211051941 0.01921756938099861 0.025623425841331482
0 0.3317173421382904 0.4440601170063019 0.01921756938099861 0.025623425841331482
0 0.3262389004230499 0.5057686567306519 0.01921756938099861 0.025623425841331482
0 0.3204329311847687 0.5711662769317627 0.01921756938099861 0.025623425841331482
0 0.31426918506622314 0.6405940651893616 0.01921756938099861 0.025623425841331482
0 0.3077135384082794 0.7144362926483154 0.01921756938099861 0.025623425841331482
0 0.30072736740112305 0.7931278944015503 0.01921756938099861 0.025623425841331482
0 0.39896780252456665 0.3874675929546356 0.01921756938099861 0.025623425841331482
0 0.3955405652523041 0.445841521024704 0.01921756938099861 0.025623425841331482
0 0.39191439747810364 0.5076040029525757 0.01921756938099861 0.025623425841331482
0 0.3880714476108551 0.5730590224266052 0.01921756938099861 0.025623425841331482
0 0.38399162888526917 0.6425477862358093 0.01921756938099861 0.025623425841331482
0 0.3796524107456207 0.7164551615715027 0.01921756938099861 0.025623425841331482
0 0.37502822279930115 0.7952163815498352 0.01921756938099861 0.025623425841331482
0 0.4610447287559509 0.3891982138156891 0.01921756938099861 0.025623425841331482
0 0.45936840772628784 0.44762301445007324 0.01921756938099861 0.025623425841331482
0 0.45759475231170654 0.5094395279884338 0.01921756938099861 0.025623425841331482
0 0.4557150602340698 0.5749518871307373 0.01921756938099861 0.025623425841331482
0 0.4537195563316345 0.6445017457008362 0.01921756938099861 0.025623425841331482
0 0.45159712433815 0.7184742093086243 0.01921756938099861 0.025623425841331482
0 0.4493353068828583 0.7973049879074097 0.01921756938099861 0.025623425841331482
0 0.5231260061264038 0.3909289240837097 0.01921756938099861 0.025623425841331482
0 0.5232008099555969 0.44940468668937683 0.01921756938099861 0.025623425841331482
0 0.5232799649238586 0.5112751722335815 0.01921756938099861 0.025623425841331482
0 0.5233638286590576 0.5768448710441589 0.01921756938099861 0.025623425841331482
0 0.5234529376029968 0.6464558243751526 0.01921756938099861 0.025623425841331482
0 0.5235476493835449 0.7204934358596802 0.01921756938099861 0.025623425841331482
0 0.5236486196517944 0.7993938326835632 0.01921756938099861 0.025623425841331482
0 0.5852115750312805 0.3926597833633423 0.01921756938099861 0.025623425841331482
0 0.5870378017425537 0.4511864483356476 0.01921756938099861 0.025623425841331482
0 0.5889700055122375 0.5131109356880188 0.01921756938099861 0.025623425841331482
0 0.5910177826881409 0.5787380337715149 0.01921756938099861 0.025623425841331482
0 0.5931917428970337 0.6484100222587585 0.01921756938099861 0.025623425841331482
0 0.5955039858818054 0.7225127816200256 0.01921756938099861 0.025623425841331482
0 0.5979681015014648 0.8014827966690063 0.01921756938099861 0.025623425841331482
0 0.6473014950752258 0.3943907618522644 0.01921756938099861 0.025623425841331482
0 0.6508793830871582 0.4529683589935303 0.01921756938099861 0.025623425841331482
0 0.654664933681488 0.5149468779563904 0.01921756938099861 0.025623425841331482
0 0.6586768627166748 0.5806313753128052 0.01921756938099861 0.025623425841331482
0 0.6629360914230347 0.6503643989562988 0.01921756938099861 0.025623425841331482
0 0.6674661636352539 0.7245323061943054 0.01921756938099861 0.025623425841331482
0 0.6722937822341919 0.8035719394683838 0.01921756938099861 0.025623425841331482
0 0.7093957662582397 0.3961218297481537 0.01921756938099861 0.025623425841331482
0 0.7147255539894104 0.4547503888607025 0.01921756938099861 0.025623425841331482
0 0.7203646898269653 0.5167829394340515 0.01921756938099861 0.025623425841331482
0 0.7263411283493042 0.5825247764587402 0.01921756938099861 0.025623425841331482
0 0.7326858639717102 0.6523189544677734 0.01921756938099861 0.025623425841331482
0 0.7394341826438904 0.7265520095825195 0.01921756938099861 0.025623425841331482
0 0.7466257214546204 0.8056612610816956 0.01921756938099861 0.025623425841331482