0 0.692715048789978 0.16471068561077118 0.025333650410175323 0.03377820054690043
0 0.6240041851997375 0.16710719466209412 0.025333650410175323 0.03377820054690043
0 0.555156409740448 0.16950847208499908 0.025333650410175323 0.03377820054690043
0 0.48617130517959595 0.17191454768180847 0.025333650410175323 0.03377820054690043
0 0.41704848408699036 0.17432542145252228 0.025333650410175323 0.03377820054690043
0 0.3477875590324402 0.1767411082983017 0.025333650410175323 0.03377820054690043
0 0.27838805317878723 0.17916163802146912 0.025333650410175323 0.03377820054690043
0 0.7034750580787659 0.23115144670009613 0.025333650410175323 0.03377820054690043
0 0.6315127015113831 0.23373101651668549 0.025333650410175323 0.03377820054690043
0 0.5594001412391663 0.23631596565246582 0.025333650410175323 0.03377820054690043
0 0.48713696002960205 0.23890632390975952 0.025333650410175323 0.03377820054690043
0 0.41472259163856506 0.2415020912885666 0.025333650410175323 0.03377820054690043
0 0.34215661883354187 0.2441032975912094 0.025333650410175323 0.03377820054690043
0 0.26943856477737427 0.24670995771884918 0.025333650410175323 0.03377820054690043
0 0.7153066992759705 0.30420932173728943 0.025333650410175323 0.03377820054690043
0 0.6397698521614075 0.3069974482059479 0.025333650410175323 0.03377820054690043
0 0.5640674829483032 0.3097916841506958 0.025333650410175323 0.03377820054690043
0 0.4881990849971771 0.3125920295715332 0.025333650410175323 0.03377820054690043
0 0.41216403245925903 0.31539854407310486 0.025333650410175323 0.03377820054690043
0 0.33596181869506836 0.31821122765541077 0.025333650410175323 0.03377820054690043
0 0.2595919072628021 0.3210301101207733 0.025333650410175323 0.03377820054690043
0 0.728378415107727 0.38492465019226074 0.025333650410175323 0.03377820054690043
0 0.6488934755325317 0.3879520297050476 0.025333650410175323 0.03377820054690043
0 0.5692251324653625 0.3909863829612732 0.025333650410175323 0.03377820054690043
0 0.4893729090690613 0.3940277397632599 0.025333650410175323 0.03377820054690043
0 0.40933606028556824 0.39707615971565247 0.025333650410175323 0.03377820054690043
0 0.3291139602661133 0.40013161301612854 0.025333650410175323 0.03377820054690043
0 0.24870598316192627 0.4031941592693329 0.025333650410175323 0.03377820054690043
0 0.7428960204124451 0.47456789016723633 0.025333650410175323 0.03377820054690043
0 0.6590274572372437 0.4778718650341034 0.025333650410175323 0.03377820054690043
0 0.5749546885490417 0.4811839163303375 0.025333650410175323 0.03377820054690043
0 0.4906770586967468 0.48450401425361633 0.025333650410175323 0.03377820054690043
0 0.4061937630176544 0.4878322184085846 0.025333650410175323 0.03377820054690043
0 0.32150402665138245 0.4911685585975647 0.025333650410175323 0.03377820054690043
0 0.2366071492433548 0.49451306462287903 0.025333650410175323 0.03377820054690043
0 0.7591134309768677 0.57470703125 0.025333650410175323 0.03377820054690043
0 0.6703495383262634 0.5783336162567139 0.025333650410175323 0.03377820054690043
0 0.5813568234443665 0.5819694995880127 0.025333650410175323 0.03377820054690043
0 0.4921344816684723 0.5856147408485413 0.025333650410175323 0.03377820054690043
0 0.4026816189289093 0.5892693996429443 0.025333650410175323 0.03377820054690043
0 0.31299734115600586 0.5929335355758667 0.025333650410175323 0.03377820054690043
0 0.22308069467544556 0.5966072082519531 0.025333650410175323 0.03377820054690043
0 0.7773477435112 0.6873001456260681 0.025333650410175323 0.03377820054690043
0 0.6830815672874451 0.6913064122200012 0.025333650410175323 0.03377820054690043
0 0.5885573625564575 0.6953237056732178 0.025333650410175323 0.03377820054690043
0 0.4937739372253418 0.6993519067764282 0.025333650410175323 0.03377820054690043
0 0.3987303078174591 0.7033912539482117 0.025333650410175323 0.03377820054690043
0 0.3034254014492035 0.7074416875839233 0.025333650410175323 0.03377820054690043
0 0.2078581303358078 0.711503267288208 0.025333650410175323 0.03377820054690043