0 0.7458586692810059 0.16241486370563507 0.036458333333333336 0.036458333333333336
0 0.6667051315307617 0.1626427322626114 0.036458333333333336 0.036458333333333336
0 0.5876222252845764 0.1628704071044922 0.036458333333333336 0.036458333333333336
0 0.5086097717285156 0.16309788823127747 0.036458333333333336 0.036458333333333336
0 0.42966780066490173 0.16332514584064484 0.036458333333333336 0.036458333333333336
0 0.3507961332798004 0.16355222463607788 0.036458333333333336 0.036458333333333336
0 0.2719947099685669 0.16377907991409302 0.036458333333333336 0.036458333333333336
0 0.7551566958427429 0.2172432392835617 0.036458333333333336 0.036458333333333336
0 0.6727230548858643 0.21745507419109344 0.036458333333333336 0.036458333333333336
0 0.5903659462928772 0.21766670048236847 0.036458333333333336 0.036458333333333336
0 0.508085310459137 0.21787814795970917 0.036458333333333336 0.036458333333333336
0 0.4258810579776764 0.21808938682079315 0.036458333333333336 0.036458333333333336
0 0.34375306963920593 0.21830043196678162 0.036458333333333336 0.036458333333333336
0 0.26170122623443604 0.21851126849651337 0.036458333333333336 0.036458333333333336
0 0.7652580142021179 0.2768080532550812 0.036458333333333336 0.036458333333333336
0 0.6792605519294739 0.27700015902519226 0.036458333333333336 0.036458333333333336
0 0.5933464765548706 0.277192085981369 0.036458333333333336 0.036458333333333336
0 0.5075156092643738 0.27738380432128906 0.036458333333333336 0.036458333333333336
0 0.42176780104637146 0.2775753438472748 0.036458333333333336 0.036458333333333336
0 0.33610302209854126 0.27776670455932617 0.036458333333333336 0.036458333333333336
0 0.25052106380462646 0.27795788645744324 0.036458333333333336 0.036458333333333336
0 0.7762712836265564 0.34175077080726624 0.036458333333333336 0.036458333333333336
0 0.6863880157470703 0.3419186472892761 0.036458333333333336 0.036458333333333336
0 0.596595823764801 0.3420863449573517 0.036458333333333336 0.036458333333333336
0 0.5068945288658142 0.3422538638114929 0.036458333333333336 0.036458333333333336
0 0.41728395223617554 0.34242120385169983 0.036458333333333336 0.036458333333333336
0 0.32776400446891785 0.3425883948802948 0.036458333333333336 0.036458333333333336
0 0.2383345514535904 0.34275540709495544 0.036458333333333336 0.036458333333333336
0 0.7883259057998657 0.41283413767814636 0.036458333333333336 0.036458333333333336
0 0.6941890716552734 0.41297221183776855 0.036458333333333336 0.036458333333333336
0 0.6001520752906799 0.4131101369857788 0.036458333333333336 0.036458333333333336
0 0.5062147974967957 0.4132479429244995 0.036458333333333336 0.036458333333333336
0 0.4123770296573639 0.4133855700492859 0.036458333333333336 0.036458333333333336
0 0.3186386227607727 0.4135230779647827 0.036458333333333336 0.036458333333333336
0 0.22499941289424896 0.4136604070663452 0.036458333333333336 0.036458333333333336
0 0.8015769720077515 0.49097228050231934 0.036458333333333336 0.036458333333333336
0 0.7027639150619507 0.49107369780540466 0.036458333333333336 0.036458333333333336
0 0.60406094789505 0.49117499589920044 0.036458333333333336 0.036458333333333336
0 0.5054677724838257 0.49127620458602905 0.036458333333333336 0.036458333333333336
0 0.4069841802120209 0.4913772642612457 0.036458333333333336 0.036458333333333336
0 0.30861008167266846 0.49147823452949524 0.036458333333333336 0.036458333333333336
0 0.21034522354602814 0.4915790855884552 0.036458333333333336 0.036458333333333336
0 0.8162117600440979 0.5772703289985657 0.036458333333333336 0.036458333333333336
0 0.7122337222099304 0.5773264765739441 0.036458333333333336 0.036458333333333336
0 0.6083775162696838 0.5773825645446777 0.036458333333333336 0.036458333333333336
0 0.5046427845954895 0.5774385929107666 0.036458333333333336 0.036458333333333336
0 0.401029497385025 0.5774945020675659 0.036458333333333336 0.036458333333333336
0 0.29753729701042175 0.5775504112243652 0.036458333333333336 0.036458333333333336
0 0.19416604936122894 0.577606201171875 0.036458333333333336 0.036458333333333336