0 0.7070309519767761 0.1594700813293457 0.02284465152770281 0.034160226583480835
0 0.6318026781082153 0.1587965190410614 0.02284465152770281 0.034160226583480835
0 0.55599045753479 0.15811772644519806 0.02284465152770281 0.034160226583480835
0 0.4795874357223511 0.1574336439371109 0.02284465152770281 0.034160226583480835
0 0.4025866687297821 0.15674421191215515 0.02284465152770281 0.034160226583480835
0 0.32498109340667725 0.15604937076568604 0.02284465152770281 0.034160226583480835
0 0.24676358699798584 0.1553490310907364 0.02284465152770281 0.034160226583480835
0 0.7184321284294128 0.2393941432237625 0.02284465152770281 0.034160226583480835
0 0.6405184268951416 0.2390163689851761 0.02284465152770281 0.034160226583480835
0 0.5619778633117676 0.23863555490970612 0.02284465152770281 0.034160226583480835
0 0.48280277848243713 0.23825165629386902 0.02284465152770281 0.034160226583480835
0 0.402985543012619 0.2378646433353424 0.02284465152770281 0.034160226583480835
0 0.3225182592868805 0.2374744862318039 0.02284465152770281 0.034160226583480835
0 0.24139297008514404 0.2370811402797699 0.02284465152770281 0.034160226583480835
0 0.730688750743866 0.3253151476383209 0.02284465152770281 0.034160226583480835
0 0.6498908400535583 0.3252803683280945 0.02284465152770281 0.034160226583480835
0 0.5684182047843933 0.32524529099464417 0.02284465152770281 0.034160226583480835
0 0.4862624406814575 0.32520994544029236 0.02284465152770281 0.034160226583480835
0 0.40341487526893616 0.3251742720603943 0.02284465152770281 0.034160226583480835
0 0.31986674666404724 0.3251383304595947 0.02284465152770281 0.034160226583480835
0 0.23560912907123566 0.3251020610332489 0.02284465152770281 0.034160226583480835
0 0.7439008951187134 0.4179342985153198 0.02284465152770281 0.034160226583480835
0 0.6599970459938049 0.4182983338832855 0.02284465152770281 0.034160226583480835
0 0.5753650069236755 0.4186655282974243 0.02284465152770281 0.034160226583480835
0 0.4899953007698059 0.4190359115600586 0.02284465152770281 0.034160226583480835
0 0.40387824177742004 0.41940954327583313 0.02284465152770281 0.034160226583480835
0 0.3170039653778076 0.4197864532470703 0.02284465152770281 0.034160226583480835
0 0.22936244308948517 0.42016667127609253 0.02284465152770281 0.034160226583480835
0 0.7581847906112671 0.5180667042732239 0.02284465152770281 0.034160226583480835
0 0.6709267497062683 0.5188958048820496 0.02284465152770281 0.034160226583480835
0 0.582880437374115 0.5197324156761169 0.02284465152770281 0.034160226583480835
0 0.49403512477874756 0.5205765962600708 0.02284465152770281 0.034160226583480835
0 0.4043799042701721 0.5214284658432007 0.02284465152770281 0.034160226583480835
0 0.31390365958213806 0.5222881436347961 0.02284465152770281 0.034160226583480835
0 0.22259503602981567 0.5231557488441467 0.02284465152770281 0.034160226583480835
0 0.773676335811615 0.6266651749610901 0.02284465152770281 0.034160226583480835
0 0.6827848553657532 0.6280385255813599 0.02284465152770281 0.034160226583480835
0 0.5910372138023376 0.6294248104095459 0.02284465152770281 0.034160226583480835
0 0.4984213411808014 0.6308242678642273 0.02284465152770281 0.034160226583480835
0 0.40492478013038635 0.6322370171546936 0.02284465152770281 0.034160226583480835
0 0.3105349540710449 0.6336632370948792 0.02284465152770281 0.034160226583480835
0 0.21523898839950562 0.635103166103363 0.02284465152770281 0.034160226583480835
0 0.7905355095863342 0.744850754737854 0.02284465152770281 0.034160226583480835
0 0.6956949234008789 0.746863603591919 0.02284465152770281 0.034160226583480835
0 0.5999212265014648 0.7488963007926941 0.02284465152770281 0.034160226583480835
0 0.5032005310058594 0.7509490251541138 0.02284465152770281 0.034160226583480835
0 0.40551871061325073 0.7530221939086914 0.02284465152770281 0.034160226583480835
0 0.30686143040657043 0.7551160454750061 0.02284465152770281 0.034160226583480835
0 0.20721398293972015 0.7572309374809265 0.02284465152770281 0.034160226583480835