0 0.23800134658813477 0.20128512382507324 0.0358262707789739 0.0358262707789739
0 0.31668445467948914 0.20021095871925354 0.0358262707789739 0.0358262707789739
0 0.39516064524650574 0.19913960993289948 0.0358262707789739 0.0358262707789739
0 0.4734307825565338 0.19807107746601105 0.0358262707789739 0.0358262707789739
0 0.5514956712722778 0.19700534641742706 0.0358262707789739 0.0358262707789739
0 0.6293560862541199 0.19594240188598633 0.0358262707789739 0.0358262707789739
0 0.7070128917694092 0.19488224387168884 0.0358262707789739 0.0358262707789739
0 0.22820335626602173 0.25779053568840027 0.0358262707789739 0.0358262707789739
0 0.3100953698158264 0.25659534335136414 0.0358262707789739 0.0358262707789739
0 0.3917633295059204 0.25540342926979065 0.0358262707789739 0.0358262707789739
0 0.47320812940597534 0.25421473383903503 0.0358262707789739 0.0358262707789739
0 0.5544307231903076 0.25302931666374207 0.0358262707789739 0.0358262707789739
0 0.6354320049285889 0.25184711813926697 0.0358262707789739 0.0358262707789739
0 0.7162128686904907 0.25066813826560974 0.0358262707789739 0.0358262707789739
0 0.21757464110851288 0.3190867006778717 0.0358262707789739 0.0358262707789739
0 0.3029484450817108 0.317753404378891 0.0358262707789739 0.0358262707789739
0 0.3880787789821625 0.3164238929748535 0.0358262707789739 0.0358262707789739
0 0.47296667098999023 0.3150981664657593 0.0358262707789739 0.0358262707789739
0 0.5576132535934448 0.3137761950492859 0.0358262707789739 0.0358262707789739
0 0.6420193910598755 0.31245800852775574 0.0358262707789739 0.0358262707789739
0 0.7261862754821777 0.31114351749420166 0.0358262707789739 0.0358262707789739
0 0.20600490272045135 0.38580986857414246 0.0358262707789739 0.0358262707789739
0 0.2951696813106537 0.38431814312934875 0.0358262707789739 0.0358262707789739
0 0.38406896591186523 0.38283082842826843 0.0358262707789739 0.0358262707789739
0 0.4727039635181427 0.3813479542732239 0.0358262707789739 0.0358262707789739
0 0.5610758066177368 0.3798694908618927 0.0358262707789739 0.0358262707789739
0 0.6491857171058655 0.3783954083919525 0.0358262707789739 0.0358262707789739
0 0.737034797668457 0.37692567706108093 0.0358262707789739 0.0358262707789739
0 0.19336336851119995 0.4587141275405884 0.0358262707789739 0.0358262707789739
0 0.2866714298725128 0.4570396840572357 0.0358262707789739 0.0358262707789739
0 0.3796888589859009 0.4553704261779785 0.0358262707789739 0.0358262707789739
0 0.4724169969558716 0.45370641350746155 0.0358262707789739 0.0358262707789739
0 0.5648571848869324 0.45204752683639526 0.0358262707789739 0.0358262707789739
0 0.6570107340812683 0.45039379596710205 0.0358262707789739 0.0358262707789739
0 0.7488790154457092 0.4487451910972595 0.0358262707789739 0.0358262707789739
0 0.17949385941028595 0.5387001037597656 0.0358262707789739 0.0358262707789739
0 0.277349054813385 0.5368136167526245 0.0358262707789739 0.0358262707789739
0 0.374884694814682 0.53493332862854 0.0358262707789739 0.0358262707789739
0 0.4721022844314575 0.5330591797828674 0.0358262707789739 0.0358262707789739
0 0.5690034627914429 0.5311911106109619 0.0358262707789739 0.0358262707789739
0 0.6655896902084351 0.5293291211128235 0.0358262707789739 0.0358262707789739
0 0.761862576007843 0.5274731516838074 0.0358262707789739 0.0358262707789739
0 0.164208322763443 0.6268523335456848 0.0358262707789739 0.0358262707789739
0 0.2670765221118927 0.624718189239502 0.0358262707789739 0.0358262707789739
0 0.36959168314933777 0.6225913763046265 0.0358262707789739 0.0358262707789739
0 0.47175562381744385 0.6204718947410583 0.0358262707789739 0.0358262707789739
0 0.573570191860199 0.6183596253395081 0.0358262707789739 0.0358262707789739
0 0.6750370860099792 0.6162545680999756 0.0358262707789739 0.0358262707789739
0 0.7761580944061279 0.6141567230224609 0.0358262707789739 0.0358262707789739