0 0.6702937483787537 0.1596987098455429 0.025115858763456345 0.03348781168460846
0 0.6015322208404541 0.16385698318481445 0.025115858763456345 0.03348781168460846
0 0.5328183174133301 0.1680123656988144 0.025115858763456345 0.03348781168460846
0 0.4641520380973816 0.17216487228870392 0.025115858763456345 0.03348781168460846
0 0.39553332328796387 0.17631450295448303 0.025115858763456345 0.03348781168460846
0 0.32696208357810974 0.18046125769615173 0.025115858763456345 0.03348781168460846
0 0.2584383189678192 0.18460513651371002 0.025115858763456345 0.03348781168460846
0 0.6813260316848755 0.22524873912334442 0.025115858763456345 0.03348781168460846
0 0.6093118786811829 0.22957967221736908 0.025115858763456345 0.03348781168460846
0 0.5373499393463135 0.23390746116638184 0.025115858763456345 0.03348781168460846
0 0.46544018387794495 0.2382321059703827 0.025115858763456345 0.03348781168460846
0 0.39358261227607727 0.24255360662937164 0.025115858763456345 0.03348781168460846
0 0.3217771351337433 0.24687199294567108 0.025115858763456345 0.03348781168460846
0 0.2500236928462982 0.2511872351169586 0.025115858763456345 0.03348781168460846
0 0.6934528946876526 0.29730224609375 0.025115858763456345 0.03348781168460846
0 0.6178630590438843 0.3018204867839813 0.025115858763456345 0.03348781168460846
0 0.5423307418823242 0.3063352704048157 0.025115858763456345 0.03348781168460846
0 0.4668559730052948 0.31084662675857544 0.025115858763456345 0.03348781168460846
0 0.39143866300582886 0.3153545558452606 0.025115858763456345 0.03348781168460846
0 0.31607872247695923 0.3198590576648712 0.025115858763456345 0.03348781168460846
0 0.24077610671520233 0.32436010241508484 0.025115858763456345 0.03348781168460846
0 0.7068457007408142 0.3768775761127472 0.025115858763456345 0.03348781168460846
0 0.6273065209388733 0.38159966468811035 0.025115858763456345 0.03348781168460846
0 0.547831118106842 0.3863179385662079 0.025115858763456345 0.03348781168460846
0 0.4684194028377533 0.39103245735168457 0.025115858763456345 0.03348781168460846
0 0.3890712559223175 0.395743191242218 0.025115858763456345 0.03348781168460846
0 0.3097866475582123 0.4004501700401306 0.025115858763456345 0.03348781168460846
0 0.23056545853614807 0.4051533639431 0.025115858763456345 0.03348781168460846
0 0.7217136025428772 0.4652174413204193 0.025115858763456345 0.03348781168460846
0 0.6377897262573242 0.4701620936393738 0.025115858763456345 0.03348781168460846
0 0.5539368391036987 0.47510257363319397 0.025115858763456345 0.03348781168460846
0 0.4701547920703888 0.4800388514995575 0.025115858763456345 0.03348781168460846
0 0.386443555355072 0.48497098684310913 0.025115858763456345 0.03348781168460846
0 0.30280300974845886 0.4898989498615265 0.025115858763456345 0.03348781168460846
0 0.21923305094242096 0.49482274055480957 0.025115858763456345 0.03348781168460846
0 0.7383145093917847 0.5638542771339417 0.025115858763456345 0.03348781168460846
0 0.6494942903518677 0.5690428018569946 0.025115858763456345 0.03348781168460846
0 0.560753583908081 0.5742266774177551 0.025115858763456345 0.03348781168460846
0 0.4720922112464905 0.5794059634208679 0.025115858763456345 0.03348781168460846
0 0.38351011276245117 0.5845806002616882 0.025115858763456345 0.03348781168460846
0 0.2950071692466736 0.5897505879402161 0.025115858763456345 0.03348781168460846
0 0.20658327639102936 0.5949159860610962 0.025115858763456345 0.03348781168460846
0 0.7569701671600342 0.6746997237205505 0.025115858763456345 0.03348781168460846
0 0.6626468896865845 0.6801565289497375 0.025115858763456345 0.03348781168460846
0 0.5684131979942322 0.6856081485748291 0.025115858763456345 0.03348781168460846
0 0.4742690622806549 0.6910545825958252 0.025115858763456345 0.03348781168460846
0 0.38021424412727356 0.6964958906173706 0.025115858763456345 0.03348781168460846
0 0.28624868392944336 0.7019320130348206 0.025115858763456345 0.03348781168460846
0 0.19237224757671356 0.707362949848175 0.025115858763456345 0.03348781168460846