0 0.7497261166572571 0.2594076693058014 0.035098438461621605 0.035098438461621605
0 0.6623596549034119 0.2599944770336151 0.035098438461621605 0.035098438461621605
0 0.5767636299133301 0.26056939363479614 0.035098438461621605 0.035098438461621605
0 0.4928847849369049 0.2611328065395355 0.035098438461621605 0.035098438461621605
0 0.4106719493865967 0.26168498396873474 0.035098438461621605 0.035098438461621605
0 0.3300759792327881 0.2622263431549072 0.035098438461621605 0.035098438461621605
0 0.251049667596817 0.2627571225166321 0.035098438461621605 0.035098438461621605
0 0.7513757944107056 0.33357545733451843 0.035098438461621605 0.035098438461621605
0 0.6611948609352112 0.3333975672721863 0.035098438461621605 0.035098438461621605
0 0.5728992819786072 0.3332234025001526 0.035098438461621605 0.035098438461621605
0 0.4864305853843689 0.3330528438091278 0.035098438461621605 0.035098438461621605
0 0.4017326235771179 0.3328857719898224 0.035098438461621605 0.035098438461621605
0 0.31875160336494446 0.3327220678329468 0.035098438461621605 0.035098438461621605
0 0.23743578791618347 0.3325616717338562 0.035098438461621605 0.035098438461621605
0 0.7531358003616333 0.41270342469215393 0.035098438461621605 0.035098438461621605
0 0.6599529981613159 0.41165611147880554 0.035098438461621605 0.035098438461621605
0 0.5687820315361023 0.4106314182281494 0.035098438461621605 0.035098438461621605
0 0.4795585572719574 0.40962862968444824 0.035098438461621605 0.035098438461621605
0 0.39222073554992676 0.40864700078964233 0.035098438461621605 0.035098438461621605
0 0.3067094385623932 0.40768590569496155 0.035098438461621605 0.035098438461621605
0 0.2229679822921753 0.40674471855163574 0.035098438461621605 0.035098438461621605
0 0.7550175786018372 0.4973064064979553 0.035098438461621605 0.035098438461621605
0 0.6586261987686157 0.49526840448379517 0.035098438461621605 0.035098438461621605
0 0.5643863081932068 0.49327588081359863 0.035098438461621605 0.035098438461621605
0 0.4722267985343933 0.4913273751735687 0.035098438461621605 0.035098438461621605
0 0.38207942247390747 0.48942139744758606 0.035098438461621605 0.035098438461621605
0 0.29387906193733215 0.4875565767288208 0.035098438461621605 0.035098438461621605
0 0.20756328105926514 0.4857316017150879 0.035098438461621605 0.035098438461621605
0 0.7570342421531677 0.5879729390144348 0.035098438461621605 0.035098438461621605
0 0.6572054028511047 0.5848032236099243 0.035098438461621605 0.035098438461621605
0 0.5596828460693359 0.5817067623138428 0.035098438461621605 0.035098438461621605
0 0.46438756585121155 0.5786809325218201 0.035098438461621605 0.035098438461621605
0 0.3712441325187683 0.5757235288619995 0.035098438461621605 0.035098438461621605
0 0.2801804542541504 0.5728321075439453 0.035098438461621605 0.035098438461621605
0 0.19112764298915863 0.5700045228004456 0.035098438461621605 0.035098438461621605
0 0.7592008113861084 0.6853792071342468 0.035098438461621605 0.035098438461621605
0 0.655680239200592 0.680912971496582 0.035098438461621605 0.035098438461621605
0 0.5546380877494812 0.6765537261962891 0.035098438461621605 0.035098438461621605
0 0.45598629117012024 0.6722975373268127 0.035098438461621605 0.035098438461621605
0 0.35964104533195496 0.6681408882141113 0.035098438461621605 0.035098438461621605
0 0.26552239060401917 0.6640803217887878 0.035098438461621605 0.035098438461621605
0 0.17355400323867798 0.6601125001907349 0.035098438461621605 0.035098438461621605
0 0.7615346312522888 0.7903056144714355 0.035098438461621605 0.035098438461621605
0 0.6540389060974121 0.7843495607376099 0.035098438461621605 0.035098438461621605
0 0.5492135286331177 0.7785413861274719 0.035098438461621605 0.035098438461621605
0 0.4469602704048157 0.7728757262229919 0.035098438461621605 0.035098438461621605
0 0.34718555212020874 0.7673474550247192 0.035098438461621605 0.035098438461621605
0 0.2498003989458084 0.7619515061378479 0.035098438461621605 0.035098438461621605
0 0.15471993386745453 0.756683349609375 0.035098438461621605 0.035098438461621605