0 0.28626349568367004 0.6686319708824158 0.021386485546827316 0.02851531406243642
0 0.364658385515213 0.6658762097358704 0.021386485546827316 0.02851531406243642
0 0.44413912296295166 0.6630823016166687 0.021386485546827316 0.02851531406243642
0 0.5247283577919006 0.6602494120597839 0.021386485546827316 0.02851531406243642
0 0.606449544429779 0.6573767066001892 0.021386485546827316 0.02851531406243642
0 0.6893266439437866 0.6544634103775024 0.021386485546827316 0.02851531406243642
0 0.7733843922615051 0.6515085697174072 0.021386485546827316 0.02851531406243642
0 0.2970787286758423 0.5764719247817993 0.021386485546827316 0.02851531406243642
0 0.3718468248844147 0.5732421875 0.021386485546827316 0.02851531406243642
0 0.4476013481616974 0.569969892501831 0.021386485546827316 0.02851531406243642
0 0.5243619680404663 0.5666540861129761 0.021386485546827316 0.02851531406243642
0 0.6021487712860107 0.5632939338684082 0.021386485546827316 0.02851531406243642
0 0.6809826493263245 0.5598886013031006 0.021386485546827316 0.02851531406243642
0 0.760884702205658 0.556437075138092 0.021386485546827316 0.02851531406243642
0 0.3069257438182831 0.49256256222724915 0.021386485546827316 0.02851531406243642
0 0.3783876895904541 0.48895320296287537 0.021386485546827316 0.02851531406243642
0 0.4507497251033783 0.48529836535453796 0.021386485546827316 0.02851531406243642
0 0.5240289568901062 0.4815972149372101 0.021386485546827316 0.02851531406243642
0 0.5982428789138794 0.4778488278388977 0.021386485546827316 0.02851531406243642
0 0.6734095811843872 0.4740523397922516 0.021386485546827316 0.02851531406243642
0 0.7495474219322205 0.4702067971229553 0.021386485546827316 0.02851531406243642
0 0.31592896580696106 0.4158433675765991 0.021386485546827316 0.02851531406243642
0 0.3843647241592407 0.4119301438331604 0.021386485546827316 0.02851531406243642
0 0.45362505316734314 0.40796974301338196 0.021386485546827316 0.02851531406243642
0 0.5237249732017517 0.4039613604545593 0.021386485546827316 0.02851531406243642
0 0.5946798324584961 0.3999040722846985 0.021386485546827316 0.02851531406243642
0 0.6665053367614746 0.3957970142364502 0.021386485546827316 0.02851531406243642
0 0.7392176985740662 0.39163923263549805 0.021386485546827316 0.02851531406243642
0 0.3241924047470093 0.34542810916900635 0.021386485546827316 0.02851531406243642
0 0.3898478150367737 0.3412723243236542 0.021386485546827316 0.02851531406243642
0 0.45626139640808105 0.3370685279369354 0.021386485546827316 0.02851531406243642
0 0.5234464406967163 0.33281591534614563 0.021386485546827316 0.02851531406243642
0 0.5914163589477539 0.32851362228393555 0.021386485546827316 0.02851531406243642
0 0.6601850986480713 0.32416078448295593 0.021386485546827316 0.02851531406243642
0 0.7297667860984802 0.31975647807121277 0.021386485546827316 0.02851531406243642
0 0.3318036198616028 0.28057047724723816 0.021386485546827316 0.02851531406243642
0 0.3948957324028015 0.27622202038764954 0.021386485546827316 0.02851531406243642
0 0.45868736505508423 0.27182537317276 0.021386485546827316 0.02851531406243642
0 0.5231902599334717 0.26737967133522034 0.021386485546827316 0.02851531406243642
0 0.5884162783622742 0.26288414001464844 0.021386485546827316 0.02851531406243642
0 0.6543777585029602 0.25833791494369507 0.021386485546827316 0.02851531406243642
0 0.7210872173309326 0.2537401616573334 0.021386485546827316 0.02851531406243642
0 0.3388369381427765 0.2206375002861023 0.021386485546827316 0.02851531406243642
0 0.39955833554267883 0.21613720059394836 0.021386485546827316 0.02851531406243642
0 0.46092715859413147 0.21158891916275024 0.021386485546827316 0.02851531406243642
0 0.5229538083076477 0.20699188113212585 0.021386485546827316 0.02851531406243642
0 0.5856488943099976 0.20234529674053192 0.021386485546827316 0.02851531406243642
0 0.6490233540534973 0.19764837622642517 0.021386485546827316 0.02851531406243642
0 0.7130881547927856 0.19290028512477875 0.021386485546827316 0.02851531406243642