0 0.7274776101112366 0.24779047071933746 0.03606846431891123 0.03606846431891123
0 0.6483964920043945 0.2458004504442215 0.03606846431891123 0.03606846431891123
0 0.5692978501319885 0.2438099980354309 0.03606846431891123 0.03606846431891123
0 0.49018150568008423 0.2418191134929657 0.03606846431891123 0.03606846431891123
0 0.4110475480556488 0.23982776701450348 0.03606846431891123 0.03606846431891123
0 0.33189594745635986 0.23783598840236664 0.03606846431891123 0.03606846431891123
0 0.252726674079895 0.2358437478542328 0.03606846431891123 0.03606846431891123
0 0.7376181483268738 0.30354398488998413 0.03606846431891123 0.03606846431891123
0 0.6553841829299927 0.30148106813430786 0.03606846431891123 0.03606846431891123
0 0.5731312036514282 0.2994176745414734 0.03606846431891123 0.03606846431891123
0 0.49085915088653564 0.2973538041114807 0.03606846431891123 0.03606846431891123
0 0.40856799483299255 0.29528942704200745 0.03606846431891123 0.03606846431891123
0 0.3262577950954437 0.29322460293769836 0.03606846431891123 0.03606846431891123
0 0.2439284771680832 0.2911593019962311 0.03606846431891123 0.03606846431891123
0 0.7486010789871216 0.36392900347709656 0.03606846431891123 0.03606846431891123
0 0.6629524230957031 0.36178767681121826 0.03606846431891123 0.03606846431891123
0 0.5772830843925476 0.359645813703537 0.03606846431891123 0.03606846431891123
0 0.4915930926799774 0.3575034737586975 0.03606846431891123 0.03606846431891123
0 0.4058823883533478 0.35536059737205505 0.03606846431891123 0.03606846431891123
0 0.3201509714126587 0.353217214345932 0.03606846431891123 0.03606846431891123
0 0.23439885675907135 0.351073294878006 0.03606846431891123 0.03606846431891123
0 0.7605359554290771 0.42954763770103455 0.03606846431891123 0.03606846431891123
0 0.6711766719818115 0.42732176184654236 0.03606846431891123 0.03606846431891123
0 0.5817949175834656 0.4250953495502472 0.03606846431891123 0.03606846431891123
0 0.4923906624317169 0.4228683412075043 0.03606846431891123 0.03606846431891123
0 0.40296387672424316 0.4206407964229584 0.03606846431891123 0.03606846431891123
0 0.3135145306587219 0.4184126853942871 0.03606846431891123 0.03606846431891123
0 0.22404266893863678 0.4161840081214905 0.03606846431891123 0.03606846431891123
0 0.7735520601272583 0.5011111497879028 0.03606846431891123 0.03606846431891123
0 0.6801461577415466 0.4987938404083252 0.03606846431891123 0.03606846431891123
0 0.5867156386375427 0.4964759349822998 0.03606846431891123 0.03606846431891123
0 0.49326053261756897 0.49415743350982666 0.03606846431891123 0.03606846431891123
0 0.399780809879303 0.4918383061885834 0.03606846431891123 0.03606846431891123
0 0.30627647042274475 0.48951858282089233 0.03606846431891123 0.03606846431891123
0 0.2127474993467331 0.48719823360443115 0.03606846431891123 0.03606846431891123
0 0.7878033518791199 0.5794656872749329 0.03606846431891123 0.03606846431891123
0 0.6899668574333191 0.5770492553710938 0.03606846431891123 0.03606846431891123
0 0.5921034216880798 0.5746321082115173 0.03606846431891123 0.03606846431891123
0 0.4942129850387573 0.5722143650054932 0.03606846431891123 0.03606846431891123
0 0.39629554748535156 0.5697959065437317 0.03606846431891123 0.03606846431891123
0 0.29835107922554016 0.5673767924308777 0.03606846431891123 0.03606846431891123
0 0.20037959516048431 0.5649569630622864 0.03606846431891123 0.03606846431891123
0 0.8034743666648865 0.6656261682510376 0.03606846431891123 0.03606846431891123
0 0.7007660865783691 0.6631017923355103 0.03606846431891123 0.03606846431891123
0 0.5980281233787537 0.6605767011642456 0.03606846431891123 0.03606846431891123
0 0.4952603578567505 0.6580508947372437 0.03606846431891123 0.03606846431891123
0 0.3924628496170044 0.6555243134498596 0.03606846431891123 0.03606846431891123
0 0.289635568857193 0.6529970169067383 0.03606846431891123 0.03606846431891123
0 0.1867784857749939 0.6504690051078796 0.03606846431891123 0.03606846431891123