0 0.30726632475852966 0.37763532996177673 0.019572181627154354 0.026096242169539135
0 0.30166760087013245 0.4406154751777649 0.019572181627154354 0.026096242169539135
0 0.29574277997016907 0.507263720035553 0.019572181627154354 0.026096242169539135
0 0.28946253657341003 0.5779100656509399 0.019572181627154354 0.026096242169539135
0 0.28279390931129456 0.6529254913330078 0.019572181627154354 0.026096242169539135
0 0.2756997048854828 0.7327281832695007 0.019572181627154354 0.026096242169539135
0 0.2681378722190857 0.8177915215492249 0.019572181627154354 0.026096242169539135
0 0.3704482913017273 0.3783796727657318 0.019572181627154354 0.026096242169539135
0 0.3666372001171112 0.4413847327232361 0.019572181627154354 0.026096242169539135
0 0.3626040816307068 0.508059561252594 0.019572181627154354 0.026096242169539135
0 0.35832902789115906 0.5787344574928284 0.019572181627154354 0.026096242169539135
0 0.3537895977497101 0.6537803411483765 0.019572181627154354 0.026096242169539135
0 0.34896042943000793 0.7336158752441406 0.019572181627154354 0.026096242169539135
0 0.34381288290023804 0.8187144994735718 0.019572181627154354 0.026096242169539135
0 0.433637797832489 0.37912410497665405 0.019572181627154354 0.026096242169539135
0 0.4316147565841675 0.4421541094779968 0.019572181627154354 0.026096242169539135
0 0.4294738471508026 0.5088555812835693 0.019572181627154354 0.026096242169539135
0 0.4272044897079468 0.5795589089393616 0.019572181627154354 0.026096242169539135
0 0.4247947633266449 0.6546353697776794 0.019572181627154354 0.026096242169539135
0 0.4222312569618225 0.7345036268234253 0.019572181627154354 0.026096242169539135
0 0.4194987416267395 0.819637656211853 0.019572181627154354 0.026096242169539135
0 0.4968348443508148 0.37986862659454346 0.019572181627154354 0.026096242169539135
0 0.49660027027130127 0.44292357563972473 0.019572181627154354 0.026096242169539135
0 0.49635204672813416 0.5096516609191895 0.019572181627154354 0.026096242169539135
0 0.4960888922214508 0.5803834795951843 0.019572181627154354 0.026096242169539135
0 0.49580949544906616 0.6554904580116272 0.019572181627154354 0.026096242169539135
0 0.4955122470855713 0.7353915572166443 0.019572181627154354 0.026096242169539135
0 0.4951953887939453 0.8205609321594238 0.019572181627154354 0.026096242169539135
0 0.5600394606590271 0.3806132376194 0.019572181627154354 0.026096242169539135
0 0.561593770980835 0.4436931312084198 0.019572181627154354 0.026096242169539135
0 0.5632386803627014 0.5104478597640991 0.019572181627154354 0.026096242169539135
0 0.5649822354316711 0.5812081098556519 0.019572181627154354 0.026096242169539135
0 0.5668337345123291 0.6563456654548645 0.019572181627154354 0.026096242169539135
0 0.5688033699989319 0.7362796068191528 0.019572181627154354 0.026096242169539135
0 0.5709028840065002 0.8214843273162842 0.019572181627154354 0.026096242169539135
0 0.6232515573501587 0.38135793805122375 0.019572181627154354 0.026096242169539135
0 0.6265952587127686 0.44446277618408203 0.019572181627154354 0.026096242169539135
0 0.6301337480545044 0.5112441182136536 0.019572181627154354 0.026096242169539135
0 0.633884608745575 0.5820329189300537 0.019572181627154354 0.026096242169539135
0 0.6378674507141113 0.6572009921073914 0.019572181627154354 0.026096242169539135
0 0.6421046257019043 0.7371677756309509 0.019572181627154354 0.026096242169539135
0 0.6466211676597595 0.8224078416824341 0.019572181627154354 0.026096242169539135
0 0.6864712238311768 0.38210272789001465 0.019572181627154354 0.026096242169539135
0 0.691604733467102 0.4452325105667114 0.019572181627154354 0.026096242169539135
0 0.6970372796058655 0.5120404958724976 0.019572181627154354 0.026096242169539135
0 0.7027958631515503 0.5828577876091003 0.019572181627154354 0.026096242169539135
0 0.7089107632637024 0.6580564379692078 0.019572181627154354 0.026096242169539135
0 0.7154160141944885 0.7380560040473938 0.019572181627154354 0.026096242169539135
0 0.7223502993583679 0.8233314752578735 0.019572181627154354 0.026096242169539135