0 0.693583607673645 0.1585201770067215 0.02299726284109056 0.034388430416584015
0 0.6183221936225891 0.1570543795824051 0.02299726284109056 0.034388430416584015
0 0.542336642742157 0.1555744707584381 0.02299726284109056 0.034388430416584015
0 0.46561649441719055 0.15408025681972504 0.02299726284109056 0.034388430416584015
0 0.38815101981163025 0.15257152915000916 0.02299726284109056 0.034388430416584015
0 0.3099293112754822 0.15104807913303375 0.02299726284109056 0.034388430416584015
0 0.23094025254249573 0.14950968325138092 0.02299726284109056 0.034388430416584015
0 0.7056241631507874 0.23792430758476257 0.02299726284109056 0.034388430416584015
0 0.6276223063468933 0.2367982715368271 0.02299726284109056 0.034388430416584015
0 0.5488418340682983 0.23566100001335144 0.02299726284109056 0.034388430416584015
0 0.46927115321159363 0.2345123142004013 0.02299726284109056 0.034388430416584015
0 0.38889825344085693 0.23335203528404236 0.02299726284109056 0.034388430416584015
0 0.3077109456062317 0.23218001425266266 0.02299726284109056 0.034388430416584015
0 0.22569681704044342 0.2309960573911667 0.02299726284109056 0.034388430416584015
0 0.7185906171798706 0.32343408465385437 0.02299726284109056 0.034388430416584015
0 0.637641191482544 0.32270556688308716 0.02299726284109056 0.034388430416584015
0 0.555852472782135 0.32196947932243347 0.02299726284109056 0.034388430416584015
0 0.47321122884750366 0.32122573256492615 0.02299726284109056 0.034388430416584015
0 0.3897041380405426 0.32047420740127563 0.02299726284109056 0.034388430416584015
0 0.3053175210952759 0.3197147250175476 0.02299726284109056 0.034388430416584015
0 0.22003737092018127 0.3189472258090973 0.02299726284109056 0.034388430416584015
0 0.7325938940048218 0.4157819151878357 0.02299726284109056 0.034388430416584015
0 0.6484655737876892 0.4155195355415344 0.02299726284109056 0.034388430416584015
0 0.5634297132492065 0.4152543544769287 0.02299726284109056 0.034388430416584015
0 0.4774715006351471 0.4149862825870514 0.02299726284109056 0.034388430416584015
0 0.3905758857727051 0.4147152900695801 0.02299726284109056 0.034388430416584015
0 0.30272743105888367 0.41444131731987 0.02299726284109056 0.034388430416584015
0 0.21391038596630096 0.41416430473327637 0.02299726284109056 0.034388430416584015
0 0.7477636933326721 0.515822172164917 0.02299726284109056 0.034388430416584015
0 0.6601967215538025 0.5161080360412598 0.02299726284109056 0.034388430416584015
0 0.5716452598571777 0.5163970589637756 0.02299726284109056 0.034388430416584015
0 0.4820926785469055 0.5166893601417542 0.02299726284109056 0.034388430416584015
0 0.3915219008922577 0.5169849991798401 0.02299726284109056 0.034388430416584015
0 0.2999154329299927 0.5172840356826782 0.02299726284109056 0.034388430416584015
0 0.20725543797016144 0.5175864696502686 0.02299726284109056 0.034388430416584015
0 0.7642520070075989 0.6245577931404114 0.02299726284109056 0.034388430416584015
0 0.6729534268379211 0.6254904866218567 0.02299726284109056 0.034388430416584015
0 0.5805832743644714 0.6264341473579407 0.02299726284109056 0.034388430416584015
0 0.48712265491485596 0.6273888945579529 0.02299726284109056 0.034388430416584015
0 0.39255210757255554 0.6283550262451172 0.02299726284109056 0.034388430416584015
0 0.2968517243862152 0.6293326616287231 0.02299726284109056 0.034388430416584015
0 0.20000118017196655 0.6303220987319946 0.02299726284109056 0.034388430416584015
0 0.7822385430335999 0.7431739568710327 0.02299726284109056 0.034388430416584015
0 0.6868763566017151 0.7448729276657104 0.02299726284109056 0.034388430416584015
0 0.5903434157371521 0.7465927600860596 0.02299726284109056 0.034388430416584015
0 0.4926181435585022 0.7483338117599487 0.02299726284109056 0.034388430416584015
0 0.393678218126297 0.7500964999198914 0.02299726284109056 0.034388430416584015
0 0.2935009300708771 0.7518813014030457 0.02299726284109056 0.034388430416584015
0 0.1920628547668457 0.7536885142326355 0.02299726284109056 0.034388430416584015