0 0.33171579241752625 0.6138213872909546 0.019907142966985703 0.02654285728931427
0 0.4079321622848511 0.610180675983429 0.019907142966985703 0.02654285728931427
0 0.48384395241737366 0.6065545082092285 0.019907142966985703 0.02654285728931427
0 0.5594529509544373 0.6029428243637085 0.019907142966985703 0.02654285728931427
0 0.6347610354423523 0.5993455052375793 0.019907142966985703 0.02654285728931427
0 0.7097699046134949 0.5957624912261963 0.019907142966985703 0.02654285728931427
0 0.784481406211853 0.5921936631202698 0.019907142966985703 0.02654285728931427
0 0.3366767466068268 0.5302116274833679 0.019907142966985703 0.02654285728931427
0 0.409151554107666 0.5269083976745605 0.019907142966985703 0.02654285728931427
0 0.481350839138031 0.5236177444458008 0.019907142966985703 0.02654285728931427
0 0.5532762408256531 0.5203395485877991 0.019907142966985703 0.02654285728931427
0 0.6249292492866516 0.5170738101005554 0.019907142966985703 0.02654285728931427
0 0.6963114142417908 0.5138204097747803 0.019907142966985703 0.02654285728931427
0 0.7674243450164795 0.5105792284011841 0.019907142966985703 0.02654285728931427
0 0.3411737084388733 0.4544222056865692 0.019907142966985703 0.02654285728931427
0 0.4102570712566376 0.45141077041625977 0.019907142966985703 0.02654285728931427
0 0.4790900647640228 0.4484102427959442 0.019907142966985703 0.02654285728931427
0 0.5476740598678589 0.4454205632209778 0.019907142966985703 0.02654285728931427
0 0.6160103678703308 0.4424417018890381 0.019907142966985703 0.02654285728931427
0 0.6841004490852356 0.43947356939315796 0.019907142966985703 0.02654285728931427
0 0.751945436000824 0.4365161061286926 0.019907142966985703 0.02654285728931427
0 0.3452688455581665 0.38540494441986084 0.019907142966985703 0.02654285728931427
0 0.41126397252082825 0.3826475143432617 0.019907142966985703 0.02654285728931427
0 0.47703060507774353 0.37989962100982666 0.019907142966985703 0.02654285728931427
0 0.5425698757171631 0.37716126441955566 0.019907142966985703 0.02654285728931427
0 0.6078829765319824 0.3744323253631592 0.019907142966985703 0.02654285728931427
0 0.6729711294174194 0.3717128038406372 0.019907142966985703 0.02654285728931427
0 0.7378354668617249 0.3690026104450226 0.019907142966985703 0.02654285728931427
0 0.34901371598243713 0.32229095697402954 0.019907142966985703 0.02654285728931427
0 0.4121849238872528 0.31975606083869934 0.019907142966985703 0.02654285728931427
0 0.47514671087265015 0.3172295391559601 0.019907142966985703 0.02654285728931427
0 0.5379000902175903 0.31471139192581177 0.019907142966985703 0.02654285728931427
0 0.6004461646080017 0.312201589345932 0.019907142966985703 0.02654285728931427
0 0.6627859473228455 0.30970004200935364 0.019907142966985703 0.02654285728931427
0 0.724920392036438 0.3072067201137543 0.019907142966985703 0.02654285728931427
0 0.3524513840675354 0.2643539309501648 0.019907142966985703 0.02654285728931427
0 0.4130304157733917 0.26201507449150085 0.019907142966985703 0.02654285728931427
0 0.47341683506965637 0.25968366861343384 0.019907142966985703 0.02654285728931427
0 0.5336115956306458 0.2573596239089966 0.019907142966985703 0.02654285728931427
0 0.5936155319213867 0.25504299998283386 0.019907142966985703 0.02654285728931427
0 0.6534295678138733 0.25273367762565613 0.019907142966985703 0.02654285728931427
0 0.7130546569824219 0.250431627035141 0.019907142966985703 0.02654285728931427
0 0.3556182086467743 0.21098199486732483 0.019907142966985703 0.02654285728931427
0 0.4138094186782837 0.2088167816400528 0.019907142966985703 0.02654285728931427
0 0.4718228578567505 0.20665818452835083 0.019907142966985703 0.02654285728931427
0 0.5296593904495239 0.20450617372989655 0.019907142966985703 0.02654285728931427
0 0.5873197913169861 0.20236071944236755 0.019907142966985703 0.02654285728931427
0 0.644804835319519 0.20022177696228027 0.019907142966985703 0.02654285728931427
0 0.7021153569221497 0.1980893313884735 0.019907142966985703 0.02654285728931427