0 0.3339609205722809 0.6127198338508606 0.019763926044106487 0.02635190139214198
0 0.409530907869339 0.6092837452888489 0.019763926044106487 0.02635190139214198
0 0.4848618507385254 0.6058585047721863 0.019763926044106487 0.02635190139214198
0 0.5599549412727356 0.6024441123008728 0.019763926044106487 0.02635190139214198
0 0.634811282157898 0.5990404486656189 0.019763926044106487 0.02635190139214198
0 0.7094320058822632 0.5956475138664246 0.019763926044106487 0.02635190139214198
0 0.7838181853294373 0.592265248298645 0.019763926044106487 0.02635190139214198
0 0.338988721370697 0.5295606851577759 0.019763926044106487 0.02635190139214198
0 0.4108971655368805 0.5264160633087158 0.019763926044106487 0.02635190139214198
0 0.4825891852378845 0.523280918598175 0.019763926044106487 0.02635190139214198
0 0.5540657043457031 0.5201551914215088 0.019763926044106487 0.02635190139214198
0 0.6253277659416199 0.517038881778717 0.019763926044106487 0.02635190139214198
0 0.6963762640953064 0.5139318704605103 0.019763926044106487 0.02635190139214198
0 0.7672122120857239 0.5108341574668884 0.019763926044106487 0.02635190139214198
0 0.3435520827770233 0.45408347249031067 0.019763926044106487 0.02635190139214198
0 0.4121374487876892 0.4511924088001251 0.019763926044106487 0.02635190139214198
0 0.4805258512496948 0.44830965995788574 0.019763926044106487 0.02635190139214198
0 0.5487182140350342 0.44543516635894775 0.019763926044106487 0.02635190139214198
0 0.6167153120040894 0.44256889820098877 0.019763926044106487 0.02635190139214198
0 0.6845179796218872 0.4397108256816864 0.019763926044106487 0.02635190139214198
0 0.7521271109580994 0.43686091899871826 0.019763926044106487 0.02635190139214198
0 0.3477124869823456 0.38527071475982666 0.019763926044106487 0.02635190139214198
0 0.4132683277130127 0.38260170817375183 0.019763926044106487 0.02635190139214198
0 0.4786442220211029 0.379940003156662 0.019763926044106487 0.02635190139214198
0 0.5438408851623535 0.37728559970855713 0.019763926044106487 0.02635190139214198
0 0.608859121799469 0.37463846802711487 0.019763926044106487 0.02635190139214198
0 0.6736995577812195 0.37199854850769043 0.019763926044106487 0.02635190139214198
0 0.7383630275726318 0.3693658709526062 0.019763926044106487 0.02635190139214198
0 0.3515210747718811 0.3222770690917969 0.019763926044106487 0.02635190139214198
0 0.414303719997406 0.3198036849498749 0.019763926044106487 0.02635190139214198
0 0.47692129015922546 0.317336767911911 0.019763926044106487 0.02635190139214198
0 0.5393744111061096 0.31487634778022766 0.019763926044106487 0.02635190139214198
0 0.6016638278961182 0.31242239475250244 0.019763926044106487 0.02635190139214198
0 0.6637900471687317 0.3099748492240906 0.019763926044106487 0.02635190139214198
0 0.7257537841796875 0.30753371119499207 0.019763926044106487 0.02635190139214198
0 0.355020672082901 0.2643943428993225 0.019763926044106487 0.02635190139214198
0 0.41525518894195557 0.26209425926208496 0.019763926044106487 0.02635190139214198
0 0.47533777356147766 0.2597999572753906 0.019763926044106487 0.02635190139214198
0 0.5352689623832703 0.2575114667415619 0.019763926044106487 0.02635190139214198
0 0.5950493216514587 0.255228728055954 0.019763926044106487 0.02635190139214198
0 0.6546794772148132 0.2529517114162445 0.019763926044106487 0.02635190139214198
0 0.7141599059104919 0.25068041682243347 0.019763926044106487 0.02635190139214198
0 0.35824739933013916 0.21102476119995117 0.019763926044106487 0.02635190139214198
0 0.4161325991153717 0.2088790088891983 0.019763926044106487 0.02635190139214198
0 0.4738774299621582 0.20673847198486328 0.019763926044106487 0.02635190139214198
0 0.531482458114624 0.20460312068462372 0.019763926044106487 0.02635190139214198
0 0.588948130607605 0.20247292518615723 0.019763926044106487 0.02635190139214198
0 0.6462749242782593 0.2003478854894638 0.019763926044106487 0.02635190139214198
0 0.7034634351730347 0.19822797179222107 0.019763926044106487 0.02635190139214198