0 0.7008360028266907 0.28860199451446533 0.0328509658575058 0.0328509658575058
0 0.6275588870048523 0.2905181646347046 0.0328509658575058 0.0328509658575058
0 0.5547907948493958 0.29242101311683655 0.0328509658575058 0.0328509658575058
0 0.4825264811515808 0.29431068897247314 0.0328509658575058 0.0328509658575058
0 0.410760760307312 0.2961873412132263 0.0328509658575058 0.0328509658575058
0 0.3394884765148163 0.29805105924606323 0.0328509658575058 0.0328509658575058
0 0.26870453357696533 0.2999020516872406 0.0328509658575058 0.0328509658575058
0 0.708792507648468 0.3480750322341919 0.0328509658575058 0.0328509658575058
0 0.6325333118438721 0.3498527705669403 0.0328509658575058 0.0328509658575058
0 0.5568252205848694 0.35161763429641724 0.0328509658575058 0.0328509658575058
0 0.4816622734069824 0.3533698320388794 0.0328509658575058 0.0328509658575058
0 0.40703853964805603 0.35510942339897156 0.0328509658575058 0.0328509658575058
0 0.3329482674598694 0.35683658719062805 0.0328509658575058 0.0328509658575058
0 0.25938573479652405 0.3585514724254608 0.0328509658575058 0.0328509658575058
0 0.7174197435379028 0.41256198287010193 0.0328509658575058 0.0328509658575058
0 0.6379256248474121 0.4141707122325897 0.0328509658575058 0.0328509658575058
0 0.5590299367904663 0.4157673120498657 0.0328509658575058 0.0328509658575058
0 0.4807260036468506 0.41735193133354187 0.0328509658575058 0.0328509658575058
0 0.4030071794986725 0.4189247488975525 0.0328509658575058 0.0328509658575058
0 0.3258669376373291 0.42048582434654236 0.0328509658575058 0.0328509658575058
0 0.2492987960577011 0.4220353364944458 0.0328509658575058 0.0328509658575058
0 0.7268063426017761 0.48272478580474854 0.0328509658575058 0.0328509658575058
0 0.643790602684021 0.4841272830963135 0.0328509658575058 0.0328509658575058
0 0.5614271759986877 0.48551878333091736 0.0328509658575058 0.0328509658575058
0 0.47970831394195557 0.48689937591552734 0.0328509658575058 0.0328509658575058
0 0.39862653613090515 0.48826923966407776 0.0328509658575058 0.0328509658575058
0 0.31817442178726196 0.4896284341812134 0.0328509658575058 0.0328509658575058
0 0.23834465444087982 0.49097710847854614 0.0328509658575058 0.0328509658575058
0 0.737057089805603 0.5593472719192505 0.0328509658575058 0.0328509658575058
0 0.6501933336257935 0.560498058795929 0.0328509658575058 0.0328509658575058
0 0.5640432834625244 0.5616393685340881 0.0328509658575058 0.0328509658575058
0 0.47859805822372437 0.5627713203430176 0.0328509658575058 0.0328509658575058
0 0.3938491642475128 0.5638940334320068 0.0328509658575058 0.0328509658575058
0 0.3097880780696869 0.5650076270103455 0.0328509658575058 0.0328509658575058
0 0.22640645503997803 0.5661122798919678 0.0328509658575058 0.0328509658575058
0 0.7482972145080566 0.643364667892456 0.0328509658575058 0.0328509658575058
0 0.6572113633155823 0.6442074775695801 0.0328509658575058 0.0328509658575058
0 0.566909670829773 0.6450430154800415 0.0328509658575058 0.0328509658575058
0 0.47738203406333923 0.6458714604377747 0.0328509658575058 0.0328509658575058
0 0.3886185884475708 0.6466927528381348 0.0328509658575058 0.0328509658575058
0 0.3006095290184021 0.6475071310997009 0.0328509658575058 0.0328509658575058
0 0.21334533393383026 0.6483145952224731 0.0328509658575058 0.0328509658575058
0 0.7606770992279053 0.7359016537666321 0.0328509658575058 0.0328509658575058
0 0.6649377942085266 0.7363667488098145 0.0328509658575058 0.0328509658575058
0 0.570064127445221 0.7368276715278625 0.0328509658575058 0.0328509658575058
0 0.4760443866252899 0.7372844815254211 0.0328509658575058 0.0328509658575058
0 0.38286712765693665 0.7377371191978455 0.0328509658575058 0.0328509658575058
0 0.2905210256576538 0.7381857633590698 0.0328509658575058 0.0328509658575058
0 0.19899506866931915 0.7386304140090942 0.0328509658575058 0.0328509658575058