0 0.6971831321716309 0.1587618738412857 0.023050016692529124 0.03446731468041738
0 0.6216428279876709 0.15720106661319733 0.023050016692529124 0.03446731468041738
0 0.5453823804855347 0.1556253731250763 0.023050016692529124 0.03446731468041738
0 0.4683913588523865 0.1540345847606659 0.023050016692529124 0.03446731468041738
0 0.39065927267074585 0.1524284929037094 0.023050016692529124 0.03446731468041738
0 0.31217536330223083 0.15080685913562775 0.023050016692529124 0.03446731468041738
0 0.23292864859104156 0.149169459939003 0.023050016692529124 0.03446731468041738
0 0.7090856432914734 0.23892463743686676 0.023050016692529124 0.03446731468041738
0 0.630848228931427 0.23770107328891754 0.023050016692529124 0.03446731468041738
0 0.5518375635147095 0.23646540939807892 0.023050016692529124 0.03446731468041738
0 0.47204214334487915 0.23521748185157776 0.023050016692529124 0.03446731468041738
0 0.3914501965045929 0.23395709693431854 0.023050016692529124 0.03446731468041738
0 0.31004977226257324 0.23268407583236694 0.023050016692529124 0.03446731468041738
0 0.22782860696315765 0.23139820992946625 0.023050016692529124 0.03446731468041738
0 0.7218848466873169 0.3251265585422516 0.023050016692529124 0.03446731468041738
0 0.6407506465911865 0.32429659366607666 0.023050016692529124 0.03446731468041738
0 0.5587840676307678 0.32345813512802124 0.023050016692529124 0.03446731468041738
0 0.4759722054004669 0.322611004114151 0.023050016692529124 0.03446731468041738
0 0.3923019468784332 0.3217551112174988 0.023050016692529124 0.03446731468041738
0 0.3077598810195923 0.32089030742645264 0.023050016692529124 0.03446731468041738
0 0.22233228385448456 0.32001644372940063 0.023050016692529124 0.03446731468041738
0 0.7356860041618347 0.4180768132209778 0.023050016692529124 0.03446731468041738
0 0.6514323353767395 0.417707234621048 0.023050016692529124 0.03446731468041738
0 0.5662801265716553 0.417333722114563 0.023050016692529124 0.03446731468041738
0 0.4802148640155792 0.41695618629455566 0.023050016692529124 0.03446731468041738
0 0.39322179555892944 0.4165745973587036 0.023050016692529124 0.03446731468041738
0 0.30528584122657776 0.4161888659000397 0.023050016692529124 0.03446731468041738
0 0.21639160811901093 0.41579896211624146 0.023050016692529124 0.03446731468041738
0 0.7506116032600403 0.5186001062393188 0.023050016692529124 0.03446731468041738
0 0.6629891991615295 0.5187704563140869 0.023050016692529124 0.03446731468041738
0 0.5743937492370605 0.518942654132843 0.023050016692529124 0.03446731468041738
0 0.484809011220932 0.5191168189048767 0.023050016692529124 0.03446731468041738
0 0.3942182958126068 0.519292950630188 0.023050016692529124 0.03446731468041738
0 0.3026045858860016 0.5194710493087769 0.023050016692529124 0.03446731468041738
0 0.20995043218135834 0.5196511745452881 0.023050016692529124 0.03446731468041738
0 0.7668049335479736 0.6276612877845764 0.023050016692529124 0.03446731468041738
0 0.6755332350730896 0.6284668445587158 0.023050016692529124 0.03446731468041738
0 0.583204448223114 0.6292816996574402 0.023050016692529124 0.03446731468041738
0 0.4898001551628113 0.6301060318946838 0.023050016692529124 0.03446731468041738
0 0.3953014016151428 0.6309400200843811 0.023050016692529124 0.03446731468041738
0 0.29968884587287903 0.6317839026451111 0.023050016692529124 0.03446731468041738
0 0.20294271409511566 0.6326377391815186 0.023050016692529124 0.03446731468041738
0 0.7844345569610596 0.7463963031768799 0.023050016692529124 0.03446731468041738
0 0.6891966462135315 0.7479519248008728 0.023050016692529124 0.03446731468041738
0 0.5928061604499817 0.74952632188797 0.023050016692529124 0.03446731468041738
0 0.4952421188354492 0.75111985206604 0.023050016692529124 0.03446731468041738
0 0.3964829444885254 0.7527329921722412 0.023050016692529124 0.03446731468041738
0 0.2965065538883209 0.7543659806251526 0.023050016692529124 0.03446731468041738
0 0.19529028236865997 0.7560191750526428 0.023050016692529124 0.03446731468041738