0 0.7078706622123718 0.24154280126094818 0.030524099866549175 0.030524099866549175
0 0.6361057758331299 0.2414667010307312 0.030524099866549175 0.030524099866549175
0 0.564529299736023 0.24139080941677094 0.030524099866549175 0.030524099866549175
0 0.4931403696537018 0.24131512641906738 0.030524099866549175 0.030524099866549175
0 0.42193832993507385 0.24123962223529816 0.030524099866549175 0.030524099866549175
0 0.35092243552207947 0.24116432666778564 0.030524099866549175 0.030524099866549175
0 0.2800919711589813 0.24108922481536865 0.030524099866549175 0.030524099866549175
0 0.7133525013923645 0.303253710269928 0.030524099866549175 0.030524099866549175
0 0.639228343963623 0.3030913770198822 0.030524099866549175 0.030524099866549175
0 0.5653050541877747 0.30292949080467224 0.030524099866549175 0.030524099866549175
0 0.49158185720443726 0.3027680218219757 0.030524099866549175 0.030524099866549175
0 0.41805794835090637 0.3026070296764374 0.030524099866549175 0.030524099866549175
0 0.34473249316215515 0.3024464249610901 0.030524099866549175 0.030524099866549175
0 0.2716047167778015 0.302286297082901 0.030524099866549175 0.030524099866549175
0 0.7192063927650452 0.36915233731269836 0.030524099866549175 0.030524099866549175
0 0.6425625085830688 0.3688920736312866 0.030524099866549175 0.030524099866549175
0 0.5661333203315735 0.3686324954032898 0.030524099866549175 0.030524099866549175
0 0.4899180233478546 0.36837366223335266 0.030524099866549175 0.030524099866549175
0 0.4139156937599182 0.3681155741214752 0.030524099866549175 0.030524099866549175
0 0.33812543749809265 0.3678581714630127 0.030524099866549175 0.030524099866549175
0 0.2625463604927063 0.36760151386260986 0.030524099866549175 0.030524099866549175
0 0.7254714965820312 0.43967995047569275 0.030524099866549175 0.030524099866549175
0 0.6461305022239685 0.43930813670158386 0.030524099866549175 0.030524099866549175
0 0.5670195817947388 0.43893736600875854 0.030524099866549175 0.030524099866549175
0 0.488137811422348 0.4385676681995392 0.030524099866549175 0.030524099866549175
0 0.4094841480255127 0.43819907307624817 0.030524099866549175 0.030524099866549175
0 0.331057608127594 0.4378315210342407 0.030524099866549175 0.030524099866549175
0 0.2528572082519531 0.43746501207351685 0.030524099866549175 0.030524099866549175
0 0.7321926951408386 0.5153420567512512 0.030524099866549175 0.030524099866549175
0 0.6499578356742859 0.5148428082466125 0.030524099866549175 0.030524099866549175
0 0.5679702162742615 0.514345109462738 0.030524099866549175 0.030524099866549175
0 0.4862285852432251 0.5138488411903381 0.030524099866549175 0.030524099866549175
0 0.4047319293022156 0.5133541226387024 0.030524099866549175 0.030524099866549175
0 0.3234790861606598 0.5128608345985413 0.030524099866549175 0.030524099866549175
0 0.24246899783611298 0.5123690962791443 0.030524099866549175 0.030524099866549175
0 0.7394216656684875 0.5967204570770264 0.030524099866549175 0.030524099866549175
0 0.65407395362854 0.5960752964019775 0.030524099866549175 0.030524099866549175
0 0.5689924359321594 0.5954321622848511 0.030524099866549175 0.030524099866549175
0 0.48417580127716064 0.594791054725647 0.030524099866549175 0.030524099866549175
0 0.3996228873729706 0.5941519141197205 0.030524099866549175 0.030524099866549175
0 0.31533244252204895 0.5935147404670715 0.030524099866549175 0.030524099866549175
0 0.23130324482917786 0.592879593372345 0.030524099866549175 0.030524099866549175
0 0.7472181916236877 0.6844884753227234 0.030524099866549175 0.030524099866549175
0 0.6585126519203186 0.6836755871772766 0.030524099866549175 0.030524099866549175
0 0.5700945854187012 0.6828653216362 0.030524099866549175 0.030524099866549175
0 0.4819626212120056 0.6820576786994934 0.030524099866549175 0.030524099866549175
0 0.39411529898643494 0.681252658367157 0.030524099866549175 0.030524099866549175
0 0.3065513074398041 0.6804502606391907 0.030524099866549175 0.030524099866549175
0 0.219269260764122 0.6796504259109497 0.030524099866549175 0.030524099866549175