0 0.7475392818450928 0.1854551136493683 0.033932238817214966 0.033932238817214966
0 0.6676095724105835 0.18661156296730042 0.033932238817214966 0.033932238817214966
0 0.588038980960846 0.18776282668113708 0.033932238817214966 0.033932238817214966
0 0.5088251233100891 0.1889089196920395 0.033932238817214966 0.033932238817214966
0 0.42996564507484436 0.1900498867034912 0.033932238817214966 0.033932238817214966
0 0.3514581620693207 0.19118575751781464 0.033932238817214966 0.033932238817214966
0 0.27330029010772705 0.19231657683849335 0.033932238817214966 0.033932238817214966
0 0.7549460530281067 0.2541643977165222 0.033932238817214966 0.033932238817214966
0 0.6723496317863464 0.2551993131637573 0.033932238817214966 0.033932238817214966
0 0.5901365876197815 0.2562294602394104 0.033932238817214966 0.033932238817214966
0 0.5083042979240417 0.25725480914115906 0.033932238817214966 0.033932238817214966
0 0.4268501400947571 0.25827544927597046 0.033932238817214966 0.033932238817214966
0 0.3457714915275574 0.2592913508415222 0.033932238817214966 0.033932238817214966
0 0.2650657594203949 0.2603026032447815 0.033932238817214966 0.033932238817214966
0 0.762861967086792 0.3275962769985199 0.033932238817214966 0.033932238817214966
0 0.6774147152900696 0.3284899890422821 0.033932238817214966 0.033932238817214966
0 0.5923776626586914 0.32937943935394287 0.033932238817214966 0.033932238817214966
0 0.5077478885650635 0.3302645981311798 0.033932238817214966 0.033932238817214966
0 0.4235225319862366 0.3311455547809601 0.033932238817214966 0.033932238817214966
0 0.3396986126899719 0.3320222795009613 0.033932238817214966 0.033932238817214966
0 0.2562732994556427 0.33289486169815063 0.033932238817214966 0.033932238817214966
0 0.7713412642478943 0.40625500679016113 0.033932238817214966 0.033932238817214966
0 0.6828393936157227 0.40698447823524475 0.033932238817214966 0.033932238817214966
0 0.5947774648666382 0.40771031379699707 0.033932238817214966 0.033932238817214966
0 0.507152259349823 0.4084325432777405 0.033932238817214966 0.033932238817214966
0 0.4199604094028473 0.40915122628211975 0.033932238817214966 0.033932238817214966
0 0.33319878578186035 0.4098663330078125 0.033932238817214966 0.033932238817214966
0 0.2468642294406891 0.4105779230594635 0.033932238817214966 0.033932238817214966
0 0.7804464101791382 0.4907192885875702 0.033932238817214966 0.033932238817214966
0 0.6886634826660156 0.49125736951828003 0.033932238817214966 0.033932238817214966
0 0.5973535180091858 0.4917927086353302 0.033932238817214966 0.033932238817214966
0 0.5065129399299622 0.4923253059387207 0.033932238817214966 0.033932238817214966
0 0.41613808274269104 0.49285516142845154 0.033932238817214966 0.033932238817214966
0 0.3262253999710083 0.4933823049068451 0.033932238817214966 0.033932238817214966
0 0.2367713451385498 0.49390676617622375 0.033932238817214966 0.033932238817214966
0 0.7902492880821228 0.5816563963890076 0.033932238817214966 0.033932238817214966
0 0.6949326395988464 0.5819711685180664 0.033932238817214966 0.033932238817214966
0 0.6001259088516235 0.5822842717170715 0.033932238817214966 0.033932238817214966
0 0.5058250427246094 0.582595705986023 0.033932238817214966 0.033932238817214966
0 0.41202595829963684 0.5829054117202759 0.033932238817214966 0.033932238817214966
0 0.31872469186782837 0.5832135677337646 0.033932238817214966 0.033932238817214966
0 0.2259172797203064 0.5835200548171997 0.033932238817214966 0.033932238817214966
0 0.8008334040641785 0.6798401474952698 0.033932238817214966 0.033932238817214966
0 0.7017000317573547 0.6798936128616333 0.033932238817214966 0.033932238817214966
0 0.6031180024147034 0.679946780204773 0.033932238817214966 0.033932238817214966
0 0.5050827264785767 0.6799996495246887 0.033932238817214966 0.033932238817214966
0 0.40758973360061646 0.6800522208213806 0.033932238817214966 0.033932238817214966
0 0.3106344938278198 0.6801045536994934 0.033932238817214966 0.033932238817214966
0 0.2142125517129898 0.6801565885543823 0.033932238817214966 0.033932238817214966