0 0.6570113301277161 0.15671195089817047 0.02571753785014153 0.03429005046685537
0 0.587902843952179 0.1637950986623764 0.02571753785014153 0.03429005046685537
0 0.5185810327529907 0.17090009152889252 0.02571753785014153 0.03429005046685537
0 0.44904497265815735 0.17802704870700836 0.02571753785014153 0.03429005046685537
0 0.37929362058639526 0.1851760745048523 0.02571753785014153 0.03429005046685537
0 0.30932602286338806 0.19234727323055267 0.02571753785014153 0.03429005046685537
0 0.23914112150669098 0.19954071938991547 0.02571753785014153 0.03429005046685537
0 0.6700019836425781 0.22265538573265076 0.02571753785014153 0.03429005046685537
0 0.5976278185844421 0.23018181324005127 0.02571753785014153 0.03429005046685537
0 0.525019645690918 0.23773257434368134 0.02571753785014153 0.03429005046685537
0 0.45217636227607727 0.2453077882528305 0.02571753785014153 0.03429005046685537
0 0.3790968060493469 0.25290757417678833 0.02571753785014153 0.03429005046685537
0 0.3057797849178314 0.26053205132484436 0.02571753785014153 0.03429005046685537
0 0.23222419619560242 0.26818132400512695 0.02571753785014153 0.03429005046685537
0 0.6842876672744751 0.2951730191707611 0.02571753785014153 0.03429005046685537
0 0.6083239912986755 0.3031981289386749 0.02571753785014153 0.03429005046685537
0 0.5321023464202881 0.3112505078315735 0.02571753785014153 0.03429005046685537
0 0.4556215703487396 0.31933024525642395 0.02571753785014153 0.03429005046685537
0 0.37888023257255554 0.32743752002716064 0.02571753785014153 0.03429005046685537
0 0.3018770217895508 0.3355724513530731 0.02571753785014153 0.03429005046685537
0 0.2246105968952179 0.3437352180480957 0.02571753785014153 0.03429005046685537
0 0.7000723481178284 0.3752995431423187 0.02571753785014153 0.03429005046685537
0 0.6201444268226624 0.3838893473148346 0.02571753785014153 0.03429005046685537
0 0.5399308800697327 0.3925098478794098 0.02571753785014153 0.03429005046685537
0 0.45943018794059753 0.40116122364997864 0.02571753785014153 0.03429005046685537
0 0.378640741109848 0.4098435938358307 0.02571753785014153 0.03429005046685537
0 0.29756104946136475 0.41855719685554504 0.02571753785014153 0.03429005046685537
0 0.21618953347206116 0.42730215191841125 0.02571753785014153 0.03429005046685537
0 0.7176048755645752 0.464298814535141 0.02571753785014153 0.03429005046685537
0 0.6332762837409973 0.47353264689445496 0.02571753785014153 0.03429005046685537
0 0.5486295223236084 0.48280131816864014 0.02571753785014153 0.03429005046685537
0 0.46366292238235474 0.49210503697395325 0.02571753785014153 0.03429005046685537
0 0.3783745765686035 0.5014439821243286 0.02571753785014153 0.03429005046685537
0 0.2927626371383667 0.5108183026313782 0.02571753785014153 0.03429005046685537
0 0.20682533085346222 0.5202283263206482 0.02571753785014153 0.03429005046685537
0 0.7371926307678223 0.5637309551239014 0.02571753785014153 0.03429005046685537
0 0.6479505300521851 0.57370525598526 0.02571753785014153 0.03429005046685537
0 0.558351993560791 0.5837194323539734 0.02571753785014153 0.03429005046685537
0 0.46839484572410583 0.5937736630439758 0.02571753785014153 0.03429005046685537
0 0.3780769407749176 0.6038682460784912 0.02571753785014153 0.03429005046685537
0 0.287396103143692 0.6140033602714539 0.02571753785014153 0.03429005046685537
0 0.19635014235973358 0.6241793036460876 0.02571753785014153 0.03429005046685537
0 0.7592195272445679 0.6755447387695312 0.02571753785014153 0.03429005046685537
0 0.6644559502601624 0.6863781213760376 0.02571753785014153 0.03429005046685537
0 0.5692902207374573 0.6972575187683105 0.02571753785014153 0.03429005046685537
0 0.4737197458744049 0.7081831693649292 0.02571753785014153 0.03429005046685537
0 0.37774190306663513 0.7191554307937622 0.02571753785014153 0.03429005046685537
0 0.281354159116745 0.7301745414733887 0.02571753785014153 0.03429005046685537
0 0.1845538169145584 0.7412407994270325 0.02571753785014153 0.03429005046685537