0 0.7075638175010681 0.1800815910100937 0.02532174251973629 0.033762323359648384
0 0.6384286880493164 0.1794111728668213 0.02532174251973629 0.033762323359648384
0 0.5696162581443787 0.1787438839673996 0.02532174251973629 0.033762323359648384
0 0.5011243224143982 0.17807970941066742 0.02532174251973629 0.033762323359648384
0 0.43295055627822876 0.17741861939430237 0.02532174251973629 0.033762323359648384
0 0.36509278416633606 0.17676059901714325 0.02532174251973629 0.033762323359648384
0 0.2975488305091858 0.17610561847686768 0.02532174251973629 0.033762323359648384
0 0.7157207131385803 0.24688290059566498 0.02532174251973629 0.033762323359648384
0 0.6431793570518494 0.246015727519989 0.02532174251973629 0.033762323359648384
0 0.5709931254386902 0.2451528161764145 0.02532174251973629 0.033762323359648384
0 0.49915945529937744 0.24429410696029663 0.02532174251973629 0.033762323359648384
0 0.427675724029541 0.24343957006931305 0.02532174251973629 0.033762323359648384
0 0.35653939843177795 0.24258920550346375 0.02532174251973629 0.033762323359648384
0 0.2857479453086853 0.24174295365810394 0.02532174251973629 0.033762323359648384
0 0.7247200608253479 0.32058292627334595 0.02532174251973629 0.033762323359648384
0 0.6484193801879883 0.31948092579841614 0.02532174251973629 0.033762323359648384
0 0.5725114941596985 0.3183846175670624 0.02532174251973629 0.033762323359648384
0 0.4969932436943054 0.3172939121723175 0.02532174251973629 0.033762323359648384
0 0.4218617081642151 0.3162088096141815 0.02532174251973629 0.033762323359648384
0 0.3471139371395111 0.31512925028800964 0.02532174251973629 0.033762323359648384
0 0.2727470099925995 0.3140551745891571 0.02532174251973629 0.033762323359648384
0 0.7346993684768677 0.40230852365493774 0.02532174251973629 0.033762323359648384
0 0.6542285084724426 0.40092435479164124 0.02532174251973629 0.033762323359648384
0 0.5741942524909973 0.3995477259159088 0.02532174251973629 0.033762323359648384
0 0.4945930540561676 0.3981785476207733 0.02532174251973629 0.033762323359648384
0 0.41542142629623413 0.3968167304992676 0.02532174251973629 0.033762323359648384
0 0.3366759121417999 0.3954622745513916 0.02532174251973629 0.033762323359648384
0 0.2583531141281128 0.39411506056785583 0.02532174251973629 0.033762323359648384
0 0.7458279728889465 0.49344608187675476 0.02532174251973629 0.033762323359648384
0 0.6607046723365784 0.4917202889919281 0.02532174251973629 0.033762323359648384
0 0.5760696530342102 0.49000439047813416 0.02532174251973629 0.033762323359648384
0 0.49191880226135254 0.48829832673072815 0.02532174251973629 0.033762323359648384
0 0.4082479178905487 0.4866020083427429 0.02532174251973629 0.033762323359648384
0 0.3250528872013092 0.4849153161048889 0.02532174251973629 0.033762323359648384
0 0.24232973158359528 0.48323819041252136 0.02532174251973629 0.033762323359648384
0 0.7583165168762207 0.5957208275794983 0.02532174251973629 0.033762323359648384
0 0.667969822883606 0.5935778021812439 0.02532174251973629 0.033762323359648384
0 0.5781729221343994 0.5914478302001953 0.02532174251973629 0.033762323359648384
0 0.48892074823379517 0.5893307328224182 0.02532174251973629 0.033762323359648384
0 0.40020835399627686 0.5872265100479126 0.02532174251973629 0.033762323359648384
0 0.3120309114456177 0.5851349234580994 0.02532174251973629 0.033762323359648384
0 0.22438357770442963 0.5830559134483337 0.02532174251973629 0.033762323359648384
0 0.7724304795265198 0.7113071084022522 0.02532174251973629 0.033762323359648384
0 0.6761775016784668 0.7086494565010071 0.02532174251973629 0.033762323359648384
0 0.580548107624054 0.706009030342102 0.02532174251973629 0.033762323359648384
0 0.48553624749183655 0.7033856511116028 0.02532174251973629 0.033762323359648384
0 0.39113590121269226 0.700779139995575 0.02532174251973629 0.033762323359648384
0 0.2973412573337555 0.698189377784729 0.02532174251973629 0.033762323359648384
0 0.20414647459983826 0.6956161856651306 0.02532174251973629 0.033762323359648384