0 0.7065640687942505 0.16226382553577423 0.02281401533012589 0.034114415446917214
0 0.6307463049888611 0.1612824648618698 0.02281401533012589 0.034114415446917214
0 0.5544388890266418 0.160294771194458 0.02281401533012589 0.034114415446917214
0 0.47763708233833313 0.15930067002773285 0.02281401533012589 0.034114415446917214
0 0.4003360867500305 0.15830011665821075 0.02281401533012589 0.034114415446917214
0 0.3225310146808624 0.15729303658008575 0.02281401533012589 0.034114415446917214
0 0.2442169338464737 0.15627935528755188 0.02281401533012589 0.034114415446917214
0 0.7178553938865662 0.2423970103263855 0.02281401533012589 0.034114415446917214
0 0.6393131017684937 0.24164721369743347 0.02281401533012589 0.034114415446917214
0 0.5602450370788574 0.24089238047599792 0.02281401533012589 0.034114415446917214
0 0.48064595460891724 0.24013249576091766 0.02281401533012589 0.034114415446917214
0 0.40051043033599854 0.23936747014522552 0.02281401533012589 0.034114415446917214
0 0.31983307003974915 0.23859728872776031 0.02281401533012589 0.034114415446917214
0 0.23860831558704376 0.23782187700271606 0.02281401533012589 0.034114415446917214
0 0.7299975752830505 0.32856881618499756 0.02281401533012589 0.034114415446917214
0 0.6485276818275452 0.32808899879455566 0.02281401533012589 0.034114415446917214
0 0.5664917826652527 0.32760581374168396 0.02281401533012589 0.034114415446917214
0 0.48388391733169556 0.32711926102638245 0.02281401533012589 0.034114415446917214
0 0.40069809556007385 0.3266293406486511 0.02281401533012589 0.034114415446917214
0 0.3169282078742981 0.3261359632015228 0.02281401533012589 0.034114415446917214
0 0.23256810009479523 0.32563909888267517 0.02281401533012589 0.034114415446917214
0 0.7430905699729919 0.42148855328559875 0.02281401533012589 0.034114415446917214
0 0.6584664583206177 0.4213241636753082 0.02281401533012589 0.034114415446917214
0 0.5732312202453613 0.4211586117744446 0.02281401533012589 0.034114415446917214
0 0.48737820982933044 0.4209918677806854 0.02281401533012589 0.034114415446917214
0 0.400900661945343 0.420823872089386 0.02281401533012589 0.034114415446917214
0 0.3137917220592499 0.42065468430519104 0.02281401533012589 0.034114415446917214
0 0.22604449093341827 0.4204842448234558 0.02281401533012589 0.034114415446917214
0 0.7572506666183472 0.5219811201095581 0.02281401533012589 0.034114415446917214
0 0.6692183017730713 0.5221863985061646 0.02281401533012589 0.034114415446917214
0 0.5805240869522095 0.5223931670188904 0.02281401533012589 0.034114415446917214
0 0.49116051197052 0.5226015448570251 0.02281401533012589 0.034114415446917214
0 0.40111997723579407 0.5228114724159241 0.02281401533012589 0.034114415446917214
0 0.3103947639465332 0.5230230093002319 0.02281401533012589 0.034114415446917214
0 0.21897704899311066 0.5232361555099487 0.02281401533012589 0.034114415446917214
0 0.7726137638092041 0.6310116052627563 0.02281401533012589 0.034114415446917214
0 0.6808871626853943 0.6316514015197754 0.02281401533012589 0.034114415446917214
0 0.5884413719177246 0.6322961449623108 0.02281401533012589 0.034114415446917214
0 0.49526795744895935 0.6329460144042969 0.02281401533012589 0.034114415446917214
0 0.4013582468032837 0.6336009502410889 0.02281401533012589 0.034114415446917214
0 0.30670350790023804 0.6342611312866211 0.02281401533012589 0.034114415446917214
0 0.21129481494426727 0.6349266171455383 0.02281401533012589 0.034114415446917214
0 0.789340078830719 0.7497164011001587 0.02281401533012589 0.034114415446917214
0 0.6935956478118896 0.7508688569068909 0.02281401533012589 0.034114415446917214
0 0.5970669388771057 0.7520306706428528 0.02281401533012589 0.034114415446917214
0 0.49974432587623596 0.7532021403312683 0.02281401533012589 0.034114415446917214
0 0.40161797404289246 0.7543832063674927 0.02281401533012589 0.034114415446917214
0 0.3026778995990753 0.755574107170105 0.02281401533012589 0.034114415446917214
0 0.20291388034820557 0.75677490234375 0.02281401533012589 0.034114415446917214