0 0.23198717832565308 0.7484751343727112 0.030772800246874493 0.030772800246874493
0 0.319096177816391 0.747516930103302 0.030772800246874493 0.030772800246874493
0 0.40666836500167847 0.7465535998344421 0.030772800246874493 0.030772800246874493
0 0.49470746517181396 0.7455851435661316 0.030772800246874493 0.030772800246874493
0 0.5832172632217407 0.7446115612983704 0.030772800246874493 0.030772800246874493
0 0.6722014546394348 0.7436326742172241 0.030772800246874493 0.030772800246874493
0 0.7616639137268066 0.7426486015319824 0.030772800246874493 0.030772800246874493
0 0.24273203313350677 0.6612686514854431 0.030772800246874493 0.030772800246874493
0 0.3262431025505066 0.6601287126541138 0.030772800246874493 0.030772800246874493
0 0.4101797044277191 0.6589829325675964 0.030772800246874493 0.030772800246874493
0 0.4945451319217682 0.6578313112258911 0.030772800246874493 0.030772800246874493
0 0.5793426632881165 0.656673789024353 0.030772800246874493 0.030772800246874493
0 0.6645755767822266 0.6555103063583374 0.030772800246874493 0.030772800246874493
0 0.7502473592758179 0.6543408632278442 0.030772800246874493 0.030772800246874493
0 0.2526203691959381 0.5810137987136841 0.030772800246874493 0.030772800246874493
0 0.3328189253807068 0.579723596572876 0.030772800246874493 0.030772800246874493
0 0.4134097695350647 0.5784270167350769 0.030772800246874493 0.030772800246874493
0 0.49439579248428345 0.5771241188049316 0.030772800246874493 0.030772800246874493
0 0.575779914855957 0.5758148431777954 0.030772800246874493 0.030772800246874493
0 0.6575651168823242 0.5744990706443787 0.030772800246874493 0.030772800246874493
0 0.739754319190979 0.5731768608093262 0.030772800246874493 0.030772800246874493
0 0.2617506682872772 0.5069111585617065 0.030772800246874493 0.030772800246874493
0 0.3388894498348236 0.5054966807365417 0.030772800246874493 0.030772800246874493
0 0.4163910448551178 0.5040755271911621 0.030772800246874493 0.030772800246874493
0 0.49425801634788513 0.5026476383209229 0.030772800246874493 0.030772800246874493
0 0.5724929571151733 0.501213014125824 0.030772800246874493 0.030772800246874493
0 0.6510984301567078 0.4997716248035431 0.030772800246874493 0.030772800246874493
0 0.7300771474838257 0.49832338094711304 0.030772800246874493 0.030772800246874493
0 0.27020689845085144 0.43827947974205017 0.030772800246874493 0.030772800246874493
0 0.3445108234882355 0.4367622435092926 0.030772800246874493 0.030772800246874493
0 0.419151246547699 0.43523815274238586 0.030772800246874493 0.030772800246874493
0 0.4941304624080658 0.4337071180343628 0.030772800246874493 0.030772800246874493
0 0.5694507956504822 0.4321691393852234 0.030772800246874493 0.030772800246874493
0 0.6451146006584167 0.4306241273880005 0.030772800246874493 0.030772800246874493
0 0.7211241722106934 0.4290720820426941 0.030772800246874493 0.030772800246874493
0 0.27806103229522705 0.3745344281196594 0.030772800246874493 0.030772800246874493
0 0.34973105788230896 0.37293243408203125 0.030772800246874493 0.030772800246874493
0 0.42171403765678406 0.37132346630096436 0.030772800246874493 0.030772800246874493
0 0.4940120577812195 0.3697074353694916 0.030772800246874493 0.030772800246874493
0 0.5666272044181824 0.3680843412876129 0.030772800246874493 0.030772800246874493
0 0.6395615339279175 0.3664540946483612 0.030772800246874493 0.030772800246874493
0 0.7128171324729919 0.36481666564941406 0.030772800246874493 0.030772800246874493
0 0.2853751480579376 0.3151720464229584 0.030772800246874493 0.030772800246874493
0 0.35459160804748535 0.31350037455558777 0.030772800246874493 0.030772800246874493
0 0.4240998923778534 0.3118216395378113 0.030772800246874493 0.030772800246874493
0 0.4939018487930298 0.3101358413696289 0.030772800246874493 0.030772800246874493
0 0.563999354839325 0.3084428906440735 0.030772800246874493 0.030772800246874493
0 0.6343942880630493 0.30674272775650024 0.030772800246874493 0.030772800246874493
0 0.7050884962081909 0.30503538250923157 0.030772800246874493 0.030772800246874493