0 0.6956965327262878 0.15764304995536804 0.02286498708029588 0.034190634886423744
0 0.6197845339775085 0.15702570974826813 0.02286498708029588 0.034190634886423744
0 0.5432689785957336 0.15640345215797424 0.02286498708029588 0.034190634886423744
0 0.4661426544189453 0.1557762324810028 0.02286498708029588 0.034190634886423744
0 0.3883981704711914 0.15514397621154785 0.02286498708029588 0.034190634886423744
0 0.3100280463695526 0.1545066386461258 0.02286498708029588 0.034190634886423744
0 0.23102477192878723 0.15386416018009186 0.02286498708029588 0.034190634886423744
0 0.7073953151702881 0.2375868558883667 0.02286498708029588 0.034190634886423744
0 0.6287932991981506 0.23727522790431976 0.02286498708029588 0.034190634886423744
0 0.5495437383651733 0.2369610071182251 0.02286498708029588 0.034190634886423744
0 0.46963852643966675 0.2366442084312439 0.02286498708029588 0.034190634886423744
0 0.389069527387619 0.23632477223873138 0.02286498708029588 0.034190634886423744
0 0.307828426361084 0.23600266873836517 0.02286498708029588 0.034190634886423744
0 0.22590674459934235 0.23567786812782288 0.02286498708029588 0.034190634886423744
0 0.7199658155441284 0.32348790764808655 0.02286498708029588 0.034190634886423744
0 0.6384762525558472 0.3235302269458771 0.02286498708029588 0.034190634886423744
0 0.5562900304794312 0.32357287406921387 0.02286498708029588 0.034190634886423744
0 0.4733982980251312 0.3236159086227417 0.02286498708029588 0.034190634886423744
0 0.3897917866706848 0.32365933060646057 0.02286498708029588 0.034190634886423744
0 0.3054613173007965 0.3237030804157257 0.02286498708029588 0.034190634886423744
0 0.22039738297462463 0.3237472474575043 0.02286498708029588 0.034190634886423744
0 0.7335093021392822 0.4160378873348236 0.02286498708029588 0.034190634886423744
0 0.6489119529724121 0.4164910614490509 0.02286498708029588 0.034190634886423744
0 0.5635631680488586 0.41694822907447815 0.02286498708029588 0.034190634886423744
0 0.47745293378829956 0.4174094796180725 0.02286498708029588 0.034190634886423744
0 0.3905709683895111 0.41787490248680115 0.02286498708029588 0.034190634886423744
0 0.30290687084198 0.4183444678783417 0.02286498708029588 0.034190634886423744
0 0.21445001661777496 0.41881829500198364 0.02286498708029588 0.034190634886423744
0 0.7481433153152466 0.5160397887229919 0.02286498708029588 0.034190634886423744
0 0.6601918339729309 0.5169713497161865 0.02286498708029588 0.034190634886423744
0 0.5714273452758789 0.5179114937782288 0.02286498708029588 0.034190634886423744
0 0.4818386137485504 0.5188603401184082 0.02286498708029588 0.034190634886423744
0 0.3914140462875366 0.5198180675506592 0.02286498708029588 0.034190634886423744
0 0.30014193058013916 0.5207847952842712 0.02286498708029588 0.034190634886423744
0 0.2080102562904358 0.5217605829238892 0.02286498708029588 0.034190634886423744
0 0.7640050649642944 0.6244314312934875 0.02286498708029588 0.034190634886423744
0 0.6724225282669067 0.625921905040741 0.02286498708029588 0.034190634886423744
0 0.5799576640129089 0.6274266839027405 0.02286498708029588 0.034190634886423744
0 0.48659756779670715 0.62894606590271 0.02286498708029588 0.034190634886423744
0 0.39232924580574036 0.6304802298545837 0.02286498708029588 0.034190634886423744
0 0.29713934659957886 0.6320294141769409 0.02286498708029588 0.034190634886423744
0 0.20101431012153625 0.6335937976837158 0.02286498708029588 0.034190634886423744
0 0.7812557816505432 0.7423148155212402 0.02286498708029588 0.034190634886423744
0 0.6857296228408813 0.7444608807563782 0.02286498708029588 0.034190634886423744
0 0.5892424583435059 0.7466285824775696 0.02286498708029588 0.034190634886423744
0 0.4917795658111572 0.7488181591033936 0.02286498708029588 0.034190634886423744
0 0.39332619309425354 0.7510299682617188 0.02286498708029588 0.034190634886423744
0 0.2938671112060547 0.7532643675804138 0.02286498708029588 0.034190634886423744
0 0.19338685274124146 0.7555217146873474 0.02286498708029588 0.034190634886423744