0 0.29840680956840515 0.6506856083869934 0.02054046280682087 0.027387283742427826
0 0.37504759430885315 0.6489170789718628 0.02054046280682087 0.027387283742427826
0 0.4522712826728821 0.6471350789070129 0.02054046280682087 0.027387283742427826
0 0.5300845503807068 0.6453394889831543 0.02054046280682087 0.027387283742427826
0 0.6084941029548645 0.6435301303863525 0.02054046280682087 0.027387283742427826
0 0.687506914138794 0.6417068839073181 0.02054046280682087 0.027387283742427826
0 0.7671298980712891 0.6398695707321167 0.02054046280682087 0.027387283742427826
0 0.30789852142333984 0.5613903403282166 0.02054046280682087 0.027387283742427826
0 0.38103002309799194 0.5593809485435486 0.02054046280682087 0.027387283742427826
0 0.45469191670417786 0.5573569536209106 0.02054046280682087 0.027387283742427826
0 0.5288900136947632 0.555318295955658 0.02054046280682087 0.027387283742427826
0 0.6036300659179688 0.5532646775245667 0.02054046280682087 0.027387283742427826
0 0.678918182849884 0.5511960387229919 0.02054046280682087 0.027387283742427826
0 0.7547603845596313 0.5491121411323547 0.02054046280682087 0.027387283742427826
0 0.3165542185306549 0.4799603521823883 0.02054046280682087 0.027387283742427826
0 0.38648369908332825 0.4777585566043854 0.02054046280682087 0.027387283742427826
0 0.4568978548049927 0.47554150223731995 0.02054046280682087 0.027387283742427826
0 0.5278017520904541 0.4733090102672577 0.02054046280682087 0.027387283742427826
0 0.5992004871368408 0.47106093168258667 0.02054046280682087 0.027387283742427826
0 0.6710992455482483 0.46879711747169495 0.02054046280682087 0.027387283742427826
0 0.7435033917427063 0.4665174186229706 0.02054046280682087 0.027387283742427826
0 0.3244796395301819 0.4054003357887268 0.02054046280682087 0.027387283742427826
0 0.39147573709487915 0.4030451476573944 0.02054046280682087 0.027387283742427826
0 0.45891645550727844 0.4006742835044861 0.02054046280682087 0.027387283742427826
0 0.5268062353134155 0.39828768372535706 0.02054046280682087 0.027387283742427826
0 0.595149576663971 0.3958851099014282 0.02054046280682087 0.027387283742427826
0 0.66395103931427 0.39346641302108765 0.02054046280682087 0.027387283742427826
0 0.7332152724266052 0.3910314738750458 0.02054046280682087 0.027387283742427826
0 0.33176350593566895 0.3368760943412781 0.02054046280682087 0.027387283742427826
0 0.39606237411499023 0.3343990743160248 0.02054046280682087 0.027387283742427826
0 0.4607706069946289 0.3319063186645508 0.02054046280682087 0.027387283742427826
0 0.5258920788764954 0.32939761877059937 0.02054046280682087 0.027387283742427826
0 0.5914307832717896 0.326872855424881 0.02054046280682087 0.027387283742427826
0 0.6573907732963562 0.3243318498134613 0.02054046280682087 0.027387283742427826
0 0.72377610206604 0.3217744827270508 0.02054046280682087 0.027387283742427826
0 0.3384806513786316 0.27368319034576416 0.02054046280682087 0.027387283742427826
0 0.4002910852432251 0.2711101472377777 0.02054046280682087 0.027387283742427826
0 0.4624796211719513 0.26852136850357056 0.02054046280682087 0.027387283742427826
0 0.5250497460365295 0.26591670513153076 0.02054046280682087 0.027387283742427826
0 0.5880049467086792 0.2632960081100464 0.02054046280682087 0.027387283742427826
0 0.6513487696647644 0.2606591284275055 0.02054046280682087 0.027387283742427826
0 0.7150849103927612 0.25800591707229614 0.02054046280682087 0.027387283742427826
0 0.34469476342201233 0.21522273123264313 0.02054046280682087 0.027387283742427826
0 0.4042021632194519 0.212574765086174 0.02054046280682087 0.027387283742427826
0 0.46405988931655884 0.20991119742393494 0.02054046280682087 0.027387283742427826
0 0.5242710113525391 0.20723192393779755 0.02054046280682087 0.027387283742427826
0 0.5848386287689209 0.20453676581382751 0.02054046280682087 0.027387283742427826
0 0.645766019821167 0.20182561874389648 0.02054046280682087 0.027387283742427826
0 0.7070562839508057 0.19909830391407013 0.02054046280682087 0.027387283742427826