0 0.7128510475158691 0.16961577534675598 0.02290345754784842 0.03424816081921259
0 0.6366719007492065 0.1689092367887497 0.02290345754784842 0.03424816081921259
0 0.5600591897964478 0.16819867491722107 0.02290345754784842 0.03424816081921259
0 0.48300901055336 0.16748404502868652 0.02290345754784842 0.03424816081921259
0 0.4055177569389343 0.16676533222198486 0.02290345754784842 0.03424816081921259
0 0.327581524848938 0.1660424917936325 0.02290345754784842 0.03424816081921259
0 0.24919654428958893 0.16531549394130707 0.02290345754784842 0.03424816081921259
0 0.7244179844856262 0.2496306449174881 0.02290345754784842 0.03424816081921259
0 0.645486056804657 0.24913367629051208 0.02290345754784842 0.03424816081921259
0 0.5660883188247681 0.2486337572336197 0.02290345754784842 0.03424816081921259
0 0.48622065782546997 0.2481308877468109 0.02290345754784842 0.03424816081921259
0 0.40587881207466125 0.24762503802776337 0.02290345754784842 0.03424816081921259
0 0.32505860924720764 0.24711616337299347 0.02290345754784842 0.03424816081921259
0 0.2437557429075241 0.24660426378250122 0.02290345754784842 0.03424816081921259
0 0.7368606925010681 0.33570364117622375 0.02290345754784842 0.03424816081921259
0 0.6549696326255798 0.3354506492614746 0.02290345754784842 0.03424816081921259
0 0.5725768208503723 0.3351961076259613 0.02290345754784842 0.03424816081921259
0 0.48967769742012024 0.33493998646736145 0.02290345754784842 0.03424816081921259
0 0.40626758337020874 0.33468231558799744 0.02290345754784842 0.03424816081921259
0 0.3223417103290558 0.3344230353832245 0.02290345754784842 0.03424816081921259
0 0.23789532482624054 0.3341621160507202 0.02290345754784842 0.03424816081921259
0 0.7502825856208801 0.4285498857498169 0.02290345754784842 0.03424816081921259
0 0.6652017831802368 0.4285816252231598 0.02290345754784842 0.03424816081921259
0 0.5795791149139404 0.4286135733127594 0.02290345754784842 0.03424816081921259
0 0.4934093952178955 0.4286457300186157 0.02290345754784842 0.03424816081921259
0 0.40668731927871704 0.42867806553840637 0.02290345754784842 0.03424816081921259
0 0.31940758228302 0.4287106394767761 0.02290345754784842 0.03424816081921259
0 0.23156481981277466 0.4287434220314026 0.02290345754784842 0.03424816081921259
0 0.7648038864135742 0.5290015339851379 0.02290345754784842 0.03424816081921259
0 0.6762748956680298 0.5293665528297424 0.02290345754784842 0.03424816081921259
0 0.5871587991714478 0.5297340154647827 0.02290345754784842 0.03424816081921259
0 0.4974497854709625 0.5301039218902588 0.02290345754784842 0.03424816081921259
0 0.40714189410209656 0.5304762721061707 0.02290345754784842 0.03424816081921259
0 0.31622910499572754 0.5308511257171631 0.02290345754784842 0.03424816081921259
0 0.224705308675766 0.5312284827232361 0.02290345754784842 0.03424816081921259
0 0.7805655002593994 0.6380330920219421 0.02290345754784842 0.03424816081921259
0 0.6882970333099365 0.6387895345687866 0.02290345754784842 0.03424816081921259
0 0.5953903794288635 0.6395512223243713 0.02290345754784842 0.03424816081921259
0 0.5018389225006104 0.6403181552886963 0.02290345754784842 0.03424816081921259
0 0.4076358377933502 0.641090452671051 0.02290345754784842 0.03424816081921259
0 0.3127743601799011 0.6418681144714355 0.02290345754784842 0.03424816081921259
0 0.21724756062030792 0.6426512598991394 0.02290345754784842 0.03424816081921259
0 0.7977334260940552 0.7567927837371826 0.02290345754784842 0.03424816081921259
0 0.7013957500457764 0.7580106854438782 0.02290345754784842 0.03424816081921259
0 0.6043617129325867 0.7592374086380005 0.02290345754784842 0.03424816081921259
0 0.5066238641738892 0.7604730725288391 0.02290345754784842 0.03424816081921259
0 0.4081745147705078 0.761717677116394 0.02290345754784842 0.03424816081921259
0 0.3090057671070099 0.7629714012145996 0.02290345754784842 0.03424816081921259
0 0.20910978317260742 0.7642343044281006 0.02290345754784842 0.03424816081921259