0 0.7348493337631226 0.15111187100410461 0.02024649924909075 0.03398013859987259
0 0.6621284484863281 0.15101799368858337 0.02024649924909075 0.03398013859987259
0 0.589591383934021 0.15092435479164124 0.02024649924909075 0.03398013859987259
0 0.5172374248504639 0.1508309543132782 0.02024649924909075 0.03398013859987259
0 0.44506585597991943 0.15073779225349426 0.02024649924909075 0.03398013859987259
0 0.37307602167129517 0.15064486861228943 0.02024649924909075 0.03398013859987259
0 0.30126720666885376 0.1505521684885025 0.02024649924909075 0.03398013859987259
0 0.7431609630584717 0.23111389577388763 0.02024649924909075 0.03398013859987259
0 0.6675837635993958 0.23091115057468414 0.02024649924909075 0.03398013859987259
0 0.5922051072120667 0.23070895671844482 0.02024649924909075 0.03398013859987259
0 0.5170240998268127 0.2305072695016861 0.02024649924909075 0.03398013859987259
0 0.4420400559902191 0.23030613362789154 0.02024649924909075 0.03398013859987259
0 0.3672521710395813 0.23010550439357758 0.02024649924909075 0.03398013859987259
0 0.2926596403121948 0.2299054116010666 0.02024649924909075 0.03398013859987259
0 0.7521503567695618 0.3176402747631073 0.02024649924909075 0.03398013859987259
0 0.6734833717346191 0.3173108696937561 0.02024649924909075 0.03398013859987259
0 0.5950313806533813 0.3169823884963989 0.02024649924909075 0.03398013859987259
0 0.5167934894561768 0.316654771566391 0.02024649924909075 0.03398013859987259
0 0.4387688636779785 0.3163280785083771 0.02024649924909075 0.03398013859987259
0 0.360956609249115 0.3160022795200348 0.02024649924909075 0.03398013859987259
0 0.28335583209991455 0.31567734479904175 0.02024649924909075 0.03398013859987259
0 0.7619040608406067 0.4115230441093445 0.02024649924909075 0.03398013859987259
0 0.6798838376998901 0.41104573011398315 0.02024649924909075 0.03398013859987259
0 0.5980972647666931 0.41056981682777405 0.02024649924909075 0.03398013859987259
0 0.5165433883666992 0.41009521484375 0.02024649924909075 0.03398013859987259
0 0.4352211356163025 0.4096219837665558 0.02024649924909075 0.03398013859987259
0 0.3541295826435089 0.409150093793869 0.02024649924909075 0.03398013859987259
0 0.2732677757740021 0.4086795449256897 0.02024649924909075 0.03398013859987259
0 0.772523820400238 0.5137420296669006 0.02024649924909075 0.03398013859987259
0 0.6868517994880676 0.5130912661552429 0.02024649924909075 0.03398013859987259
0 0.601434588432312 0.5124424695968628 0.02024649924909075 0.03398013859987259
0 0.5162711143493652 0.5117956399917603 0.02024649924909075 0.03398013859987259
0 0.43136024475097656 0.5111506581306458 0.02024649924909075 0.03398013859987259
0 0.34670087695121765 0.5105076432228088 0.02024649924909075 0.03398013859987259
0 0.26229187846183777 0.50986647605896 0.02024649924909075 0.03398013859987259
0 0.7841303944587708 0.6254590749740601 0.02024649924909075 0.03398013859987259
0 0.6944661736488342 0.6246039867401123 0.02024649924909075 0.03398013859987259
0 0.6050810217857361 0.6237515807151794 0.02024649924909075 0.03398013859987259
0 0.515973687171936 0.6229018568992615 0.02024649924909075 0.03398013859987259
0 0.42714282870292664 0.6220547556877136 0.02024649924909075 0.03398013859987259
0 0.33858722448349 0.6212102174758911 0.02024649924909075 0.03398013859987259
0 0.25030556321144104 0.6203683614730835 0.02024649924909075 0.03398013859987259
0 0.7968679666519165 0.7480625510215759 0.02024649924909075 0.03398013859987259
0 0.7028213143348694 0.7469654679298401 0.02024649924909075 0.03398013859987259
0 0.6090816259384155 0.7458719611167908 0.02024649924909075 0.03398013859987259
0 0.5156474113464355 0.744782030582428 0.02024649924909075 0.03398013859987259
0 0.4225171208381653 0.7436956763267517 0.02024649924909075 0.03398013859987259
0 0.3296893537044525 0.7426128387451172 0.02024649924909075 0.03398013859987259
0 0.23716261982917786 0.7415335178375244 0.02024649924909075 0.03398013859987259