0 0.28972944617271423 0.6692114472389221 0.021575262770056725 0.028767017026742298
0 0.36724767088890076 0.665920078754425 0.021575262770056725 0.028767017026742298
0 0.44636833667755127 0.6625606417655945 0.021575262770056725 0.028767017026742298
0 0.5271416902542114 0.6591310501098633 0.021575262770056725 0.028767017026742298
0 0.6096199750900269 0.65562903881073 0.021575262770056725 0.028767017026742298
0 0.6938578486442566 0.6520523428916931 0.021575262770056725 0.028767017026742298
0 0.7799121141433716 0.6483985185623169 0.021575262770056725 0.028767017026742298
0 0.3008480370044708 0.5761623382568359 0.021575262770056725 0.028767017026742298
0 0.37471726536750793 0.5721246600151062 0.021575262770056725 0.028767017026742298
0 0.45003876090049744 0.5680076479911804 0.021575262770056725 0.028767017026742298
0 0.5268558263778687 0.5638089179992676 0.021575262770056725 0.028767017026742298
0 0.6052133440971375 0.5595259666442871 0.021575262770056725 0.028767017026742298
0 0.6851582527160645 0.5551562309265137 0.021575262770056725 0.028767017026742298
0 0.7667391896247864 0.5506970882415771 0.021575262770056725 0.028767017026742298
0 0.31094807386398315 0.49163705110549927 0.021575262770056725 0.028767017026742298
0 0.38149625062942505 0.48700129985809326 0.021575262770056725 0.028767017026742298
0 0.4533666670322418 0.4822786748409271 0.021575262770056725 0.028767017026742298
0 0.5265968441963196 0.4774667024612427 0.021575262770056725 0.028767017026742298
0 0.6012258529663086 0.4725627899169922 0.021575262770056725 0.028767017026742298
0 0.6772940158843994 0.46756434440612793 0.021575262770056725 0.028767017026742298
0 0.7548434138298035 0.46246853470802307 0.021575262770056725 0.028767017026742298
0 0.32016342878341675 0.4145156741142273 0.021575262770056725 0.028767017026742298
0 0.3876761496067047 0.4094003736972809 0.021575262770056725 0.028767017026742298
0 0.4563978314399719 0.4041934907436371 0.021575262770056725 0.028767017026742298
0 0.5263612270355225 0.39889252185821533 0.021575262770056725 0.028767017026742298
0 0.5976003408432007 0.3934949040412903 0.021575262770056725 0.028767017026742298
0 0.6701503396034241 0.38799792528152466 0.021575262770056725 0.028767017026742298
0 0.7440477013587952 0.38239890336990356 0.021575262770056725 0.028767017026742298
0 0.32860544323921204 0.343866229057312 0.021575262770056725 0.028767017026742298
0 0.3933330476284027 0.3383669853210449 0.021575262770056725 0.028767017026742298
0 0.45917025208473206 0.33277344703674316 0.021575262770056725 0.028767017026742298
0 0.526145875453949 0.32708320021629333 0.021575262770056725 0.028767017026742298
0 0.5942896604537964 0.3212937116622925 0.021575262770056725 0.028767017026742298
0 0.6636325120925903 0.3154023587703705 0.021575262770056725 0.028767017026742298
0 0.7342062592506409 0.3094063997268677 0.021575262770056725 0.028767017026742298
0 0.33636754751205444 0.27890682220458984 0.021575262770056725 0.028767017026742298
0 0.39853063225746155 0.27310118079185486 0.021575262770056725 0.028767017026742298
0 0.4617157280445099 0.2672000825405121 0.021575262770056725 0.028767017026742298
0 0.5259482860565186 0.2612011730670929 0.021575262770056725 0.028767017026742298
0 0.5912545919418335 0.2551019787788391 0.021575262770056725 0.028767017026742298
0 0.6576617360115051 0.24889995157718658 0.021575262770056725 0.028767017026742298
0 0.7251977920532227 0.24259251356124878 0.021575262770056725 0.028767017026742298
0 0.343528687953949 0.2189767062664032 0.021575262770056725 0.028767017026742298
0 0.40332263708114624 0.21292798221111298 0.021575262770056725 0.028767017026742298
0 0.46406102180480957 0.2067837119102478 0.021575262770056725 0.028767017026742298
0 0.5257663726806641 0.2005416303873062 0.021575262770056725 0.028767017026742298
0 0.5884619951248169 0.19419938325881958 0.021575262770056725 0.028767017026742298
0 0.6521719098091125 0.1877545267343521 0.021575262770056725 0.028767017026742298
0 0.7169209122657776 0.18120454251766205 0.021575262770056725 0.028767017026742298