0 0.28600654006004333 0.6689183712005615 0.02148001827299595 0.0286400243639946
0 0.36358779668807983 0.6659584045410156 0.02148001827299595 0.0286400243639946
0 0.4426121115684509 0.662943422794342 0.02148001827299595 0.0286400243639946
0 0.523120105266571 0.6598717570304871 0.02148001827299595 0.0286400243639946
0 0.6051540374755859 0.6567419767379761 0.02148001827299595 0.0286400243639946
0 0.6887576580047607 0.653552234172821 0.02148001827299595 0.0286400243639946
0 0.7739764451980591 0.650300920009613 0.02148001827299595 0.0286400243639946
0 0.2975531220436096 0.5773122906684875 0.02148001827299595 0.0286400243639946
0 0.37144121527671814 0.5736942887306213 0.02148001827299595 0.0286400243639946
0 0.446635901927948 0.5700122714042664 0.02148001827299595 0.0286400243639946
0 0.52317214012146 0.5662646293640137 0.02148001827299595 0.0286400243639946
0 0.6010860800743103 0.5624494552612305 0.02148001827299595 0.0286400243639946
0 0.6804153323173523 0.5585650205612183 0.02148001827299595 0.0286400243639946
0 0.7611988186836243 0.5546093583106995 0.02148001827299595 0.0286400243639946
0 0.30803182721138 0.4941781461238861 0.02148001827299595 0.0286400243639946
0 0.3785623013973236 0.49003422260284424 0.02148001827299595 0.0286400243639946
0 0.4502813220024109 0.4858204424381256 0.02148001827299595 0.0286400243639946
0 0.5232191681861877 0.48153504729270935 0.02148001827299595 0.0286400243639946
0 0.5974072217941284 0.4771762192249298 0.02148001827299595 0.0286400243639946
0 0.672877848148346 0.4727420210838318 0.02148001827299595 0.0286400243639946
0 0.7496646642684937 0.4682305157184601 0.02148001827299595 0.0286400243639946
0 0.3175842761993408 0.4183925986289978 0.02148001827299595 0.0286400243639946
0 0.38504886627197266 0.4138282537460327 0.02148001827299595 0.0286400243639946
0 0.45359930396080017 0.40919044613838196 0.02148001827299595 0.0286400243639946
0 0.5232619643211365 0.40447741746902466 0.02148001827299595 0.0286400243639946
0 0.5940641760826111 0.399687260389328 0.02148001827299595 0.0286400243639946
0 0.6660341620445251 0.39481812715530396 0.02148001827299595 0.0286400243639946
0 0.739201009273529 0.38986799120903015 0.02148001827299595 0.0286400243639946
0 0.3263280987739563 0.3490224778652191 0.02148001827299595 0.0286400243639946
0 0.39098215103149414 0.34412264823913574 0.02148001827299595 0.0286400243639946
0 0.4566320776939392 0.33914732933044434 0.02148001827299595 0.0286400243639946
0 0.5233010649681091 0.3340947926044464 0.02148001827299595 0.0286400243639946
0 0.5910130143165588 0.3289632201194763 0.02148001827299595 0.0286400243639946
0 0.6597926020622253 0.32375073432922363 0.02148001827299595 0.0286400243639946
0 0.7296652793884277 0.31845539808273315 0.02148001827299595 0.0286400243639946
0 0.3343617618083954 0.2852863073348999 0.02148001827299595 0.0286400243639946
0 0.39643001556396484 0.28011971712112427 0.02148001827299595 0.0286400243639946
0 0.45941492915153503 0.27487680315971375 0.02148001827299595 0.0286400243639946
0 0.5233368873596191 0.2695558965206146 0.02148001827299595 0.0286400243639946
0 0.5882170796394348 0.26415523886680603 0.02148001827299595 0.0286400243639946
0 0.6540771126747131 0.2586730122566223 0.02148001827299595 0.0286400243639946
0 0.7209393978118896 0.25310736894607544 0.02148001827299595 0.0286400243639946
0 0.34176844358444214 0.2265244722366333 0.02148001827299595 0.0286400243639946
0 0.40144971013069153 0.22114711999893188 0.02148001827299595 0.0286400243639946
0 0.461977481842041 0.21569348871707916 0.02148001827299595 0.0286400243639946
0 0.5233699083328247 0.2101619392633438 0.02148001827299595 0.0286400243639946
0 0.5856456160545349 0.2045508176088333 0.02148001827299595 0.0286400243639946
0 0.6488238573074341 0.198858380317688 0.02148001827299595 0.0286400243639946
0 0.7129243612289429 0.19308283925056458 0.02148001827299595 0.0286400243639946