0 0.30819833278656006 0.37897226214408875 0.019527925178408626 0.026037233571211498
0 0.30257919430732727 0.4415903389453888 0.019527925178408626 0.026037233571211498
0 0.2966327369213104 0.5078563094139099 0.019527925178408626 0.026037233571211498
0 0.2903294563293457 0.578098475933075 0.019527925178408626 0.026037233571211498
0 0.28363627195358276 0.6526857614517212 0.019527925178408626 0.026037233571211498
0 0.27651581168174744 0.7320342659950256 0.019527925178408626 0.026037233571211498
0 0.26892584562301636 0.8166148662567139 0.019527925178408626 0.026037233571211498
0 0.37096360325813293 0.37951210141181946 0.019527925178408626 0.026037233571211498
0 0.3671177625656128 0.44219735264778137 0.019527925178408626 0.026037233571211498
0 0.36304771900177 0.5085375308990479 0.019527925178408626 0.026037233571211498
0 0.358733206987381 0.5788618326187134 0.019527925178408626 0.026037233571211498
0 0.35415157675743103 0.653540313243866 0.019527925178408626 0.026037233571211498
0 0.34927722811698914 0.7329902648925781 0.019527925178408626 0.026037233571211498
0 0.3440811336040497 0.8176841139793396 0.019527925178408626 0.026037233571211498
0 0.4338301122188568 0.3800528049468994 0.019527925178408626 0.026037233571211498
0 0.4317633807659149 0.44280537962913513 0.019527925178408626 0.026037233571211498
0 0.4295760691165924 0.5092198848724365 0.019527925178408626 0.026037233571211498
0 0.4272572696208954 0.5796265602111816 0.019527925178408626 0.026037233571211498
0 0.4247947633266449 0.6543964147567749 0.019527925178408626 0.026037233571211498
0 0.42217475175857544 0.7339481115341187 0.019527925178408626 0.026037233571211498
0 0.41938167810440063 0.8187553882598877 0.019527925178408626 0.026037233571211498
0 0.4967981278896332 0.3805943727493286 0.019527925178408626 0.026037233571211498
0 0.49651631712913513 0.4434144198894501 0.019527925178408626 0.026037233571211498
0 0.49621808528900146 0.5099034905433655 0.019527925178408626 0.026037233571211498
0 0.4959019124507904 0.5803926587104797 0.019527925178408626 0.026037233571211498
0 0.49556609988212585 0.6552541255950928 0.019527925178408626 0.026037233571211498
0 0.4952087998390198 0.7349076867103577 0.019527925178408626 0.026037233571211498
0 0.49482789635658264 0.8198287487030029 0.019527925178408626 0.026037233571211498
0 0.5598678588867188 0.38113683462142944 0.019527925178408626 0.026037233571211498
0 0.5613768696784973 0.4440244436264038 0.019527925178408626 0.026037233571211498
0 0.5629740953445435 0.5105881690979004 0.019527925178408626 0.026037233571211498
0 0.5646674633026123 0.5811600685119629 0.019527925178408626 0.026037233571211498
0 0.5664659738540649 0.65611332654953 0.019527925178408626 0.026037233571211498
0 0.5683797597885132 0.7358691096305847 0.019527925178408626 0.026037233571211498
0 0.5704202055931091 0.8209041953086853 0.019527925178408626 0.026037233571211498
0 0.6230395436286926 0.3816801607608795 0.019527925178408626 0.026037233571211498
0 0.6263452172279358 0.4446355104446411 0.019527925178408626 0.026037233571211498
0 0.6298443078994751 0.5112740993499756 0.019527925178408626 0.026037233571211498
0 0.6335542798042297 0.5819288492202759 0.019527925178408626 0.026037233571211498
0 0.6374947428703308 0.6569741368293762 0.019527925178408626 0.026037233571211498
0 0.6416879892349243 0.736832320690155 0.019527925178408626 0.026037233571211498
0 0.6461589932441711 0.8219817280769348 0.019527925178408626 0.026037233571211498
0 0.6863135099411011 0.38222435116767883 0.019527925178408626 0.026037233571211498
0 0.6914217472076416 0.4452475905418396 0.019527925178408626 0.026037233571211498
0 0.696829080581665 0.5119611620903015 0.019527925178408626 0.026037233571211498
0 0.7025626301765442 0.5826989412307739 0.019527925178408626 0.026037233571211498
0 0.7086527347564697 0.6578364372253418 0.019527925178408626 0.026037233571211498
0 0.7151338458061218 0.7377973198890686 0.019527925178408626 0.026037233571211498
0 0.7220447659492493 0.8230613470077515 0.019527925178408626 0.026037233571211498