0 0.4492890536785126 0.12835517525672913 0.011741119902580978 0.020873102049032848
0 0.4213865399360657 0.16333574056625366 0.011741119902580978 0.020873102049032848
0 0.39204660058021545 0.20011837780475616 0.011741119902580978 0.020873102049032848
0 0.3611552119255066 0.23884600400924683 0.011741119902580978 0.020873102049032848
0 0.32858598232269287 0.2796770930290222 0.011741119902580978 0.020873102049032848
0 0.2941983938217163 0.3227877914905548 0.011741119902580978 0.020873102049032848
0 0.2578358054161072 0.3683744966983795 0.011741119902580978 0.020873102049032848
0 0.4809303879737854 0.15716560184955597 0.011741119902580978 0.020873102049032848
0 0.45329520106315613 0.1935640275478363 0.011741119902580978 0.020873102049032848
0 0.4242079555988312 0.2318750023841858 0.011741119902580978 0.020873102049032848
0 0.3935510814189911 0.2722533047199249 0.011741119902580978 0.020873102049032848
0 0.36119404435157776 0.3148709237575531 0.011741119902580978 0.020873102049032848
0 0.32699134945869446 0.3599194586277008 0.011741119902580978 0.020873102049032848
0 0.2907804548740387 0.40761297941207886 0.011741119902580978 0.020873102049032848
0 0.5137949585914612 0.18708983063697815 0.011741119902580978 0.020873102049032848
0 0.4864696264266968 0.22499145567417145 0.011741119902580978 0.020873102049032848
0 0.45767930150032043 0.26492515206336975 0.011741119902580978 0.020873102049032848
0 0.42730286717414856 0.30705884099006653 0.011741119902580978 0.020873102049032848
0 0.395205557346344 0.351579487323761 0.011741119902580978 0.020873102049032848
0 0.3612368404865265 0.39869582653045654 0.011741119902580978 0.020873102049032848
0 0.325228214263916 0.44864171743392944 0.011741119902580978 0.020873102049032848
0 0.5479550361633301 0.21819372475147247 0.011741119902580978 0.020873102049032848
0 0.5209866762161255 0.25769078731536865 0.011741119902580978 0.020873102049032848
0 0.4925423562526703 0.29934948682785034 0.011741119902580978 0.020873102049032848
0 0.4624975025653839 0.3433522880077362 0.011741119902580978 0.020873102049032848
0 0.43071311712265015 0.3899027407169342 0.011741119902580978 0.020873102049032848
0 0.39703360199928284 0.43922871351242065 0.011741119902580978 0.020873102049032848
0 0.3612843155860901 0.4915860593318939 0.011741119902580978 0.020873102049032848
0 0.583488941192627 0.25054845213890076 0.011741119902580978 0.020873102049032848
0 0.5569295883178711 0.29174086451530457 0.011741119902580978 0.020873102049032848
0 0.5288857817649841 0.3352355659008026 0.011741119902580978 0.020873102049032848
0 0.4992295205593109 0.3812310993671417 0.011741119902580978 0.020873102049032848
0 0.46781763434410095 0.4299495816230774 0.011741119902580978 0.020873102049032848
0 0.4344894587993622 0.48164016008377075 0.011741119902580978 0.020873102049032848
0 0.3990640938282013 0.5365833640098572 0.011741119902580978 0.020873102049032848
0 0.6204810738563538 0.2842309772968292 0.011741119902580978 0.020873102049032848
0 0.5943884253501892 0.3272271156311035 0.011741119902580978 0.020873102049032848
0 0.566805899143219 0.3726784586906433 0.011741119902580978 0.020873102049032848
0 0.5376019477844238 0.4208015501499176 0.011741119902580978 0.020873102049032848
0 0.5066293478012085 0.4718390107154846 0.011741119902580978 0.020873102049032848
0 0.4737224578857422 0.5260639190673828 0.011741119902580978 0.020873102049032848
0 0.43869417905807495 0.5837845206260681 0.011741119902580978 0.020873102049032848
0 0.6590231657028198 0.319324791431427 0.011741119902580978 0.020873102049032848
0 0.6334613561630249 0.3642423748970032 0.011741119902580978 0.020873102049032848
0 0.6064075231552124 0.41178178787231445 0.011741119902580978 0.020873102049032848
0 0.5777271389961243 0.4621794521808624 0.011741119902580978 0.020873102049032848
0 0.5472688674926758 0.515701174736023 0.011741119902580978 0.020873102049032848
0 0.5148621797561646 0.5726466774940491 0.011741119902580978 0.020873102049032848
0 0.4803139567375183 0.633355438709259 0.011741119902580978 0.020873102049032848