0 0.33479657769203186 0.6075708866119385 0.019755065441131592 0.02634008725484212
0 0.4102022349834442 0.5969778299331665 0.019755065441131592 0.02634008725484212
0 0.4852285385131836 0.586438000202179 0.019755065441131592 0.02634008725484212
0 0.5598783493041992 0.575951099395752 0.019755065441131592 0.02634008725484212
0 0.6341544985771179 0.5655166506767273 0.019755065441131592 0.02634008725484212
0 0.7080597877502441 0.5551343560218811 0.019755065441131592 0.02634008725484212
0 0.7815970182418823 0.5448037385940552 0.019755065441131592 0.02634008725484212
0 0.3353700041770935 0.5244919061660767 0.019755065441131592 0.02634008725484212
0 0.40728601813316345 0.5145886540412903 0.019755065441131592 0.02634008725484212
0 0.47885698080062866 0.5047329068183899 0.019755065441131592 0.02634008725484212
0 0.5500853061676025 0.4949243366718292 0.019755065441131592 0.02634008725484212
0 0.6209734678268433 0.4851626455783844 0.019755065441131592 0.02634008725484212
0 0.6915239095687866 0.4754474461078644 0.019755065441131592 0.02634008725484212
0 0.7617390155792236 0.4657784104347229 0.019755065441131592 0.02634008725484212
0 0.33589258790016174 0.44877636432647705 0.019755065441131592 0.02634008725484212
0 0.4046277105808258 0.43948501348495483 0.019755065441131592 0.02634008725484212
0 0.47304755449295044 0.4302363097667694 0.019755065441131592 0.02634008725484212
0 0.5411542654037476 0.4210298955440521 0.019755065441131592 0.02634008725484212
0 0.6089500188827515 0.41186556220054626 0.019755065441131592 0.02634008725484212
0 0.6764369010925293 0.4027429521083832 0.019755065441131592 0.02634008725484212
0 0.7436171174049377 0.3936617970466614 0.019755065441131592 0.02634008725484212
0 0.3363708257675171 0.37948691844940186 0.019755065441131592 0.02634008725484212
0 0.4021944999694824 0.37074151635169983 0.019755065441131592 0.02634008725484212
0 0.46772900223731995 0.36203455924987793 0.019755065441131592 0.02634008725484212
0 0.5329762101173401 0.3533657491207123 0.019755065441131592 0.02634008725484212
0 0.597938060760498 0.3447348475456238 0.019755065441131592 0.02634008725484212
0 0.6626164317131042 0.3361416161060333 0.019755065441131592 0.02634008725484212
0 0.727013111114502 0.3275858163833618 0.019755065441131592 0.02634008725484212
0 0.3368101418018341 0.3158387541770935 0.019755065441131592 0.02634008725484212
0 0.399958997964859 0.3075830340385437 0.019755065441131592 0.02634008725484212
0 0.462841659784317 0.2993621230125427 0.019755065441131592 0.02634008725484212
0 0.5254598259925842 0.2911757826805115 0.019755065441131592 0.02634008725484212
0 0.5878151655197144 0.28302380442619324 0.019755065441131592 0.02634008725484212
0 0.6499093770980835 0.2749059796333313 0.019755065441131592 0.02634008725484212
0 0.7117440104484558 0.26682206988334656 0.019755065441131592 0.02634008725484212
0 0.3372150957584381 0.2571698725223541 0.019755065441131592 0.02634008725484212
0 0.39789798855781555 0.2493554949760437 0.019755065441131592 0.02634008725484212
0 0.45833510160446167 0.2415727823972702 0.019755065441131592 0.02634008725484212
0 0.5185278654098511 0.23382152616977692 0.019755065441131592 0.02634008725484212
0 0.5784777998924255 0.22610154747962952 0.019755065441131592 0.02634008725484212
0 0.6381863951683044 0.21841265261173248 0.019755065441131592 0.02634008725484212
0 0.6976550221443176 0.2107546478509903 0.019755065441131592 0.02634008725484212
0 0.3375895321369171 0.20291799306869507 0.019755065441131592 0.02634008725484212
0 0.39599186182022095 0.19550317525863647 0.019755065441131592 0.02634008725484212
0 0.4541665017604828 0.18811726570129395 0.019755065441131592 0.02634008725484212
0 0.5121147632598877 0.18076010048389435 0.019755065441131592 0.02634008725484212
0 0.5698379874229431 0.17343150079250336 0.019755065441131592 0.02634008725484212
0 0.6273373961448669 0.16613131761550903 0.019755065441131592 0.02634008725484212
0 0.6846144199371338 0.15885937213897705 0.019755065441131592 0.02634008725484212