0 0.22082605957984924 0.6157037615776062 0.029820183912913006 0.029820183912913006
0 0.303280770778656 0.6238074898719788 0.029820183912913006 0.029820183912913006
0 0.3872753977775574 0.632062554359436 0.029820183912913006 0.029820183912913006
0 0.472853422164917 0.6404732465744019 0.029820183912913006 0.029820183912913006
0 0.5600600838661194 0.6490439772605896 0.029820183912913006 0.029820183912913006
0 0.6489422917366028 0.6577793955802917 0.029820183912913006 0.029820183912913006
0 0.7395488023757935 0.6666843295097351 0.029820183912913006 0.029820183912913006
0 0.23834888637065887 0.5347397923469543 0.029820183912913006 0.029820183912913006
0 0.3187153935432434 0.5418941974639893 0.029820183912913006 0.029820183912913006
0 0.4005415141582489 0.5491784811019897 0.029820183912913006 0.029820183912913006
0 0.4838673770427704 0.5565962791442871 0.029820183912913006 0.029820183912913006
0 0.5687346458435059 0.5641513466835022 0.029820183912913006 0.029820183912913006
0 0.6551864147186279 0.5718474388122559 0.029820183912913006 0.029820183912913006
0 0.7432675957679749 0.579688549041748 0.029820183912913006 0.029820183912913006
0 0.25495049357414246 0.4580322206020355 0.029820183912913006 0.029820183912913006
0 0.33333146572113037 0.46432486176490784 0.029820183912913006 0.029820183912913006
0 0.41309788823127747 0.4707287549972534 0.029820183912913006 0.029820183912913006
0 0.4942868649959564 0.47724685072898865 0.029820183912913006 0.029820183912913006
0 0.5769367814064026 0.48388221859931946 0.029820183912913006 0.029820183912913006
0 0.6610874533653259 0.4906380772590637 0.029820183912913006 0.029820183912913006
0 0.7467800974845886 0.49751773476600647 0.029820183912913006 0.029820183912913006
0 0.27070170640945435 0.3852539658546448 0.029820183912913006 0.029820183912913006
0 0.3471924364566803 0.39076295495033264 0.029820183912913006 0.029820183912913006
0 0.42499998211860657 0.39636677503585815 0.029820183912913006 0.029820183912913006
0 0.5041586756706238 0.4020679295063019 0.029820183912913006 0.029820183912913006
0 0.5847040414810181 0.4078689217567444 0.029820183912913006 0.029820183912913006
0 0.6666728258132935 0.41377246379852295 0.029820183912913006 0.029820183912913006
0 0.7501030564308167 0.41978123784065247 0.029820183912913006 0.029820183912913006
0 0.28566622734069824 0.31611067056655884 0.029820183912913006 0.029820183912913006
0 0.36035534739494324 0.3209057152271271 0.029820183912913006 0.029820183912913006
0 0.4362976551055908 0.3257811963558197 0.029820183912913006 0.029820183912913006
0 0.5135249495506287 0.33073917031288147 0.029820183912913006 0.029820183912913006
0 0.5920701622962952 0.3357817530632019 0.029820183912913006 0.029820183912913006
0 0.6719672083854675 0.3409111201763153 0.029820183912913006 0.029820183912913006
0 0.7532514333724976 0.34612956643104553 0.029820183912913006 0.029820183912913006
0 0.2999015152454376 0.2503366470336914 0.029820183912913006 0.029820183912913006
0 0.37287163734436035 0.25448012351989746 0.029820183912913006 0.029820183912913006
0 0.4470357894897461 0.2586914300918579 0.029820183912913006 0.029820183912913006
0 0.522423505783081 0.2629721760749817 0.029820183912913006 0.029820183912913006
0 0.599065363407135 0.26732414960861206 0.029820183912913006 0.029820183912913006
0 0.6769928336143494 0.2717491388320923 0.029820183912913006 0.029820183912913006
0 0.756238579750061 0.276248961687088 0.029820183912913006 0.029820183912913006
0 0.3134596645832062 0.18769147992134094 0.029820183912913006 0.029820183912913006
0 0.38478782773017883 0.19123944640159607 0.029820183912913006 0.029820183912913006
0 0.45725497603416443 0.194844052195549 0.029820183912913006 0.029820183912913006
0 0.530888557434082 0.198506698012352 0.029820183912913006 0.029820183912913006
0 0.6057170033454895 0.20222875475883484 0.029820183912913006 0.029820183912913006
0 0.6817695498466492 0.20601171255111694 0.029820183912913006 0.029820183912913006
0 0.7590765953063965 0.20985707640647888 0.029820183912913006 0.029820183912913006