0 0.7057915329933167 0.16380533576011658 0.02285873726941645 0.03418128937482834
0 0.630255937576294 0.16227537393569946 0.02285873726941645 0.03418128937482834
0 0.5541168451309204 0.1607331931591034 0.02285873726941645 0.03418128937482834
0 0.4773668646812439 0.15917862951755524 0.02285873726941645 0.03418128937482834
0 0.3999987244606018 0.15761154890060425 0.02285873726941645 0.03418128937482834
0 0.32200491428375244 0.1560318022966385 0.02285873726941645 0.03418128937482834
0 0.24337776005268097 0.15443922579288483 0.02285873726941645 0.03418128937482834
0 0.717572033405304 0.24366359412670135 0.02285873726941645 0.03418128937482834
0 0.6393184661865234 0.24240700900554657 0.02285873726941645 0.03418128937482834
0 0.5604166388511658 0.24114002287387848 0.02285873726941645 0.03418128937482834
0 0.4808584749698639 0.23986248672008514 0.02285873726941645 0.03418128937482834
0 0.4006357192993164 0.23857428133487701 0.02285873726941645 0.03418128937482834
0 0.31974002718925476 0.23727527260780334 0.02285873726941645 0.03418128937482834
0 0.23816289007663727 0.2359653264284134 0.02285873726941645 0.03418128937482834
0 0.7302444577217102 0.32956814765930176 0.02285873726941645 0.03418128937482834
0 0.6490700244903564 0.32863160967826843 0.02285873726941645 0.03418128937482834
0 0.5671975612640381 0.32768702507019043 0.02285873726941645 0.03418128937482834
0 0.48461782932281494 0.3267343044281006 0.02285873726941645 0.03418128937482834
0 0.40132173895835876 0.32577329874038696 0.02285873726941645 0.03418128937482834
0 0.3172999322414398 0.32480388879776 0.02285873726941645 0.03418128937482834
0 0.23254281282424927 0.32382604479789734 0.02285873726941645 0.03418128937482834
0 0.7439140677452087 0.4222326874732971 0.02285873726941645 0.03418128937482834
0 0.6595924496650696 0.421671599149704 0.02285873726941645 0.03418128937482834
0 0.5745168328285217 0.4211055040359497 0.02285873726941645 0.03418128937482834
0 0.4886770248413086 0.42053431272506714 0.02285873726941645 0.03418128937482834
0 0.4020627439022064 0.4199579656124115 0.02285873726941645 0.03418128937482834
0 0.31466343998908997 0.419376403093338 0.02285873726941645 0.03418128937482834
0 0.22646841406822205 0.4187895357608795 0.02285873726941645 0.03418128937482834
0 0.7587034702301025 0.5224878191947937 0.02285873726941645 0.03418128937482834
0 0.6709807515144348 0.5223682522773743 0.02285873726941645 0.03418128937482834
0 0.5824412107467651 0.5222475528717041 0.02285873726941645 0.03418128937482834
0 0.49307337403297424 0.522125780582428 0.02285873726941645 0.03418128937482834
0 0.40286558866500854 0.5220028162002563 0.02285873726941645 0.03418128937482834
0 0.31180593371391296 0.5218786597251892 0.02285873726941645 0.03418128937482834
0 0.21988224983215332 0.5217533707618713 0.02285873726941645 0.03418128937482834
0 0.7747560143470764 0.6313061118125916 0.02285873726941645 0.03418128937482834
0 0.6833464503288269 0.6317073106765747 0.02285873726941645 0.03418128937482834
0 0.5910490155220032 0.632112443447113 0.02285873726941645 0.03418128937482834
0 0.4978507459163666 0.6325215101242065 0.02285873726941645 0.03418128937482834
0 0.4037383496761322 0.6329345703125 0.02285873726941645 0.03418128937482834
0 0.30869829654693604 0.633351743221283 0.02285873726941645 0.03418128937482834
0 0.21271684765815735 0.6337730288505554 0.02285873726941645 0.03418128937482834
0 0.7922408580780029 0.7498335242271423 0.02285873726941645 0.03418128937482834
0 0.6968210935592651 0.7508512139320374 0.02285873726941645 0.03418128937482834
0 0.6004326939582825 0.7518793344497681 0.02285873726941645 0.03418128937482834
0 0.5030608773231506 0.7529178857803345 0.02285873726941645 0.03418128937482834
0 0.40469056367874146 0.7539671063423157 0.02285873726941645 0.03418128937482834
0 0.30530625581741333 0.7550271153450012 0.02285873726941645 0.03418128937482834
0 0.20489223301410675 0.7560981512069702 0.02285873726941645 0.03418128937482834