0 0.6508197784423828 0.1803995668888092 0.025718729943037033 0.03429163992404938
0 0.5830987691879272 0.18589091300964355 0.025718729943037033 0.03429163992404938
0 0.5153889656066895 0.19138136506080627 0.025718729943037033 0.03429163992404938
0 0.4476904571056366 0.19687087833881378 0.025718729943037033 0.03429163992404938
0 0.3800032138824463 0.20235949754714966 0.025718729943037033 0.03429163992404938
0 0.31232723593711853 0.20784719288349152 0.025718729943037033 0.03429163992404938
0 0.24466252326965332 0.21333397924900055 0.025718729943037033 0.03429163992404938
0 0.662198007106781 0.24365118145942688 0.025718729943037033 0.03429163992404938
0 0.5910195708274841 0.2494172751903534 0.025718729943037033 0.03429163992404938
0 0.5198536515235901 0.2551823556423187 0.025718729943037033 0.03429163992404938
0 0.4487001299858093 0.2609464228153229 0.025718729943037033 0.03429163992404938
0 0.3775590658187866 0.26670947670936584 0.025718729943037033 0.03429163992404938
0 0.3064304292201996 0.27247154712677 0.025718729943037033 0.03429163992404938
0 0.2353142499923706 0.2782325744628906 0.025718729943037033 0.03429163992404938
0 0.6748002171516418 0.3137072026729584 0.025718729943037033 0.03429163992404938
0 0.59979248046875 0.3197769522666931 0.025718729943037033 0.03429163992404938
0 0.5247985124588013 0.3258455693721771 0.025718729943037033 0.03429163992404938
0 0.44981837272644043 0.3319130837917328 0.025718729943037033 0.03429163992404938
0 0.3748520612716675 0.3379794657230377 0.025718729943037033 0.03429163992404938
0 0.2998995780944824 0.3440447449684143 0.025718729943037033 0.03429163992404938
0 0.22496089339256287 0.35010889172554016 0.025718729943037033 0.03429163992404938
0 0.6888352632522583 0.3917279839515686 0.025718729943037033 0.03429163992404938
0 0.6095626354217529 0.39813515543937683 0.025718729943037033 0.03429163992404938
0 0.5303054451942444 0.4045410454273224 0.025718729943037033 0.03429163992404938
0 0.45106372237205505 0.41094571352005005 0.025718729943037033 0.03429163992404938
0 0.37183740735054016 0.41734910011291504 0.025718729943037033 0.03429163992404938
0 0.2926265597343445 0.42375126481056213 0.025718729943037033 0.03429163992404938
0 0.21343111991882324 0.43015217781066895 0.025718729943037033 0.03429163992404938
0 0.7045621275901794 0.47915375232696533 0.025718729943037033 0.03429163992404938
0 0.6205103993415833 0.4859379827976227 0.025718729943037033 0.03429163992404938
0 0.5364760756492615 0.4927208423614502 0.025718729943037033 0.03429163992404938
0 0.4524591267108917 0.4995023012161255 0.025718729943037033 0.03429163992404938
0 0.3684595227241516 0.5062823295593262 0.025718729943037033 0.03429163992404938
0 0.28447726368904114 0.513060986995697 0.025718729943037033 0.03429163992404938
0 0.2005123645067215 0.519838273525238 0.025718729943037033 0.03429163992404938
0 0.7223063111305237 0.577794075012207 0.025718729943037033 0.03429163992404938
0 0.632862389087677 0.585002601146698 0.025718729943037033 0.03429163992404938
0 0.5434381365776062 0.5922094583511353 0.025718729943037033 0.03429163992404938
0 0.4540334939956665 0.5994148254394531 0.025718729943037033 0.03429163992404938
0 0.3646485507488251 0.6066185235977173 0.025718729943037033 0.03429163992404938
0 0.27528321743011475 0.6138206720352173 0.025718729943037033 0.03429163992404938
0 0.1859375387430191 0.6210212707519531 0.025718729943037033 0.03429163992404938
0 0.7424826622009277 0.6899547576904297 0.025718729943037033 0.03429163992404938
0 0.6469072103500366 0.697644054889679 0.025718729943037033 0.03429163992404938
0 0.551354169845581 0.7053315043449402 0.025718729943037033 0.03429163992404938
0 0.4558235704898834 0.7130171656608582 0.025718729943037033 0.03429163992404938
0 0.3603154122829437 0.7207010388374329 0.025718729943037033 0.03429163992404938
0 0.26482969522476196 0.7283830642700195 0.025718729943037033 0.03429163992404938
0 0.16936640441417694 0.7360633611679077 0.025718729943037033 0.03429163992404938