0 0.24110984802246094 0.7351592183113098 0.0302727868159612 0.0302727868159612
0 0.3269118666648865 0.7349953055381775 0.0302727868159612 0.0302727868159612
0 0.4130098521709442 0.7348308563232422 0.0302727868159612 0.0302727868159612
0 0.4994053542613983 0.7346658706665039 0.0302727868159612 0.0302727868159612
0 0.5860999226570129 0.7345002889633179 0.0302727868159612 0.0302727868159612
0 0.6730950474739075 0.7343341112136841 0.0302727868159612 0.0302727868159612
0 0.7603923678398132 0.7341673970222473 0.0302727868159612 0.0302727868159612
0 0.25359734892845154 0.648486852645874 0.0302727868159612 0.0302727868159612
0 0.3355788588523865 0.6481877565383911 0.0302727868159612 0.0302727868159612
0 0.4178304672241211 0.647887647151947 0.0302727868159612 0.0302727868159612
0 0.5003535747528076 0.6475865840911865 0.0302727868159612 0.0302727868159612
0 0.5831494331359863 0.6472845673561096 0.0302727868159612 0.0302727868159612
0 0.6662194132804871 0.6469814777374268 0.0302727868159612 0.0302727868159612
0 0.7495649456977844 0.6466774344444275 0.0302727868159612 0.0302727868159612
0 0.2650163769721985 0.569230318069458 0.0302727868159612 0.0302727868159612
0 0.34350308775901794 0.5688192844390869 0.0302727868159612 0.0302727868159612
0 0.4222373366355896 0.5684069395065308 0.0302727868159612 0.0302727868159612
0 0.5012202262878418 0.5679932832717896 0.0302727868159612 0.0302727868159612
0 0.5804529786109924 0.5675783157348633 0.0302727868159612 0.0302727868159612
0 0.659936785697937 0.5671620965003967 0.0302727868159612 0.0302727868159612
0 0.7396727800369263 0.5667445063591003 0.0302727868159612 0.0302727868159612
0 0.2754984498023987 0.4964768886566162 0.0302727868159612 0.0302727868159612
0 0.35077616572380066 0.4959729313850403 0.0302727868159612 0.0302727868159612
0 0.42628151178359985 0.4954674243927002 0.0302727868159612 0.0302727868159612
0 0.5020154714584351 0.49496039748191833 0.0302727868159612 0.0302727868159612
0 0.5779791474342346 0.4944518208503723 0.0302727868159612 0.0302727868159612
0 0.6541734933853149 0.49394169449806213 0.0302727868159612 0.0302727868159612
0 0.7305997014045715 0.4934300482273102 0.0302727868159612 0.0302727868159612
0 0.2851543724536896 0.42945775389671326 0.0302727868159612 0.0302727868159612
0 0.3574751615524292 0.42887648940086365 0.0302727868159612 0.0302727868159612
0 0.4300059974193573 0.4282935559749603 0.0302727868159612 0.0302727868159612
0 0.5027477741241455 0.4277088940143585 0.0302727868159612 0.0302727868159612
0 0.5757014155387878 0.427122563123703 0.0302727868159612 0.0302727868159612
0 0.6488678455352783 0.426534503698349 0.0302727868159612 0.0302727868159612
0 0.7222479581832886 0.4259447157382965 0.0302727868159612 0.0302727868159612
0 0.2940780818462372 0.36752066016197205 0.0302727868159612 0.0302727868159612
0 0.36366546154022217 0.3668750524520874 0.0302727868159612 0.0302727868159612
0 0.4334472715854645 0.3662276864051819 0.0302727868159612 0.0302727868159612
0 0.5034242868423462 0.36557847261428833 0.0302727868159612 0.0302727868159612
0 0.5735973715782166 0.3649274408817291 0.0302727868159612 0.0302727868159612
0 0.6439672708511353 0.3642745912075043 0.0302727868159612 0.0302727868159612
0 0.7145348787307739 0.36361992359161377 0.0302727868159612 0.0302727868159612
0 0.30234983563423157 0.31010866165161133 0.0302727868159612 0.0302727868159612
0 0.3694029152393341 0.3094095289707184 0.0302727868159612 0.0302727868159612
0 0.43663644790649414 0.308708518743515 0.0302727868159612 0.0302727868159612
0 0.5040512084960938 0.30800560116767883 0.0302727868159612 0.0302727868159612
0 0.5716478824615479 0.3073008060455322 0.0302727868159612 0.0302727868159612
0 0.6394271850585938 0.3065941035747528 0.0302727868159612 0.0302727868159612
0 0.7073899507522583 0.3058854937553406 0.0302727868159612 0.0302727868159612