0 0.6522601246833801 0.18603046238422394 0.025485580787062645 0.03398077438275019
0 0.5844424962997437 0.19151920080184937 0.025485580787062645 0.03398077438275019
0 0.5166233777999878 0.19700805842876434 0.025485580787062645 0.03398077438275019
0 0.4488028883934021 0.20249702036380768 0.025485580787062645 0.03398077438275019
0 0.3809809982776642 0.20798610150814056 0.025485580787062645 0.03398077438275019
0 0.31315767765045166 0.2134752869606018 0.025485580787062645 0.03398077438275019
0 0.2453329712152481 0.2189646065235138 0.025485580787062645 0.03398077438275019
0 0.6637132167816162 0.24875855445861816 0.025485580787062645 0.03398077438275019
0 0.5925134420394897 0.2545216977596283 0.025485580787062645 0.03398077438275019
0 0.5213120579719543 0.26028499007225037 0.025485580787062645 0.03398077438275019
0 0.45010918378829956 0.266048401594162 0.025485580787062645 0.03398077438275019
0 0.3789047598838806 0.27181193232536316 0.025485580787062645 0.03398077438275019
0 0.3076987564563751 0.27757561206817627 0.025485580787062645 0.03398077438275019
0 0.23649118840694427 0.28333941102027893 0.025485580787062645 0.03398077438275019
0 0.6763685941696167 0.31807181239128113 0.025485580787062645 0.03398077438275019
0 0.601431667804718 0.3241382837295532 0.025485580787062645 0.03398077438275019
0 0.5264930129051208 0.33020487427711487 0.025485580787062645 0.03398077438275019
0 0.4515526294708252 0.33627161383628845 0.025485580787062645 0.03398077438275019
0 0.37661051750183105 0.342338502407074 0.025485580787062645 0.03398077438275019
0 0.3016666769981384 0.34840553998947144 0.025485580787062645 0.03398077438275019
0 0.2267211377620697 0.35447269678115845 0.025485580787062645 0.03398077438275019
0 0.6904261708259583 0.3950646221637726 0.025485580787062645 0.03398077438275019
0 0.6113380193710327 0.40146809816360474 0.025485580787062645 0.03398077438275019
0 0.5322479605674744 0.40787172317504883 0.025485580787062645 0.03398077438275019
0 0.4531559944152832 0.41427549719810486 0.025485580787062645 0.03398077438275019
0 0.37406209111213684 0.4206794500350952 0.025485580787062645 0.03398077438275019
0 0.29496628046035767 0.4270835518836975 0.025485580787062645 0.03398077438275019
0 0.2158685326576233 0.43348780274391174 0.025485580787062645 0.03398077438275019
0 0.7061325907707214 0.48108816146850586 0.025485580787062645 0.03398077438275019
0 0.6224063634872437 0.4878682792186737 0.025485580787062645 0.03398077438275019
0 0.538677990436554 0.4946485757827759 0.025485580787062645 0.03398077438275019
0 0.45494741201400757 0.5014290809631348 0.025485580787062645 0.03398077438275019
0 0.37121471762657166 0.5082097053527832 0.025485580787062645 0.03398077438275019
0 0.28747987747192383 0.514990508556366 0.025485580787062645 0.03398077438275019
0 0.2037428915500641 0.5217714905738831 0.025485580787062645 0.03398077438275019
0 0.723796010017395 0.5778302550315857 0.025485580787062645 0.03398077438275019
0 0.6348537802696228 0.5850340723991394 0.025485580787062645 0.03398077438275019
0 0.5459091663360596 0.5922381281852722 0.025485580787062645 0.03398077438275019
0 0.45696207880973816 0.5994423627853394 0.025485580787062645 0.03398077438275019
0 0.36801257729530334 0.6066468358039856 0.025485580787062645 0.03398077438275019
0 0.27906063199043274 0.6138514876365662 0.025485580787062645 0.03398077438275019
0 0.19010628759860992 0.621056318283081 0.025485580787062645 0.03398077438275019
0 0.7438065409660339 0.687427282333374 0.025485580787062645 0.03398077438275019
0 0.6489552855491638 0.6951113343238831 0.025485580787062645 0.03398077438275019
0 0.5541012287139893 0.7027956247329712 0.025485580787062645 0.03398077438275019
0 0.4592444598674774 0.7104801535606384 0.025485580787062645 0.03398077438275019
0 0.36438488960266113 0.7181649208068848 0.025485580787062645 0.03398077438275019
0 0.2695225775241852 0.7258498668670654 0.025485580787062645 0.03398077438275019
0 0.17465749382972717 0.7335350513458252 0.025485580787062645 0.03398077438275019