0 0.6945350766181946 0.155543252825737 0.022966525331139565 0.03434246778488159
0 0.6187963485717773 0.1551961749792099 0.022966525331139565 0.03434246778488159
0 0.5425211787223816 0.15484663844108582 0.022966525331139565 0.03434246778488159
0 0.4657038152217865 0.15449461340904236 0.022966525331139565 0.03434246778488159
0 0.38833853602409363 0.15414008498191833 0.022966525331139565 0.03434246778488159
0 0.31041938066482544 0.15378300845623016 0.022966525331139565 0.03434246778488159
0 0.2319404035806656 0.15342336893081665 0.022966525331139565 0.03434246778488159
0 0.7065457105636597 0.2356448471546173 0.022966525331139565 0.03434246778488159
0 0.6280444860458374 0.2355780452489853 0.022966525331139565 0.03434246778488159
0 0.5489665865898132 0.23551076650619507 0.022966525331139565 0.03434246778488159
0 0.4693056344985962 0.23544298112392426 0.022966525331139565 0.03434246778488159
0 0.38905513286590576 0.23537468910217285 0.022966525331139565 0.03434246778488159
0 0.30820855498313904 0.23530590534210205 0.022966525331139565 0.03434246778488159
0 0.2267591804265976 0.23523660004138947 0.022966525331139565 0.03434246778488159
0 0.719477117061615 0.32188767194747925 0.022966525331139565 0.03434246778488159
0 0.6380043625831604 0.32214608788490295 0.022966525331139565 0.03434246778488159
0 0.5559099316596985 0.32240644097328186 0.022966525331139565 0.03434246778488159
0 0.47318676114082336 0.32266882061958313 0.022966525331139565 0.03434246778488159
0 0.38982754945755005 0.3229331970214844 0.022966525331139565 0.03434246778488159
0 0.3058249354362488 0.323199599981308 0.022966525331139565 0.03434246778488159
0 0.22117146849632263 0.32346808910369873 0.022966525331139565 0.03434246778488159
0 0.7334395051002502 0.41500619053840637 0.022966525331139565 0.03434246778488159
0 0.6487613916397095 0.41564297676086426 0.022966525331139565 0.03434246778488159
0 0.5634112358093262 0.41628482937812805 0.022966525331139565 0.03434246778488159
0 0.47738099098205566 0.41693177819252014 0.022966525331139565 0.03434246778488159
0 0.3906625211238861 0.4175839126110077 0.022966525331139565 0.03434246778488159
0 0.30324748158454895 0.4182412922382355 0.022966525331139565 0.03434246778488159
0 0.21512751281261444 0.41890397667884827 0.022966525331139565 0.03434246778488159
0 0.7485612630844116 0.5158566832542419 0.022966525331139565 0.03434246778488159
0 0.6604153513908386 0.5169352889060974 0.022966525331139565 0.03434246778488159
0 0.5715405344963074 0.5180227756500244 0.022966525331139565 0.03434246778488159
0 0.4819278419017792 0.5191193222999573 0.022966525331139565 0.03434246778488159
0 0.39156797528266907 0.5202249884605408 0.022966525331139565 0.03434246778488159
0 0.3004515469074249 0.5213398933410645 0.022966525331139565 0.03434246778488159
0 0.20856904983520508 0.5224642157554626 0.022966525331139565 0.03434246778488159
0 0.7649930119514465 0.6254439949989319 0.022966525331139565 0.03434246778488159
0 0.6730831861495972 0.6270403861999512 0.022966525331139565 0.03434246778488159
0 0.5803802013397217 0.6286504864692688 0.022966525331139565 0.03434246778488159
0 0.48687368631362915 0.6302745342254639 0.022966525331139565 0.03434246778488159
0 0.3925532102584839 0.6319127082824707 0.022966525331139565 0.03434246778488159
0 0.2974081039428711 0.6335652470588684 0.022966525331139565 0.03434246778488159
0 0.20142744481563568 0.6352323293685913 0.022966525331139565 0.03434246778488159
0 0.7829126715660095 0.7449548244476318 0.022966525331139565 0.03434246778488159
0 0.6869032979011536 0.7471606135368347 0.022966525331139565 0.03434246778488159
0 0.5900275111198425 0.7493862509727478 0.022966525331139565 0.03434246778488159
0 0.4922735095024109 0.7516320943832397 0.022966525331139565 0.03434246778488159
0 0.3936293423175812 0.7538983821868896 0.022966525331139565 0.03434246778488159
0 0.29408273100852966 0.7561854124069214 0.022966525331139565 0.03434246778488159
0 0.19362130761146545 0.7584934830665588 0.022966525331139565 0.03434246778488159