0 0.7806426882743835 0.6786218285560608 0.022774348035454754 0.030365797380606335
0 0.7673426866531372 0.5926272869110107 0.022774348035454754 0.030365797380606335
0 0.7550947070121765 0.5134345293045044 0.022774348035454754 0.030365797380606335
0 0.7437785863876343 0.4402673840522766 0.022774348035454754 0.030365797380606335
0 0.7332919836044312 0.37246325612068176 0.022774348035454754 0.030365797380606335
0 0.7235468029975891 0.3094533681869507 0.022774348035454754 0.030365797380606335
0 0.7144671678543091 0.25074660778045654 0.022774348035454754 0.030365797380606335
0 0.694584310054779 0.6795219779014587 0.022774348035454754 0.030365797380606335
0 0.6848044991493225 0.5932835936546326 0.022774348035454754 0.030365797380606335
0 0.6757999658584595 0.5138821005821228 0.022774348035454754 0.030365797380606335
0 0.6674820780754089 0.44053545594215393 0.022774348035454754 0.030365797380606335
0 0.6597752571105957 0.372576504945755 0.022774348035454754 0.030365797380606335
0 0.652614414691925 0.30943262577056885 0.022774348035454754 0.030365797380606335
0 0.6459435820579529 0.2506096065044403 0.022774348035454754 0.030365797380606335
0 0.6080934405326843 0.6804266571998596 0.022774348035454754 0.030365797380606335
0 0.6018685698509216 0.5939431190490723 0.022774348035454754 0.030365797380606335
0 0.5961383581161499 0.5143317580223083 0.022774348035454754 0.030365797380606335
0 0.5908461213111877 0.44080471992492676 0.022774348035454754 0.030365797380606335
0 0.5859434008598328 0.37269020080566406 0.022774348035454754 0.030365797380606335
0 0.5813887715339661 0.30941179394721985 0.022774348035454754 0.030365797380606335
0 0.5771464705467224 0.2504720985889435 0.022774348035454754 0.030365797380606335
0 0.5211668014526367 0.6813358664512634 0.022774348035454754 0.030365797380606335
0 0.5185321569442749 0.5946058034896851 0.022774348035454754 0.030365797380606335
0 0.5161073803901672 0.5147834420204163 0.022774348035454754 0.030365797380606335
0 0.5138683319091797 0.4410751760005951 0.022774348035454754 0.030365797380606335
0 0.5117944478988647 0.3728044033050537 0.022774348035454754 0.030365797380606335
0 0.5098681449890137 0.3093908727169037 0.022774348035454754 0.030365797380606335
0 0.508074164390564 0.2503339946269989 0.022774348035454754 0.030365797380606335
0 0.4338010549545288 0.6822497248649597 0.022774348035454754 0.030365797380606335
0 0.43479230999946594 0.5952717065811157 0.022774348035454754 0.030365797380606335
0 0.43570441007614136 0.5152372717857361 0.022774348035454754 0.030365797380606335
0 0.43654653429985046 0.4413468539714813 0.022774348035454754 0.030365797380606335
0 0.4373263716697693 0.37291911244392395 0.022774348035454754 0.030365797380606335
0 0.43805059790611267 0.30936986207962036 0.022774348035454754 0.030365797380606335
0 0.43872499465942383 0.25019538402557373 0.022774348035454754 0.030365797380606335
0 0.3459928631782532 0.6831681728363037 0.022774348035454754 0.030365797380606335
0 0.350646048784256 0.5959408283233643 0.022774348035454754 0.030365797380606335
0 0.35492685437202454 0.515693187713623 0.022774348035454754 0.030365797380606335
0 0.35887831449508667 0.44161972403526306 0.022774348035454754 0.030365797380606335
0 0.3625370264053345 0.3730342984199524 0.022774348035454754 0.030365797380606335
0 0.3659343421459198 0.3093487620353699 0.022774348035454754 0.030365797380606335
0 0.3690973222255707 0.2500561773777008 0.022774348035454754 0.030365797380606335
0 0.2577389180660248 0.6840912699699402 0.022774348035454754 0.030365797380606335
0 0.26609042286872864 0.5966132283210754 0.022774348035454754 0.030365797380606335
0 0.27377209067344666 0.5161512494087219 0.022774348035454754 0.030365797380606335
0 0.28086143732070923 0.4418938457965851 0.022774348035454754 0.030365797380606335
0 0.28742438554763794 0.3731499910354614 0.022774348035454754 0.030365797380606335
0 0.29351750016212463 0.3093276023864746 0.022774348035454754 0.030365797380606335
0 0.2991894483566284 0.2499164193868637 0.022774348035454754 0.030365797380606335