0 0.29551684856414795 0.64593505859375 0.020770957693457603 0.02769461025794347
0 0.3705538511276245 0.6450095176696777 0.020770957693457603 0.02769461025794347
0 0.44704297184944153 0.6440660357475281 0.020770957693457603 0.02769461025794347
0 0.5250267386436462 0.6431041955947876 0.020770957693457603 0.02769461025794347
0 0.6045493483543396 0.6421233415603638 0.020770957693457603 0.02769461025794347
0 0.6856569647789001 0.6411228775978088 0.020770957693457603 0.02769461025794347
0 0.7683972716331482 0.6401023268699646 0.020770957693457603 0.02769461025794347
0 0.30607733130455017 0.5584023594856262 0.020770957693457603 0.02769461025794347
0 0.37766408920288086 0.5567213892936707 0.020770957693457603 0.02769461025794347
0 0.45057007670402527 0.5550094246864319 0.020770957693457603 0.02769461025794347
0 0.5248321294784546 0.5532656311988831 0.020770957693457603 0.02769461025794347
0 0.6004884243011475 0.5514890551567078 0.020770957693457603 0.02769461025794347
0 0.6775785684585571 0.5496788620948792 0.020770957693457603 0.02769461025794347
0 0.7561437487602234 0.547834038734436 0.020770957693457603 0.02769461025794347
0 0.31569281220436096 0.47870251536369324 0.020770957693457603 0.02769461025794347
0 0.3841325044631958 0.47640255093574524 0.020770957693457603 0.02769461025794347
0 0.4537760317325592 0.4740621745586395 0.020770957693457603 0.02769461025794347
0 0.5246554017066956 0.471680223941803 0.020770957693457603 0.02769461025794347
0 0.5968038439750671 0.469255656003952 0.020770957693457603 0.02769461025794347
0 0.6702557802200317 0.46678727865219116 0.020770957693457603 0.02769461025794347
0 0.7450467348098755 0.4642738997936249 0.020770957693457603 0.02769461025794347
0 0.3244847059249878 0.40582916140556335 0.020770957693457603 0.02769461025794347
0 0.3900422751903534 0.4030206501483917 0.020770957693457603 0.02769461025794347
0 0.4567027688026428 0.4001649022102356 0.020770957693457603 0.02769461025794347
0 0.5244942307472229 0.3972606956958771 0.020770957693457603 0.02769461025794347
0 0.5934457182884216 0.3943067789077759 0.020770957693457603 0.02769461025794347
0 0.663587212562561 0.3913019001483917 0.020770957693457603 0.02769461025794347
0 0.7349498867988586 0.3882446885108948 0.020770957693457603 0.02769461025794347
0 0.3325544595718384 0.3389412462711334 0.020770957693457603 0.02769461025794347
0 0.3954627513885498 0.3357141315937042 0.020770957693457603 0.02769461025794347
0 0.4593852162361145 0.3324350118637085 0.020770957693457603 0.02769461025794347
0 0.5243465900421143 0.3291025757789612 0.020770957693457603 0.02769461025794347
0 0.5903723835945129 0.325715571641922 0.020770957693457603 0.02769461025794347
0 0.657489001750946 0.32227256894111633 0.020770957693457603 0.02769461025794347
0 0.7257237434387207 0.31877225637435913 0.020770957693457603 0.02769461025794347
0 0.339987576007843 0.2773304581642151 0.020770957693457603 0.02769461025794347
0 0.40045231580734253 0.27375856041908264 0.020770957693457603 0.02769461025794347
0 0.4618527889251709 0.270131379365921 0.020770957693457603 0.02769461025794347
0 0.5242108702659607 0.26644763350486755 0.020770957693457603 0.02769461025794347
0 0.5875492095947266 0.2627059817314148 0.020770957693457603 0.02769461025794347
0 0.6518909931182861 0.2589050531387329 0.020770957693457603 0.02769461025794347
0 0.7172603607177734 0.2550434172153473 0.020770957693457603 0.02769461025794347
0 0.3468565046787262 0.22039596736431122 0.020770957693457603 0.02769461025794347
0 0.405060350894928 0.2165401726961136 0.020770957693457603 0.02769461025794347
0 0.4641302525997162 0.21262699365615845 0.020770957693457603 0.02769461025794347
0 0.5240857005119324 0.20865516364574432 0.020770957693457603 0.02769461025794347
0 0.5849467515945435 0.20462334156036377 0.020770957693457603 0.02769461025794347
0 0.6467340588569641 0.20053014159202576 0.020770957693457603 0.02769461025794347
0 0.7094689011573792 0.19637417793273926 0.020770957693457603 0.02769461025794347