0 0.6939290761947632 0.15513335168361664 0.022957867275302607 0.034329521159331
0 0.6184747815132141 0.15449486672878265 0.022957867275302607 0.034329521159331
0 0.5424079895019531 0.1538511961698532 0.022957867275302607 0.034329521159331
0 0.4657212197780609 0.15320228040218353 0.022957867275302607 0.034329521159331
0 0.3884068429470062 0.15254805982112885 0.022957867275302607 0.034329521159331
0 0.31045717000961304 0.15188845992088318 0.022957867275302607 0.034329521159331
0 0.2318643033504486 0.15122340619564056 0.022957867275302607 0.034329521159331
0 0.7056381106376648 0.23512804508209229 0.022957867275302607 0.034329521159331
0 0.6274673342704773 0.23480136692523956 0.022957867275302607 0.034329521159331
0 0.5486387014389038 0.23447194695472717 0.022957867275302607 0.034329521159331
0 0.4691438376903534 0.23413974046707153 0.022957867275302607 0.034329521159331
0 0.38897424936294556 0.23380470275878906 0.022957867275302607 0.034329521159331
0 0.30812132358551025 0.23346681892871857 0.022957867275302607 0.034329521159331
0 0.22657625377178192 0.23312604427337646 0.022957867275302607 0.034329521159331
0 0.7182341814041138 0.32118329405784607 0.022957867275302607 0.034329521159331
0 0.637144148349762 0.3212185204029083 0.022957867275302607 0.034329521159331
0 0.5553455948829651 0.32125404477119446 0.022957867275302607 0.034329521159331
0 0.4728291630744934 0.32128989696502686 0.022957867275302607 0.034329521159331
0 0.38958537578582764 0.3213260769844055 0.022957867275302607 0.034329521159331
0 0.3056045472621918 0.32136255502700806 0.022957867275302607 0.034329521159331
0 0.22087690234184265 0.32139936089515686 0.022957867275302607 0.034329521159331
0 0.7318221926689148 0.414014995098114 0.022957867275302607 0.034329521159331
0 0.647586464881897 0.4144713878631592 0.022957867275302607 0.034329521159331
0 0.5625854134559631 0.41493192315101624 0.022957867275302607 0.034329521159331
0 0.47680869698524475 0.41539666056632996 0.022957867275302607 0.034329521159331
0 0.3902455270290375 0.4158656597137451 0.022957867275302607 0.034329521159331
0 0.3028850555419922 0.4163389801979065 0.022957867275302607 0.034329521159331
0 0.21471627056598663 0.41681671142578125 0.022957867275302607 0.034329521159331
0 0.7465240359306335 0.5144563317298889 0.022957867275302607 0.034329521159331
0 0.6588887572288513 0.5154044032096863 0.022957867275302607 0.034329521159331
0 0.5704243779182434 0.5163614749908447 0.022957867275302607 0.034329521159331
0 0.4811190664768219 0.517327606678009 0.022957867275302607 0.034329521159331
0 0.39096081256866455 0.5183029770851135 0.022957867275302607 0.034329521159331
0 0.29993730783462524 0.5192877054214478 0.022957867275302607 0.034329521159331
0 0.20803603529930115 0.5202819108963013 0.022957867275302607 0.034329521159331
0 0.7624825239181519 0.6234830021858215 0.022957867275302607 0.034329521159331
0 0.6711618304252625 0.625007152557373 0.022957867275302607 0.034329521159331
0 0.5789399147033691 0.626546323299408 0.022957867275302607 0.034329521159331
0 0.48580336570739746 0.6281007528305054 0.022957867275302607 0.034329521159331
0 0.3917384445667267 0.6296707391738892 0.022957867275302607 0.034329521159331
0 0.29673126339912415 0.6312564015388489 0.022957867275302607 0.034329521159331
0 0.20076756179332733 0.6328580379486084 0.022957867275302607 0.034329521159331
0 0.7798659801483154 0.7422448396682739 0.022957867275302607 0.034329521159331
0 0.6845364570617676 0.7444466948509216 0.022957867275302607 0.034329521159331
0 0.5882236957550049 0.7466713190078735 0.022957867275302607 0.034329521159331
0 0.49091243743896484 0.7489189505577087 0.022957867275302607 0.034329521159331
0 0.39258697628974915 0.7511900067329407 0.022957867275302607 0.034329521159331
0 0.29323145747184753 0.753484845161438 0.022957867275302607 0.034329521159331
0 0.19282956421375275 0.7558038830757141 0.022957867275302607 0.034329521159331