0 0.7006553411483765 0.2224893420934677 0.03258421023686727 0.03258421023686727
0 0.6173573732376099 0.22293569147586823 0.03258421023686727 0.03258421023686727
0 0.5354809761047363 0.2233744114637375 0.03258421023686727 0.03258421023686727
0 0.4549899101257324 0.22380571067333221 0.03258421023686727 0.03258421023686727
0 0.3758494257926941 0.22422978281974792 0.03258421023686727 0.03258421023686727
0 0.29802578687667847 0.22464679181575775 0.03258421023686727 0.03258421023686727
0 0.22148637473583221 0.22505691647529602 0.03258421023686727 0.03258421023686727
0 0.7011358737945557 0.293891042470932 0.03258421023686727 0.03258421023686727
0 0.6155281066894531 0.29371824860572815 0.03258421023686727 0.03258421023686727
0 0.5314213633537292 0.29354846477508545 0.03258421023686727 0.03258421023686727
0 0.4487764537334442 0.2933816611766815 0.03258421023686727 0.03258421023686727
0 0.3675556182861328 0.2932177186012268 0.03258421023686727 0.03258421023686727
0 0.2877223491668701 0.29305657744407654 0.03258421023686727 0.03258421023686727
0 0.20924143493175507 0.29289817810058594 0.03258421023686727 0.03258421023686727
0 0.7016440033912659 0.3693951666355133 0.03258421023686727 0.03258421023686727
0 0.6135947108268738 0.36853066086769104 0.03258421023686727 0.03258421023686727
0 0.5271326899528503 0.36768174171447754 0.03258421023686727 0.03258421023686727
0 0.44221553206443787 0.3668479919433594 0.03258421023686727 0.03258421023686727
0 0.3588021397590637 0.3660290241241455 0.03258421023686727 0.03258421023686727
0 0.27685293555259705 0.3652244210243225 0.03258421023686727 0.03258421023686727
0 0.19632966816425323 0.36443379521369934 0.03258421023686727 0.03258421023686727
0 0.7021822333335876 0.4493657350540161 0.03258421023686727 0.03258421023686727
0 0.6115479469299316 0.44772717356681824 0.03258421023686727 0.03258421023686727
0 0.5225951075553894 0.4461190104484558 0.03258421023686727 0.03258421023686727
0 0.43527722358703613 0.444540411233902 0.03258421023686727 0.03258421023686727
0 0.34954971075057983 0.44299057126045227 0.03258421023686727 0.03258421023686727
0 0.2653695046901703 0.4414687156677246 0.03258421023686727 0.03258421023686727
0 0.18269509077072144 0.4399740695953369 0.03258421023686727 0.03258421023686727
0 0.7027532458305359 0.5342111587524414 0.03258421023686727 0.03258421023686727
0 0.6093776822090149 0.5317047834396362 0.03258421023686727 0.03258421023686727
0 0.5177861452102661 0.5292463302612305 0.03258421023686727 0.03258421023686727
0 0.42792797088623047 0.5268343687057495 0.03258421023686727 0.03258421023686727
0 0.3397544324398041 0.5244676470756531 0.03258421023686727 0.03258421023686727
0 0.2532186210155487 0.5221449136734009 0.03258421023686727 0.03258421023686727
0 0.16827526688575745 0.5198648571968079 0.03258421023686727 0.03258421023686727
0 0.7033601999282837 0.6243911385536194 0.03258421023686727 0.03258421023686727
0 0.6070722937583923 0.6209099292755127 0.03258421023686727 0.03258421023686727
0 0.5126807689666748 0.6174972653388977 0.03258421023686727 0.03258421023686727
0 0.4201301336288452 0.614151120185852 0.03258421023686727 0.03258421023686727
0 0.329367071390152 0.6108696460723877 0.03258421023686727 0.03258421023686727
0 0.24034026265144348 0.6076509356498718 0.03258421023686727 0.03258421023686727
0 0.1530003547668457 0.6044932007789612 0.03258421023686727 0.03258421023686727
0 0.7040064930915833 0.7204251885414124 0.03258421023686727 0.03258421023686727
0 0.6046187877655029 0.7158463597297668 0.03258421023686727 0.03258421023686727
0 0.5072507262229919 0.7113605737686157 0.03258421023686727 0.03258421023686727
0 0.41184142231941223 0.7069650292396545 0.03258421023686727 0.03258421023686727
0 0.3183322548866272 0.7026570439338684 0.03258421023686727 0.03258421023686727
0 0.226667121052742 0.6984339952468872 0.03258421023686727 0.03258421023686727
0 0.13679194450378418 0.6942933797836304 0.03258421023686727 0.03258421023686727