0 0.7072246670722961 0.16187377274036407 0.02290453378421565 0.03424977014462153
0 0.6317688822746277 0.16066305339336395 0.02290453378421565 0.03424977014462153
0 0.5556844472885132 0.1594422459602356 0.02290453378421565 0.03424977014462153
0 0.4789635241031647 0.15821123123168945 0.02290453378421565 0.03424977014462153
0 0.4015980362892151 0.15696987509727478 0.02290453378421565 0.03424977014462153
0 0.323579877614975 0.15571804344654083 0.02290453378421565 0.03424977014462153
0 0.24490071833133698 0.15445560216903687 0.02290453378421565 0.03424977014462153
0 0.7187246680259705 0.2418837547302246 0.02290453378421565 0.03424977014462153
0 0.6405714154243469 0.24097295105457306 0.02290453378421565 0.03424977014462153
0 0.5617433190345764 0.24005426466464996 0.02290453378421565 0.03424977014462153
0 0.4822315275669098 0.23912763595581055 0.02290453378421565 0.03424977014462153
0 0.40202710032463074 0.23819291591644287 0.02290453378421565 0.03424977014462153
0 0.3211209774017334 0.23725003004074097 0.02290453378421565 0.03424977014462153
0 0.239503875374794 0.23629885911941528 0.02290453378421565 0.03424977014462153
0 0.73108971118927 0.32791227102279663 0.02290453378421565 0.03424977014462153
0 0.6500391364097595 0.3273508846759796 0.02290453378421565 0.03424977014462153
0 0.5682620406150818 0.3267844617366791 0.02290453378421565 0.03424977014462153
0 0.48574867844581604 0.32621294260025024 0.02290453378421565 0.03424977014462153
0 0.4024890065193176 0.32563626766204834 0.02290453378421565 0.03424977014462153
0 0.31847289204597473 0.3250543475151062 0.02290453378421565 0.03424977014462153
0 0.23368994891643524 0.32446712255477905 0.02290453378421565 0.03424977014462153
0 0.7444212436676025 0.4206649363040924 0.02290453378421565 0.03424977014462153
0 0.6602502465248108 0.4205116033554077 0.02290453378421565 0.03424977014462153
0 0.5752950310707092 0.420356810092926 0.02290453378421565 0.03424977014462153
0 0.4895446002483368 0.4202006161212921 0.02290453378421565 0.03424977014462153
0 0.4029877185821533 0.4200429320335388 0.02290453378421565 0.03424977014462153
0 0.31561294198036194 0.41988375782966614 0.02290453378421565 0.03424977014462153
0 0.22740864753723145 0.4197230637073517 0.02290453378421565 0.03424977014462153
0 0.7588372230529785 0.5209621787071228 0.02290453378421565 0.03424977014462153
0 0.6712960004806519 0.52128666639328 0.02290453378421565 0.03424977014462153
0 0.582905650138855 0.5216142535209656 0.02290453378421565 0.03424977014462153
0 0.493653804063797 0.521945059299469 0.02290453378421565 0.03424977014462153
0 0.40352776646614075 0.5222791433334351 0.02290453378421565 0.03424977014462153
0 0.31251463294029236 0.522616446018219 0.02290453378421565 0.03424977014462153
0 0.22060126066207886 0.5229571461677551 0.02290453378421565 0.03424977014462153
0 0.7744754552841187 0.6297636032104492 0.02290453378421565 0.03424977014462153
0 0.6832829713821411 0.6306493878364563 0.02290453378421565 0.03424977014462153
0 0.5911681056022644 0.6315441131591797 0.02290453378421565 0.03424977014462153
0 0.49811673164367676 0.6324479579925537 0.02290453378421565 0.03424977014462153
0 0.4041145443916321 0.6333610415458679 0.02290453378421565 0.03424977014462153
0 0.3091468811035156 0.6342834830284119 0.02290453378421565 0.03424977014462153
0 0.21319881081581116 0.6352154612541199 0.02290453378421565 0.03424977014462153
0 0.7914983630180359 0.7481986284255981 0.02290453378421565 0.03424977014462153
0 0.6963369250297546 0.7497463226318359 0.02290453378421565 0.03424977014462153
0 0.600169837474823 0.7513103485107422 0.02290453378421565 0.03424977014462153
0 0.5029811263084412 0.7528910040855408 0.02290453378421565 0.03424977014462153
0 0.4047544002532959 0.7544885873794556 0.02290453378421565 0.03424977014462153
0 0.3054729402065277 0.7561032772064209 0.02290453378421565 0.03424977014462153
0 0.20511968433856964 0.7577353715896606 0.02290453378421565 0.03424977014462153