0 0.23391734063625336 0.6400952935218811 0.03351236879825592 0.03351236879825592
0 0.3317405879497528 0.6369561553001404 0.03351236879825592 0.03351236879825592
0 0.4292919635772705 0.6338257193565369 0.03351236879825592 0.03351236879825592
0 0.5265726447105408 0.6307039856910706 0.03351236879825592 0.03351236879825592
0 0.6235836744308472 0.6275909543037415 0.03351236879825592 0.03351236879825592
0 0.72032630443573 0.62448650598526 0.03351236879825592 0.03351236879825592
0 0.8168014883995056 0.6213905811309814 0.03351236879825592 0.03351236879825592
0 0.23906181752681732 0.5476624965667725 0.03351236879825592 0.03351236879825592
0 0.3337242007255554 0.5447490811347961 0.03351236879825592 0.03351236879825592
0 0.42813199758529663 0.5418434143066406 0.03351236879825592 0.03351236879825592
0 0.5222862362861633 0.5389456152915955 0.03351236879825592 0.03351236879825592
0 0.6161878705024719 0.5360555648803711 0.03351236879825592 0.03351236879825592
0 0.7098379731178284 0.5331732630729675 0.03351236879825592 0.03351236879825592
0 0.8032375574111938 0.5302987098693848 0.03351236879825592 0.03351236879825592
0 0.24388451874256134 0.4610113799571991 0.03351236879825592 0.03351236879825592
0 0.3355839252471924 0.45830196142196655 0.03351236879825592 0.03351236879825592
0 0.4270443916320801 0.4555996060371399 0.03351236879825592 0.03351236879825592
0 0.5182668566703796 0.45290428400039673 0.03351236879825592 0.03351236879825592
0 0.6092522144317627 0.4502159655094147 0.03351236879825592 0.03351236879825592
0 0.7000014781951904 0.44753462076187134 0.03351236879825592 0.03351236879825592
0 0.7905154228210449 0.4448602497577667 0.03351236879825592 0.03351236879825592
0 0.24841469526290894 0.3796158730983734 0.03351236879825592 0.03351236879825592
0 0.33733099699020386 0.37709149718284607 0.03351236879825592 0.03351236879825592
0 0.42602258920669556 0.3745734989643097 0.03351236879825592 0.03351236879825592
0 0.5144903659820557 0.3720618486404419 0.03351236879825592 0.03351236879825592
0 0.602735161781311 0.3695565164089203 0.03351236879825592 0.03351236879825592
0 0.6907578110694885 0.3670575022697449 0.03351236879825592 0.03351236879825592
0 0.778559148311615 0.36456477642059326 0.03351236879825592 0.03351236879825592
0 0.2526782155036926 0.303011953830719 0.03351236879825592 0.03351236879825592
0 0.33897531032562256 0.3006558120250702 0.03351236879825592 0.03351236879825592
0 0.42506077885627747 0.298305481672287 0.03351236879825592 0.03351236879825592
0 0.510935366153717 0.2959609031677246 0.03351236879825592 0.03351236879825592
0 0.596599817276001 0.29362207651138306 0.03351236879825592 0.03351236879825592
0 0.6820549964904785 0.29128894209861755 0.03351236879825592 0.03351236879825592
0 0.7673015594482422 0.2889614999294281 0.03351236879825592 0.03351236879825592
0 0.2566978931427002 0.23078854382038116 0.03351236879825592 0.03351236879825592
0 0.34052574634552 0.2285858690738678 0.03351236879825592 0.03351236879825592
0 0.4241538643836975 0.22638843953609467 0.03351236879825592 0.03351236879825592
0 0.50758296251297 0.22419622540473938 0.03351236879825592 0.03351236879825592
0 0.5908136963844299 0.22200924158096313 0.03351236879825592 0.03351236879825592
0 0.6738468408584595 0.21982744336128235 0.03351236879825592 0.03351236879825592
0 0.7566831111907959 0.21765081584453583 0.03351236879825592 0.03351236879825592
0 0.2604941129684448 0.16258040070533752 0.03351236879825592 0.03351236879825592
0 0.34199008345603943 0.16051797568798065 0.03351236879825592 0.03351236879825592
0 0.4232972264289856 0.158460333943367 0.03351236879825592 0.03351236879825592
0 0.5044162273406982 0.1564074456691742 0.03351236879825592 0.03351236879825592
0 0.5853477716445923 0.15435931086540222 0.03351236879825592 0.03351236879825592
0 0.6660924553871155 0.1523158848285675 0.03351236879825592 0.03351236879825592
0 0.7466509342193604 0.15027719736099243 0.03351236879825592 0.03351236879825592