0 0.6904277205467224 0.1804787814617157 0.025368502363562584 0.03382466981808344
0 0.6206689476966858 0.18404342234134674 0.025368502363562584 0.03382466981808344
0 0.5511903762817383 0.1875937432050705 0.025368502363562584 0.03382466981808344
0 0.4819903075695038 0.19112983345985413 0.025368502363562584 0.03382466981808344
0 0.413067102432251 0.1946517825126648 0.025368502363562584 0.03382466981808344
0 0.34441912174224854 0.19815966486930847 0.025368502363562584 0.03382466981808344
0 0.27604466676712036 0.20165356993675232 0.025368502363562584 0.03382466981808344
0 0.7017919421195984 0.24752189218997955 0.025368502363562584 0.03382466981808344
0 0.6286674737930298 0.2511158883571625 0.025368502363562584 0.03382466981808344
0 0.5558507442474365 0.25469478964805603 0.025368502363562584 0.03382466981808344
0 0.48333990573883057 0.2582586407661438 0.025368502363562584 0.03382466981808344
0 0.41113296151161194 0.26180756092071533 0.025368502363562584 0.03382466981808344
0 0.3392280340194702 0.2653416395187378 0.025368502363562584 0.03382466981808344
0 0.2676231861114502 0.26886096596717834 0.025368502363562584 0.03382466981808344
0 0.7143022418022156 0.3213263750076294 0.025368502363562584 0.03382466981808344
0 0.6374708414077759 0.32493776082992554 0.025368502363562584 0.03382466981808344
0 0.5609791278839111 0.3285331428050995 0.025368502363562584 0.03382466981808344
0 0.4848247170448303 0.33211269974708557 0.025368502363562584 0.03382466981808344
0 0.40900546312332153 0.33567649126052856 0.025368502363562584 0.03382466981808344
0 0.3335191309452057 0.339224636554718 0.025368502363562584 0.03382466981808344
0 0.2583635747432709 0.3427572548389435 0.025368502363562584 0.03382466981808344
0 0.728141188621521 0.4029694199562073 0.025368502363562584 0.03382466981808344
0 0.6472070813179016 0.40658169984817505 0.025368502363562584 0.03382466981808344
0 0.5666495561599731 0.41017717123031616 0.025368502363562584 0.03382466981808344
0 0.4864661395549774 0.41375595331192017 0.025368502363562584 0.03382466981808344
0 0.40665411949157715 0.4173181354999542 0.025368502363562584 0.03382466981808344
0 0.3272109627723694 0.4208638668060303 0.025368502363562584 0.03382466981808344
0 0.2481340914964676 0.42439326643943787 0.025368502363562584 0.03382466981808344
0 0.7435324192047119 0.4937698245048523 0.025368502363562584 0.03382466981808344
0 0.6580325961112976 0.49736055731773376 0.025368502363562584 0.03382466981808344
0 0.572952926158905 0.5009336471557617 0.025368502363562584 0.03382466981808344
0 0.48829028010368347 0.5044892430305481 0.025368502363562584 0.03382466981808344
0 0.404041588306427 0.5080274343490601 0.025368502363562584 0.03382466981808344
0 0.32020384073257446 0.5115483403205872 0.025368502363562584 0.03382466981808344
0 0.2367740124464035 0.5150521397590637 0.025368502363562584 0.03382466981808344
0 0.7607524991035461 0.5953598022460938 0.025368502363562584 0.03382466981808344
0 0.6701411604881287 0.5988982915878296 0.025368502363562584 0.03382466981808344
0 0.5800014138221741 0.6024183630943298 0.025368502363562584 0.03382466981808344
0 0.4903295338153839 0.605920135974884 0.025368502363562584 0.03382466981808344
0 0.4011218547821045 0.6094038486480713 0.025368502363562584 0.03382466981808344
0 0.3123748302459717 0.6128695011138916 0.025368502363562584 0.03382466981808344
0 0.22408488392829895 0.6163173913955688 0.025368502363562584 0.03382466981808344
0 0.7801480293273926 0.7097839117050171 0.025368502363562584 0.03382466981808344
0 0.6837752461433411 0.7132279872894287 0.025368502363562584 0.03382466981808344
0 0.5879354476928711 0.7166529893875122 0.025368502363562584 0.03382466981808344
0 0.4926242530345917 0.7200591564178467 0.025368502363562584 0.03382466981808344
0 0.3978373110294342 0.7234465479850769 0.025368502363562584 0.03382466981808344
0 0.30357033014297485 0.726815402507782 0.025368502363562584 0.03382466981808344
0 0.2098190188407898 0.7301657795906067 0.025368502363562584 0.03382466981808344