0 0.3325570821762085 0.3923541009426117 0.019077042117714882 0.025436056156953175
0 0.32752564549446106 0.45003652572631836 0.019077042117714882 0.025436056156953175
0 0.3222029209136963 0.511058509349823 0.019077042117714882 0.025436056156953175
0 0.31656283140182495 0.5757187008857727 0.019077042117714882 0.025436056156953175
0 0.3105761706829071 0.6443524956703186 0.019077042117714882 0.025436056156953175
0 0.3042099177837372 0.7173377275466919 0.019077042117714882 0.025436056156953175
0 0.29742681980133057 0.7951018214225769 0.019077042117714882 0.025436056156953175
0 0.39441317319869995 0.39356523752212524 0.019077042117714882 0.025436056156953175
0 0.39112359285354614 0.45125287771224976 0.019077042117714882 0.025436056156953175
0 0.3876436948776245 0.5122786164283752 0.019077042117714882 0.025436056156953175
0 0.3839564025402069 0.5769408941268921 0.019077042117714882 0.025436056156953175
0 0.3800426423549652 0.645574688911438 0.019077042117714882 0.025436056156953175
0 0.3758808672428131 0.7185575366020203 0.019077042117714882 0.025436056156953175
0 0.37144678831100464 0.7963162660598755 0.019077042117714882 0.025436056156953175
0 0.45620909333229065 0.3947752118110657 0.019077042117714882 0.025436056156953175
0 0.4546579420566559 0.45246797800064087 0.019077042117714882 0.025436056156953175
0 0.45301711559295654 0.5134974718093872 0.019077042117714882 0.025436056156953175
0 0.45127853751182556 0.5781617760658264 0.019077042117714882 0.025436056156953175
0 0.44943323731422424 0.6467955708503723 0.019077042117714882 0.025436056156953175
0 0.44747108221054077 0.7197759747505188 0.019077042117714882 0.025436056156953175
0 0.4453805983066559 0.7975292801856995 0.019077042117714882 0.025436056156953175
0 0.5179449319839478 0.3959839940071106 0.019077042117714882 0.025436056156953175
0 0.5181288123130798 0.4536818861961365 0.019077042117714882 0.025436056156953175
0 0.5183233022689819 0.5147150754928589 0.019077042117714882 0.025436056156953175
0 0.5185293555259705 0.5793814063072205 0.019077042117714882 0.025436056156953175
0 0.5187481045722961 0.6480151414871216 0.019077042117714882 0.025436056156953175
0 0.5189806222915649 0.7209929823875427 0.019077042117714882 0.025436056156953175
0 0.5192283987998962 0.7987409234046936 0.019077042117714882 0.025436056156953175
0 0.5796207785606384 0.3971916139125824 0.019077042117714882 0.025436056156953175
0 0.5815362334251404 0.4548946022987366 0.019077042117714882 0.025436056156953175
0 0.5835623145103455 0.5159314274787903 0.019077042117714882 0.025436056156953175
0 0.5857089757919312 0.5805996656417847 0.019077042117714882 0.025436056156953175
0 0.5879873037338257 0.649233341217041 0.019077042117714882 0.025436056156953175
0 0.5904096961021423 0.7222086787223816 0.019077042117714882 0.025436056156953175
0 0.5929903984069824 0.7999510765075684 0.019077042117714882 0.025436056156953175
0 0.6412366628646851 0.3983980417251587 0.019077042117714882 0.025436056156953175
0 0.6448802947998047 0.4561060667037964 0.019077042117714882 0.025436056156953175
0 0.6487343311309814 0.5171465277671814 0.019077042117714882 0.025436056156953175
0 0.6528175473213196 0.5818167328834534 0.019077042117714882 0.025436056156953175
0 0.6571509838104248 0.6504502296447754 0.019077042117714882 0.025436056156953175
0 0.6617584228515625 0.7234230041503906 0.019077042117714882 0.025436056156953175
0 0.6666666865348816 0.8011599183082581 0.019077042117714882 0.025436056156953175
0 0.702792763710022 0.39960330724716187 0.019077042117714882 0.025436056156953175
0 0.7081611752510071 0.4573163390159607 0.019077042117714882 0.025436056156953175
0 0.7138394117355347 0.5183603763580322 0.019077042117714882 0.025436056156953175
0 0.7198551297187805 0.5830324292182922 0.019077042117714882 0.025436056156953175
0 0.7262393236160278 0.6516658067703247 0.019077042117714882 0.025436056156953175
0 0.733026921749115 0.724635899066925 0.019077042117714882 0.025436056156953175
0 0.7402574419975281 0.8023672699928284 0.019077042117714882 0.025436056156953175