0 0.6481329202651978 0.2404148131608963 0.015097437892109156 0.026839889585971832
0 0.5973201394081116 0.24002234637737274 0.015097437892109156 0.026839889585971832
0 0.5464898943901062 0.23962974548339844 0.015097437892109156 0.026839889585971832
0 0.49564212560653687 0.2392370104789734 0.015097437892109156 0.026839889585971832
0 0.44477683305740356 0.2388441413640976 0.015097437892109156 0.026839889585971832
0 0.3938940465450287 0.23845113813877106 0.015097437892109156 0.026839889585971832
0 0.34299370646476746 0.23805800080299377 0.015097437892109156 0.026839889585971832
0 0.6526573896408081 0.30492934584617615 0.015097437892109156 0.026839889585971832
0 0.599987268447876 0.30453404784202576 0.015097437892109156 0.026839889585971832
0 0.5472983717918396 0.30413857102394104 0.015097437892109156 0.026839889585971832
0 0.4945906400680542 0.30374300479888916 0.015097437892109156 0.026839889585971832
0 0.44186410307884216 0.30334725975990295 0.015097437892109156 0.026839889585971832
0 0.3891187608242035 0.3029513955116272 0.015097437892109156 0.026839889585971832
0 0.3363545536994934 0.3025553822517395 0.015097437892109156 0.026839889585971832
0 0.6575253009796143 0.3743404746055603 0.015097437892109156 0.026839889585971832
0 0.6028568744659424 0.3739430010318756 0.015097437892109156 0.026839889585971832
0 0.5481682419776917 0.37354540824890137 0.015097437892109156 0.026839889585971832
0 0.4934593141078949 0.3731476366519928 0.015097437892109156 0.026839889585971832
0 0.4387301504611969 0.3727497458457947 0.015097437892109156 0.026839889585971832
0 0.3839806914329529 0.37235167622566223 0.015097437892109156 0.026839889585971832
0 0.32921093702316284 0.37195348739624023 0.015097437892109156 0.026839889585971832
0 0.6627771854400635 0.4492276608943939 0.015097437892109156 0.026839889585971832
0 0.6059529185295105 0.44882890582084656 0.015097437892109156 0.026839889585971832
0 0.549106776714325 0.44843003153800964 0.015097437892109156 0.026839889585971832
0 0.49223870038986206 0.4480310082435608 0.015097437892109156 0.026839889585971832
0 0.4353487491607666 0.4476318061351776 0.015097437892109156 0.026839889585971832
0 0.3784368634223938 0.4472324550151825 0.015097437892109156 0.026839889585971832
0 0.32150307297706604 0.44683295488357544 0.015097437892109156 0.026839889585971832
0 0.668460488319397 0.5302655696868896 0.015097437892109156 0.026839889585971832
0 0.6093032956123352 0.5298666954040527 0.015097437892109156 0.026839889585971832
0 0.5501223802566528 0.5294676423072815 0.015097437892109156 0.026839889585971832
0 0.49091774225234985 0.5290684700012207 0.015097437892109156 0.026839889585971832
0 0.43168938159942627 0.5286691188812256 0.015097437892109156 0.026839889585971832
0 0.3724372684955597 0.5282695889472961 0.015097437892109156 0.026839889585971832
0 0.31316137313842773 0.5278699398040771 0.015097437892109156 0.026839889585971832
0 0.6746305227279663 0.6182443499565125 0.015097437892109156 0.026839889585971832
0 0.6129406690597534 0.6178467869758606 0.015097437892109156 0.026839889585971832
0 0.5512250065803528 0.6174490451812744 0.015097437892109156 0.026839889585971832
0 0.4894835948944092 0.6170511245727539 0.015097437892109156 0.026839889585971832
0 0.42771634459495544 0.6166530847549438 0.015097437892109156 0.026839889585971832
0 0.3659232556819916 0.6162548065185547 0.015097437892109156 0.026839889585971832
0 0.3041043281555176 0.615856409072876 0.015097437892109156 0.026839889585971832
0 0.6813526749610901 0.7140957713127136 0.015097437892109156 0.026839889585971832
0 0.6169036030769348 0.7137013077735901 0.015097437892109156 0.026839889585971832
0 0.5524263978004456 0.7133066654205322 0.015097437892109156 0.026839889585971832
0 0.4879210293292999 0.7129119038581848 0.015097437892109156 0.026839889585971832
0 0.42338746786117554 0.7125169634819031 0.015097437892109156 0.026839889585971832
0 0.3588257133960724 0.7121217846870422 0.015097437892109156 0.026839889585971832
0 0.2942357659339905 0.7117264866828918 0.015097437892109156 0.026839889585971832