0 0.8034788370132446 0.1470535546541214 0.020283966977149247 0.034043021500110626
0 0.7303047776222229 0.14794163405895233 0.020283966977149247 0.034043021500110626
0 0.6575109362602234 0.14882510900497437 0.020283966977149247 0.034043021500110626
0 0.5850943922996521 0.1497040092945099 0.020283966977149247 0.034043021500110626
0 0.5130522847175598 0.1505783498287201 0.020283966977149247 0.034043021500110626
0 0.441381573677063 0.15144820511341095 0.020283966977149247 0.034043021500110626
0 0.37007948756217957 0.15231356024742126 0.020283966977149247 0.034043021500110626
0 0.8036638498306274 0.2274782508611679 0.020283966977149247 0.034043021500110626
0 0.7276279926300049 0.22818335890769958 0.020283966977149247 0.034043021500110626
0 0.6520026922225952 0.22888466715812683 0.020283966977149247 0.034043021500110626
0 0.5767845511436462 0.22958220541477203 0.020283966977149247 0.034043021500110626
0 0.5019704103469849 0.2302759885787964 0.020283966977149247 0.034043021500110626
0 0.4275569021701813 0.23096606135368347 0.020283966977149247 0.034043021500110626
0 0.3535408675670624 0.23165243864059448 0.020283966977149247 0.034043021500110626
0 0.8038640022277832 0.3144669830799103 0.020283966977149247 0.034043021500110626
0 0.7247334122657776 0.3149557411670685 0.020283966977149247 0.034043021500110626
0 0.6460474133491516 0.315441757440567 0.020283966977149247 0.034043021500110626
0 0.5678021907806396 0.3159250319004059 0.020283966977149247 0.034043021500110626
0 0.4899941682815552 0.31640562415122986 0.020283966977149247 0.034043021500110626
0 0.41261962056159973 0.31688353419303894 0.020283966977149247 0.034043021500110626
0 0.3356749415397644 0.3173588216304779 0.020283966977149247 0.034043021500110626
0 0.8040811419487 0.4088575541973114 0.020283966977149247 0.034043021500110626
0 0.7215932011604309 0.4090898633003235 0.020283966977149247 0.034043021500110626
0 0.6395882964134216 0.40932080149650574 0.020283966977149247 0.034043021500110626
0 0.5580622553825378 0.40955042839050293 0.020283966977149247 0.034043021500110626
0 0.4770107567310333 0.4097786843776703 0.020283966977149247 0.034043021500110626
0 0.39642977714538574 0.4100056290626526 0.020283966977149247 0.034043021500110626
0 0.3163152039051056 0.41023126244544983 0.020283966977149247 0.034043021500110626
0 0.8043175935745239 0.5116366744041443 0.020283966977149247 0.034043021500110626
0 0.7181748151779175 0.5115640759468079 0.020283966977149247 0.034043021500110626
0 0.6325587630271912 0.5114919543266296 0.020283966977149247 0.034043021500110626
0 0.5474645495414734 0.5114202499389648 0.020283966977149247 0.034043021500110626
0 0.4628875255584717 0.5113489627838135 0.020283966977149247 0.034043021500110626
0 0.378822922706604 0.5112781524658203 0.020283966977149247 0.034043021500110626
0 0.29526615142822266 0.5112077593803406 0.020283966977149247 0.034043021500110626
0 0.80457603931427 0.6239745616912842 0.020283966977149247 0.034043021500110626
0 0.7144395112991333 0.6235381364822388 0.020283966977149247 0.034043021500110626
0 0.6248795986175537 0.6231045126914978 0.020283966977149247 0.034043021500110626
0 0.5358906984329224 0.6226736903190613 0.020283966977149247 0.034043021500110626
0 0.44746750593185425 0.6222455501556396 0.020283966977149247 0.034043021500110626
0 0.35960453748703003 0.6218201518058777 0.020283966977149247 0.034043021500110626
0 0.2722965180873871 0.6213974952697754 0.020283966977149247 0.034043021500110626
0 0.8048596978187561 0.7472697496414185 0.020283966977149247 0.034043021500110626
0 0.7103410959243774 0.7463972568511963 0.020283966977149247 0.034043021500110626
0 0.6164563894271851 0.7455306649208069 0.020283966977149247 0.034043021500110626
0 0.5231992602348328 0.7446698546409607 0.020283966977149247 0.034043021500110626
0 0.43056344985961914 0.7438147664070129 0.020283966977149247 0.034043021500110626
0 0.3385426998138428 0.7429653406143188 0.020283966977149247 0.034043021500110626
0 0.24713097512722015 0.7421215772628784 0.020283966977149247 0.034043021500110626