0 0.6953111290931702 0.156620055437088 0.023103971344729263 0.0345479945341746
0 0.6202316880226135 0.15549400448799133 0.023103971344729263 0.0345479945341746
0 0.5443645715713501 0.15435613691806793 0.023103971344729263 0.0345479945341746
0 0.4676974415779114 0.1532062590122223 0.023103971344729263 0.0345479945341746
0 0.39021745324134827 0.15204420685768127 0.023103971344729263 0.0345479945341746
0 0.3119116723537445 0.15086975693702698 0.023103971344729263 0.0345479945341746
0 0.23276680707931519 0.14968271553516388 0.023103971344729263 0.0345479945341746
0 0.7072471380233765 0.2362077236175537 0.023103971344729263 0.0345479945341746
0 0.6294553875923157 0.23547066748142242 0.023103971344729263 0.0345479945341746
0 0.5508171916007996 0.23472557961940765 0.023103971344729263 0.0345479945341746
0 0.47131872177124023 0.23397234082221985 0.023103971344729263 0.0345479945341746
0 0.3909457325935364 0.23321083188056946 0.023103971344729263 0.0345479945341746
0 0.3096836805343628 0.23244088888168335 0.023103971344729263 0.0345479945341746
0 0.22751779854297638 0.23166237771511078 0.023103971344729263 0.0345479945341746
0 0.7200947999954224 0.32187458872795105 0.023103971344729263 0.0345479945341746
0 0.6393876075744629 0.3215905427932739 0.023103971344729263 0.0345479945341746
0 0.5577682852745056 0.3213033080101013 0.023103971344729263 0.0345479945341746
0 0.47522133588790894 0.32101279497146606 0.023103971344729263 0.0345479945341746
0 0.3917308747768402 0.3207189738750458 0.023103971344729263 0.0345479945341746
0 0.30728062987327576 0.3204217553138733 0.023103971344729263 0.0345479945341746
0 0.22185395658016205 0.3201211094856262 0.023103971344729263 0.0345479945341746
0 0.7339628338813782 0.41434478759765625 0.023103971344729263 0.0345479945341746
0 0.6501131653785706 0.41458970308303833 0.023103971344729263 0.0345479945341746
0 0.5652778148651123 0.4148375391960144 0.023103971344729263 0.0345479945341746
0 0.479439377784729 0.4150882959365845 0.023103971344729263 0.0345479945341746
0 0.3925798833370209 0.4153420031070709 0.023103971344729263 0.0345479945341746
0 0.30468103289604187 0.4155987799167633 0.023103971344729263 0.0345479945341746
0 0.21572405099868774 0.415858656167984 0.023103971344729263 0.0345479945341746
0 0.748977780342102 0.5144622921943665 0.023103971344729263 0.0345479945341746
0 0.6617311835289001 0.515326738357544 0.023103971344729263 0.0345479945341746
0 0.5734160542488098 0.5162017941474915 0.023103971344729263 0.0345479945341746
0 0.4840126931667328 0.5170876383781433 0.023103971344729263 0.0345479945341746
0 0.39350083470344543 0.5179844498634338 0.023103971344729263 0.0345479945341746
0 0.3018597364425659 0.5188924670219421 0.023103971344729263 0.0345479945341746
0 0.20906811952590942 0.5198118686676025 0.023103971344729263 0.0345479945341746
0 0.7652879953384399 0.6232166886329651 0.023103971344729263 0.0345479945341746
0 0.6743577718734741 0.6248093247413635 0.023103971344729263 0.0345479945341746
0 0.582265317440033 0.6264223456382751 0.023103971344729263 0.0345479945341746
0 0.48898816108703613 0.6280560493469238 0.023103971344729263 0.0345479945341746
0 0.39450329542160034 0.6297109127044678 0.023103971344729263 0.0345479945341746
0 0.29878711700439453 0.6313874125480652 0.023103971344729263 0.0345479945341746
0 0.2018153965473175 0.6330858469009399 0.023103971344729263 0.0345479945341746
0 0.7830686569213867 0.7417759895324707 0.023103971344729263 0.0345479945341746
0 0.6881303191184998 0.744227945804596 0.023103971344729263 0.0345479945341746
0 0.5919230580329895 0.7467126846313477 0.023103971344729263 0.0345479945341746
0 0.49442124366760254 0.7492308616638184 0.023103971344729263 0.0345479945341746
0 0.3955985903739929 0.7517831325531006 0.023103971344729263 0.0345479945341746
0 0.2954280376434326 0.7543702721595764 0.023103971344729263 0.0345479945341746
0 0.19388185441493988 0.7569928765296936 0.023103971344729263 0.0345479945341746