0 0.7093360424041748 0.31876716017723083 0.03226922204097112 0.03226922204097112
0 0.6424431204795837 0.31903475522994995 0.03226922204097112 0.03226922204097112
0 0.5755285620689392 0.31930240988731384 0.03226922204097112 0.03226922204097112
0 0.5085922479629517 0.3195701837539673 0.03226922204097112 0.03226922204097112
0 0.44163426756858826 0.3198380470275879 0.03226922204097112 0.03226922204097112
0 0.3746545612812042 0.32010596990585327 0.03226922204097112 0.03226922204097112
0 0.30765312910079956 0.3203740119934082 0.03226922204097112 0.03226922204097112
0 0.7190748453140259 0.36798444390296936 0.03226922204097112 0.03226922204097112
0 0.6491011381149292 0.36827272176742554 0.03226922204097112 0.03226922204097112
0 0.5791037678718567 0.3685610890388489 0.03226922204097112 0.03226922204097112
0 0.5090826153755188 0.3688495457172394 0.03226922204097112 0.03226922204097112
0 0.4390377104282379 0.36913809180259705 0.03226922204097112 0.03226922204097112
0 0.36896905303001404 0.36942675709724426 0.03226922204097112 0.03226922204097112
0 0.29887664318084717 0.36971551179885864 0.03226922204097112 0.03226922204097112
0 0.7297543287277222 0.4219558835029602 0.03226922204097112 0.03226922204097112
0 0.6564024090766907 0.4222676455974579 0.03226922204097112 0.03226922204097112
0 0.5830244421958923 0.4225795269012451 0.03226922204097112 0.03226922204097112
0 0.5096203684806824 0.4228915274143219 0.03226922204097112 0.03226922204097112
0 0.4361901879310608 0.42320364713668823 0.03226922204097112 0.03226922204097112
0 0.3627339005470276 0.42351585626602173 0.03226922204097112 0.03226922204097112
0 0.2892514765262604 0.4238281846046448 0.03226922204097112 0.03226922204097112
0 0.7415177822113037 0.48140519857406616 0.03226922204097112 0.03226922204097112
0 0.6644448637962341 0.4817439019680023 0.03226922204097112 0.03226922204097112
0 0.5873432159423828 0.482082724571228 0.03226922204097112 0.03226922204097112
0 0.5102127194404602 0.4824216663837433 0.03226922204097112 0.03226922204097112
0 0.4330534040927887 0.4827607572078705 0.03226922204097112 0.03226922204097112
0 0.3558652698993683 0.48309996724128723 0.03226922204097112 0.03226922204097112
0 0.278648316860199 0.48343929648399353 0.03226922204097112 0.03226922204097112
0 0.7545390129089355 0.5472109913825989 0.03226922204097112 0.03226922204097112
0 0.6733474135398865 0.5475807189941406 0.03226922204097112 0.03226922204097112
0 0.5921239256858826 0.5479506254196167 0.03226922204097112 0.03226922204097112
0 0.5108684301376343 0.5483206510543823 0.03226922204097112 0.03226922204097112
0 0.4295809864997864 0.5486908555030823 0.03226922204097112 0.03226922204097112
0 0.3482615351676941 0.5490611791610718 0.03226922204097112 0.03226922204097112
0 0.2669100761413574 0.5494316816329956 0.03226922204097112 0.03226922204097112
0 0.7690311074256897 0.6204503178596497 0.03226922204097112 0.03226922204097112
0 0.6832558512687683 0.6208561658859253 0.03226922204097112 0.03226922204097112
0 0.5974448919296265 0.6212621927261353 0.03226922204097112 0.03226922204097112
0 0.5115982890129089 0.6216683983802795 0.03226922204097112 0.03226922204097112
0 0.42571598291397095 0.6220747232437134 0.03226922204097112 0.03226922204097112
0 0.3397979736328125 0.6224812865257263 0.03226922204097112 0.03226922204097112
0 0.2538442313671112 0.6228879690170288 0.03226922204097112 0.03226922204097112
0 0.7852582931518555 0.7024581432342529 0.03226922204097112 0.03226922204097112
0 0.6943507790565491 0.7029063105583191 0.03226922204097112 0.03226922204097112
0 0.6034032106399536 0.7033547759056091 0.03226922204097112 0.03226922204097112
0 0.5124155879020691 0.7038033604621887 0.03226922204097112 0.03226922204097112
0 0.42138785123825073 0.7042521834373474 0.03226922204097112 0.03226922204097112
0 0.33032000064849854 0.7047011852264404 0.03226922204097112 0.03226922204097112
0 0.2392120063304901 0.7051503658294678 0.03226922204097112 0.03226922204097112