0 0.6973285675048828 0.13533341884613037 0.026445932686328888 0.03526124358177185
0 0.6295039653778076 0.1345789134502411 0.026445932686328888 0.03526124358177185
0 0.5610319972038269 0.13381719589233398 0.026445932686328888 0.03526124358177185
0 0.4919034242630005 0.1330481767654419 0.026445932686328888 0.03526124358177185
0 0.4221087098121643 0.13227175176143646 0.026445932686328888 0.03526124358177185
0 0.35163816809654236 0.13148780167102814 0.026445932686328888 0.03526124358177185
0 0.2804819941520691 0.13069623708724976 0.026445932686328888 0.03526124358177185
0 0.709976077079773 0.1975330263376236 0.026445932686328888 0.03526124358177185
0 0.6387496590614319 0.19705048203468323 0.026445932686328888 0.03526124358177185
0 0.5668085813522339 0.19656307995319366 0.026445932686328888 0.03526124358177185
0 0.49414196610450745 0.19607076048851013 0.026445932686328888 0.03526124358177185
0 0.4207388162612915 0.19557346403598785 0.026445932686328888 0.03526124358177185
0 0.3465878665447235 0.19507108628749847 0.026445932686328888 0.03526124358177185
0 0.2716776430606842 0.19456356763839722 0.026445932686328888 0.03526124358177185
0 0.7239782810211182 0.26639485359191895 0.026445932686328888 0.03526124358177185
0 0.6489909291267395 0.26624858379364014 0.026445932686328888 0.03526124358177185
0 0.5732104182243347 0.26610076427459717 0.026445932686328888 0.03526124358177185
0 0.49662408232688904 0.26595139503479004 0.026445932686328888 0.03526124358177185
0 0.419219046831131 0.2658003866672516 0.026445932686328888 0.03526124358177185
0 0.3409820795059204 0.2656477987766266 0.026445932686328888 0.03526124358177185
0 0.2618996798992157 0.2654935419559479 0.026445932686328888 0.03526124358177185
0 0.7395651340484619 0.3430498540401459 0.026445932686328888 0.03526124358177185
0 0.6603976488113403 0.34332147240638733 0.026445932686328888 0.03526124358177185
0 0.5803448557853699 0.34359613060951233 0.026445932686328888 0.03526124358177185
0 0.4993918836116791 0.34387385845184326 0.026445932686328888 0.03526124358177185
0 0.41752341389656067 0.3441547453403473 0.026445932686328888 0.03526124358177185
0 0.3347238302230835 0.3444388210773468 0.026445932686328888 0.03526124358177185
0 0.25097718834877014 0.34472617506980896 0.026445932686328888 0.03526124358177185
0 0.7570217847824097 0.4289003312587738 0.026445932686328888 0.03526124358177185
0 0.6731807589530945 0.4296944737434387 0.026445932686328888 0.03526124358177185
0 0.5883452892303467 0.43049803376197815 0.026445932686328888 0.03526124358177185
0 0.5024976134300232 0.4313111901283264 0.026445932686328888 0.03526124358177185
0 0.41561946272850037 0.43213409185409546 0.026445932686328888 0.03526124358177185
0 0.3276921808719635 0.4329669177532196 0.026445932686328888 0.03526124358177185
0 0.2386966496706009 0.43380990624427795 0.026445932686328888 0.03526124358177185
0 0.7767060995101929 0.5257064700126648 0.026445932686328888 0.03526124358177185
0 0.6876053810119629 0.5271589756011963 0.026445932686328888 0.03526124358177185
0 0.5973796248435974 0.5286297798156738 0.026445932686328888 0.03526124358177185
0 0.5060072541236877 0.5301193594932556 0.026445932686328888 0.03526124358177185
0 0.41346636414527893 0.531627893447876 0.026445932686328888 0.03526124358177185
0 0.3197343349456787 0.5331559181213379 0.026445932686328888 0.03526124358177185
0 0.22478805482387543 0.5347037315368652 0.026445932686328888 0.03526124358177185
0 0.7990735769271851 0.6357083320617676 0.026445932686328888 0.03526124358177185
0 0.704009473323822 0.6379979848861694 0.026445932686328888 0.03526124358177185
0 0.6076620221138 0.6403185725212097 0.026445932686328888 0.03526124358177185
0 0.5100050568580627 0.6426706910133362 0.026445932686328888 0.03526124358177185
0 0.4110117256641388 0.6450549960136414 0.026445932686328888 0.03526124358177185
0 0.3106543719768524 0.6474722027778625 0.026445932686328888 0.03526124358177185
0 0.2089046686887741 0.6499229073524475 0.026445932686328888 0.03526124358177185