0 0.69586580991745 0.15326538681983948 0.02297999323345721 0.03436260670423508
0 0.6195209622383118 0.1528601199388504 0.02297999323345721 0.03436260670423508
0 0.5426939129829407 0.152452290058136 0.02297999323345721 0.03436260670423508
0 0.4653800427913666 0.15204188227653503 0.02297999323345721 0.03436260670423508
0 0.387574702501297 0.15162886679172516 0.02297999323345721 0.03436260670423508
0 0.30927321314811707 0.15121321380138397 0.02297999323345721 0.03436260670423508
0 0.23047079145908356 0.1507948935031891 0.02297999323345721 0.03436260670423508
0 0.7074263691902161 0.23429414629936218 0.02297999323345721 0.03436260670423508
0 0.6283694505691528 0.2341385781764984 0.02297999323345721 0.03436260670423508
0 0.5487951040267944 0.23398198187351227 0.02297999323345721 0.03436260670423508
0 0.4686982333660126 0.23382435739040375 0.02297999323345721 0.03436260670423508
0 0.38807374238967896 0.23366570472717285 0.02297999323345721 0.03436260670423508
0 0.30691632628440857 0.2335059940814972 0.02297999323345721 0.03436260670423508
0 0.2252207249403 0.23334522545337677 0.02297999323345721 0.03436260670423508
0 0.7198478579521179 0.3213576078414917 0.02297999323345721 0.03436260670423508
0 0.6378790736198425 0.3214907944202423 0.02297999323345721 0.03436260670423508
0 0.5553537607192993 0.32162490487098694 0.02297999323345721 0.03436260670423508
0 0.4722661077976227 0.3217599391937256 0.02297999323345721 0.03436260670423508
0 0.38861045241355896 0.32189586758613586 0.02297999323345721 0.03436260670423508
0 0.3043808937072754 0.32203274965286255 0.02297999323345721 0.03436260670423508
0 0.2195715755224228 0.32217055559158325 0.02297999323345721 0.03436260670423508
0 0.7332302927970886 0.4151560068130493 0.02297999323345721 0.03436260670423508
0 0.6481269598007202 0.41562405228614807 0.02297999323345721 0.03436260670423508
0 0.5624232888221741 0.41609543561935425 0.02297999323345721 0.03436260670423508
0 0.47611290216445923 0.41657012701034546 0.02297999323345721 0.03436260670423508
0 0.3891892731189728 0.4170481860637665 0.02297999323345721 0.03436260670423508
0 0.3016458749771118 0.4175296723842621 0.02297999323345721 0.03436260670423508
0 0.2134760320186615 0.41801461577415466 0.02297999323345721 0.03436260670423508
0 0.7476896047592163 0.5165022611618042 0.02297999323345721 0.03436260670423508
0 0.659202516078949 0.5173598527908325 0.02297999323345721 0.03436260670423508
0 0.570065975189209 0.5182237029075623 0.02297999323345721 0.03436260670423508
0 0.48027265071868896 0.519093930721283 0.02297999323345721 0.03436260670423508
0 0.3898153305053711 0.5199705958366394 0.02297999323345721 0.03436260670423508
0 0.2986866533756256 0.5208537578582764 0.02297999323345721 0.03436260670423508
0 0.20687903463840485 0.5217434763908386 0.02297999323345721 0.03436260670423508
0 0.7633611559867859 0.6263456344604492 0.02297999323345721 0.03436260670423508
0 0.6712102293968201 0.6276578903198242 0.02297999323345721 0.03436260670423508
0 0.5783542394638062 0.6289801597595215 0.02297999323345721 0.03436260670423508
0 0.48478519916534424 0.6303125619888306 0.02297999323345721 0.03436260670423508
0 0.3904947340488434 0.6316552758216858 0.02297999323345721 0.03436260670423508
0 0.2954745292663574 0.6330083608627319 0.02297999323345721 0.03436260670423508
0 0.19971604645252228 0.6343719959259033 0.02297999323345721 0.03436260670423508
0 0.7804041504859924 0.7458015084266663 0.02297999323345721 0.03436260670423508
0 0.6842728853225708 0.7476465702056885 0.02297999323345721 0.03436260670423508
0 0.587373673915863 0.749506413936615 0.02297999323345721 0.03436260670423508
0 0.4896973669528961 0.7513811588287354 0.02297999323345721 0.03436260670423508
0 0.39123451709747314 0.7532710433006287 0.02297999323345721 0.03436260670423508
0 0.29197561740875244 0.7551761269569397 0.02297999323345721 0.03436260670423508
0 0.19191093742847443 0.7570967078208923 0.02297999323345721 0.03436260670423508