0 0.7101845145225525 0.21925608813762665 0.03202422708272934 0.03202422708272934
0 0.6291548609733582 0.22090895473957062 0.03202422708272934 0.03202422708272934
0 0.5498836636543274 0.222525954246521 0.03202422708272934 0.03202422708272934
0 0.47231417894363403 0.2241082340478897 0.03202422708272934 0.03202422708272934
0 0.396392285823822 0.2256568968296051 0.03202422708272934 0.03202422708272934
0 0.32206597924232483 0.22717303037643433 0.03202422708272934 0.03202422708272934
0 0.2492855191230774 0.22865761816501617 0.03202422708272934 0.03202422708272934
0 0.7103903293609619 0.2862618863582611 0.03202422708272934 0.03202422708272934
0 0.6268677711486816 0.2872079610824585 0.03202422708272934 0.03202422708272934
0 0.5452127456665039 0.28813284635543823 0.03202422708272934 0.03202422708272934
0 0.46536338329315186 0.2890373170375824 0.03202422708272934 0.03202422708272934
0 0.38726040720939636 0.28992199897766113 0.03202422708272934 0.03202422708272934
0 0.3108471632003784 0.2907875180244446 0.03202422708272934 0.03202422708272934
0 0.23606939613819122 0.29163452982902527 0.03202422708272934 0.03202422708272934
0 0.7106093764305115 0.35756760835647583 0.03202422708272934 0.03202422708272934
0 0.6244356036186218 0.35771188139915466 0.03202422708272934 0.03202422708272934
0 0.5402490496635437 0.35785284638404846 0.03202422708272934 0.03202422708272934
0 0.45798179507255554 0.3579905927181244 0.03202422708272934 0.03202422708272934
0 0.37756896018981934 0.3581252098083496 0.03202422708272934 0.03202422708272934
0 0.2989485263824463 0.35825684666633606 0.03202422708272934 0.03202422708272934
0 0.22206126153469086 0.3583855926990509 0.03202422708272934 0.03202422708272934
0 0.7108429670333862 0.43360090255737305 0.03202422708272934 0.03202422708272934
0 0.6218440532684326 0.4328339099884033 0.03202422708272934 0.03202422708272934
0 0.5349640250205994 0.43208518624305725 0.03202422708272934 0.03202422708272934
0 0.45012807846069336 0.4313541054725647 0.03202422708272934 0.03202422708272934
0 0.36726483702659607 0.43064001202583313 0.03202422708272934 0.03202422708272934
0 0.28630635142326355 0.4299423098564148 0.03202422708272934 0.03202422708272934
0 0.207187682390213 0.4292604923248291 0.03202422708272934 0.03202422708272934
0 0.7110925316810608 0.514847993850708 0.03202422708272934 0.03202422708272934
0 0.6190770864486694 0.5130431056022644 0.03202422708272934 0.03202422708272934
0 0.529325544834137 0.5112826824188232 0.03202422708272934 0.03202422708272934
0 0.44175541400909424 0.509564995765686 0.03202422708272934 0.03202422708272934
0 0.3562880754470825 0.5078885555267334 0.03202422708272934 0.03202422708272934
0 0.2728486955165863 0.506251871585846 0.03202422708272934 0.03202422708272934
0 0.19136594235897064 0.5046535730361938 0.03202422708272934 0.03202422708272934
0 0.7113597989082336 0.6018642783164978 0.03202422708272934 0.03202422708272934
0 0.6161161661148071 0.5988743901252747 0.03202422708272934 0.03202422708272934
0 0.5232968926429749 0.5959606170654297 0.03202422708272934 0.03202422708272934
0 0.4328106641769409 0.5931200385093689 0.03202422708272934 0.03202422708272934
0 0.3445705771446228 0.5903499722480774 0.03202422708272934 0.03202422708272934
0 0.2584940195083618 0.5876478552818298 0.03202422708272934 0.03202422708272934
0 0.17450237274169922 0.5850111842155457 0.03202422708272934 0.03202422708272934
0 0.7116467952728271 0.6952868700027466 0.03202422708272934 0.03202422708272934
0 0.6129401326179504 0.690940260887146 0.03202422708272934 0.03202422708272934
0 0.5168361067771912 0.6867082715034485 0.03202422708272934 0.03202422708272934
0 0.42323312163352966 0.6825864315032959 0.03202422708272934 0.03202422708272934
0 0.33203473687171936 0.6785704493522644 0.03202422708272934 0.03202422708272934
0 0.243149533867836 0.674656331539154 0.03202422708272934 0.03202422708272934
0 0.15649057924747467 0.6708402633666992 0.03202422708272934 0.03202422708272934