0 0.6896778345108032 0.15749835968017578 0.024843761697411537 0.033125015596548714
0 0.6214684844017029 0.1595095694065094 0.024843761697411537 0.033125015596548714
0 0.5534671545028687 0.16151462495326996 0.024843761697411537 0.033125015596548714
0 0.4856729507446289 0.16351358592510223 0.024843761697411537 0.033125015596548714
0 0.41808485984802246 0.16550646722316742 0.024843761697411537 0.033125015596548714
0 0.3507019877433777 0.1674932986497879 0.024843761697411537 0.033125015596548714
0 0.2835233807563782 0.16947411000728607 0.024843761697411537 0.033125015596548714
0 0.7001729011535645 0.22289015352725983 0.024843761697411537 0.033125015596548714
0 0.628683865070343 0.22489291429519653 0.024843761697411537 0.033125015596548714
0 0.5574232935905457 0.22688926756381989 0.024843761697411537 0.033125015596548714
0 0.486390084028244 0.22887925803661346 0.024843761697411537 0.033125015596548714
0 0.41558316349983215 0.23086291551589966 0.024843761697411537 0.033125015596548714
0 0.3450014293193817 0.23284025490283966 0.024843761697411537 0.033125015596548714
0 0.27464380860328674 0.23481130599975586 0.024843761697411537 0.033125015596548714
0 0.7117242813110352 0.2948635220527649 0.024843761697411537 0.033125015596548714
0 0.636624276638031 0.2968459129333496 0.024843761697411537 0.033125015596548714
0 0.5617762804031372 0.29882165789604187 0.024843761697411537 0.033125015596548714
0 0.48717907071113586 0.30079081654548645 0.024843761697411537 0.033125015596548714
0 0.4128313660621643 0.30275335907936096 0.024843761697411537 0.033125015596548714
0 0.33873191475868225 0.3047093451023102 0.024843761697411537 0.033125015596548714
0 0.2648794651031494 0.3066588044166565 0.024843761697411537 0.033125015596548714
0 0.7244998812675476 0.3744647204875946 0.024843761697411537 0.033125015596548714
0 0.6454046964645386 0.3764111399650574 0.024843761697411537 0.033125015596548714
0 0.5665889978408813 0.3783506453037262 0.024843761697411537 0.033125015596548714
0 0.4880512058734894 0.38028332591056824 0.024843761697411537 0.033125015596548714
0 0.4097899794578552 0.3822092115879059 0.024843761697411537 0.033125015596548714
0 0.3318037688732147 0.38412830233573914 0.024843761697411537 0.033125015596548714
0 0.25409117341041565 0.38604068756103516 0.024843761697411537 0.033125015596548714
0 0.7387052774429321 0.46297428011894226 0.024843761697411537 0.033125015596548714
0 0.65516597032547 0.46486398577690125 0.024843761697411537 0.033125015596548714
0 0.5719382762908936 0.46674665808677673 0.024843761697411537 0.033125015596548714
0 0.4890204071998596 0.4686223268508911 0.024843761697411537 0.033125015596548714
0 0.40641072392463684 0.4704910218715668 0.024843761697411537 0.033125015596548714
0 0.32410746812820435 0.4723527729511261 0.024843761697411537 0.033125015596548714
0 0.24210894107818604 0.47420763969421387 0.024843761697411537 0.033125015596548714
0 0.7545945644378662 0.5619761943817139 0.024843761697411537 0.033125015596548714
0 0.6660820245742798 0.56378173828125 0.024843761697411537 0.033125015596548714
0 0.5779191255569458 0.5655801892280579 0.024843761697411537 0.033125015596548714
0 0.4901038408279419 0.5673715472221375 0.024843761697411537 0.033125015596548714
0 0.40263405442237854 0.5691558718681335 0.024843761697411537 0.033125015596548714
0 0.31550779938697815 0.5709331631660461 0.024843761697411537 0.033125015596548714
0 0.22872298955917358 0.57270348072052 0.024843761697411537 0.033125015596548714
0 0.7724862098693848 0.6734538078308105 0.024843761697411537 0.033125015596548714
0 0.6783708333969116 0.6751384139060974 0.024843761697411537 0.033125015596548714
0 0.5846505761146545 0.676815927028656 0.024843761697411537 0.033125015596548714
0 0.49132293462753296 0.6784864068031311 0.024843761697411537 0.033125015596548714
0 0.3983854651451111 0.6801499724388123 0.024843761697411537 0.033125015596548714
0 0.3058357238769531 0.6818065643310547 0.024843761697411537 0.033125015596548714
0 0.21367128193378448 0.6834562420845032 0.024843761697411537 0.033125015596548714