0 0.294527143239975 0.6522356867790222 0.02105497196316719 0.028073295950889587
0 0.37364327907562256 0.6506156325340271 0.02105497196316719 0.028073295950889587
0 0.4530961215496063 0.6489886045455933 0.02105497196316719 0.028073295950889587
0 0.5328878164291382 0.6473546624183655 0.02105497196316719 0.028073295950889587
0 0.6130205988883972 0.645713746547699 0.02105497196316719 0.028073295950889587
0 0.6934966444969177 0.644065797328949 0.02105497196316719 0.028073295950889587
0 0.7743180990219116 0.6424107551574707 0.02105497196316719 0.028073295950889587
0 0.3045130670070648 0.5610474348068237 0.02105497196316719 0.028073295950889587
0 0.3798762559890747 0.5593202114105225 0.02105497196316719 0.028073295950889587
0 0.4555448293685913 0.5575859546661377 0.02105497196316719 0.028073295950889587
0 0.5315207242965698 0.5558446645736694 0.02105497196316719 0.028073295950889587
0 0.6078057289123535 0.5540962815284729 0.02105497196316719 0.028073295950889587
0 0.68440181016922 0.5523408055305481 0.02105497196316719 0.028073295950889587
0 0.761310875415802 0.5505781173706055 0.02105497196316719 0.028073295950889587
0 0.3135916292667389 0.4781450033187866 0.02105497196316719 0.028073295950889587
0 0.38554176688194275 0.47633635997772217 0.02105497196316719 0.028073295950889587
0 0.4577701985836029 0.474520742893219 0.02105497196316719 0.028073295950889587
0 0.5302785634994507 0.47269806265830994 0.02105497196316719 0.028073295950889587
0 0.6030684113502502 0.470868319272995 0.02105497196316719 0.028073295950889587
0 0.6761414408683777 0.4690314531326294 0.02105497196316719 0.028073295950889587
0 0.7494993805885315 0.46718743443489075 0.02105497196316719 0.028073295950889587
0 0.32188111543655396 0.4024481773376465 0.02105497196316719 0.028073295950889587
0 0.39071395993232727 0.4005785286426544 0.02105497196316719 0.028073295950889587
0 0.45980140566825867 0.3987019658088684 0.02105497196316719 0.028073295950889587
0 0.5291449427604675 0.39681845903396606 0.02105497196316719 0.028073295950889587
0 0.5987458825111389 0.394927978515625 0.02105497196316719 0.028073295950889587
0 0.6686057448387146 0.39303043484687805 0.02105497196316719 0.028073295950889587
0 0.7387259602546692 0.3911258280277252 0.02105497196316719 0.028073295950889587
0 0.3294801115989685 0.33305662870407104 0.02105497196316719 0.028073295950889587
0 0.3954545557498932 0.33114221692085266 0.02105497196316719 0.028073295950889587
0 0.4616628587245941 0.32922104001045227 0.02105497196316719 0.028073295950889587
0 0.5281062126159668 0.3272930383682251 0.02105497196316719 0.028073295950889587
0 0.5947859883308411 0.32535818219184875 0.02105497196316719 0.028073295950889587
0 0.6617032885551453 0.32341641187667847 0.02105497196316719 0.028073295950889587
0 0.728859543800354 0.32146772742271423 0.02105497196316719 0.028073295950889587
0 0.33647143840789795 0.26921403408050537 0.02105497196316719 0.028073295950889587
0 0.3998154401779175 0.2672678828239441 0.02105497196316719 0.028073295950889587
0 0.46337491273880005 0.26531511545181274 0.02105497196316719 0.028073295950889587
0 0.5271510481834412 0.26335570216178894 0.02105497196316719 0.028073295950889587
0 0.591144859790802 0.2613895833492279 0.02105497196316719 0.028073295950889587
0 0.6553575396537781 0.25941675901412964 0.02105497196316719 0.028073295950889587
0 0.7197902202606201 0.25743716955184937 0.02105497196316719 0.028073295950889587
0 0.34292522072792053 0.2102804183959961 0.02105497196316719 0.028073295950889587
0 0.40384042263031006 0.20831298828125 0.02105497196316719 0.028073295950889587
0 0.4649549126625061 0.20633912086486816 0.02105497196316719 0.028073295950889587
0 0.5262696146965027 0.2043587863445282 0.02105497196316719 0.028073295950889587
0 0.5877856016159058 0.20237195491790771 0.02105497196316719 0.028073295950889587
0 0.649503767490387 0.20037858188152313 0.02105497196316719 0.028073295950889587
0 0.7114251255989075 0.19837865233421326 0.02105497196316719 0.028073295950889587