0 0.3349965512752533 0.39237695932388306 0.01921756938099861 0.025623425841331482
0 0.3296808898448944 0.4485572874546051 0.01921756938099861 0.025623425841331482
0 0.32403212785720825 0.5082577466964722 0.01921756938099861 0.025623425841331482
0 0.31801801919937134 0.5718198418617249 0.01921756938099861 0.025623425841331482
0 0.3116018772125244 0.6396307349205017 0.01921756938099861 0.025623425841331482
0 0.3047420084476471 0.7121312618255615 0.01921756938099861 0.025623425841331482
0 0.29739075899124146 0.7898253202438354 0.01921756938099861 0.025623425841331482
0 0.39550065994262695 0.3934316635131836 0.01921756938099861 0.025623425841331482
0 0.3920181095600128 0.44972196221351624 0.01921756938099861 0.025623425841331482
0 0.3883170187473297 0.509544312953949 0.01921756938099861 0.025623425841331482
0 0.3843761682510376 0.5732418894767761 0.01921756938099861 0.025623425841331482
0 0.3801715075969696 0.6412039399147034 0.01921756938099861 0.025623425841331482
0 0.37567558884620667 0.7138733863830566 0.01921756938099861 0.025623425841331482
0 0.3708570897579193 0.7917569875717163 0.01921756938099861 0.025623425841331482
0 0.4561678171157837 0.39448919892311096 0.01921756938099861 0.025623425841331482
0 0.45452842116355896 0.4508898854255676 0.01921756938099861 0.025623425841331482
0 0.45278599858283997 0.5108345746994019 0.01921756938099861 0.025623425841331482
0 0.45093056559562683 0.5746682286262512 0.01921756938099861 0.025623425841331482
0 0.4489506781101227 0.6427818536758423 0.01921756938099861 0.025623425841331482
0 0.44683346152305603 0.7156209945678711 0.01921756938099861 0.025623425841331482
0 0.4445641040802002 0.7936949133872986 0.01921756938099861 0.025623425841331482
0 0.5169986486434937 0.39554959535598755 0.01921756938099861 0.025623425841331482
0 0.5172125697135925 0.4520610570907593 0.01921756938099861 0.025623425841331482
0 0.5174399018287659 0.5121285915374756 0.01921756938099861 0.025623425841331482
0 0.5176820158958435 0.5760987401008606 0.01921756938099861 0.025623425841331482
0 0.5179404020309448 0.6443646550178528 0.01921756938099861 0.025623425841331482
0 0.5182167291641235 0.7173740863800049 0.01921756938099861 0.025623425841331482
0 0.5185129642486572 0.7956392168998718 0.01921756938099861 0.025623425841331482
0 0.5779938697814941 0.39661288261413574 0.01921756938099861 0.025623425841331482
0 0.5800712704658508 0.4532354772090912 0.01921756938099861 0.025623425841331482
0 0.5822795033454895 0.5134262442588806 0.01921756938099861 0.025623425841331482
0 0.5846314430236816 0.5775335431098938 0.01921756938099861 0.025623425841331482
0 0.5871415734291077 0.6459523439407349 0.01921756938099861 0.025623425841331482
0 0.5898264050483704 0.7191327810287476 0.01921756938099861 0.025623425841331482
0 0.5927048325538635 0.7975899577140808 0.01921756938099861 0.025623425841331482
0 0.6391541361808777 0.39767903089523315 0.01921756938099861 0.025623425841331482
0 0.6431052088737488 0.45441317558288574 0.01921756938099861 0.025623425841331482
0 0.6473056077957153 0.5147277116775513 0.01921756938099861 0.025623425841331482
0 0.6517797112464905 0.578972578048706 0.01921756938099861 0.025623425841331482
0 0.6565552353858948 0.6475448608398438 0.01921756938099861 0.025623425841331482
0 0.6616635918617249 0.7208970785140991 0.01921756938099861 0.025623425841331482
0 0.6671409010887146 0.7995470762252808 0.01921756938099861 0.025623425841331482
0 0.7004801034927368 0.3987480401992798 0.01921756938099861 0.025623425841331482
0 0.7063151597976685 0.45559415221214294 0.01921756938099861 0.025623425841331482
0 0.7125190496444702 0.516032874584198 0.01921756938099861 0.025623425841331482
0 0.7191277742385864 0.5804158449172974 0.01921756938099861 0.025623425841331482
0 0.7261822819709778 0.6491422653198242 0.01921756938099861 0.025623425841331482
0 0.733729362487793 0.7226669788360596 0.01921756938099861 0.025623425841331482
0 0.7418224215507507 0.8015106916427612 0.01921756938099861 0.025623425841331482