0 0.7472092509269714 0.24240197241306305 0.0330323800444603 0.0330323800444603
0 0.6729227900505066 0.2417180985212326 0.0330323800444603 0.0330323800444603
0 0.599062442779541 0.24103815853595734 0.0330323800444603 0.0330323800444603
0 0.5256245136260986 0.24036209285259247 0.0330323800444603 0.0330323800444603
0 0.4526054561138153 0.2396898865699768 0.0330323800444603 0.0330323800444603
0 0.38000166416168213 0.23902150988578796 0.0330323800444603 0.0330323800444603
0 0.30780959129333496 0.23835691809654236 0.0330323800444603 0.0330323800444603
0 0.7545586228370667 0.30200669169425964 0.0330323800444603 0.0330323800444603
0 0.6773573160171509 0.30111807584762573 0.0330323800444603 0.0330323800444603
0 0.6006160378456116 0.30023476481437683 0.0330323800444603 0.0330323800444603
0 0.524330735206604 0.2993566691875458 0.0330323800444603 0.0330323800444603
0 0.4484972357749939 0.29848381876945496 0.0330323800444603 0.0330323800444603
0 0.37311166524887085 0.2976160943508148 0.0330323800444603 0.0330323800444603
0 0.29816997051239014 0.296753466129303 0.0330323800444603 0.0330323800444603
0 0.7625054717063904 0.3664568364620209 0.0330323800444603 0.0330323800444603
0 0.6821512579917908 0.36533182859420776 0.0330323800444603 0.0330323800444603
0 0.6022952198982239 0.364213764667511 0.0330323800444603 0.0330323800444603
0 0.5229327082633972 0.36310261487960815 0.0330323800444603 0.0330323800444603
0 0.44405919313430786 0.3619983196258545 0.0330323800444603 0.0330323800444603
0 0.3656701445579529 0.3609008193016052 0.0330323800444603 0.0330323800444603
0 0.2877610921859741 0.3598100244998932 0.0330323800444603 0.0330323800444603
0 0.7711256742477417 0.43636828660964966 0.0330323800444603 0.0330323800444603
0 0.6873500943183899 0.4349691867828369 0.0330323800444603 0.0330323800444603
0 0.6041157245635986 0.43357911705970764 0.0330323800444603 0.0330323800444603
0 0.5214173793792725 0.43219801783561707 0.0330323800444603 0.0330323800444603
0 0.4392499029636383 0.43082576990127563 0.0330323800444603 0.0330323800444603
0 0.3576081395149231 0.4294623136520386 0.0330323800444603 0.0330323800444603
0 0.2764870822429657 0.4281075596809387 0.0330323800444603 0.0330323800444603
0 0.7805086374282837 0.5124658942222595 0.0330323800444603 0.0330323800444603
0 0.6930074095726013 0.5107476115226746 0.0330323800444603 0.0330323800444603
0 0.6060962677001953 0.5090409517288208 0.0330323800444603 0.0330323800444603
0 0.5197693705558777 0.5073457360267639 0.0330323800444603 0.0330323800444603
0 0.4340207576751709 0.5056619048118591 0.0330323800444603 0.0330323800444603
0 0.3488446772098541 0.5039892792701721 0.0330323800444603 0.0330323800444603
0 0.26423540711402893 0.5023277997970581 0.0330323800444603 0.0330323800444603
0 0.7907602787017822 0.5956087708473206 0.0330323800444603 0.0330323800444603
0 0.6991866230964661 0.5935169458389282 0.0330323800444603 0.0330323800444603
0 0.6082589030265808 0.5914398431777954 0.0330323800444603 0.0330323800444603
0 0.5179703235626221 0.5893774032592773 0.0330323800444603 0.0330323800444603
0 0.4283142685890198 0.5873293876647949 0.0330323800444603 0.0330323800444603
0 0.3392840325832367 0.5852956175804138 0.0330323800444603 0.0330323800444603
0 0.2508731186389923 0.583276093006134 0.0330323800444603 0.0330323800444603
0 0.8020071387290955 0.686822772026062 0.0330323800444603 0.0330323800444603
0 0.7059634327888489 0.6842913031578064 0.0330323800444603 0.0330323800444603
0 0.6106298565864563 0.6817785501480103 0.0330323800444603 0.0330323800444603
0 0.5159986019134521 0.6792843341827393 0.0330323800444603 0.0330323800444603
0 0.422061949968338 0.6768084168434143 0.0330323800444603 0.0330323800444603
0 0.32881227135658264 0.6743505597114563 0.0330323800444603 0.0330323800444603
0 0.23624202609062195 0.6719107031822205 0.0330323800444603 0.0330323800444603