0 0.29635900259017944 0.18833564221858978 0.019007503520697355 0.03379111737012863
0 0.290779709815979 0.27018263936042786 0.019007503520697355 0.03379111737012863
0 0.2847887873649597 0.3580682873725891 0.019007503520697355 0.03379111737012863
0 0.27833887934684753 0.45268648862838745 0.019007503520697355 0.03379111737012863
0 0.27137523889541626 0.5548416376113892 0.019007503520697355 0.03379111737012863
0 0.2638338804244995 0.6654716730117798 0.019007503520697355 0.03379111737012863
0 0.25563979148864746 0.785676896572113 0.019007503520697355 0.03379111737012863
0 0.35720425844192505 0.18960171937942505 0.019007503520697355 0.03379111737012863
0 0.3537997901439667 0.2712506055831909 0.019007503520697355 0.03379111737012863
0 0.3501449525356293 0.35890495777130127 0.019007503520697355 0.03379111737012863
0 0.3462110161781311 0.4532526731491089 0.019007503520697355 0.03379111737012863
0 0.3419647514820099 0.5550908446311951 0.019007503520697355 0.03379111737012863
0 0.3373674154281616 0.6653484106063843 0.019007503520697355 0.03379111737012863
0 0.33237364888191223 0.7851144075393677 0.019007503520697355 0.03379111737012863
0 0.41770151257514954 0.1908605396747589 0.019007503520697355 0.03379111737012863
0 0.4164467453956604 0.2723122239112854 0.019007503520697355 0.03379111737012863
0 0.41509994864463806 0.35973650217056274 0.019007503520697355 0.03379111737012863
0 0.41365066170692444 0.4538152813911438 0.019007503520697355 0.03379111737012863
0 0.4120866656303406 0.555338442325592 0.019007503520697355 0.03379111737012863
0 0.4103938341140747 0.6652259826660156 0.019007503520697355 0.03379111737012863
0 0.4085555374622345 0.784555971622467 0.019007503520697355 0.03379111737012863
0 0.47785380482673645 0.19211219251155853 0.019007503520697355 0.03379111737012863
0 0.4787238538265228 0.27336758375167847 0.019007503520697355 0.03379111737012863
0 0.47965750098228455 0.3605629503726959 0.019007503520697355 0.03379111737012863
0 0.48066195845603943 0.4543743133544922 0.019007503520697355 0.03379111737012863
0 0.4817456603050232 0.5555844306945801 0.019007503520697355 0.03379111737012863
0 0.4829183518886566 0.6651043891906738 0.019007503520697355 0.03379111737012863
0 0.4841914474964142 0.7840015888214111 0.019007503520697355 0.03379111737012863
0 0.5376640558242798 0.1933567225933075 0.019007503520697355 0.03379111737012863
0 0.5406343936920166 0.2744167447090149 0.019007503520697355 0.03379111737012863
0 0.5438211560249329 0.3613843619823456 0.019007503520697355 0.03379111737012863
0 0.5472490191459656 0.45492982864379883 0.019007503520697355 0.03379111737012863
0 0.5509462952613831 0.5558287501335144 0.019007503520697355 0.03379111737012863
0 0.5549461245536804 0.6649836897850037 0.019007503520697355 0.03379111737012863
0 0.5592871904373169 0.7834511399269104 0.019007503520697355 0.03379111737012863
0 0.5971351861953735 0.19459420442581177 0.019007503520697355 0.03379111737012863
0 0.6021815538406372 0.27545973658561707 0.019007503520697355 0.03379111737012863
0 0.6075946092605591 0.3622007668018341 0.019007503520697355 0.03379111737012863
0 0.6134157776832581 0.45548179745674133 0.019007503520697355 0.03379111737012863
0 0.6196930408477783 0.5560714602470398 0.019007503520697355 0.03379111737012863
0 0.6264821887016296 0.6648637652397156 0.019007503520697355 0.03379111737012863
0 0.6338484883308411 0.7829045653343201 0.019007503520697355 0.03379111737012863
0 0.6562700271606445 0.19582468271255493 0.019007503520697355 0.03379111737012863
0 0.6633685827255249 0.27649661898612976 0.019007503520697355 0.03379111737012863
0 0.6709813475608826 0.3630122244358063 0.019007503520697355 0.03379111737012863
0 0.6791662573814392 0.45603030920028687 0.019007503520697355 0.03379111737012863
0 0.6879904270172119 0.556312620639801 0.019007503520697355 0.03379111737012863
0 0.6975316405296326 0.6647446155548096 0.019007503520697355 0.03379111737012863
0 0.7078811526298523 0.7823619246482849 0.019007503520697355 0.03379111737012863