0 0.7341036200523376 0.2200227975845337 0.03509624550739924 0.03509624550739924
0 0.6575507521629333 0.22095493972301483 0.03509624550739924 0.03509624550739924
0 0.5812278389930725 0.22188428044319153 0.03509624550739924 0.03509624550739924
0 0.505133867263794 0.22281083464622498 0.03509624550739924 0.03509624550739924
0 0.4292677342891693 0.22373461723327637 0.03509624550739924 0.03509624550739924
0 0.3536284863948822 0.2246556282043457 0.03509624550739924 0.03509624550739924
0 0.27821508049964905 0.22557389736175537 0.03509624550739924 0.03509624550739924
0 0.7447667717933655 0.2739863097667694 0.03509624550739924 0.03509624550739924
0 0.6650193929672241 0.2748726010322571 0.03509624550739924 0.03509624550739924
0 0.5855214595794678 0.2757561206817627 0.03509624550739924 0.03509624550739924
0 0.5062718391418457 0.27663689851760864 0.03509624550739924 0.03509624550739924
0 0.4272693693637848 0.2775149345397949 0.03509624550739924 0.03509624550739924
0 0.3485128581523895 0.27839019894599915 0.03509624550739924 0.03509624550739924
0 0.2700011730194092 0.2792627811431885 0.03509624550739924 0.03509624550739924
0 0.7563551664352417 0.3326317369937897 0.03509624550739924 0.03509624550739924
0 0.673134982585907 0.33346056938171387 0.03509624550739924 0.03509624550739924
0 0.5901864171028137 0.33428671956062317 0.03509624550739924 0.03509624550739924
0 0.5075080990791321 0.3351101577281952 0.03509624550739924 0.03509624550739924
0 0.425098717212677 0.3359309136867523 0.03509624550739924 0.03509624550739924
0 0.3429569602012634 0.33674901723861694 0.03509624550739924 0.03509624550739924
0 0.2610815465450287 0.3375644385814667 0.03509624550739924 0.03509624550739924
0 0.7689945101737976 0.3965960741043091 0.03509624550739924 0.03509624550739924
0 0.6819853782653809 0.3973531424999237 0.03509624550739924 0.03509624550739924
0 0.595272958278656 0.398107647895813 0.03509624550739924 0.03509624550739924
0 0.5088558793067932 0.39885959029197693 0.03509624550739924 0.03509624550739924
0 0.42273253202438354 0.39960893988609314 0.03509624550739924 0.03509624550739924
0 0.3369014859199524 0.4003557860851288 0.03509624550739924 0.03509624550739924
0 0.2513611912727356 0.4011000692844391 0.03509624550739924 0.03509624550739924
0 0.7828346490859985 0.4666372537612915 0.03509624550739924 0.03509624550739924
0 0.691675066947937 0.46730488538742065 0.03509624550739924 0.03509624550739924
0 0.6008411049842834 0.4679701626300812 0.03509624550739924 0.03509624550739924
0 0.5103310346603394 0.4686330258846283 0.03509624550739924 0.03509624550739924
0 0.420143187046051 0.4692935645580292 0.03509624550739924 0.03509624550739924
0 0.3302758038043976 0.4699517488479614 0.03509624550739924 0.03509624550739924
0 0.24072718620300293 0.47060760855674744 0.03509624550739924 0.03509624550739924
0 0.7980552315711975 0.5436644554138184 0.03509624550739924 0.03509624550739924
0 0.7023293972015381 0.5442206263542175 0.03509624550739924 0.03509624550739924
0 0.6069624423980713 0.5447747111320496 0.03509624550739924 0.03509624550739924
0 0.5119525194168091 0.5453267693519592 0.03509624550739924 0.03509624550739924
0 0.41729748249053955 0.545876681804657 0.03509624550739924 0.03509624550739924
0 0.3229954242706299 0.5464246273040771 0.03509624550739924 0.03509624550739924
0 0.2290443629026413 0.5469704866409302 0.03509624550739924 0.03509624550739924
0 0.8148736357688904 0.6287776827812195 0.03509624550739924 0.03509624550739924
0 0.7140999436378479 0.6291947364807129 0.03509624550739924 0.03509624550739924
0 0.6137239336967468 0.6296101808547974 0.03509624550739924 0.03509624550739924
0 0.5137431621551514 0.6300239562988281 0.03509624550739924 0.03509624550739924
0 0.41415539383888245 0.63043612241745 0.03509624550739924 0.03509624550739924
0 0.31495827436447144 0.6308466196060181 0.03509624550739924 0.03509624550739924
0 0.21614950895309448 0.631255567073822 0.03509624550739924 0.03509624550739924