0 0.7067807912826538 0.16218124330043793 0.022861472703516485 0.03418537974357605
0 0.6308377981185913 0.1615191251039505 0.022861472703516485 0.03418537974357605
0 0.554375410079956 0.16085249185562134 0.022861472703516485 0.03418537974357605
0 0.4773882329463959 0.16018126904964447 0.022861472703516485 0.03418537974357605
0 0.399870902299881 0.1595054268836975 0.022861472703516485 0.03418537974357605
0 0.32181790471076965 0.15882492065429688 0.022861472703516485 0.03418537974357605
0 0.2432236671447754 0.1581396907567978 0.022861472703516485 0.03418537974357605
0 0.718411386013031 0.241898775100708 0.022861472703516485 0.03418537974357605
0 0.6397479772567749 0.24149414896965027 0.022861472703516485 0.03418537974357605
0 0.560526967048645 0.24108664691448212 0.022861472703516485 0.03418537974357605
0 0.48074233531951904 0.24067625403404236 0.022861472703516485 0.03418537974357605
0 0.40038806200027466 0.2402629256248474 0.022861472703516485 0.03418537974357605
0 0.3194580376148224 0.2398466318845749 0.022861472703516485 0.03418537974357605
0 0.2379460632801056 0.2394273430109024 0.022861472703516485 0.03418537974357605
0 0.7309165000915527 0.3276105523109436 0.022861472703516485 0.03418537974357605
0 0.6493306159973145 0.3275047838687897 0.022861472703516485 0.03418537974357605
0 0.5671444535255432 0.32739827036857605 0.022861472703516485 0.03418537974357605
0 0.48435142636299133 0.32729098200798035 0.022861472703516485 0.03418537974357605
0 0.40094467997550964 0.3271828591823578 0.022861472703516485 0.03418537974357605
0 0.31691744923591614 0.32707396149635315 0.022861472703516485 0.03418537974357605
0 0.2322627454996109 0.32696422934532166 0.022861472703516485 0.03418537974357605
0 0.7443986535072327 0.4200190603733063 0.022861472703516485 0.03418537974357605
0 0.6596648097038269 0.4202611446380615 0.022861472703516485 0.03418537974357605
0 0.5742830038070679 0.4205050766468048 0.022861472703516485 0.03418537974357605
0 0.48824572563171387 0.4207509160041809 0.022861472703516485 0.03418537974357605
0 0.4015454649925232 0.42099860310554504 0.022861472703516485 0.03418537974357605
0 0.31417450308799744 0.42124825716018677 0.022861472703516485 0.03418537974357605
0 0.22612501680850983 0.4214998185634613 0.022861472703516485 0.03418537974357605
0 0.7589770555496216 0.5199410319328308 0.022861472703516485 0.03418537974357605
0 0.6708425879478455 0.5205891728401184 0.022861472703516485 0.03418537974357605
0 0.5820065140724182 0.5212424397468567 0.022861472703516485 0.03418537974357605
0 0.4924604892730713 0.5219008922576904 0.022861472703516485 0.03418537974357605
0 0.40219587087631226 0.522564709186554 0.022861472703516485 0.03418537974357605
0 0.31120404601097107 0.5232338309288025 0.022861472703516485 0.03418537974357605
0 0.2194761484861374 0.5239083766937256 0.022861472703516485 0.03418537974357605
0 0.7747910022735596 0.62833172082901 0.022861472703516485 0.03418537974357605
0 0.6829715967178345 0.6294553875923157 0.022861472703516485 0.03418537974357605
0 0.5903900861740112 0.6305884122848511 0.022861472703516485 0.03418537974357605
0 0.4970369040966034 0.631730854511261 0.022861472703516485 0.03418537974357605
0 0.4029023349285126 0.6328828930854797 0.022861472703516485 0.03418537974357605
0 0.30797654390335083 0.6340445876121521 0.022861472703516485 0.03418537974357605
0 0.2122495025396347 0.6352160573005676 0.022861472703516485 0.03418537974357605
0 0.7920044660568237 0.7463153004646301 0.022861472703516485 0.03418537974357605
0 0.6961787343025208 0.7479982376098633 0.022861472703516485 0.03418537974357605
0 0.599522054195404 0.7496957778930664 0.022861472703516485 0.03418537974357605
0 0.5020236372947693 0.7514081001281738 0.022861472703516485 0.03418537974357605
0 0.40367239713668823 0.7531353831291199 0.022861472703516485 0.03418537974357605
0 0.3044571280479431 0.7548778057098389 0.022861472703516485 0.03418537974357605
0 0.20436632633209229 0.7566356658935547 0.022861472703516485 0.03418537974357605