0 0.7341518998146057 0.1836872100830078 0.02503747120499611 0.03338329493999481
0 0.666552722454071 0.18092285096645355 0.02503747120499611 0.03338329493999481
0 0.5987567901611328 0.17815043032169342 0.02503747120499611 0.03338329493999481
0 0.5307633280754089 0.17536993324756622 0.02503747120499611 0.03338329493999481
0 0.4625713527202606 0.17258132994174957 0.02503747120499611 0.03338329493999481
0 0.3941800892353058 0.1697845607995987 0.02503747120499611 0.03338329493999481
0 0.3255886435508728 0.1669796109199524 0.02503747120499611 0.03338329493999481
0 0.7447953224182129 0.24794092774391174 0.02503747120499611 0.03338329493999481
0 0.673984706401825 0.2451423853635788 0.02503747120499611 0.03338329493999481
0 0.6029582023620605 0.24233530461788177 0.02503747120499611 0.03338329493999481
0 0.5317147374153137 0.2395196557044983 0.02503747120499611 0.03338329493999481
0 0.46025338768959045 0.23669539391994476 0.02503747120499611 0.03338329493999481
0 0.38857313990592957 0.2338624745607376 0.02503747120499611 0.03338329493999481
0 0.3166729509830475 0.23102086782455444 0.02503747120499611 0.03338329493999481
0 0.7565043568611145 0.3186277747154236 0.02503747120499611 0.03338329493999481
0 0.6821619868278503 0.3158019185066223 0.02503747120499611 0.03338329493999481
0 0.6075815558433533 0.3129670023918152 0.02503747120499611 0.03338329493999481
0 0.5327618718147278 0.3101229965686798 0.02503747120499611 0.03338329493999481
0 0.4577018618583679 0.3072698712348938 0.02503747120499611 0.03338329493999481
0 0.3824002742767334 0.30440753698349 0.02503747120499611 0.03338329493999481
0 0.3068559765815735 0.3015359938144684 0.02503747120499611 0.03338329493999481
0 0.7694475054740906 0.3967647850513458 0.02503747120499611 0.03338329493999481
0 0.6912025809288025 0.39392128586769104 0.02503747120499611 0.03338329493999481
0 0.6126938462257385 0.3910681903362274 0.02503747120499611 0.03338329493999481
0 0.5339199900627136 0.3882054388523102 0.02503747120499611 0.03338329493999481
0 0.4548795819282532 0.38533300161361694 0.02503747120499611 0.03338329493999481
0 0.3755713105201721 0.3824508488178253 0.02503747120499611 0.03338329493999481
0 0.2959938049316406 0.3795589208602905 0.02503747120499611 0.03338329493999481
0 0.7838307023048401 0.4835954010486603 0.02503747120499611 0.03338329493999481
0 0.7012508511543274 0.48074769973754883 0.02503747120499611 0.03338329493999481
0 0.6183770298957825 0.47788986563682556 0.02503747120499611 0.03338329493999481
0 0.5352075695991516 0.4750218391418457 0.02503747120499611 0.03338329493999481
0 0.4517410397529602 0.4721435606479645 0.02503747120499611 0.03338329493999481
0 0.36797574162483215 0.4692550003528595 0.02503747120499611 0.03338329493999481
0 0.2839100956916809 0.4663560688495636 0.02503747120499611 0.03338329493999481
0 0.799908459186554 0.5806558728218079 0.02503747120499611 0.03338329493999481
0 0.712485134601593 0.577822744846344 0.02503747120499611 0.03338329493999481
0 0.6247321963310242 0.5749789476394653 0.02503747120499611 0.03338329493999481
0 0.5366477966308594 0.5721244215965271 0.02503747120499611 0.03338329493999481
0 0.44822993874549866 0.5692590475082397 0.02503747120499611 0.03338329493999481
0 0.35947683453559875 0.5663828253746033 0.02503747120499611 0.03338329493999481
0 0.2703865170478821 0.5634956955909729 0.02503747120499611 0.03338329493999481
0 0.817999005317688 0.6898672580718994 0.02503747120499611 0.03338329493999481
0 0.725128710269928 0.6870748400688171 0.02503747120499611 0.03338329493999481
0 0.6318862438201904 0.6842712759971619 0.02503747120499611 0.03338329493999481
0 0.5382693409919739 0.6814563870429993 0.02503747120499611 0.03338329493999481
0 0.44427576661109924 0.6786301732063293 0.02503747120499611 0.03338329493999481
0 0.3499032258987427 0.6757926344871521 0.02503747120499611 0.03338329493999481
0 0.2551494240760803 0.6729435324668884 0.02503747120499611 0.03338329493999481