0 0.27937427163124084 0.6755610108375549 0.028193612893422444 0.028193612893422444
0 0.36421582102775574 0.6762501001358032 0.028193612893422444 0.028193612893422444
0 0.4477807283401489 0.6769288778305054 0.028193612893422444 0.028193612893422444
0 0.5300975441932678 0.6775975227355957 0.028193612893422444 0.028193612893422444
0 0.6111941337585449 0.6782562136650085 0.028193612893422444 0.028193612893422444
0 0.6910973191261292 0.6789052486419678 0.028193612893422444 0.028193612893422444
0 0.7698332667350769 0.6795448064804077 0.028193612893422444 0.028193612893422444
0 0.2854257822036743 0.5906467437744141 0.028193612893422444 0.028193612893422444
0 0.3674474060535431 0.5919359922409058 0.028193612893422444 0.028193612893422444
0 0.4482748806476593 0.5932064652442932 0.028193612893422444 0.028193612893422444
0 0.5279340744018555 0.5944585800170898 0.028193612893422444 0.028193612893422444
0 0.6064502596855164 0.5956927537918091 0.028193612893422444 0.028193612893422444
0 0.6838476657867432 0.5969092845916748 0.028193612893422444 0.028193612893422444
0 0.7601502537727356 0.5981086492538452 0.028193612893422444 0.028193612893422444
0 0.2910911440849304 0.5111508369445801 0.028193612893422444 0.028193612893422444
0 0.3704742193222046 0.5129637122154236 0.028193612893422444 0.028193612893422444
0 0.4487379193305969 0.5147510170936584 0.028193612893422444 0.028193612893422444
0 0.5259057879447937 0.5165132880210876 0.028193612893422444 0.028193612893422444
0 0.6020006537437439 0.5182510614395142 0.028193612893422444 0.028193612893422444
0 0.677044689655304 0.519964873790741 0.028193612893422444 0.028193612893422444
0 0.7510596513748169 0.5216551423072815 0.028193612893422444 0.028193612893422444
0 0.29640620946884155 0.43657076358795166 0.028193612893422444 0.028193612893422444
0 0.3733151853084564 0.4388412535190582 0.028193612893422444 0.028193612893422444
0 0.4491727650165558 0.4410807192325592 0.028193612893422444 0.028193612893422444
0 0.524000346660614 0.44328975677490234 0.028193612893422444 0.028193612893422444
0 0.5978187918663025 0.4454690217971802 0.028193612893422444 0.028193612893422444
0 0.6706483364105225 0.44761908054351807 0.028193612893422444 0.028193612893422444
0 0.7425087094306946 0.44974052906036377 0.028193612893422444 0.028193612893422444
0 0.30140241980552673 0.36646413803100586 0.028193612893422444 0.028193612893422444
0 0.37598687410354614 0.36913514137268066 0.028193612893422444 0.028193612893422444
0 0.4495818316936493 0.3717706799507141 0.028193612893422444 0.028193612893422444
0 0.5222069025039673 0.3743714988231659 0.028193612893422444 0.028193612893422444
0 0.5938811898231506 0.37693825364112854 0.028193612893422444 0.028193612893422444
0 0.6646230816841125 0.37947165966033936 0.028193612893422444 0.028193612893422444
0 0.7344508171081543 0.3819722831249237 0.028193612893422444 0.028193612893422444
0 0.30610769987106323 0.30044025182724 0.028193612893422444 0.028193612893422444
0 0.3785039782524109 0.30346205830574036 0.028193612893422444 0.028193612893422444
0 0.4499674141407013 0.3064449727535248 0.028193612893422444 0.028193612893422444
0 0.5205159783363342 0.3093896806240082 0.028193612893422444 0.028193612893422444
0 0.5901670455932617 0.31229692697525024 0.028193612893422444 0.028193612893422444
0 0.6589376926422119 0.3151674270629883 0.028193612893422444 0.028193612893422444
0 0.7268444895744324 0.3180018663406372 0.028193612893422444 0.028193612893422444
0 0.31054672598838806 0.23815250396728516 0.028193612893422444 0.028193612893422444
0 0.3808795213699341 0.24148190021514893 0.028193612893422444 0.028193612893422444
0 0.450331449508667 0.2447696030139923 0.028193612893422444 0.028193612893422444
0 0.5189188718795776 0.2480163872241974 0.028193612893422444 0.028193612893422444
0 0.5866578817367554 0.25122299790382385 0.028193612893422444 0.028193612893422444
0 0.6535640954971313 0.2543902099132538 0.028193612893422444 0.028193612893422444
0 0.7196528315544128 0.2575187087059021 0.028193612893422444 0.028193612893422444