0 0.6958643198013306 0.3119543790817261 0.028611381848653156 0.028611381848653156
0 0.6317327618598938 0.3127273619174957 0.028611381848653156 0.028611381848653156
0 0.5676087141036987 0.31350022554397583 0.028611381848653156 0.028611381848653156
0 0.5034922361373901 0.31427302956581116 0.028611381848653156 0.028611381848653156
0 0.43938323855400085 0.3150457441806793 0.028611381848653156 0.028611381848653156
0 0.37528181076049805 0.31581833958625793 0.028611381848653156 0.028611381848653156
0 0.31118786334991455 0.3165908753871918 0.028611381848653156 0.028611381848653156
0 0.7036754488945007 0.3632674217224121 0.028611381848653156 0.028611381848653156
0 0.6371381878852844 0.3640662729740143 0.028611381848653156 0.028611381848653156
0 0.5706090927124023 0.3648650050163269 0.028611381848653156 0.028611381848653156
0 0.5040880441665649 0.36566364765167236 0.028611381848653156 0.028611381848653156
0 0.43757516145706177 0.36646220088005066 0.028611381848653156 0.028611381848653156
0 0.37107035517692566 0.3672606647014618 0.028611381848653156 0.028611381848653156
0 0.3045736253261566 0.3680590093135834 0.028611381848653156 0.028611381848653156
0 0.712095320224762 0.4185796082019806 0.028611381848653156 0.028611381848653156
0 0.6429648995399475 0.41940605640411377 0.028611381848653156 0.028611381848653156
0 0.573843240737915 0.4202324151992798 0.028611381848653156 0.028611381848653156
0 0.5047303438186646 0.42105868458747864 0.028611381848653156 0.028611381848653156
0 0.43562620878219604 0.42188483476638794 0.028611381848653156 0.028611381848653156
0 0.36653077602386475 0.4227108657360077 0.028611381848653156 0.028611381848653156
0 0.29744410514831543 0.4235368072986603 0.028611381848653156 0.028611381848653156
0 0.7211980223655701 0.4783773422241211 0.028611381848653156 0.028611381848653156
0 0.6492640972137451 0.47923338413238525 0.028611381848653156 0.028611381848653156
0 0.5773397088050842 0.48008930683135986 0.028611381848653156 0.028611381848653156
0 0.5054247379302979 0.4809451103210449 0.028611381848653156 0.028611381848653156
0 0.4335192143917084 0.4818008244037628 0.028611381848653156 0.028611381848653156
0 0.36162319779396057 0.48265641927719116 0.028611381848653156 0.028611381848653156
0 0.28973662853240967 0.48351186513900757 0.028611381848653156 0.028611381848653156
0 0.7310701012611389 0.5432294011116028 0.028611381848653156 0.028611381848653156
0 0.6560956835746765 0.5441171526908875 0.028611381848653156 0.028611381848653156
0 0.5811315774917603 0.5450047850608826 0.028611381848653156 0.028611381848653156
0 0.5061777830123901 0.5458922982215881 0.028611381848653156 0.028611381848653156
0 0.431234210729599 0.5467796921730042 0.028611381848653156 0.028611381848653156
0 0.356300950050354 0.5476669669151306 0.028611381848653156 0.028611381848653156
0 0.28137797117233276 0.5485541224479675 0.028611381848653156 0.028611381848653156
0 0.7418134808540344 0.6138047575950623 0.028611381848653156 0.028611381848653156
0 0.663530170917511 0.6147266626358032 0.028611381848653156 0.028611381848653156
0 0.5852581262588501 0.6156483888626099 0.028611381848653156 0.028611381848653156
0 0.5069972276687622 0.616569995880127 0.028611381848653156 0.028611381848653156
0 0.42874759435653687 0.6174914836883545 0.028611381848653156 0.028611381848653156
0 0.3505091667175293 0.6184128522872925 0.028611381848653156 0.028611381848653156
0 0.2722819447517395 0.6193340420722961 0.028611381848653156 0.028611381848653156
0 0.7535486817359924 0.6908961534500122 0.028611381848653156 0.028611381848653156
0 0.6716509461402893 0.6918548345565796 0.028611381848653156 0.028611381848653156
0 0.5897655487060547 0.6928133368492126 0.028611381848653156 0.028611381848653156
0 0.507892370223999 0.6937716603279114 0.028611381848653156 0.028611381848653156
0 0.4260314702987671 0.6947299242019653 0.028611381848653156 0.028611381848653156
0 0.3441828489303589 0.695688009262085 0.028611381848653156 0.028611381848653156
0 0.2623465061187744 0.6966459155082703 0.028611381848653156 0.028611381848653156