0 0.29684025049209595 0.1945381909608841 0.018855610862374306 0.03352108597755432
0 0.2910658121109009 0.27538466453552246 0.018855610862374306 0.03352108597755432
0 0.28485602140426636 0.362326979637146 0.018855610862374306 0.03352108597755432
0 0.27815961837768555 0.4560815393924713 0.018855610862374306 0.03352108597755432
0 0.2709171772003174 0.5574817061424255 0.018855610862374306 0.03352108597755432
0 0.26305899024009705 0.6675024628639221 0.018855610862374306 0.03352108597755432
0 0.254503071308136 0.787291944026947 0.018855610862374306 0.03352108597755432
0 0.3570503890514374 0.19521832466125488 0.018855610862374306 0.03352108597755432
0 0.35346996784210205 0.2759418487548828 0.018855610862374306 0.03352108597755432
0 0.34962010383605957 0.3627403974533081 0.018855610862374306 0.03352108597755432
0 0.3454691767692566 0.45632660388946533 0.018855610862374306 0.03352108597755432
0 0.3409804403781891 0.5575290322303772 0.018855610862374306 0.03352108597755432
0 0.336110919713974 0.6673168540000916 0.018855610862374306 0.03352108597755432
0 0.33080998063087463 0.7868309020996094 0.018855610862374306 0.03352108597755432
0 0.41704872250556946 0.19589605927467346 0.018855610862374306 0.03352108597755432
0 0.41564664244651794 0.2764970064163208 0.018855610862374306 0.03352108597755432
0 0.4141392707824707 0.36315229535102844 0.018855610862374306 0.03352108597755432
0 0.41251423954963684 0.45657071471214294 0.018855610862374306 0.03352108597755432
0 0.4107572138309479 0.5575761198997498 0.018855610862374306 0.03352108597755432
0 0.4088514745235443 0.6671319603919983 0.018855610862374306 0.03352108597755432
0 0.4067772924900055 0.7863719463348389 0.018855610862374306 0.03352108597755432
0 0.4768364131450653 0.19657140970230103 0.018855610862374306 0.03352108597755432
0 0.4775971472263336 0.2770501375198364 0.018855610862374306 0.03352108597755432
0 0.478414922952652 0.36356261372566223 0.018855610862374306 0.03352108597755432
0 0.47929638624191284 0.45681384205818176 0.018855610862374306 0.03352108597755432
0 0.480249285697937 0.557623028755188 0.018855610862374306 0.03352108597755432
0 0.48128271102905273 0.6669479012489319 0.018855610862374306 0.03352108597755432
0 0.48240727186203003 0.7859150171279907 0.018855610862374306 0.03352108597755432
0 0.5364145040512085 0.19724439084529877 0.018855610862374306 0.03352108597755432
0 0.5393226146697998 0.2776012718677521 0.018855610862374306 0.03352108597755432
0 0.5424484014511108 0.36397141218185425 0.018855610862374306 0.03352108597755432
0 0.5458171367645264 0.4570560157299042 0.018855610862374306 0.03352108597755432
0 0.549458384513855 0.5576697587966919 0.018855610862374306 0.03352108597755432
0 0.5534065365791321 0.6667646169662476 0.018855610862374306 0.03352108597755432
0 0.5577021837234497 0.7854601144790649 0.018855610862374306 0.03352108597755432
0 0.5957841277122498 0.19791503250598907 0.018855610862374306 0.03352108597755432
0 0.6008244156837463 0.27815037965774536 0.018855610862374306 0.03352108597755432
0 0.6062411069869995 0.3643786609172821 0.018855610862374306 0.03352108597755432
0 0.612078070640564 0.45729726552963257 0.018855610862374306 0.03352108597755432
0 0.6183862090110779 0.5577163100242615 0.018855610862374306 0.03352108597755432
0 0.6252249479293823 0.6665821075439453 0.018855610862374306 0.03352108597755432
0 0.6326642036437988 0.7850072383880615 0.018855610862374306 0.03352108597755432
0 0.6549464464187622 0.19858331978321075 0.018855610862374306 0.03352108597755432
0 0.6621035933494568 0.27869755029678345 0.018855610862374306 0.03352108597755432
0 0.6697943210601807 0.3647843599319458 0.018855610862374306 0.03352108597755432
0 0.678080677986145 0.45753756165504456 0.018855610862374306 0.03352108597755432
0 0.6870344877243042 0.557762622833252 0.018855610862374306 0.03352108597755432
0 0.6967398524284363 0.6664003729820251 0.018855610862374306 0.03352108597755432
0 0.7072955965995789 0.7845563888549805 0.018855610862374306 0.03352108597755432