0 0.22017903625965118 0.21642470359802246 0.03718812266985575 0.03718812266985575
0 0.30141681432724 0.21887065470218658 0.03718812266985575 0.03718812266985575
0 0.3824419677257538 0.22131019830703735 0.03718812266985575 0.03718812266985575
0 0.4632553458213806 0.22374336421489716 0.03718812266985575 0.03718812266985575
0 0.543857753276825 0.22617019712924957 0.03718812266985575 0.03718812266985575
0 0.624250054359436 0.2285906821489334 0.03718812266985575 0.03718812266985575
0 0.704433023929596 0.23100487887859344 0.03718812266985575 0.03718812266985575
0 0.2092735320329666 0.27321481704711914 0.03718812266985575 0.03718812266985575
0 0.2938733696937561 0.27568405866622925 0.03718812266985575 0.03718812266985575
0 0.37824270129203796 0.2781465947628021 0.03718812266985575 0.03718812266985575
0 0.4623824656009674 0.2806023955345154 0.03718812266985575 0.03718812266985575
0 0.5462935566902161 0.2830515503883362 0.03718812266985575 0.03718812266985575
0 0.6299769282341003 0.2854940593242645 0.03718812266985575 0.03718812266985575
0 0.7134335041046143 0.2879299521446228 0.03718812266985575 0.03718812266985575
0 0.19742938876152039 0.33489277958869934 0.03718812266985575 0.03718812266985575
0 0.2856816351413727 0.33738037943840027 0.03718812266985575 0.03718812266985575
0 0.37368306517601013 0.3398609161376953 0.03718812266985575 0.03718812266985575
0 0.4614347517490387 0.34233441948890686 0.03718812266985575 0.03718812266985575
0 0.5489377975463867 0.3448008894920349 0.03718812266985575 0.03718812266985575
0 0.6361932158470154 0.34726038575172424 0.03718812266985575 0.03718812266985575
0 0.7232020497322083 0.34971293807029724 0.03718812266985575 0.03718812266985575
0 0.18452000617980957 0.4021180272102356 0.03718812266985575 0.03718812266985575
0 0.2767542004585266 0.4046173691749573 0.03718812266985575 0.03718812266985575
0 0.3687145411968231 0.4071092903614044 0.03718812266985575 0.03718812266985575
0 0.4604022204875946 0.4095938205718994 0.03718812266985575 0.03718812266985575
0 0.5518184304237366 0.41207101941108704 0.03718812266985575 0.03718812266985575
0 0.6429644227027893 0.4145408570766449 0.03718812266985575 0.03718812266985575
0 0.7338414192199707 0.41700342297554016 0.03718812266985575 0.03718812266985575
0 0.1703948974609375 0.4756741523742676 0.03718812266985575 0.03718812266985575
0 0.2669873535633087 0.4781765043735504 0.03718812266985575 0.03718812266985575
0 0.3632795512676239 0.4806710481643677 0.03718812266985575 0.03718812266985575
0 0.4592728614807129 0.4831578731536865 0.03718812266985575 0.03718812266985575
0 0.5549687147140503 0.48563697934150696 0.03718812266985575 0.03718812266985575
0 0.6503684520721436 0.48810842633247375 0.03718812266985575 0.03718812266985575
0 0.7454734444618225 0.4905722439289093 0.03718812266985575 0.03718812266985575
0 0.1548738330602646 0.5564996600151062 0.03718812266985575 0.03718812266985575
0 0.2562568485736847 0.558993399143219 0.03718812266985575 0.03718812266985575
0 0.3573091924190521 0.5614790320396423 0.03718812266985575 0.03718812266985575
0 0.4580324590206146 0.5639565587043762 0.03718812266985575 0.03718812266985575
0 0.5584282875061035 0.5664260387420654 0.03718812266985575 0.03718812266985575
0 0.658498227596283 0.5688875317573547 0.03718812266985575 0.03718812266985575
0 0.7582438588142395 0.5713409781455994 0.03718812266985575 0.03718812266985575
0 0.13773910701274872 0.6457282304763794 0.03718812266985575 0.03718812266985575
0 0.24441267549991608 0.6481980681419373 0.03718812266985575 0.03718812266985575
0 0.35072025656700134 0.650659441947937 0.03718812266985575 0.03718812266985575
0 0.45666375756263733 0.6531123518943787 0.03718812266985575 0.03718812266985575
0 0.5622450709342957 0.6555569171905518 0.03718812266985575 0.03718812266985575
0 0.6674659848213196 0.6579931378364563 0.03718812266985575 0.03718812266985575
0 0.7723283767700195 0.6604210138320923 0.03718812266985575 0.03718812266985575