0 0.33735930919647217 0.393207311630249 0.019211458042263988 0.025615277389685314
0 0.33170387148857117 0.4501681327819824 0.019211458042263988 0.025615277389685314
0 0.3257039487361908 0.5105987191200256 0.019211458042263988 0.025615277389685314
0 0.3193270266056061 0.5748260617256165 0.019211458042263988 0.025615277389685314
0 0.3125365078449249 0.6432196497917175 0.019211458042263988 0.025615277389685314
0 0.30529069900512695 0.7161983251571655 0.019211458042263988 0.025615277389685314
0 0.2975423038005829 0.7942392826080322 0.019211458042263988 0.025615277389685314
0 0.3989013135433197 0.3941763639450073 0.019211458042263988 0.025615277389685314
0 0.3950665295124054 0.4511417746543884 0.019211458042263988 0.025615277389685314
0 0.3909982144832611 0.5115757584571838 0.019211458042263988 0.025615277389685314
0 0.3866744339466095 0.5758049488067627 0.019211458042263988 0.025615277389685314
0 0.38207030296325684 0.6441985964775085 0.019211458042263988 0.025615277389685314
0 0.37715768814086914 0.7171751260757446 0.019211458042263988 0.025615277389685314
0 0.3719044327735901 0.7952112555503845 0.019211458042263988 0.025615277389685314
0 0.46039289236068726 0.39514464139938354 0.019211458042263988 0.025615277389685314
0 0.4583756923675537 0.45211461186408997 0.019211458042263988 0.025615277389685314
0 0.45623573660850525 0.5125519037246704 0.019211458042263988 0.025615277389685314
0 0.45396143198013306 0.5767829418182373 0.019211458042263988 0.025615277389685314
0 0.4515397548675537 0.6451765894889832 0.019211458042263988 0.025615277389685314
0 0.4489558935165405 0.7181509733200073 0.019211458042263988 0.025615277389685314
0 0.4461929500102997 0.7961823344230652 0.019211458042263988 0.025615277389685314
0 0.5218340754508972 0.3961120843887329 0.019211458042263988 0.025615277389685314
0 0.5216314792633057 0.45308661460876465 0.019211458042263988 0.025615277389685314
0 0.5214165449142456 0.5135272145271301 0.019211458042263988 0.025615277389685314
0 0.5211881399154663 0.5777600407600403 0.019211458042263988 0.025615277389685314
0 0.5209449529647827 0.6461536884307861 0.019211458042263988 0.025615277389685314
0 0.5206854343414307 0.7191259264945984 0.019211458042263988 0.025615277389685314
0 0.5204079747200012 0.7971524000167847 0.019211458042263988 0.025615277389685314
0 0.5832249522209167 0.3970787823200226 0.019211458042263988 0.025615277389685314
0 0.5848339200019836 0.4540577828884125 0.019211458042263988 0.025615277389685314
0 0.5865407586097717 0.5145016312599182 0.019211458042263988 0.025615277389685314
0 0.5883545875549316 0.5787363052368164 0.019211458042263988 0.025615277389685314
0 0.5902858972549438 0.6471298933029175 0.019211458042263988 0.025615277389685314
0 0.5923464298248291 0.720099925994873 0.019211458042263988 0.025615277389685314
0 0.5945495963096619 0.7981215119361877 0.019211458042263988 0.025615277389685314
0 0.6445655822753906 0.3980446457862854 0.019211458042263988 0.025615277389685314
0 0.6479831337928772 0.45502814650535583 0.019211458042263988 0.025615277389685314
0 0.651608407497406 0.5154752731323242 0.019211458042263988 0.025615277389685314
0 0.6554608941078186 0.5797116756439209 0.019211458042263988 0.025615277389685314
0 0.6595627665519714 0.6481052041053772 0.019211458042263988 0.025615277389685314
0 0.6639389395713806 0.7210729718208313 0.019211458042263988 0.025615277389685314
0 0.6686179041862488 0.7990896701812744 0.019211458042263988 0.025615277389685314
0 0.7058560252189636 0.39900973439216614 0.019211458042263988 0.025615277389685314
0 0.7110791206359863 0.45599767565727234 0.019211458042263988 0.025615277389685314
0 0.7166195511817932 0.5164480209350586 0.019211458042263988 0.025615277389685314
0 0.722507119178772 0.5806861519813538 0.019211458042263988 0.025615277389685314
0 0.7287755608558655 0.6490796208381653 0.019211458042263988 0.025615277389685314
0 0.7354630827903748 0.7220451235771179 0.019211458042263988 0.025615277389685314
0 0.7426130175590515 0.8000569343566895 0.019211458042263988 0.025615277389685314