0 0.30847883224487305 0.3745076060295105 0.019752545282244682 0.02633672704299291
0 0.3024391233921051 0.4378986060619354 0.019752545282244682 0.02633672704299291
0 0.29602980613708496 0.5051690936088562 0.019752545282244682 0.02633672704299291
0 0.28921589255332947 0.5766863822937012 0.019752545282244682 0.02633672704299291
0 0.281957745552063 0.6528658270835876 0.019752545282244682 0.02633672704299291
0 0.27421051263809204 0.7341786623001099 0.019752545282244682 0.02633672704299291
0 0.26592305302619934 0.8211617469787598 0.019752545282244682 0.02633672704299291
0 0.37181782722473145 0.3757019639015198 0.019752545282244682 0.02633672704299291
0 0.36766210198402405 0.4390772581100464 0.019752545282244682 0.02633672704299291
0 0.3632522523403168 0.5063278675079346 0.019752545282244682 0.02633672704299291
0 0.35856422781944275 0.5778204202651978 0.019752545282244682 0.02633672704299291
0 0.3535708785057068 0.6539692878723145 0.019752545282244682 0.02633672704299291
0 0.34824138879776 0.7352448105812073 0.019752545282244682 0.02633672704299291
0 0.34254056215286255 0.8221826553344727 0.019752545282244682 0.02633672704299291
0 0.435057669878006 0.376894474029541 0.019752545282244682 0.02633672704299291
0 0.4327799081802368 0.4402540326118469 0.019752545282244682 0.02633672704299291
0 0.4303629994392395 0.5074847340583801 0.019752545282244682 0.02633672704299291
0 0.4277937412261963 0.578952431678772 0.019752545282244682 0.02633672704299291
0 0.4250573217868805 0.6550708413124084 0.019752545282244682 0.02633672704299291
0 0.4221368432044983 0.7363090515136719 0.019752545282244682 0.02633672704299291
0 0.4190130829811096 0.8232016563415527 0.019752545282244682 0.02633672704299291
0 0.49819856882095337 0.37808510661125183 0.019752545282244682 0.02633672704299291
0 0.4977928400039673 0.44142892956733704 0.019752545282244682 0.02633672704299291
0 0.49736231565475464 0.5086396336555481 0.019752545282244682 0.02633672704299291
0 0.49690473079681396 0.5800825357437134 0.019752545282244682 0.02633672704299291
0 0.496417373418808 0.6561703681945801 0.019752545282244682 0.02633672704299291
0 0.4958972632884979 0.7373713254928589 0.019752545282244682 0.02633672704299291
0 0.4953409731388092 0.82421875 0.019752545282244682 0.02633672704299291
0 0.5612407326698303 0.3792738914489746 0.019752545282244682 0.02633672704299291
0 0.5627011060714722 0.44260188937187195 0.019752545282244682 0.02633672704299291
0 0.5642505288124084 0.509792685508728 0.019752545282244682 0.02633672704299291
0 0.5658974647521973 0.581210732460022 0.019752545282244682 0.02633672704299291
0 0.5676513910293579 0.6572679877281189 0.019752545282244682 0.02633672704299291
0 0.56952303647995 0.7384316921234131 0.019752545282244682 0.02633672704299291
0 0.5715246796607971 0.8252338767051697 0.019752545282244682 0.02633672704299291
0 0.6241844892501831 0.38046082854270935 0.019752545282244682 0.02633672704299291
0 0.6275050044059753 0.4437730014324188 0.019752545282244682 0.02633672704299291
0 0.6310279369354248 0.5109437704086304 0.019752545282244682 0.02633672704299291
0 0.6347723007202148 0.5823370218276978 0.019752545282244682 0.02633672704299291
0 0.6387596726417542 0.6583636999130249 0.019752545282244682 0.02633672704299291
0 0.6430144906044006 0.7394900918006897 0.019752545282244682 0.02633672704299291
0 0.6475646495819092 0.8262471556663513 0.019752545282244682 0.02633672704299291
0 0.6870299577713013 0.38164588809013367 0.019752545282244682 0.02633672704299291
0 0.6922047734260559 0.4449422061443329 0.019752545282244682 0.02633672704299291
0 0.697694718837738 0.5120930075645447 0.019752545282244682 0.02633672704299291
0 0.7035294771194458 0.583461344242096 0.019752545282244682 0.02633672704299291
0 0.709742546081543 0.6594574451446533 0.019752545282244682 0.02633672704299291
0 0.716372013092041 0.7405465841293335 0.019752545282244682 0.02633672704299291
0 0.7234612107276917 0.8272584676742554 0.019752545282244682 0.02633672704299291