0 0.6956389546394348 0.14468197524547577 0.02644041553139687 0.03525388737519582
0 0.6261769533157349 0.1438950151205063 0.02644041553139687 0.03525388737519582
0 0.5561429262161255 0.14310158789157867 0.02644041553139687 0.03525388737519582
0 0.4855298399925232 0.14230158925056458 0.02644041553139687 0.03525388737519582
0 0.4143304228782654 0.1414949595928192 0.02644041553139687 0.03525388737519582
0 0.34253737330436707 0.14068159461021423 0.02644041553139687 0.03525388737519582
0 0.2701432406902313 0.13986141979694366 0.02644041553139687 0.03525388737519582
0 0.7082928419113159 0.20815694332122803 0.02644041553139687 0.03525388737519582
0 0.6354793906211853 0.20760445296764374 0.02644041553139687 0.03525388737519582
0 0.5620368123054504 0.20704717934131622 0.02644041553139687 0.03525388737519582
0 0.4879569113254547 0.2064850628376007 0.02644041553139687 0.03525388737519582
0 0.41323137283325195 0.2059180587530136 0.02644041553139687 0.03525388737519582
0 0.33785173296928406 0.20534607768058777 0.02644041553139687 0.03525388737519582
0 0.2618093192577362 0.2047690749168396 0.02644041553139687 0.03525388737519582
0 0.7222456932067871 0.27814802527427673 0.02644041553139687 0.03525388737519582
0 0.6457410454750061 0.2778836190700531 0.02644041553139687 0.03525388737519582
0 0.5685411691665649 0.27761682868003845 0.02644041553139687 0.03525388737519582
0 0.49063655734062195 0.277347594499588 0.02644041553139687 0.03525388737519582
0 0.41201743483543396 0.2770758867263794 0.02644041553139687 0.03525388737519582
0 0.33267396688461304 0.2768016755580902 0.02644041553139687 0.03525388737519582
0 0.2525961101055145 0.27652493119239807 0.02644041553139687 0.03525388737519582
0 0.7377083897590637 0.3557128310203552 0.02644041553139687 0.03525388737519582
0 0.6571184396743774 0.3558039963245392 0.02644041553139687 0.03525388737519582
0 0.5757561922073364 0.3558960258960724 0.02644041553139687 0.03525388737519582
0 0.49361035227775574 0.3559889495372772 0.02644041553139687 0.03525388737519582
0 0.41066959500312805 0.3560827374458313 0.02644041553139687 0.03525388737519582
0 0.32692232728004456 0.3561774790287018 0.02644041553139687 0.03525388737519582
0 0.24235673248767853 0.3562731444835663 0.02644041553139687 0.03525388737519582
0 0.7549399733543396 0.4421510696411133 0.02644041553139687 0.03525388737519582
0 0.6698039770126343 0.4426833987236023 0.02644041553139687 0.03525388737519582
0 0.5838049054145813 0.44322115182876587 0.02644041553139687 0.03525388737519582
0 0.4969295263290405 0.4437643587589264 0.02644041553139687 0.03525388737519582
0 0.4091643989086151 0.4443131387233734 0.02644041553139687 0.03525388737519582
0 0.32049575448036194 0.4448675513267517 0.02644041553139687 0.03525388737519582
0 0.23090960085391998 0.44542771577835083 0.02644041553139687 0.03525388737519582
0 0.7742624878883362 0.5390777587890625 0.02644041553139687 0.03525388737519582
0 0.6840370297431946 0.5401612520217896 0.02644041553139687 0.03525388737519582
0 0.5928407907485962 0.5412563681602478 0.02644041553139687 0.03525388737519582
0 0.5006580352783203 0.5423633456230164 0.02644041553139687 0.03525388737519582
0 0.4074725806713104 0.5434823632240295 0.02644041553139687 0.03525388737519582
0 0.3132680654525757 0.5446135997772217 0.02644041553139687 0.03525388737519582
0 0.21802763640880585 0.5457572937011719 0.02644041553139687 0.03525388737519582
0 0.7960810661315918 0.6485252976417542 0.02644041553139687 0.03525388737519582
0 0.7001191973686218 0.6503028273582458 0.02644041553139687 0.03525388737519582
0 0.603057324886322 0.6521007418632507 0.02644041553139687 0.03525388737519582
0 0.504876434803009 0.6539193987846375 0.02644041553139687 0.03525388737519582
0 0.40555715560913086 0.6557590961456299 0.02644041553139687 0.03525388737519582
0 0.30507948994636536 0.6576203107833862 0.02644041553139687 0.03525388737519582
0 0.20342305302619934 0.6595033407211304 0.02644041553139687 0.03525388737519582