0 0.7797783613204956 0.21601736545562744 0.03726383546988169 0.03726383546988169
0 0.6999985575675964 0.2147713154554367 0.03726383546988169 0.03726383546988169
0 0.6202045679092407 0.21352504193782806 0.03726383546988169 0.03726383546988169
0 0.5403964519500732 0.2122785449028015 0.03726383546988169 0.03726383546988169
0 0.4605741500854492 0.21103183925151825 0.03726383546988169 0.03726383546988169
0 0.38073769211769104 0.20978489518165588 0.03726383546988169 0.03726383546988169
0 0.30088701844215393 0.2085377424955368 0.03726383546988169 0.03726383546988169
0 0.7909136414527893 0.2701786160469055 0.03726383546988169 0.03726383546988169
0 0.7077375650405884 0.2688845098018646 0.03726383546988169 0.03726383546988169
0 0.6245460510253906 0.26759016513824463 0.03726383546988169 0.03726383546988169
0 0.5413392186164856 0.2662956118583679 0.03726383546988169 0.03726383546988169
0 0.45811691880226135 0.2650007903575897 0.03726383546988169 0.03726383546988169
0 0.37487921118736267 0.2637057304382324 0.03726383546988169 0.03726383546988169
0 0.29162609577178955 0.262410432100296 0.03726383546988169 0.03726383546988169
0 0.8030393123626709 0.3291573226451874 0.03726383546988169 0.03726383546988169
0 0.7161649465560913 0.3278113603591919 0.03726383546988169 0.03726383546988169
0 0.6292737722396851 0.3264651596546173 0.03726383546988169 0.03726383546988169
0 0.5423657894134521 0.32511869072914124 0.03726383546988169 0.03726383546988169
0 0.4554409980773926 0.32377195358276367 0.03726383546988169 0.03726383546988169
0 0.36849939823150635 0.3224249482154846 0.03726383546988169 0.03726383546988169
0 0.28154098987579346 0.32107770442962646 0.03726383546988169 0.03726383546988169
0 0.8162937760353088 0.3936261832714081 0.03726383546988169 0.03726383546988169
0 0.7253769040107727 0.3922240734100342 0.03726383546988169 0.03726383546988169
0 0.6344416737556458 0.3908217251300812 0.03726383546988169 0.03726383546988169
0 0.5434879660606384 0.3894190490245819 0.03726383546988169 0.03726383546988169
0 0.4525159001350403 0.38801613450050354 0.03726383546988169 0.03726383546988169
0 0.36152541637420654 0.3866128921508789 0.03726383546988169 0.03726383546988169
0 0.2705165147781372 0.38520941138267517 0.03726383546988169 0.03726383546988169
0 0.8308423161506653 0.4643891453742981 0.03726383546988169 0.03726383546988169
0 0.7354883551597595 0.46292611956596375 0.03726383546988169 0.03726383546988169
0 0.6401141881942749 0.46146276593208313 0.03726383546988169 0.03726383546988169
0 0.5447197556495667 0.459999144077301 0.03726383546988169 0.03726383546988169
0 0.44930511713027954 0.45853516459465027 0.03726383546988169 0.03726383546988169
0 0.3538702130317688 0.457070916891098 0.03726383546988169 0.03726383546988169
0 0.25841501355171204 0.4556063115596771 0.03726383546988169 0.03726383546988169
0 0.8468840718269348 0.5424153208732605 0.03726383546988169 0.03726383546988169
0 0.746637761592865 0.540885865688324 0.03726383546988169 0.03726383546988169
0 0.6463690996170044 0.5393561124801636 0.03726383546988169 0.03726383546988169
0 0.5460780262947083 0.5378260612487793 0.03726383546988169 0.03726383546988169
0 0.4457646310329437 0.5362955927848816 0.03726383546988169 0.03726383546988169
0 0.34542879462242126 0.53476482629776 0.03726383546988169 0.03726383546988169
0 0.24507059156894684 0.5332337021827698 0.03726383546988169 0.03726383546988169
0 0.864661455154419 0.628883421421051 0.03726383546988169 0.03726383546988169
0 0.7589936256408691 0.6272814273834229 0.03726383546988169 0.03726383546988169
0 0.6533008813858032 0.6256790161132812 0.03726383546988169 0.03726383546988169
0 0.5475833415985107 0.6240763068199158 0.03726383546988169 0.03726383546988169
0 0.44184088706970215 0.6224731802940369 0.03726383546988169 0.03726383546988169
0 0.3360735774040222 0.6208696365356445 0.03726383546988169 0.03726383546988169
0 0.23028135299682617 0.6192657947540283 0.03726383546988169 0.03726383546988169