0 0.29887208342552185 0.2952400743961334 0.03285138557354609 0.03285138557354609
0 0.29023277759552 0.3495718240737915 0.03285138557354609 0.03285138557354609
0 0.28090599179267883 0.4082273542881012 0.03285138557354609 0.03285138557354609
0 0.2708061933517456 0.4717441201210022 0.03285138557354609 0.03285138557354609
0 0.2598331570625305 0.540752649307251 0.03285138557354609 0.03285138557354609
0 0.24786852300167084 0.615997314453125 0.03285138557354609 0.03285138557354609
0 0.2347715049982071 0.6983634829521179 0.03285138557354609 0.03285138557354609
0 0.3710786700248718 0.29457682371139526 0.03285138557354609 0.03285138557354609
0 0.3651898503303528 0.34900063276290894 0.03285138557354609 0.03285138557354609
0 0.35883134603500366 0.4077652394771576 0.03285138557354609 0.03285138557354609
0 0.35194462537765503 0.4714115858078003 0.03285138557354609 0.03285138557354609
0 0.34446102380752563 0.540574312210083 0.03285138557354609 0.03285138557354609
0 0.33629941940307617 0.6160030961036682 0.03285138557354609 0.03285138557354609
0 0.3273632824420929 0.6985898613929749 0.03285138557354609 0.03285138557354609
0 0.4435865879058838 0.29391083121299744 0.03285138557354609 0.03285138557354609
0 0.44047173857688904 0.3484269678592682 0.03285138557354609 0.03285138557354609
0 0.4371079206466675 0.40730106830596924 0.03285138557354609 0.03285138557354609
0 0.433463990688324 0.47107750177383423 0.03285138557354609 0.03285138557354609
0 0.4295034408569336 0.5403950810432434 0.03285138557354609 0.03285138557354609
0 0.42518317699432373 0.6160088777542114 0.03285138557354609 0.03285138557354609
0 0.4204517900943756 0.6988174915313721 0.03285138557354609 0.03285138557354609
0 0.5163977742195129 0.29324203729629517 0.03285138557354609 0.03285138557354609
0 0.5160806179046631 0.3478507995605469 0.03285138557354609 0.03285138557354609
0 0.5157380700111389 0.40683481097221375 0.03285138557354609 0.03285138557354609
0 0.5153669118881226 0.47074180841445923 0.03285138557354609 0.03285138557354609
0 0.5149634480476379 0.540215015411377 0.03285138557354609 0.03285138557354609
0 0.5145232677459717 0.6160147190093994 0.03285138557354609 0.03285138557354609
0 0.5140410661697388 0.6990463137626648 0.03285138557354609 0.03285138557354609
0 0.5895140767097473 0.29257044196128845 0.03285138557354609 0.03285138557354609
0 0.5920186042785645 0.347272127866745 0.03285138557354609 0.03285138557354609
0 0.5947242379188538 0.4063664376735687 0.03285138557354609 0.03285138557354609
0 0.59765625 0.47040456533432007 0.03285138557354609 0.03285138557354609
0 0.6008442044258118 0.5400340557098389 0.03285138557354609 0.03285138557354609
0 0.6043232679367065 0.6160205602645874 0.03285138557354609 0.03285138557354609
0 0.6081351041793823 0.6992763876914978 0.03285138557354609 0.03285138557354609
0 0.6629374623298645 0.2918960154056549 0.03285138557354609 0.03285138557354609
0 0.6682878136634827 0.34669092297554016 0.03285138557354609 0.03285138557354609
0 0.674068808555603 0.4058959186077118 0.03285138557354609 0.03285138557354609
0 0.6803345680236816 0.470065712928772 0.03285138557354609 0.03285138557354609
0 0.6871487498283386 0.5398521423339844 0.03285138557354609 0.03285138557354609
0 0.6945866346359253 0.6160264611244202 0.03285138557354609 0.03285138557354609
0 0.7027380466461182 0.6995076537132263 0.03285138557354609 0.03285138557354609
0 0.7366698980331421 0.29121875762939453 0.03285138557354609 0.03285138557354609
0 0.7448905110359192 0.3461071848869324 0.03285138557354609 0.03285138557354609
0 0.7537742257118225 0.40542328357696533 0.03285138557354609 0.03285138557354609
0 0.7634047269821167 0.46972525119781494 0.03285138557354609 0.03285138557354609
0 0.7738802433013916 0.539669394493103 0.03285138557354609 0.03285138557354609
0 0.7853171229362488 0.6160323619842529 0.03285138557354609 0.03285138557354609
0 0.7978540062904358 0.6997402310371399 0.03285138557354609 0.03285138557354609