0 0.6954458951950073 0.18423417210578918 0.025264747440814975 0.03368632992108663
0 0.6270194053649902 0.18649330735206604 0.025264747440814975 0.03368632992108663
0 0.5588502287864685 0.1887439638376236 0.025264747440814975 0.03368632992108663
0 0.49093687534332275 0.19098617136478424 0.025264747440814975 0.03368632992108663
0 0.42327797412872314 0.19321997463703156 0.025264747440814975 0.03368632992108663
0 0.35587209463119507 0.19544541835784912 0.025264747440814975 0.03368632992108663
0 0.28871774673461914 0.1976625621318817 0.025264747440814975 0.03368632992108663
0 0.7059007287025452 0.25041213631629944 0.025264747440814975 0.03368632992108663
0 0.6340652704238892 0.2526523172855377 0.025264747440814975 0.03368632992108663
0 0.5625132918357849 0.25488367676734924 0.025264747440814975 0.03368632992108663
0 0.49124306440353394 0.257106214761734 0.025264747440814975 0.03368632992108663
0 0.4202530086040497 0.2593200206756592 0.025264747440814975 0.03368632992108663
0 0.34954142570495605 0.26152515411376953 0.025264747440814975 0.03368632992108663
0 0.2791067063808441 0.26372164487838745 0.025264747440814975 0.03368632992108663
0 0.7174472808837891 0.3234999179840088 0.025264747440814975 0.03368632992108663
0 0.6418452858924866 0.32570478320121765 0.025264747440814975 0.03368632992108663
0 0.5665572285652161 0.3279004693031311 0.025264747440814975 0.03368632992108663
0 0.4915810227394104 0.3300870954990387 0.025264747440814975 0.03368632992108663
0 0.41691479086875916 0.3322646915912628 0.025264747440814975 0.03368632992108663
0 0.34255659580230713 0.33443325757980347 0.025264747440814975 0.03368632992108663
0 0.2685045599937439 0.3365929424762726 0.025264747440814975 0.03368632992108663
0 0.730265736579895 0.40463927388191223 0.025264747440814975 0.03368632992108663
0 0.6504805684089661 0.40678727626800537 0.025264747440814975 0.03368632992108663
0 0.5710446834564209 0.408925861120224 0.025264747440814975 0.03368632992108663
0 0.49195596575737 0.4110551178455353 0.025264747440814975 0.03368632992108663
0 0.41321203112602234 0.4131750762462616 0.025264747440814975 0.03368632992108663
0 0.33481067419052124 0.4152858257293701 0.025264747440814975 0.03368632992108663
0 0.2567496597766876 0.4173874258995056 0.025264747440814975 0.03368632992108663
0 0.7445787191390991 0.4952382445335388 0.025264747440814975 0.03368632992108663
0 0.6601201891899109 0.49730080366134644 0.025264747440814975 0.03368632992108663
0 0.5760529637336731 0.49935382604599 0.025264747440814975 0.03368632992108663
0 0.4923743009567261 0.5013973116874695 0.025264747440814975 0.03368632992108663
0 0.4090815782546997 0.5034314393997192 0.025264747440814975 0.03368632992108663
0 0.3261720538139343 0.5054561495780945 0.025264747440814975 0.03368632992108663
0 0.2436431646347046 0.5074716210365295 0.025264747440814975 0.03368632992108663
0 0.760663628578186 0.597053587436676 0.025264747440814975 0.03368632992108663
0 0.6709502935409546 0.5989924669265747 0.025264747440814975 0.03368632992108663
0 0.5816781520843506 0.6009218692779541 0.025264747440814975 0.03368632992108663
0 0.4928440749645233 0.6028417944908142 0.025264747440814975 0.03368632992108663
0 0.40444475412368774 0.6047523021697998 0.025264747440814975 0.03368632992108663
0 0.3164770305156708 0.6066534519195557 0.025264747440814975 0.03368632992108663
0 0.2289377748966217 0.6085454225540161 0.025264747440814975 0.03368632992108663
0 0.7788712978363037 0.7123055458068848 0.025264747440814975 0.03368632992108663
0 0.6832058429718018 0.7140692472457886 0.025264747440814975 0.03368632992108663
0 0.5880418419837952 0.7158236503601074 0.025264747440814975 0.03368632992108663
0 0.49337533116340637 0.7175689339637756 0.025264747440814975 0.03368632992108663
0 0.3992023766040802 0.7193050980567932 0.025264747440814975 0.03368632992108663
0 0.3055191934108734 0.7210322618484497 0.025264747440814975 0.03368632992108663
0 0.2123219072818756 0.7227504849433899 0.025264747440814975 0.03368632992108663