0 0.7064838409423828 0.160530224442482 0.022769296712552508 0.03404754648605982
0 0.6305680274963379 0.1601002812385559 0.022769296712552508 0.03404754648605982
0 0.554279088973999 0.1596682369709015 0.022769296712552508 0.03404754648605982
0 0.47761425375938416 0.15923406183719635 0.022769296712552508 0.03404754648605982
0 0.40057072043418884 0.1587977409362793 0.022769296712552508 0.03404754648605982
0 0.32314568758010864 0.15835925936698914 0.022769296712552508 0.03404754648605982
0 0.2453363537788391 0.15791860222816467 0.022769296712552508 0.03404754648605982
0 0.7178924679756165 0.24077148735523224 0.022769296712552508 0.03404754648605982
0 0.6392313241958618 0.24052974581718445 0.022769296712552508 0.03404754648605982
0 0.5601693987846375 0.24028676748275757 0.022769296712552508 0.03404754648605982
0 0.4807036519050598 0.2400425523519516 0.022769296712552508 0.03404754648605982
0 0.4008308947086334 0.23979708552360535 0.022769296712552508 0.03404754648605982
0 0.32054802775382996 0.2395503669977188 0.022769296712552508 0.03404754648605982
0 0.2398519068956375 0.2393023669719696 0.022769296712552508 0.03404754648605982
0 0.7301642298698425 0.32708391547203064 0.022769296712552508 0.03404754648605982
0 0.6485518217086792 0.32706066966056824 0.022769296712552508 0.03404754648605982
0 0.5665077567100525 0.3270372748374939 0.022769296712552508 0.03404754648605982
0 0.4840286374092102 0.32701376080513 0.022769296712552508 0.03404754648605982
0 0.4011109471321106 0.32699012756347656 0.022769296712552508 0.03404754648605982
0 0.3177511990070343 0.32696637511253357 0.022769296712552508 0.03404754648605982
0 0.2339458465576172 0.326942503452301 0.022769296712552508 0.03404754648605982
0 0.743401050567627 0.4201836585998535 0.022769296712552508 0.03404754648605982
0 0.6586072444915771 0.4204147160053253 0.022769296712552508 0.03404754648605982
0 0.573347270488739 0.4206470251083374 0.022769296712552508 0.03404754648605982
0 0.48761725425720215 0.42088064551353455 0.022769296712552508 0.03404754648605982
0 0.40141329169273376 0.42111554741859436 0.022769296712552508 0.03404754648605982
0 0.3147313892841339 0.42135176062583923 0.022769296712552508 0.03404754648605982
0 0.2275676280260086 0.4215892553329468 0.022769296712552508 0.03404754648605982
0 0.7577213048934937 0.5209040641784668 0.022769296712552508 0.03404754648605982
0 0.6694881319999695 0.5214320421218872 0.022769296712552508 0.03404754648605982
0 0.5807498693466187 0.5219630599021912 0.022769296712552508 0.03404754648605982
0 0.49150216579437256 0.5224971175193787 0.022769296712552508 0.03404754648605982
0 0.4017406404018402 0.5230342745780945 0.022769296712552508 0.03404754648605982
0 0.31146082282066345 0.5235745310783386 0.022769296712552508 0.03404754648605982
0 0.22065822780132294 0.5241178870201111 0.022769296712552508 0.03404754648605982
0 0.7732638120651245 0.6302207112312317 0.022769296712552508 0.03404754648605982
0 0.6813004016876221 0.631096601486206 0.022769296712552508 0.03404754648605982
0 0.5887880325317383 0.6319777965545654 0.022769296712552508 0.03404754648605982
0 0.49572160840034485 0.632864236831665 0.022769296712552508 0.03404754648605982
0 0.4020962715148926 0.6337560415267944 0.022769296712552508 0.03404754648605982
0 0.3079069256782532 0.6346531510353088 0.022769296712552508 0.03404754648605982
0 0.21314844489097595 0.6355557441711426 0.022769296712552508 0.03404754648605982
0 0.7901919484138489 0.7492831349372864 0.022769296712552508 0.03404754648605982
0 0.6941691040992737 0.7505684494972229 0.022769296712552508 0.03404754648605982
0 0.5975472331047058 0.7518618106842041 0.022769296712552508 0.03404754648605982
0 0.5003207921981812 0.75316321849823 0.022769296712552508 0.03404754648605982
0 0.4024840295314789 0.7544727921485901 0.022769296712552508 0.03404754648605982
0 0.3040311932563782 0.755790650844574 0.022769296712552508 0.03404754648605982
0 0.20495647192001343 0.7571167945861816 0.022769296712552508 0.03404754648605982