0 0.6837801933288574 0.22265715897083282 0.03422074764966965 0.03422074764966965
0 0.5975374579429626 0.22643306851387024 0.03422074764966965 0.03422074764966965
0 0.512752890586853 0.2301451414823532 0.03422074764966965 0.03422074764966965
0 0.42938998341560364 0.2337949573993683 0.03422074764966965 0.03422074764966965
0 0.34741315245628357 0.23738409578800201 0.03422074764966965 0.03422074764966965
0 0.26678815484046936 0.24091403186321259 0.03422074764966965 0.03422074764966965
0 0.1874818205833435 0.24438625574111938 0.03422074764966965 0.03422074764966965
0 0.6876319050788879 0.29706069827079773 0.03422074764966965 0.03422074764966965
0 0.5988311171531677 0.3002941608428955 0.03422074764966965 0.03422074764966965
0 0.5115753412246704 0.3034713864326477 0.03422074764966965 0.03422074764966965
0 0.42582470178604126 0.30659377574920654 0.03422074764966965 0.03422074764966965
0 0.34154054522514343 0.309662789106369 0.03422074764966965 0.03422074764966965
0 0.25868552923202515 0.3126797378063202 0.03422074764966965 0.03422074764966965
0 0.17722366750240326 0.3156459629535675 0.03422074764966965 0.03422074764966965
0 0.6917180418968201 0.37599197030067444 0.03422074764966965 0.03422074764966965
0 0.6002027988433838 0.3786093294620514 0.03422074764966965 0.03422074764966965
0 0.5103274583816528 0.3811798095703125 0.03422074764966965 0.03422074764966965
0 0.42204827070236206 0.38370463252067566 0.03422074764966965 0.03422074764966965
0 0.33532312512397766 0.3861849904060364 0.03422074764966965 0.03422074764966965
0 0.25011134147644043 0.38862210512161255 0.03422074764966965 0.03422074764966965
0 0.16637367010116577 0.39101701974868774 0.03422074764966965 0.03422074764966965
0 0.6960605978965759 0.4598771631717682 0.03422074764966965 0.03422074764966965
0 0.6016597747802734 0.4617939889431 0.03422074764966965 0.03422074764966965
0 0.5090026259422302 0.4636753797531128 0.03422074764966965 0.03422074764966965
0 0.41804131865501404 0.46552231907844543 0.03422074764966965 0.03422074764966965
0 0.32872965931892395 0.4673357903957367 0.03422074764966965 0.03422074764966965
0 0.2410232126712799 0.4691166579723358 0.03422074764966965 0.03422074764966965
0 0.15487909317016602 0.47086581587791443 0.03422074764966965 0.03422074764966965
0 0.7006845474243164 0.5491978526115417 0.03422074764966965 0.03422074764966965
0 0.6032102704048157 0.5503168106079102 0.03422074764966965 0.03422074764966965
0 0.5075936317443848 0.5514144897460938 0.03422074764966965 0.03422074764966965
0 0.4137820601463318 0.5524913668632507 0.03422074764966965 0.03422074764966965
0 0.32172492146492004 0.5535481572151184 0.03422074764966965 0.03422074764966965
0 0.23137347400188446 0.5545853972434998 0.03422074764966965 0.03422074764966965
0 0.14268071949481964 0.555603563785553 0.03422074764966965 0.03422074764966965
0 0.7056182026863098 0.6444999575614929 0.03422074764966965 0.03422074764966965
0 0.6048635244369507 0.6447087526321411 0.03422074764966965 0.03422074764966965
0 0.5060921311378479 0.6449134349822998 0.03422074764966965 0.03422074764966965
0 0.40924593806266785 0.6451141238212585 0.03422074764966965 0.03422074764966965
0 0.3142692446708679 0.6453109979629517 0.03422074764966965 0.03422074764966965
0 0.22110842168331146 0.6455039978027344 0.03422074764966965 0.03422074764966965
0 0.12971188127994537 0.6456934213638306 0.03422074764966965 0.03422074764966965
0 0.7108936309814453 0.7464051842689514 0.03422074764966965 0.03422074764966965
0 0.6066302061080933 0.7455735206604004 0.03422074764966965 0.03422074764966965
0 0.5044887065887451 0.7447587847709656 0.03422074764966965 0.03422074764966965
0 0.40440499782562256 0.743960440158844 0.03422074764966965 0.03422074764966965
0 0.3063175678253174 0.7431780099868774 0.03422074764966965 0.03422074764966965
0 0.21016724407672882 0.7424110174179077 0.03422074764966965 0.03422074764966965
0 0.11589720845222473 0.7416591048240662 0.03422074764966965 0.03422074764966965