0 0.30788329243659973 0.373420387506485 0.019663190469145775 0.026217587292194366
0 0.3025229275226593 0.43734243512153625 0.019663190469145775 0.026217587292194366
0 0.2968437075614929 0.5050668120384216 0.019663190469145775 0.026217587292194366
0 0.2908162772655487 0.5769431591033936 0.019663190469145775 0.026217587292194366
0 0.2844076454639435 0.6533654928207397 0.019663190469145775 0.026217587292194366
0 0.27758046984672546 0.7347790002822876 0.019663190469145775 0.026217587292194366
0 0.27029234170913696 0.8216893076896667 0.019663190469145775 0.026217587292194366
0 0.3713851571083069 0.3748573362827301 0.019663190469145775 0.026217587292194366
0 0.3678620457649231 0.4387642443180084 0.019663190469145775 0.026217587292194366
0 0.36412954330444336 0.5064691305160522 0.019663190469145775 0.026217587292194366
0 0.3601683974266052 0.5783208608627319 0.019663190469145775 0.026217587292194366
0 0.3559570014476776 0.6547126173973083 0.019663190469145775 0.026217587292194366
0 0.35147079825401306 0.7360886335372925 0.019663190469145775 0.026217587292194366
0 0.34668204188346863 0.8229531645774841 0.019663190469145775 0.026217587292194366
0 0.4347778260707855 0.37629181146621704 0.019663190469145775 0.026217587292194366
0 0.43308553099632263 0.44018352031707764 0.019663190469145775 0.026217587292194366
0 0.4312927722930908 0.5078688859939575 0.019663190469145775 0.026217587292194366
0 0.4293903112411499 0.579695999622345 0.019663190469145775 0.026217587292194366
0 0.4273677468299866 0.6560571789741516 0.019663190469145775 0.026217587292194366
0 0.4252133369445801 0.7373955845832825 0.019663190469145775 0.026217587292194366
0 0.4229137897491455 0.8242143392562866 0.019663190469145775 0.026217587292194366
0 0.49806153774261475 0.3777238428592682 0.019663190469145775 0.026217587292194366
0 0.4981937110424042 0.44160032272338867 0.019663190469145775 0.026217587292194366
0 0.49833375215530396 0.5092660784721375 0.019663190469145775 0.026217587292194366
0 0.498482346534729 0.5810685753822327 0.019663190469145775 0.026217587292194366
0 0.4986402988433838 0.6573991179466248 0.019663190469145775 0.026217587292194366
0 0.49880853295326233 0.7386999726295471 0.019663190469145775 0.026217587292194366
0 0.4989881217479706 0.8254729509353638 0.019663190469145775 0.026217587292194366
0 0.561236560344696 0.37915340065956116 0.019663190469145775 0.026217587292194366
0 0.5631868839263916 0.44301462173461914 0.019663190469145775 0.026217587292194366
0 0.5652527809143066 0.510660707950592 0.019663190469145775 0.026217587292194366
0 0.5674448609352112 0.5824385285377502 0.019663190469145775 0.026217587292194366
0 0.5697750449180603 0.6587384343147278 0.019663190469145775 0.026217587292194366
0 0.5722568035125732 0.7400017380714417 0.019663190469145775 0.026217587292194366
0 0.5749054551124573 0.8267289400100708 0.019663190469145775 0.026217587292194366
0 0.6243032813072205 0.38058048486709595 0.019663190469145775 0.026217587292194366
0 0.6280653476715088 0.44442638754844666 0.019663190469145775 0.026217587292194366
0 0.6320502758026123 0.5120528340339661 0.019663190469145775 0.026217587292194366
0 0.6362782716751099 0.5838059186935425 0.019663190469145775 0.026217587292194366
0 0.6407724618911743 0.6600751876831055 0.019663190469145775 0.026217587292194366
0 0.6455586552619934 0.7413008809089661 0.019663190469145775 0.026217587292194366
0 0.650666356086731 0.8279823660850525 0.019663190469145775 0.026217587292194366
0 0.6872618794441223 0.38200515508651733 0.019663190469145775 0.026217587292194366
0 0.692829430103302 0.4458357095718384 0.019663190469145775 0.026217587292194366
0 0.6987264156341553 0.5134424567222595 0.019663190469145775 0.026217587292194366
0 0.7049829363822937 0.5851707458496094 0.019663190469145775 0.026217587292194366
0 0.7116328477859497 0.6614093780517578 0.019663190469145775 0.026217587292194366
0 0.7187144160270691 0.7425974607467651 0.019663190469145775 0.026217587292194366
0 0.7262712121009827 0.8292332291603088 0.019663190469145775 0.026217587292194366