0 0.30394822359085083 0.6481716632843018 0.020396707579493523 0.027195610105991364
0 0.3806045651435852 0.6479484438896179 0.020396707579493523 0.027195610105991364
0 0.4576169550418854 0.6477241516113281 0.020396707579493523 0.027195610105991364
0 0.5349878668785095 0.6474988460540771 0.020396707579493523 0.027195610105991364
0 0.6127198338508606 0.647272527217865 0.020396707579493523 0.027195610105991364
0 0.6908154487609863 0.6470450758934021 0.020396707579493523 0.027195610105991364
0 0.7692771553993225 0.646816611289978 0.020396707579493523 0.027195610105991364
0 0.31407880783081055 0.5608345866203308 0.020396707579493523 0.027195610105991364
0 0.3871680796146393 0.5604289770126343 0.020396707579493523 0.027195610105991364
0 0.4605809152126312 0.5600215196609497 0.020396707579493523 0.027195610105991364
0 0.5343194603919983 0.5596122741699219 0.020396707579493523 0.027195610105991364
0 0.6083858609199524 0.559201180934906 0.020396707579493523 0.027195610105991364
0 0.6827823519706726 0.5587882399559021 0.020396707579493523 0.027195610105991364
0 0.7575111389160156 0.5583735108375549 0.020396707579493523 0.027195610105991364
0 0.32330501079559326 0.4812943935394287 0.020396707579493523 0.027195610105991364
0 0.393144428730011 0.4807390868663788 0.020396707579493523 0.027195610105991364
0 0.4632791578769684 0.48018142580986023 0.020396707579493523 0.027195610105991364
0 0.5337110757827759 0.47962138056755066 0.020396707579493523 0.027195610105991364
0 0.6044420599937439 0.47905898094177246 0.020396707579493523 0.027195610105991364
0 0.6754740476608276 0.47849416732788086 0.020396707579493523 0.027195610105991364
0 0.7468089461326599 0.47792696952819824 0.020396707579493523 0.027195610105991364
0 0.3317427635192871 0.40855154395103455 0.020396707579493523 0.027195610105991364
0 0.3986090123653412 0.40787309408187866 0.020396707579493523 0.027195610105991364
0 0.4657458961009979 0.4071919023990631 0.020396707579493523 0.027195610105991364
0 0.5331550240516663 0.4065079689025879 0.020396707579493523 0.027195610105991364
0 0.6008380651473999 0.4058212339878082 0.020396707579493523 0.027195610105991364
0 0.6687966585159302 0.4051316976547241 0.020396707579493523 0.027195610105991364
0 0.7370325922966003 0.40443935990333557 0.020396707579493523 0.027195610105991364
0 0.3394889831542969 0.3417704105377197 0.020396707579493523 0.027195610105991364
0 0.40362486243247986 0.34099048376083374 0.020396707579493523 0.027195610105991364
0 0.4680096507072449 0.3402075469493866 0.020396707579493523 0.027195610105991364
0 0.5326448082923889 0.3394215703010559 0.020396707579493523 0.027195610105991364
0 0.5975316762924194 0.3386325538158417 0.020396707579493523 0.027195610105991364
0 0.6626718640327454 0.33784040808677673 0.020396707579493523 0.027195610105991364
0 0.7280668020248413 0.33704519271850586 0.020396707579493523 0.027195610105991364
0 0.34662532806396484 0.28024694323539734 0.020396707579493523 0.027195610105991364
0 0.40824511647224426 0.2793833613395691 0.020396707579493523 0.027195610105991364
0 0.47009456157684326 0.2785165309906006 0.020396707579493523 0.027195610105991364
0 0.5321749448776245 0.2776464819908142 0.020396707579493523 0.027195610105991364
0 0.5944876074790955 0.2767731845378876 0.020396707579493523 0.027195610105991364
0 0.6570338010787964 0.2758966088294983 0.020396707579493523 0.027195610105991364
0 0.7198148965835571 0.27501675486564636 0.020396707579493523 0.027195610105991364
0 0.3532211184501648 0.22338376939296722 0.020396707579493523 0.027195610105991364
0 0.41251474618911743 0.22245119512081146 0.020396707579493523 0.027195610105991364
0 0.4720209538936615 0.22151526808738708 0.020396707579493523 0.027195610105991364
0 0.5317409038543701 0.2205759733915329 0.020396707579493523 0.027195610105991364
0 0.5916757583618164 0.2196332961320877 0.020396707579493523 0.027195610105991364
0 0.6518266797065735 0.2186872363090515 0.020396707579493523 0.027195610105991364
0 0.7121948003768921 0.21773774921894073 0.020396707579493523 0.027195610105991364