0 0.3056131899356842 0.7289997339248657 0.029997607072194416 0.029997607072194416
0 0.3981188237667084 0.7221410870552063 0.029997607072194416 0.029997607072194416
0 0.4885629117488861 0.715435266494751 0.029997607072194416 0.029997607072194416
0 0.5770136117935181 0.7088772654533386 0.029997607072194416 0.029997607072194416
0 0.6635361313819885 0.7024622559547424 0.029997607072194416 0.029997607072194416
0 0.7481927871704102 0.6961855292320251 0.029997607072194416 0.029997607072194416
0 0.8310434222221375 0.6900427341461182 0.029997607072194416 0.029997607072194416
0 0.3028316795825958 0.6381650567054749 0.029997607072194416 0.029997607072194416
0 0.393191933631897 0.6324672102928162 0.029997607072194416 0.029997607072194416
0 0.4815853536128998 0.6268934011459351 0.029997607072194416 0.029997607072194416
0 0.56807541847229 0.6214396357536316 0.029997607072194416 0.029997607072194416
0 0.652722954750061 0.6161020398139954 0.029997607072194416 0.029997607072194416
0 0.7355862259864807 0.6108769178390503 0.029997607072194416 0.029997607072194416
0 0.8167210221290588 0.6057608127593994 0.029997607072194416 0.029997607072194416
0 0.3001793920993805 0.5515509247779846 0.029997607072194416 0.029997607072194416
0 0.38849154114723206 0.5469151139259338 0.029997607072194416 0.029997607072194416
0 0.47492507100105286 0.5423780083656311 0.029997607072194416 0.029997607072194416
0 0.5595393776893616 0.5379363298416138 0.029997607072194416 0.029997607072194416
0 0.6423912048339844 0.5335872173309326 0.029997607072194416 0.029997607072194416
0 0.7235351204872131 0.5293277502059937 0.029997607072194416 0.029997607072194416
0 0.8030233979225159 0.5251551866531372 0.029997607072194416 0.029997607072194416
0 0.2976475656032562 0.46886971592903137 0.029997607072194416 0.029997607072194416
0 0.38400232791900635 0.46520698070526123 0.029997607072194416 0.029997607072194416
0 0.46856096386909485 0.4616204500198364 0.029997607072194416 0.029997607072194416
0 0.5513789653778076 0.45810773968696594 0.029997607072194416 0.029997607072194416
0 0.6325095295906067 0.4546665847301483 0.029997607072194416 0.029997607072194416
0 0.7120037078857422 0.45129483938217163 0.029997607072194416 0.029997607072194416
0 0.7899104952812195 0.44799044728279114 0.029997607072194416 0.029997607072194416
0 0.29522812366485596 0.3898596167564392 0.029997607072194416 0.029997607072194416
0 0.3797103762626648 0.38708943128585815 0.029997607072194416 0.029997607072194416
0 0.46247366070747375 0.38437560200691223 0.029997607072194416 0.029997607072194416
0 0.5435699820518494 0.38171643018722534 0.029997607072194416 0.029997607072194416
0 0.6230490803718567 0.37911030650138855 0.029997607072194416 0.029997607072194416
0 0.7009590268135071 0.3765556216239929 0.029997607072194416 0.029997607072194416
0 0.7773456573486328 0.37405088543891907 0.029997607072194416 0.029997607072194416
0 0.2929137945175171 0.3142813742160797 0.029997607072194416 0.029997607072194416
0 0.37560299038887024 0.31233084201812744 0.029997607072194416 0.029997607072194416
0 0.45664551854133606 0.31041914224624634 0.029997607072194416 0.029997607072194416
0 0.536090075969696 0.30854514241218567 0.029997607072194416 0.029997607072194416
0 0.6139835715293884 0.3067077100276947 0.029997607072194416 0.029997607072194416
0 0.6903708577156067 0.30490583181381226 0.029997607072194416 0.029997607072194416
0 0.7652952671051025 0.30313846468925476 0.029997607072194416 0.029997607072194416
0 0.29069784283638 0.24191617965698242 0.029997607072194416 0.029997607072194416
0 0.3716684877872467 0.24071915447711945 0.029997607072194416 0.029997607072194416
0 0.45106029510498047 0.23954546451568604 0.029997607072194416 0.029997607072194416
0 0.5289190411567688 0.23839443922042847 0.029997607072194416 0.029997607072194416
0 0.6052886247634888 0.2372654229402542 0.029997607072194416 0.029997607072194416
0 0.6802114844322205 0.23615780472755432 0.029997607072194416 0.029997607072194416
0 0.7537282705307007 0.23507095873355865 0.029997607072194416 0.029997607072194416