0 0.26762688159942627 0.2903674840927124 0.03376580278078715 0.03376580278078715
0 0.2595999538898468 0.35057637095451355 0.03376580278078715 0.03376580278078715
0 0.2509971857070923 0.415104478597641 0.03376580278078715 0.03376580278078715
0 0.24175432324409485 0.4844338595867157 0.03376580278078715 0.03376580278078715
0 0.23179715871810913 0.5591210722923279 0.03376580278078715 0.03376580278078715
0 0.2210395634174347 0.6398122310638428 0.03376580278078715 0.03376580278078715
0 0.20938096940517426 0.7272616028785706 0.03376580278078715 0.03376580278078715
0 0.34399399161338806 0.2889859974384308 0.03376580278078715 0.03376580278078715
0 0.338596910238266 0.34930869936943054 0.03376580278078715 0.03376580278078715
0 0.3328115940093994 0.41397082805633545 0.03376580278078715 0.03376580278078715
0 0.3265945613384247 0.48345810174942017 0.03376580278078715 0.03376580278078715
0 0.3198956549167633 0.5583315491676331 0.03376580278078715 0.03376580278078715
0 0.3126565217971802 0.6392426490783691 0.03376580278078715 0.03376580278078715
0 0.3048091530799866 0.7269523739814758 0.03376580278078715 0.03376580278078715
0 0.4207587242126465 0.28759729862213135 0.03376580278078715 0.03376580278078715
0 0.41801953315734863 0.34803417325019836 0.03376580278078715 0.03376580278078715
0 0.41508275270462036 0.41283082962036133 0.03376580278078715 0.03376580278078715
0 0.4119262099266052 0.48247668147087097 0.03376580278078715 0.03376580278078715
0 0.40852421522140503 0.5575372576713562 0.03376580278078715 0.03376580278078715
0 0.40484705567359924 0.638669490814209 0.03376580278078715 0.03376580278078715
0 0.40085992217063904 0.7266411781311035 0.03376580278078715 0.03376580278078715
0 0.49792423844337463 0.2862013280391693 0.03376580278078715 0.03376580278078715
0 0.4978713095188141 0.34675276279449463 0.03376580278078715 0.03376580278078715
0 0.4978145360946655 0.41168445348739624 0.03376580278078715 0.03376580278078715
0 0.4977535009384155 0.4814895689487457 0.03376580278078715 0.03376580278078715
0 0.4976876974105835 0.5567381381988525 0.03376580278078715 0.03376580278078715
0 0.49761655926704407 0.6380926966667175 0.03376580278078715 0.03376580278078715
0 0.4975394010543823 0.7263279557228088 0.03376580278078715 0.03376580278078715
0 0.5754936933517456 0.2847980856895447 0.03376580278078715 0.03376580278078715
0 0.5781556963920593 0.34546440839767456 0.03376580278078715 0.03376580278078715
0 0.5810107588768005 0.4105316698551178 0.03376580278078715 0.03376580278078715
0 0.5840807557106018 0.48049670457839966 0.03376580278078715 0.03376580278078715
0 0.5873908996582031 0.5559341907501221 0.03376580278078715 0.03376580278078715
0 0.5909704566001892 0.6375123262405396 0.03376580278078715 0.03376580278078715
0 0.5948537588119507 0.726012647151947 0.03376580278078715 0.03376580278078715
0 0.6534702777862549 0.2833874523639679 0.03376580278078715 0.03376580278078715
0 0.6588761806488037 0.34416908025741577 0.03376580278078715 0.03376580278078715
0 0.6646754145622253 0.40937235951423645 0.03376580278078715 0.03376580278078715
0 0.6709124445915222 0.479498028755188 0.03376580278078715 0.03376580278078715
0 0.6776387691497803 0.55512535572052 0.03376580278078715 0.03376580278078715
0 0.6849143505096436 0.6369282603263855 0.03376580278078715 0.03376580278078715
0 0.6928092837333679 0.7256952524185181 0.03376580278078715 0.03376580278078715
0 0.7318571209907532 0.28196942806243896 0.03376580278078715 0.03376580278078715
0 0.7400364279747009 0.3428666889667511 0.03376580278078715 0.03376580278078715
0 0.7488124370574951 0.4082065224647522 0.03376580278078715 0.03376580278078715
0 0.7582528591156006 0.47849351167678833 0.03376580278078715 0.03376580278078715
0 0.7684362530708313 0.5543116331100464 0.03376580278078715 0.03376580278078715
0 0.7794537544250488 0.6363404393196106 0.03376580278078715 0.03376580278078715
0 0.7914124131202698 0.725375771522522 0.03376580278078715 0.03376580278078715