0 0.7079839110374451 0.18566633760929108 0.02460901252925396 0.032812016705671944
0 0.6398614048957825 0.18742020428180695 0.02460901252925396 0.032812016705671944
0 0.571933925151825 0.18916906416416168 0.02460901252925396 0.032812016705671944
0 0.5042005777359009 0.19091291725635529 0.02460901252925396 0.032812016705671944
0 0.4366605579853058 0.19265179336071014 0.02460901252925396 0.032812016705671944
0 0.3693130314350128 0.19438570737838745 0.02460901252925396 0.032812016705671944
0 0.3021571636199951 0.1961147040128708 0.02460901252925396 0.032812016705671944
0 0.718790590763092 0.24928241968154907 0.02460901252925396 0.032812016705671944
0 0.6474578976631165 0.2510230839252472 0.02460901252925396 0.032812016705671944
0 0.5763388872146606 0.2527585029602051 0.02460901252925396 0.032812016705671944
0 0.505432665348053 0.2544887661933899 0.02460901252925396 0.032812016705671944
0 0.43473824858665466 0.25621384382247925 0.02460901252925396 0.032812016705671944
0 0.3642547130584717 0.2579337954521179 0.02460901252925396 0.032812016705671944
0 0.2939811050891876 0.2596485912799835 0.02460901252925396 0.032812016705671944
0 0.7306622266769409 0.3191673159599304 0.02460901252925396 0.032812016705671944
0 0.6558017134666443 0.3208836019039154 0.02460901252925396 0.032812016705671944
0 0.5811765193939209 0.3225944936275482 0.02460901252925396 0.032812016705671944
0 0.5067855715751648 0.32429999113082886 0.02460901252925396 0.032812016705671944
0 0.43262767791748047 0.3260001540184021 0.02460901252925396 0.032812016705671944
0 0.35870182514190674 0.32769501209259033 0.02460901252925396 0.032812016705671944
0 0.28500691056251526 0.32938456535339355 0.02460901252925396 0.032812016705671944
0 0.743764340877533 0.3962956964969635 0.02460901252925396 0.032812016705671944
0 0.6650089621543884 0.39797306060791016 0.02460901252925396 0.032812016705671944
0 0.5865139365196228 0.3996449112892151 0.02460901252925396 0.032812016705671944
0 0.5082780122756958 0.4013112187385559 0.02460901252925396 0.032812016705671944
0 0.4302998185157776 0.4029720425605774 0.02460901252925396 0.032812016705671944
0 0.35257813334465027 0.40462741255760193 0.02460901252925396 0.032812016705671944
0 0.27511173486709595 0.4062773287296295 0.02460901252925396 0.032812016705671944
0 0.7582986354827881 0.48185524344444275 0.02460901252925396 0.032812016705671944
0 0.6752209067344666 0.4834747612476349 0.02460901252925396 0.032812016705671944
0 0.5924327969551086 0.48508861660957336 0.02460901252925396 0.032812016705671944
0 0.5099326968193054 0.48669686913490295 0.02460901252925396 0.032812016705671944
0 0.42771923542022705 0.48829954862594604 0.02460901252925396 0.032812016705671944
0 0.3457908630371094 0.48989665508270264 0.02460901252925396 0.032812016705671944
0 0.264146089553833 0.4914882183074951 0.02460901252925396 0.032812016705671944
0 0.7745136618614197 0.5773083567619324 0.02460901252925396 0.032812016705671944
0 0.686611533164978 0.5788450837135315 0.02460901252925396 0.032812016705671944
0 0.5990334749221802 0.5803760886192322 0.02460901252925396 0.032812016705671944
0 0.5117777585983276 0.581901490688324 0.02460901252925396 0.032812016705671944
0 0.4248424470424652 0.5834212899208069 0.02460901252925396 0.032812016705671944
0 0.33822593092918396 0.5849354863166809 0.02460901252925396 0.032812016705671944
0 0.25192639231681824 0.5864441990852356 0.02460901252925396 0.032812016705671944
0 0.7927187085151672 0.684476375579834 0.02460901252925396 0.032812016705671944
0 0.6993973851203918 0.685897171497345 0.02460901252925396 0.032812016705671944
0 0.6064411401748657 0.6873123645782471 0.02460901252925396 0.032812016705671944
0 0.513847827911377 0.6887220740318298 0.02460901252925396 0.032812016705671944
0 0.4216153621673584 0.6901262998580933 0.02460901252925396 0.032812016705671944
0 0.32974159717559814 0.6915250420570374 0.02460901252925396 0.032812016705671944
0 0.23822441697120667 0.6929183602333069 0.02460901252925396 0.032812016705671944