0 0.7063928842544556 0.16004768013954163 0.022741078725084664 0.03400535136461258
0 0.6307248473167419 0.15993154048919678 0.022741078725084664 0.03400535136461258
0 0.5546365976333618 0.1598147600889206 0.022741078725084664 0.03400535136461258
0 0.4781247079372406 0.15969732403755188 0.022741078725084664 0.03400535136461258
0 0.4011855721473694 0.15957924723625183 0.022741078725084664 0.03400535136461258
0 0.32381561398506165 0.15946048498153687 0.022741078725084664 0.03400535136461258
0 0.24601121246814728 0.15934108197689056 0.022741078725084664 0.03400535136461258
0 0.7177026271820068 0.23997804522514343 0.022741078725084664 0.03400535136461258
0 0.6393007636070251 0.24008706212043762 0.022741078725084664 0.03400535136461258
0 0.5604475736618042 0.24019670486450195 0.022741078725084664 0.03400535136461258
0 0.4811391234397888 0.24030697345733643 0.022741078725084664 0.03400535136461258
0 0.4013715386390686 0.24041788280010223 0.022741078725084664 0.03400535136461258
0 0.32114076614379883 0.24052943289279938 0.022741078725084664 0.03400535136461258
0 0.24044278264045715 0.24064163863658905 0.022741078725084664 0.03400535136461258
0 0.7298681735992432 0.32595640420913696 0.022741078725084664 0.03400535136461258
0 0.6485275030136108 0.3263256549835205 0.022741078725084664 0.03400535136461258
0 0.56670081615448 0.32669711112976074 0.022741078725084664 0.03400535136461258
0 0.4843837022781372 0.32707083225250244 0.022741078725084664 0.03400535136461258
0 0.40157175064086914 0.32744675874710083 0.022741078725084664 0.03400535136461258
0 0.3182604908943176 0.32782498002052307 0.022741078725084664 0.03400535136461258
0 0.23444537818431854 0.3282054662704468 0.022741078725084664 0.03400535136461258
0 0.7429903745651245 0.4186961352825165 0.022741078725084664 0.03400535136461258
0 0.6584821343421936 0.41936710476875305 0.022741078725084664 0.03400535136461258
0 0.573448896408081 0.4200422465801239 0.022741078725084664 0.03400535136461258
0 0.48788583278656006 0.4207216203212738 0.022741078725084664 0.03400535136461258
0 0.4017879068851471 0.42140522599220276 0.022741078725084664 0.03400535136461258
0 0.3151501417160034 0.42209309339523315 0.022741078725084664 0.03400535136461258
0 0.22796741127967834 0.42278531193733215 0.022741078725084664 0.03400535136461258
0 0.7571868300437927 0.5190275311470032 0.022741078725084664 0.03400535136461258
0 0.6692542433738708 0.5200494527816772 0.022741078725084664 0.03400535136461258
0 0.580752968788147 0.5210779905319214 0.022741078725084664 0.03400535136461258
0 0.4916774034500122 0.5221132040023804 0.022741078725084664 0.03400535136461258
0 0.40202200412750244 0.5231552124023438 0.022741078725084664 0.03400535136461258
0 0.31178101897239685 0.5242039561271667 0.022741078725084664 0.03400535136461258
0 0.22094875574111938 0.5252596139907837 0.022741078725084664 0.03400535136461258
0 0.7725949287414551 0.6279224753379822 0.022741078725084664 0.03400535136461258
0 0.6809489130973816 0.6293541789054871 0.022741078725084664 0.03400535136461258
0 0.588684618473053 0.6307955980300903 0.022741078725084664 0.03400535136461258
0 0.4957959055900574 0.6322467923164368 0.022741078725084664 0.03400535136461258
0 0.40227633714675903 0.6337078213691711 0.022741078725084664 0.03400535136461258
0 0.30811944603919983 0.635178804397583 0.022741078725084664 0.03400535136461258
0 0.21331873536109924 0.6366598010063171 0.022741078725084664 0.03400535136461258
0 0.7893767952919006 0.7465262413024902 0.022741078725084664 0.03400535136461258
0 0.6936898231506348 0.7484385371208191 0.022741078725084664 0.03400535136461258
0 0.5973284840583801 0.750364363193512 0.022741078725084664 0.03400535136461258
0 0.5002855062484741 0.7523037791252136 0.022741078725084664 0.03400535136461258
0 0.4025536775588989 0.7542569637298584 0.022741078725084664 0.03400535136461258
0 0.3041256070137024 0.7562240958213806 0.022741078725084664 0.03400535136461258
0 0.2049938589334488 0.758205235004425 0.022741078725084664 0.03400535136461258