0 0.6962595582008362 0.17752869427204132 0.025274986401200294 0.03369998186826706
0 0.6267237067222595 0.1803540587425232 0.025274986401200294 0.03369998186826706
0 0.5573136806488037 0.18317432701587677 0.025274986401200294 0.03369998186826706
0 0.48802903294563293 0.18598948419094086 0.025274986401200294 0.03369998186826706
0 0.4188694953918457 0.18879957497119904 0.025274986401200294 0.03369998186826706
0 0.34983474016189575 0.1916045844554901 0.025274986401200294 0.03369998186826706
0 0.28092437982559204 0.19440454244613647 0.025274986401200294 0.03369998186826706
0 0.7071057558059692 0.2442854940891266 0.025274986401200294 0.03369998186826706
0 0.6342784762382507 0.24718090891838074 0.025274986401200294 0.03369998186826706
0 0.5615891814231873 0.25007084012031555 0.025274986401200294 0.03369998186826706
0 0.4890373945236206 0.25295528769493103 0.025274986401200294 0.03369998186826706
0 0.4166227877140045 0.25583431124687195 0.025274986401200294 0.03369998186826706
0 0.3443449139595032 0.2587078809738159 0.025274986401200294 0.03369998186826706
0 0.2722034454345703 0.2615760266780853 0.025274986401200294 0.03369998186826706
0 0.7190273404121399 0.317660927772522 0.025274986401200294 0.03369998186826706
0 0.642581582069397 0.32062670588493347 0.025274986401200294 0.03369998186826706
0 0.5662877559661865 0.3235866129398346 0.025274986401200294 0.03369998186826706
0 0.4901454448699951 0.32654064893722534 0.025274986401200294 0.03369998186826706
0 0.41415417194366455 0.3294888138771057 0.025274986401200294 0.03369998186826706
0 0.3383135199546814 0.3324311673641205 0.025274986401200294 0.03369998186826706
0 0.26262301206588745 0.3353676497936249 0.025274986401200294 0.03369998186826706
0 0.7321924567222595 0.3986905813217163 0.025274986401200294 0.03369998186826706
0 0.651749849319458 0.401726096868515 0.025274986401200294 0.03369998186826706
0 0.5714753866195679 0.40475526452064514 0.025274986401200294 0.03369998186826706
0 0.49136868119239807 0.4077781140804291 0.025274986401200294 0.03369998186826706
0 0.41142913699150085 0.4107946455478668 0.025274986401200294 0.03369998186826706
0 0.33165621757507324 0.41380488872528076 0.025274986401200294 0.03369998186826706
0 0.25204944610595703 0.4168088734149933 0.025274986401200294 0.03369998186826706
0 0.7468065619468689 0.48863813281059265 0.025274986401200294 0.03369998186826706
0 0.6619260311126709 0.4917411804199219 0.025274986401200294 0.03369998186826706
0 0.5772327780723572 0.49483737349510193 0.025274986401200294 0.03369998186826706
0 0.4927261173725128 0.4979267716407776 0.025274986401200294 0.03369998186826706
0 0.40840551257133484 0.5010093450546265 0.025274986401200294 0.03369998186826706
0 0.3242702782154083 0.504085123538971 0.025274986401200294 0.03369998186826706
0 0.2403198480606079 0.5071541666984558 0.025274986401200294 0.03369998186826706
0 0.7631226778030396 0.589061439037323 0.025274986401200294 0.03369998186826706
0 0.6732860207557678 0.5922276377677917 0.025274986401200294 0.03369998186826706
0 0.5836591124534607 0.5953864455223083 0.025274986401200294 0.03369998186826706
0 0.4942411184310913 0.5985379219055176 0.025274986401200294 0.03369998186826706
0 0.40503135323524475 0.6016820073127747 0.025274986401200294 0.03369998186826706
0 0.3160291314125061 0.6048187613487244 0.025274986401200294 0.03369998186826706
0 0.2272336632013321 0.6079483032226562 0.025274986401200294 0.03369998186826706
0 0.7814565300941467 0.7019038200378418 0.025274986401200294 0.03369998186826706
0 0.6860491633415222 0.7051255702972412 0.025274986401200294 0.03369998186826706
0 0.5908781886100769 0.7083393335342407 0.025274986401200294 0.03369998186826706
0 0.49594274163246155 0.7115451097488403 0.025274986401200294 0.03369998186826706
0 0.4012420177459717 0.7147430181503296 0.025274986401200294 0.03369998186826706
0 0.3067750930786133 0.7179329991340637 0.025274986401200294 0.03369998186826706
0 0.2125411331653595 0.7211151123046875 0.025274986401200294 0.03369998186826706