0 0.7066453099250793 0.15842434763908386 0.022861472703516485 0.03418537974357605
0 0.6307612061500549 0.15831269323825836 0.022861472703516485 0.03418537974357605
0 0.5544806122779846 0.1582004576921463 0.022861472703516485 0.03418537974357605
0 0.4778003990650177 0.1580876260995865 0.022861472703516485 0.03418537974357605
0 0.40071743726730347 0.15797419846057892 0.022861472703516485 0.03418537974357605
0 0.3232285678386688 0.1578601747751236 0.022861472703516485 0.03418537974357605
0 0.2453305721282959 0.15774555504322052 0.022861472703516485 0.03418537974357605
0 0.7181535363197327 0.23872153460979462 0.022861472703516485 0.03418537974357605
0 0.6394968628883362 0.23882269859313965 0.022861472703516485 0.03418537974357605
0 0.5604140758514404 0.23892442882061005 0.022861472703516485 0.03418537974357605
0 0.4809015691280365 0.23902669548988342 0.022861472703516485 0.03418537974357605
0 0.4009558856487274 0.23912952840328217 0.022861472703516485 0.03418537974357605
0 0.32057347893714905 0.23923291265964508 0.022861472703516485 0.03418537974357605
0 0.23975077271461487 0.23933686316013336 0.022861472703516485 0.03418537974357605
0 0.7305422425270081 0.325162410736084 0.022861472703516485 0.03418537974357605
0 0.6489028334617615 0.3255099654197693 0.022861472703516485 0.03418537974357605
0 0.566804051399231 0.3258594870567322 0.022861472703516485 0.03418537974357605
0 0.4842419922351837 0.32621100544929504 0.022861472703516485 0.03418537974357605
0 0.40121278166770935 0.3265644609928131 0.022861472703516485 0.03418537974357605
0 0.31771236658096313 0.3269199728965759 0.022861472703516485 0.03418537974357605
0 0.2337367683649063 0.3272774815559387 0.022861472703516485 0.03418537974357605
0 0.7439165711402893 0.41848015785217285 0.022861472703516485 0.03418537974357605
0 0.6590592265129089 0.41911381483078003 0.022861472703516485 0.03418537974357605
0 0.5737053751945496 0.41975122690200806 0.022861472703516485 0.03418537974357605
0 0.487850546836853 0.42039233446121216 0.022861472703516485 0.03418537974357605
0 0.40149033069610596 0.4210372567176819 0.022861472703516485 0.03418537974357605
0 0.3146202564239502 0.42168596386909485 0.022861472703516485 0.03418537974357605
0 0.227235808968544 0.4223385155200958 0.022861472703516485 0.03418537974357605
0 0.7583989500999451 0.5195293426513672 0.022861472703516485 0.03418537974357605
0 0.6700597405433655 0.5204964280128479 0.022861472703516485 0.03418537974357605
0 0.5811820030212402 0.5214693546295166 0.022861472703516485 0.03418537974357605
0 0.491760790348053 0.5224483013153076 0.022861472703516485 0.03418537974357605
0 0.40179115533828735 0.5234332084655762 0.022861472703516485 0.03418537974357605
0 0.31126803159713745 0.5244241952896118 0.022861472703516485 0.03418537974357605
0 0.2201862782239914 0.5254212617874146 0.022861472703516485 0.03418537974357605
0 0.7741330862045288 0.6293123960494995 0.022861472703516485 0.03418537974357605
0 0.682013988494873 0.6306694746017456 0.022861472703516485 0.03418537974357605
0 0.5893089175224304 0.6320351362228394 0.022861472703516485 0.03418537974357605
0 0.49601224064826965 0.6334095597267151 0.022861472703516485 0.03418537974357605
0 0.40211835503578186 0.6347927451133728 0.022861472703516485 0.03418537974357605
0 0.30762141942977905 0.636184811592102 0.022861472703516485 0.03418537974357605
0 0.2125156670808792 0.6375858783721924 0.022861472703516485 0.03418537974357605
0 0.7912885546684265 0.7490127682685852 0.022861472703516485 0.03418537974357605
0 0.6950517296791077 0.7508280277252197 0.022861472703516485 0.03418537974357605
0 0.5981748700141907 0.7526553273200989 0.022861472703516485 0.03418537974357605
0 0.5006515979766846 0.754494845867157 0.022861472703516485 0.03418537974357605
0 0.4024754762649536 0.7563466429710388 0.022861472703516485 0.03418537974357605
0 0.30363985896110535 0.7582109570503235 0.022861472703516485 0.03418537974357605
0 0.20413810014724731 0.760087788105011 0.022861472703516485 0.03418537974357605