0 0.6962984204292297 0.15500466525554657 0.023103971344729263 0.0345479945341746
0 0.6209037899971008 0.15415431559085846 0.023103971344729263 0.0345479945341746
0 0.5447747707366943 0.15329569578170776 0.023103971344729263 0.0345479945341746
0 0.4679006338119507 0.15242867171764374 0.023103971344729263 0.0345479945341746
0 0.3902703821659088 0.15155310928821564 0.023103971344729263 0.0345479945341746
0 0.31187281012535095 0.1506688892841339 0.023103971344729263 0.0345479945341746
0 0.23269648849964142 0.149775892496109 0.023103971344729263 0.0345479945341746
0 0.7079671025276184 0.23505651950836182 0.023103971344729263 0.0345479945341746
0 0.6298785209655762 0.2345772534608841 0.023103971344729263 0.0345479945341746
0 0.5510014295578003 0.23409314453601837 0.023103971344729263 0.0345479945341746
0 0.47132381796836853 0.23360413312911987 0.023103971344729263 0.0345479945341746
0 0.3908334970474243 0.23311012983322144 0.023103971344729263 0.0345479945341746
0 0.3095179498195648 0.2326110601425171 0.023103971344729263 0.0345479945341746
0 0.22736439108848572 0.23210684955120087 0.023103971344729263 0.0345479945341746
0 0.7205154895782471 0.3211435377597809 0.023103971344729263 0.0345479945341746
0 0.6395333409309387 0.32109495997428894 0.023103971344729263 0.0345479945341746
0 0.5577024221420288 0.321045845746994 0.023103971344729263 0.0345479945341746
0 0.47500917315483093 0.3209962248802185 0.023103971344729263 0.0345479945341746
0 0.3914399743080139 0.3209460973739624 0.023103971344729263 0.0345479945341746
0 0.30698081851005554 0.32089540362358093 0.023103971344729263 0.0345479945341746
0 0.22161738574504852 0.3208441734313965 0.023103971344729263 0.0345479945341746
0 0.7340469360351562 0.4139750003814697 0.023103971344729263 0.0345479945341746
0 0.6499487161636353 0.4144275486469269 0.023103971344729263 0.0345479945341746
0 0.5649340748786926 0.414885014295578 0.023103971344729263 0.0345479945341746
0 0.47898799180984497 0.41534751653671265 0.023103971344729263 0.0345479945341746
0 0.39209499955177307 0.4158150851726532 0.023103971344729263 0.0345479945341746
0 0.3042393922805786 0.4162878692150116 0.023103971344729263 0.0345479945341746
0 0.21540507674217224 0.41676589846611023 0.023103971344729263 0.0345479945341746
0 0.7486817240715027 0.5143757462501526 0.023103971344729263 0.0345479945341746
0 0.6612181663513184 0.515413224697113 0.023103971344729263 0.0345479945341746
0 0.572762131690979 0.5164624452590942 0.023103971344729263 0.0345479945341746
0 0.48329678177833557 0.5175237059593201 0.023103971344729263 0.0345479945341746
0 0.39280465245246887 0.5185971260070801 0.023103971344729263 0.0345479945341746
0 0.30126798152923584 0.5196828842163086 0.023103971344729263 0.0345479945341746
0 0.20866860449314117 0.5207812786102295 0.023103971344729263 0.0345479945341746
0 0.7645605802536011 0.623310923576355 0.023103971344729263 0.0345479945341746
0 0.6734511256217957 0.6250335574150085 0.023103971344729263 0.0345479945341746
0 0.5812634825706482 0.6267765760421753 0.023103971344729263 0.0345479945341746
0 0.48797836899757385 0.6285403370857239 0.023103971344729263 0.0345479945341746
0 0.39357608556747437 0.630325198173523 0.023103971344729263 0.0345479945341746
0 0.2980363965034485 0.6321316361427307 0.023103971344729263 0.0345479945341746
0 0.20133867859840393 0.6339598894119263 0.023103971344729263 0.0345479945341746
0 0.7818490266799927 0.7419170141220093 0.023103971344729263 0.0345479945341746
0 0.6867768168449402 0.7444454431533813 0.023103971344729263 0.0345479945341746
0 0.5905289053916931 0.7470051050186157 0.023103971344729263 0.0345479945341746
0 0.4930833578109741 0.7495966553688049 0.023103971344729263 0.0345479945341746
0 0.3944177031517029 0.7522205710411072 0.023103971344729263 0.0345479945341746
0 0.2945089042186737 0.7548776268959045 0.023103971344729263 0.0345479945341746
0 0.19333326816558838 0.757568359375 0.023103971344729263 0.0345479945341746