0 0.7361813187599182 0.09744501858949661 0.03615060945351919 0.03615060945351919
0 0.6560928225517273 0.0999135747551918 0.03615060945351919 0.03615060945351919
0 0.5761116147041321 0.10237881541252136 0.03615060945351919 0.03615060945351919
0 0.49623748660087585 0.10484076291322708 0.03615060945351919 0.03615060945351919
0 0.4164702296257019 0.10729941725730896 0.03615060945351919 0.03615060945351919
0 0.33680960536003113 0.109754778444767 0.03615060945351919 0.03615060945351919
0 0.2572554349899292 0.11220686137676239 0.03615060945351919 0.03615060945351919
0 0.7444676160812378 0.15223152935504913 0.03615060945351919 0.03615060945351919
0 0.6612326502799988 0.15475872159004211 0.03615060945351919 0.03615060945351919
0 0.5781136155128479 0.15728238224983215 0.03615060945351919 0.03615060945351919
0 0.4951101839542389 0.15980255603790283 0.03615060945351919 0.03615060945351919
0 0.41222214698791504 0.16231921315193176 0.03615060945351919 0.03615060945351919
0 0.32944929599761963 0.16483236849308014 0.03615060945351919 0.03615060945351919
0 0.24679134786128998 0.16734203696250916 0.03615060945351919 0.03615060945351919
0 0.7534307837486267 0.21149355173110962 0.03615060945351919 0.03615060945351919
0 0.666792094707489 0.21408091485500336 0.03615060945351919 0.03615060945351919
0 0.5802788734436035 0.21666455268859863 0.03615060945351919 0.03615060945351919
0 0.4938909709453583 0.21924443542957306 0.03615060945351919 0.03615060945351919
0 0.40762805938720703 0.22182057797908783 0.03615060945351919 0.03615060945351919
0 0.3214898705482483 0.22439301013946533 0.03615060945351919 0.03615060945351919
0 0.23547613620758057 0.22696171700954437 0.03615060945351919 0.03615060945351919
0 0.7631573677062988 0.2758028507232666 0.03615060945351919 0.03615060945351919
0 0.6728246212005615 0.27845171093940735 0.03615060945351919 0.03615060945351919
0 0.5826283097267151 0.28109657764434814 0.03615060945351919 0.03615060945351919
0 0.49256816506385803 0.283737450838089 0.03615060945351919 0.03615060945351919
0 0.4026438593864441 0.2863743305206299 0.03615060945351919 0.03615060945351919
0 0.3128550946712494 0.2890072464942932 0.03615060945351919 0.03615060945351919
0 0.22320157289505005 0.2916361689567566 0.03615060945351919 0.03615060945351919
0 0.7737491726875305 0.3458329439163208 0.03615060945351919 0.03615060945351919
0 0.6793933510780334 0.34854423999786377 0.03615060945351919 0.03615060945351919
0 0.5851864218711853 0.3512512743473053 0.03615060945351919 0.03615060945351919
0 0.49112796783447266 0.353954017162323 0.03615060945351919 0.03615060945351919
0 0.39721769094467163 0.35665249824523926 0.03615060945351919 0.03615060945351919
0 0.3034552335739136 0.35934674739837646 0.03615060945351919 0.03615060945351919
0 0.20984025299549103 0.3620367646217346 0.03615060945351919 0.03615060945351919
0 0.7853270769119263 0.4223827123641968 0.03615060945351919 0.03615060945351919
0 0.6865731477737427 0.4251568615436554 0.03615060945351919 0.03615060945351919
0 0.5879822373390198 0.4279264509677887 0.03615060945351919 0.03615060945351919
0 0.4895540177822113 0.4306914508342743 0.03615060945351919 0.03615060945351919
0 0.39128801226615906 0.43345189094543457 0.03615060945351919 0.03615060945351919
0 0.2931838631629944 0.4362078011035919 0.03615060945351919 0.03615060945351919
0 0.19524116814136505 0.43895915150642395 0.03615060945351919 0.03615060945351919
0 0.7980354428291321 0.5064070224761963 0.03615060945351919 0.03615060945351919
0 0.6944533586502075 0.5092437267303467 0.03615060945351919 0.03615060945351919
0 0.5910506248474121 0.5120754837989807 0.03615060945351919 0.03615060945351919
0 0.48782679438591003 0.5149022936820984 0.03615060945351919 0.03615060945351919
0 0.3847813606262207 0.5177242755889893 0.03615060945351919 0.03615060945351919
0 0.2819139063358307 0.5205413699150085 0.03615060945351919 0.03615060945351919
0 0.1792239546775818 0.523353636264801 0.03615060945351919 0.03615060945351919