0 0.7059412598609924 0.32114845514297485 0.030522741377353668 0.030522741377353668
0 0.6375914216041565 0.32165271043777466 0.030522741377353668 0.030522741377353668
0 0.5692763328552246 0.322156697511673 0.030522741377353668 0.030522741377353668
0 0.5009959936141968 0.3226604461669922 0.030522741377353668 0.030522741377353668
0 0.4327503740787506 0.3231639564037323 0.030522741377353668 0.030522741377353668
0 0.3645394444465637 0.32366716861724854 0.030522741377353668 0.030522741377353668
0 0.29636314511299133 0.32417017221450806 0.030522741377353668 0.030522741377353668
0 0.7139556407928467 0.37834814190864563 0.030522741377353668 0.030522741377353668
0 0.6430236101150513 0.3788563311100006 0.030522741377353668 0.030522741377353668
0 0.5721290707588196 0.3793642520904541 0.030522741377353668 0.030522741377353668
0 0.5012719035148621 0.3798719346523285 0.030522741377353668 0.030522741377353668
0 0.4304521381855011 0.380379319190979 0.030522741377353668 0.030522741377353668
0 0.35966968536376953 0.380886435508728 0.030522741377353668 0.030522741377353668
0 0.28892457485198975 0.38139328360557556 0.030522741377353668 0.030522741377353668
0 0.7225989699363708 0.4400367736816406 0.030522741377353668 0.030522741377353668
0 0.6488820314407349 0.44054800271987915 0.030522741377353668 0.030522741377353668
0 0.5752055048942566 0.4410589337348938 0.030522741377353668 0.030522741377353668
0 0.5015694499015808 0.44156956672668457 0.030522741377353668 0.030522741377353668
0 0.4279737174510956 0.44207993149757385 0.030522741377353668 0.030522741377353668
0 0.3544183075428009 0.44259002804756165 0.030522741377353668 0.030522741377353668
0 0.2809032201766968 0.44309982657432556 0.030522741377353668 0.030522741377353668
0 0.7319483160972595 0.5067644119262695 0.030522741377353668 0.030522741377353668
0 0.6552188396453857 0.5072774291038513 0.030522741377353668 0.030522741377353668
0 0.5785331726074219 0.5077901482582092 0.030522741377353668 0.030522741377353668
0 0.5018912553787231 0.5083025693893433 0.030522741377353668 0.030522741377353668
0 0.42529305815696716 0.5088147521018982 0.030522741377353668 0.030522741377353668
0 0.34873858094215393 0.5093265771865845 0.030522741377353668 0.030522741377353668
0 0.27222776412963867 0.5098381638526917 0.030522741377353668 0.030522741377353668
0 0.7420938611030579 0.5791746377944946 0.030522741377353668 0.030522741377353668
0 0.6620951294898987 0.5796879529953003 0.030522741377353668 0.030522741377353668
0 0.5821439623832703 0.5802009701728821 0.030522741377353668 0.030522741377353668
0 0.5022404193878174 0.5807136297225952 0.030522741377353668 0.030522741377353668
0 0.4223844110965729 0.5812260508537292 0.030522741377353668 0.030522741377353668
0 0.34257587790489197 0.5817381739616394 0.030522741377353668 0.030522741377353668
0 0.26281479001045227 0.5822499394416809 0.030522741377353668 0.030522741377353668
0 0.7531418204307556 0.6580257415771484 0.030522741377353668 0.030522741377353668
0 0.6695828437805176 0.6585373282432556 0.030522741377353668 0.030522741377353668
0 0.5860757827758789 0.6590486764907837 0.030522741377353668 0.030522741377353668
0 0.5026206374168396 0.6595596671104431 0.030522741377353668 0.030522741377353668
0 0.41921737790107727 0.6600703001022339 0.030522741377353668 0.030522741377353668
0 0.33586588501930237 0.6605806350708008 0.030522741377353668 0.030522741377353668
0 0.2525661289691925 0.6610906720161438 0.030522741377353668 0.030522741377353668
0 0.7652182579040527 0.744217038154602 0.030522741377353668 0.030522741377353668
0 0.6777673959732056 0.744724452495575 0.030522741377353668 0.030522741377353668
0 0.5903733968734741 0.7452314496040344 0.030522741377353668 0.030522741377353668
0 0.5030362606048584 0.7457382082939148 0.030522741377353668 0.030522741377353668
0 0.41575589776039124 0.7462446093559265 0.030522741377353668 0.030522741377353668
0 0.32853224873542786 0.7467506527900696 0.030522741377353668 0.030522741377353668
0 0.2413652539253235 0.7472563982009888 0.030522741377353668 0.030522741377353668