0 0.7402117252349854 0.1675695776939392 0.03582304219404856 0.03582304219404856
0 0.659870445728302 0.16630429029464722 0.03582304219404856 0.03582304219404856
0 0.5795828104019165 0.16503983736038208 0.03582304219404856 0.03582304219404856
0 0.4993486702442169 0.1637762188911438 0.03582304219404856 0.03582304219404856
0 0.41916802525520325 0.16251344978809357 0.03582304219404856 0.03582304219404856
0 0.3390408158302307 0.16125153005123138 0.03582304219404856 0.03582304219404856
0 0.25896701216697693 0.15999044477939606 0.03582304219404856 0.03582304219404856
0 0.751069188117981 0.2249755561351776 0.03582304219404856 0.03582304219404856
0 0.6677032709121704 0.22364281117916107 0.03582304219404856 0.03582304219404856
0 0.5843950510025024 0.22231097519397736 0.03582304219404856 0.03582304219404856
0 0.5011444687843323 0.22098007798194885 0.03582304219404856 0.03582304219404856
0 0.41795146465301514 0.21965008974075317 0.03582304219404856 0.03582304219404856
0 0.33481600880622864 0.2183210253715515 0.03582304219404856 0.03582304219404856
0 0.2517380118370056 0.21699288487434387 0.03582304219404856 0.03582304219404856
0 0.7627753019332886 0.2868688404560089 0.03582304219404856 0.03582304219404856
0 0.6761481165885925 0.28546175360679626 0.03582304219404856 0.03582304219404856
0 0.589583158493042 0.2840556800365448 0.03582304219404856 0.03582304219404856
0 0.5030804872512817 0.2826506197452545 0.03582304219404856 0.03582304219404856
0 0.4166399836540222 0.2812465727329254 0.03582304219404856 0.03582304219404856
0 0.33026155829429626 0.2798435091972351 0.03582304219404856 0.03582304219404856
0 0.2439451813697815 0.27844148874282837 0.03582304219404856 0.03582304219404856
0 0.7754337191581726 0.35379695892333984 0.03582304219404856 0.03582304219404856
0 0.6852796673774719 0.35230758786201477 0.03582304219404856 0.03582304219404856
0 0.5951930284500122 0.35081934928894043 0.03582304219404856 0.03582304219404856
0 0.5051738023757935 0.3493322432041168 0.03582304219404856 0.03582304219404856
0 0.4152219295501709 0.34784623980522156 0.03582304219404856 0.03582304219404856
0 0.325337290763855 0.34636133909225464 0.03582304219404856 0.03582304219404856
0 0.23551984131336212 0.34487754106521606 0.03582304219404856 0.03582304219404856
0 0.7891655564308167 0.4264003038406372 0.03582304219404856 0.03582304219404856
0 0.6951851844787598 0.4248194992542267 0.03582304219404856 0.03582304219404856
0 0.6012782454490662 0.42323994636535645 0.03582304219404856 0.03582304219404856
0 0.507444441318512 0.4216615855693817 0.03582304219404856 0.03582304219404856
0 0.41368383169174194 0.42008447647094727 0.03582304219404856 0.03582304219404856
0 0.31999629735946655 0.4185086190700531 0.03582304219404856 0.03582304219404856
0 0.22638173401355743 0.41693395376205444 0.03582304219404856 0.03582304219404856
0 0.8041132688522339 0.5054327249526978 0.03582304219404856 0.03582304219404856
0 0.7059675455093384 0.5037497878074646 0.03582304219404856 0.03582304219404856
0 0.6079018115997314 0.5020681619644165 0.03582304219404856 0.03582304219404856
0 0.5099158883094788 0.500387966632843 0.03582304219404856 0.03582304219404856
0 0.4120097756385803 0.4987090826034546 0.03582304219404856 0.03582304219404856
0 0.3141832947731018 0.497031569480896 0.03582304219404856 0.03582304219404856
0 0.21643640100955963 0.49535542726516724 0.03582304219404856 0.03582304219404856
0 0.8204460144042969 0.5917877554893494 0.03582304219404856 0.03582304219404856
0 0.7177485227584839 0.5899900197982788 0.03582304219404856 0.03582304219404856
0 0.615138590335846 0.5881938338279724 0.03582304219404856 0.03582304219404856
0 0.5126160383224487 0.5863991379737854 0.03582304219404856 0.03582304219404856
0 0.41018086671829224 0.5846060514450073 0.03582304219404856 0.03582304219404856
0 0.30783286690711975 0.5828143954277039 0.03582304219404856 0.03582304219404856
0 0.2055719792842865 0.5810243487358093 0.03582304219404856 0.03582304219404856