0 0.7008272409439087 0.13058947026729584 0.022319401676456137 0.03337480624516805
0 0.6263302564620972 0.12926772236824036 0.022319401676456137 0.03337480624516805
0 0.5514028668403625 0.12793833017349243 0.022319401676456137 0.03337480624516805
0 0.4760414659976959 0.1266012340784073 0.022319401676456137 0.03337480624516805
0 0.4002421796321869 0.12525637447834015 0.022319401676456137 0.03337480624516805
0 0.3240011930465698 0.12390367686748505 0.022319401676456137 0.03337480624516805
0 0.2473146617412567 0.12254307419061661 0.022319401676456137 0.03337480624516805
0 0.7115506529808044 0.20789405703544617 0.022319401676456137 0.03337480624516805
0 0.6343927979469299 0.20675520598888397 0.022319401676456137 0.03337480624516805
0 0.5567730069160461 0.205609530210495 0.022319401676456137 0.03337480624516805
0 0.47868722677230835 0.20445698499679565 0.022319401676456137 0.03337480624516805
0 0.4001312255859375 0.20329749584197998 0.022319401676456137 0.03337480624516805
0 0.32110071182250977 0.2021310031414032 0.022319401676456137 0.03337480624516805
0 0.24159137904644012 0.20095744729042053 0.022319401676456137 0.03337480624516805
0 0.7230758666992188 0.2909790277481079 0.022319401676456137 0.03337480624516805
0 0.643060028553009 0.29005470871925354 0.022319401676456137 0.03337480624516805
0 0.5625472068786621 0.28912463784217834 0.022319401676456137 0.03337480624516805
0 0.4815326929092407 0.28818875551223755 0.022319401676456137 0.03337480624516805
0 0.4000118672847748 0.28724703192710876 0.022319401676456137 0.03337480624516805
0 0.31797993183135986 0.2862994372844696 0.022319401676456137 0.03337480624516805
0 0.23543207347393036 0.2853458523750305 0.022319401676456137 0.03337480624516805
0 0.7354964017868042 0.38051795959472656 0.022319401676456137 0.03337480624516805
0 0.6524026989936829 0.37984561920166016 0.022319401676456137 0.03337480624516805
0 0.5687727928161621 0.37916895747184753 0.022319401676456137 0.03337480624516805
0 0.48460131883621216 0.37848788499832153 0.022319401676456137 0.03337480624516805
0 0.39988312125205994 0.37780240178108215 0.022319401676456137 0.03337480624516805
0 0.3146127760410309 0.3771124482154846 0.022319401676456137 0.03337480624516805
0 0.22878491878509521 0.37641799449920654 0.022319401676456137 0.03337480624516805
0 0.7489206790924072 0.4772931933403015 0.022319401676456137 0.03337480624516805
0 0.6625030040740967 0.4769175052642822 0.022319401676456137 0.03337480624516805
0 0.5755048394203186 0.47653928399086 0.022319401676456137 0.03337480624516805
0 0.48792046308517456 0.4761585295200348 0.022319401676456137 0.03337480624516805
0 0.39974382519721985 0.47577521204948425 0.022319401676456137 0.03337480624516805
0 0.31096890568733215 0.4753892719745636 0.022319401676456137 0.03337480624516805
0 0.221589595079422 0.4750007092952728 0.022319401676456137 0.03337480624516805
0 0.7634755373001099 0.5822189450263977 0.022319401676456137 0.03337480624516805
0 0.6734568476676941 0.5821933746337891 0.022319401676456137 0.03337480624516805
0 0.5828078985214233 0.5821676850318909 0.022319401676456137 0.03337480624516805
0 0.49152207374572754 0.5821417570114136 0.022319401676456137 0.03337480624516805
0 0.3995926082134247 0.5821157097816467 0.022319401676456137 0.03337480624516805
0 0.307012677192688 0.5820894241333008 0.022319401676456137 0.03337480624516805
0 0.2137753665447235 0.5820630192756653 0.022319401676456137 0.03337480624516805
0 0.7793101668357849 0.6963700652122498 0.022319401676456137 0.03337480624516805
0 0.6853773593902588 0.6967591643333435 0.022319401676456137 0.03337480624516805
0 0.5907577872276306 0.6971511244773865 0.022319401676456137 0.03337480624516805
0 0.49544385075569153 0.6975460052490234 0.022319401676456137 0.03337480624516805
0 0.39942795038223267 0.6979437470436096 0.022319401676456137 0.03337480624516805
0 0.3027022182941437 0.6983444690704346 0.022319401676456137 0.03337480624516805
0 0.2052588015794754 0.6987481117248535 0.022319401676456137 0.03337480624516805