0 0.6782016754150391 0.16116207838058472 0.02496265433728695 0.0332835391163826
0 0.6097820997238159 0.16405479609966278 0.02496265433728695 0.0332835391163826
0 0.5412867665290833 0.16695073246955872 0.02496265433728695 0.0332835391163826
0 0.47271549701690674 0.16984985768795013 0.02496265433728695 0.0332835391163826
0 0.4040682315826416 0.17275221645832062 0.02496265433728695 0.0332835391163826
0 0.33534476161003113 0.17565779387950897 0.02496265433728695 0.0332835391163826
0 0.26654505729675293 0.1785665899515152 0.02496265433728695 0.0332835391163826
0 0.6892499327659607 0.22743521630764008 0.02496265433728695 0.0332835391163826
0 0.6176467537879944 0.230501189827919 0.02496265433728695 0.0332835391163826
0 0.545960545539856 0.23357073962688446 0.02496265433728695 0.0332835391163826
0 0.47419118881225586 0.23664383590221405 0.02496265433728695 0.0332835391163826
0 0.40233856439590454 0.23972050845623016 0.02496265433728695 0.0332835391163826
0 0.3304024636745453 0.2428007572889328 0.02496265433728695 0.0332835391163826
0 0.25838279724121094 0.24588456749916077 0.02496265433728695 0.0332835391163826
0 0.7013781666755676 0.30018654465675354 0.02496265433728695 0.0332835391163826
0 0.6262806057929993 0.3034466803073883 0.02496265433728695 0.0332835391163826
0 0.5510917901992798 0.30671077966690063 0.02496265433728695 0.0332835391163826
0 0.4758114218711853 0.3099788427352905 0.02496265433728695 0.0332835391163826
0 0.40043941140174866 0.31325089931488037 0.02496265433728695 0.0332835391163826
0 0.3249755799770355 0.3165269196033478 0.02496265433728695 0.0332835391163826
0 0.24941977858543396 0.3198069632053375 0.02496265433728695 0.0332835391163826
0 0.7147529125213623 0.3804147243499756 0.02496265433728695 0.0332835391163826
0 0.6358023881912231 0.383893758058548 0.02496265433728695 0.0332835391163826
0 0.556751012802124 0.38737723231315613 0.02496265433728695 0.0332835391163826
0 0.4775984585285187 0.39086514711380005 0.02496265433728695 0.0332835391163826
0 0.39834457635879517 0.3943575322628021 0.02496265433728695 0.0332835391163826
0 0.31898918747901917 0.39785441756248474 0.02496265433728695 0.0332835391163826
0 0.23953205347061157 0.4013557434082031 0.02496265433728695 0.0332835391163826
0 0.729576587677002 0.4693348705768585 0.02496265433728695 0.0332835391163826
0 0.646356463432312 0.4730623662471771 0.02496265433728695 0.0332835391163826
0 0.5630241632461548 0.47679486870765686 0.02496265433728695 0.0332835391163826
0 0.47957950830459595 0.4805324375629425 0.02496265433728695 0.0332835391163826
0 0.39602217078208923 0.4842750132083893 0.02496265433728695 0.0332835391163826
0 0.3123520016670227 0.48802268505096436 0.02496265433728695 0.0332835391163826
0 0.22856876254081726 0.49177539348602295 0.02496265433728695 0.0332835391163826
0 0.7460982799530029 0.568440318107605 0.02496265433728695 0.0332835391163826
0 0.658120334148407 0.5724520683288574 0.02496265433728695 0.0332835391163826
0 0.5700169801712036 0.5764694809913635 0.02496265433728695 0.0332835391163826
0 0.48178794980049133 0.5804926156997681 0.02496265433728695 0.0332835391163826
0 0.39343300461769104 0.5845215320587158 0.02496265433728695 0.0332835391163826
0 0.30495187640190125 0.588556170463562 0.02496265433728695 0.0332835391163826
0 0.21634428203105927 0.5925965905189514 0.02496265433728695 0.0332835391163826
0 0.7646274566650391 0.6795875430107117 0.02496265433728695 0.0332835391163826
0 0.6713145971298218 0.6839271187782288 0.02496265433728695 0.0332835391163826
0 0.5778606534004211 0.6882731914520264 0.02496265433728695 0.0332835391163826
0 0.4842653274536133 0.6926259398460388 0.02496265433728695 0.0332835391163826
0 0.39052829146385193 0.6969851851463318 0.02496265433728695 0.0332835391163826
0 0.29664918780326843 0.7013511061668396 0.02496265433728695 0.0332835391163826
0 0.20262771844863892 0.7057236433029175 0.02496265433728695 0.0332835391163826