0 0.23310500383377075 0.6573985815048218 0.033495125671227775 0.033495125671227775
0 0.33163464069366455 0.6586105823516846 0.033495125671227775 0.033495125671227775
0 0.4296221137046814 0.6598158478736877 0.033495125671227775 0.033495125671227775
0 0.5270718932151794 0.6610144972801208 0.033495125671227775 0.033495125671227775
0 0.6239883899688721 0.6622066497802734 0.033495125671227775 0.033495125671227775
0 0.7203759551048279 0.6633922457695007 0.033495125671227775 0.033495125671227775
0 0.8162389397621155 0.6645714044570923 0.033495125671227775 0.033495125671227775
0 0.24376055598258972 0.5661832690238953 0.033495125671227775 0.033495125671227775
0 0.3391284942626953 0.5676003098487854 0.033495125671227775 0.033495125671227775
0 0.4339883029460907 0.5690098404884338 0.033495125671227775 0.033495125671227775
0 0.5283440351486206 0.5704118609428406 0.033495125671227775 0.033495125671227775
0 0.6221997737884521 0.5718064308166504 0.033495125671227775 0.033495125671227775
0 0.7155593633651733 0.5731936693191528 0.033495125671227775 0.033495125671227775
0 0.8084267377853394 0.5745735764503479 0.033495125671227775 0.033495125671227775
0 0.2537575960159302 0.48060503602027893 0.033495125671227775 0.033495125671227775
0 0.3461604118347168 0.4821999669075012 0.033495125671227775 0.033495125671227775
0 0.43808606266975403 0.4837866723537445 0.033495125671227775 0.033495125671227775
0 0.5295382142066956 0.4853651821613312 0.033495125671227775 0.033495125671227775
0 0.6205204725265503 0.4869356155395508 0.033495125671227775 0.033495125671227775
0 0.7110365629196167 0.4884979724884033 0.033495125671227775 0.033495125671227775
0 0.8010899424552917 0.49005234241485596 0.033495125671227775 0.033495125671227775
0 0.26315534114837646 0.40015700459480286 0.033495125671227775 0.033495125671227775
0 0.3527718782424927 0.401906281709671 0.033495125671227775 0.033495125671227775
0 0.44193941354751587 0.4036467969417572 0.033495125671227775 0.033495125671227775
0 0.5306612849235535 0.4053786098957062 0.033495125671227775 0.033495125671227775
0 0.6189408898353577 0.4071018099784851 0.033495125671227775 0.033495125671227775
0 0.7067815065383911 0.4088164269924164 0.033495125671227775 0.033495125671227775
0 0.7941863536834717 0.4105225205421448 0.033495125671227775 0.033495125671227775
0 0.2720061242580414 0.32439127564430237 0.033495125671227775 0.033495125671227775
0 0.35899946093559265 0.3262745141983032 0.033495125671227775 0.033495125671227775
0 0.44556954503059387 0.32814860343933105 0.033495125671227775 0.033495125671227775
0 0.5317195057868958 0.33001360297203064 0.033495125671227775 0.033495125671227775
0 0.6174523830413818 0.33186957240104675 0.033495125671227775 0.033495125671227775
0 0.7027711272239685 0.33371657133102417 0.033495125671227775 0.033495125671227775
0 0.7876788377761841 0.33555468916893005 0.033495125671227775 0.033495125671227775
0 0.2803563177585602 0.2529106140136719 0.033495125671227775 0.033495125671227775
0 0.3648756444454193 0.25491011142730713 0.033495125671227775 0.033495125671227775
0 0.44899535179138184 0.25690019130706787 0.033495125671227775 0.033495125671227775
0 0.532718300819397 0.2588808536529541 0.033495125671227775 0.033495125671227775
0 0.616047203540802 0.260852187871933 0.033495125671227775 0.033495125671227775
0 0.6989849209785461 0.2628142833709717 0.033495125671227775 0.033495125671227775
0 0.7815341353416443 0.26476719975471497 0.033495125671227775 0.033495125671227775
0 0.2882472276687622 0.18536150455474854 0.033495125671227775 0.033495125671227775
0 0.3704293966293335 0.18746183812618256 0.033495125671227775 0.033495125671227775
0 0.45223361253738403 0.18955250084400177 0.033495125671227775 0.033495125671227775
0 0.5336624979972839 0.19163358211517334 0.033495125671227775 0.033495125671227775
0 0.6147186160087585 0.19370512664318085 0.033495125671227775 0.033495125671227775
0 0.695404589176178 0.19576722383499146 0.033495125671227775 0.033495125671227775
0 0.7757228016853333 0.19781991839408875 0.033495125671227775 0.033495125671227775