0 0.7136980295181274 0.17214444279670715 0.022771587036550047 0.034050971269607544
0 0.6383798718452454 0.17175595462322235 0.022771587036550047 0.034050971269607544
0 0.5626082420349121 0.17136511206626892 0.022771587036550047 0.034050971269607544
0 0.48637908697128296 0.17097191512584686 0.022771587036550047 0.034050971269607544
0 0.40968820452690125 0.1705763339996338 0.022771587036550047 0.034050971269607544
0 0.3325314223766327 0.1701783388853073 0.022771587036550047 0.034050971269607544
0 0.25490447878837585 0.16977792978286743 0.022771587036550047 0.034050971269607544
0 0.7252492904663086 0.25202733278274536 0.022771587036550047 0.034050971269607544
0 0.6471888422966003 0.25187307596206665 0.022771587036550047 0.034050971269607544
0 0.5686410665512085 0.25171786546707153 0.022771587036550047 0.034050971269607544
0 0.48960140347480774 0.25156170129776 0.022771587036550047 0.034050971269607544
0 0.4100651741027832 0.2514045238494873 0.022771587036550047 0.034050971269607544
0 0.33002769947052 0.2512463629245758 0.022771587036550047 0.034050971269607544
0 0.24948422610759735 0.2510872185230255 0.022771587036550047 0.034050971269607544
0 0.7376824617385864 0.3380093574523926 0.022771587036550047 0.034050971269607544
0 0.6566725969314575 0.3381269872188568 0.022771587036550047 0.034050971269607544
0 0.5751374959945679 0.3382454216480255 0.022771587036550047 0.034050971269607544
0 0.49307215213775635 0.3383646011352539 0.022771587036550047 0.034050971269607544
0 0.4104712903499603 0.3384845554828644 0.022771587036550047 0.034050971269607544
0 0.32732969522476196 0.3386053144931793 0.022771587036550047 0.034050971269607544
0 0.24364198744297028 0.33872684836387634 0.022771587036550047 0.034050971269607544
0 0.7511025667190552 0.4308167099952698 0.022771587036550047 0.034050971269607544
0 0.6669116616249084 0.43125084042549133 0.022771587036550047 0.034050971269607544
0 0.5821531414985657 0.4316879212856293 0.022771587036550047 0.034050971269607544
0 0.49682122468948364 0.4321279525756836 0.022771587036550047 0.034050971269607544
0 0.41091009974479675 0.4325709342956543 0.022771587036550047 0.034050971269607544
0 0.32441386580467224 0.43301698565483093 0.022771587036550047 0.034050971269607544
0 0.2373264729976654 0.4334660470485687 0.022771587036550047 0.034050971269607544
0 0.7656320333480835 0.5312957167625427 0.022771587036550047 0.034050971269607544
0 0.6780000925064087 0.5320994853973389 0.022771587036550047 0.034050971269607544
0 0.589752733707428 0.5329087972640991 0.022771587036550047 0.034050971269607544
0 0.5008834600448608 0.5337238907814026 0.022771587036550047 0.034050971269607544
0 0.4113856852054596 0.5345447063446045 0.022771587036550047 0.034050971269607544
0 0.321252703666687 0.5353713631629944 0.022771587036550047 0.034050971269607544
0 0.23047775030136108 0.536203920841217 0.022771587036550047 0.034050971269607544
0 0.7814143300056458 0.6404386758804321 0.022771587036550047 0.034050971269607544
0 0.6900481581687927 0.641675591468811 0.022771587036550047 0.034050971269607544
0 0.5980124473571777 0.6429215669631958 0.022771587036550047 0.034050971269607544
0 0.5052998661994934 0.6441766619682312 0.022771587036550047 0.034050971269607544
0 0.41190290451049805 0.6454411149024963 0.022771587036550047 0.034050971269607544
0 0.3178139626979828 0.6467148661613464 0.022771587036550047 0.034050971269607544
0 0.22302532196044922 0.6479980945587158 0.022771587036550047 0.034050971269607544
0 0.7986187934875488 0.7594165205955505 0.022771587036550047 0.034050971269607544
0 0.7031859755516052 0.7611633539199829 0.022771587036550047 0.034050971269607544
0 0.6070221066474915 0.762923538684845 0.022771587036550047 0.034050971269607544
0 0.5101187825202942 0.7646973133087158 0.022771587036550047 0.034050971269607544
0 0.41246742010116577 0.7664847373962402 0.022771587036550047 0.034050971269607544
0 0.314059317111969 0.7682859897613525 0.022771587036550047 0.034050971269607544
0 0.2148856669664383 0.7701013088226318 0.022771587036550047 0.034050971269607544