0 0.30379050970077515 0.3750516474246979 0.019842090085148815 0.02645612011353175
0 0.29799842834472656 0.4389254152774811 0.019842090085148815 0.02645612011353175
0 0.2918611168861389 0.5066061615943909 0.019842090085148815 0.02645612011353175
0 0.2853468060493469 0.5784447193145752 0.019842090085148815 0.02645612011353175
0 0.2784195840358734 0.6548362970352173 0.019842090085148815 0.02645612011353175
0 0.2710389792919159 0.7362279295921326 0.019842090085148815 0.02645612011353175
0 0.2631589472293854 0.8231272101402283 0.019842090085148815 0.02645612011353175
0 0.3679281771183014 0.3762277662754059 0.019842090085148815 0.02645612011353175
0 0.36399656534194946 0.4400635063648224 0.019842090085148815 0.02645612011353175
0 0.35983091592788696 0.5076995491981506 0.019842090085148815 0.02645612011353175
0 0.3554096519947052 0.5794856548309326 0.019842090085148815 0.02645612011353175
0 0.3507085144519806 0.6558158993721008 0.019842090085148815 0.02645612011353175
0 0.34570008516311646 0.7371358275413513 0.019842090085148815 0.02645612011353175
0 0.3403531610965729 0.823951244354248 0.019842090085148815 0.02645612011353175
0 0.4319254457950592 0.37740129232406616 0.019842090085148815 0.02645612011353175
0 0.4298460781574249 0.44119906425476074 0.019842090085148815 0.02645612011353175
0 0.4276430606842041 0.5087904334068298 0.019842090085148815 0.02645612011353175
0 0.425305038690567 0.580524206161499 0.019842090085148815 0.02645612011353175
0 0.42281919717788696 0.6567931175231934 0.019842090085148815 0.02645612011353175
0 0.4201710522174835 0.7380414605140686 0.019842090085148815 0.02645612011353175
0 0.41734421253204346 0.8247731328010559 0.019842090085148815 0.02645612011353175
0 0.4957827925682068 0.3785722553730011 0.019842090085148815 0.02645612011353175
0 0.49554747343063354 0.44233202934265137 0.019842090085148815 0.02645612011353175
0 0.4952981472015381 0.5098787546157837 0.019842090085148815 0.02645612011353175
0 0.4950335621833801 0.5815601944923401 0.019842090085148815 0.02645612011353175
0 0.49475228786468506 0.6577679514884949 0.019842090085148815 0.02645612011353175
0 0.49445265531539917 0.7389447093009949 0.019842090085148815 0.02645612011353175
0 0.4941328465938568 0.8255928754806519 0.019842090085148815 0.02645612011353175
0 0.5595006942749023 0.3797406852245331 0.019842090085148815 0.02645612011353175
0 0.5611011981964111 0.44346246123313904 0.019842090085148815 0.02645612011353175
0 0.5627967119216919 0.510964572429657 0.019842090085148815 0.02645612011353175
0 0.5645958185195923 0.5825937390327454 0.019842090085148815 0.02645612011353175
0 0.5665084719657898 0.6587404012680054 0.019842090085148815 0.02645612011353175
0 0.5685456395149231 0.7398457527160645 0.019842090085148815 0.02645612011353175
0 0.5707198977470398 0.8264104723930359 0.019842090085148815 0.02645612011353175
0 0.6230795383453369 0.3809065520763397 0.019842090085148815 0.02645612011353175
0 0.6265078186988831 0.44459035992622375 0.019842090085148815 0.02645612011353175
0 0.6301392316818237 0.5120478868484497 0.019842090085148815 0.02645612011353175
0 0.6339924335479736 0.5836248397827148 0.019842090085148815 0.02645612011353175
0 0.6380883455276489 0.6597104072570801 0.019842090085148815 0.02645612011353175
0 0.6424506306648254 0.7407444715499878 0.019842090085148815 0.02645612011353175
0 0.6471061706542969 0.827225923538208 0.019842090085148815 0.02645612011353175
0 0.6865198016166687 0.382069855928421 0.019842090085148815 0.02645612011353175
0 0.6917677521705627 0.4457157254219055 0.019842090085148815 0.02645612011353175
0 0.6973263025283813 0.5131286978721619 0.019842090085148815 0.02645612011353175
0 0.7032239437103271 0.5846534967422485 0.019842090085148815 0.02645612011353175
0 0.709492564201355 0.6606780886650085 0.019842090085148815 0.02645612011353175
0 0.7161684036254883 0.7416408658027649 0.019842090085148815 0.02645612011353175
0 0.7232924103736877 0.8280392289161682 0.019842090085148815 0.02645612011353175