0 0.6949394345283508 0.15684956312179565 0.022837029847626884 0.034148829678694405
0 0.6190913319587708 0.15617717802524567 0.022837029847626884 0.034148829678694405
0 0.542651891708374 0.15549954771995544 0.022837029847626884 0.034148829678694405
0 0.46561408042907715 0.1548166126012802 0.022837029847626884 0.034148829678694405
0 0.387970894575119 0.1541283130645752 0.022837029847626884 0.034148829678694405
0 0.3097151219844818 0.15343458950519562 0.022837029847626884 0.034148829678694405
0 0.23083952069282532 0.1527353674173355 0.022837029847626884 0.034148829678694405
0 0.7067011594772339 0.23663809895515442 0.022837029847626884 0.034148829678694405
0 0.628163754940033 0.2362624853849411 0.022837029847626884 0.034148829678694405
0 0.5489917993545532 0.23588383197784424 0.022837029847626884 0.034148829678694405
0 0.4691775143146515 0.23550210893154144 0.022837029847626884 0.034148829678694405
0 0.38871315121650696 0.23511728644371033 0.022837029847626884 0.034148829678694405
0 0.30759069323539734 0.23472930490970612 0.022837029847626884 0.034148829678694405
0 0.22580203413963318 0.23433814942836761 0.022837029847626884 0.034148829678694405
0 0.7193397879600525 0.32237502932548523 0.022837029847626884 0.034148829678694405
0 0.637915313243866 0.32234323024749756 0.022837029847626884 0.034148829678694405
0 0.5558082461357117 0.3223111629486084 0.022837029847626884 0.034148829678694405
0 0.47300997376441956 0.32227882742881775 0.022837029847626884 0.034148829678694405
0 0.38951170444488525 0.3222462236881256 0.022837029847626884 0.034148829678694405
0 0.30530452728271484 0.322213351726532 0.022837029847626884 0.034148829678694405
0 0.22037936747074127 0.3221801817417145 0.022837029847626884 0.034148829678694405
0 0.7329570651054382 0.4147513210773468 0.022837029847626884 0.034148829678694405
0 0.6484253406524658 0.41511887311935425 0.022837029847626884 0.034148829678694405
0 0.5631572008132935 0.4154896140098572 0.022837029847626884 0.034148829678694405
0 0.4771431088447571 0.41586363315582275 0.022837029847626884 0.034148829678694405
0 0.390373170375824 0.416240930557251 0.022837029847626884 0.034148829678694405
0 0.30283740162849426 0.41662153601646423 0.022837029847626884 0.034148829678694405
0 0.21452562510967255 0.4170055389404297 0.022837029847626884 0.034148829678694405
0 0.747671365737915 0.5145692229270935 0.022837029847626884 0.034148829678694405
0 0.659785807132721 0.5154020190238953 0.022837029847626884 0.034148829678694405
0 0.571103572845459 0.5162423849105835 0.022837029847626884 0.034148829678694405
0 0.48161375522613525 0.517090380191803 0.022837029847626884 0.034148829678694405
0 0.3913053274154663 0.5179461240768433 0.022837029847626884 0.034148829678694405
0 0.3001669943332672 0.5188097953796387 0.022837029847626884 0.034148829678694405
0 0.2081872522830963 0.5196813344955444 0.022837029847626884 0.034148829678694405
0 0.7636207938194275 0.6227657198905945 0.022837029847626884 0.034148829678694405
0 0.6721043586730957 0.6241424083709717 0.022837029847626884 0.034148829678694405
0 0.5797231793403625 0.6255320906639099 0.022837029847626884 0.034148829678694405
0 0.4864649772644043 0.6269350051879883 0.022837029847626884 0.034148829678694405
0 0.3923172056674957 0.6283512711524963 0.022837029847626884 0.034148829678694405
0 0.29726704955101013 0.6297810673713684 0.022837029847626884 0.034148829678694405
0 0.2013014703989029 0.6312246918678284 0.022837029847626884 0.034148829678694405
0 0.7809675931930542 0.7404419779777527 0.022837029847626884 0.034148829678694405
0 0.6855074763298035 0.7424569725990295 0.022837029847626884 0.034148829678694405
0 0.589105486869812 0.7444918155670166 0.022837029847626884 0.034148829678694405
0 0.49174758791923523 0.7465468645095825 0.022837029847626884 0.034148829678694405
0 0.3934195041656494 0.7486224174499512 0.022837029847626884 0.034148829678694405
0 0.2941066324710846 0.7507187128067017 0.022837029847626884 0.034148829678694405
0 0.1937941610813141 0.7528361082077026 0.022837029847626884 0.034148829678694405