0 0.6951906681060791 0.15696391463279724 0.022900878234455985 0.03424430390199026
0 0.6195087432861328 0.15600435435771942 0.022900878234455985 0.03424430390199026
0 0.5431776642799377 0.1550365686416626 0.022900878234455985 0.03424430390199026
0 0.46618905663490295 0.15406043827533722 0.022900878234455985 0.03424430390199026
0 0.38853439688682556 0.15307587385177612 0.022900878234455985 0.03424430390199026
0 0.31020498275756836 0.15208274126052856 0.022900878234455985 0.03424430390199026
0 0.23119200766086578 0.15108095109462738 0.022900878234455985 0.03424430390199026
0 0.7070080637931824 0.23716571927070618 0.022900878234455985 0.03424430390199026
0 0.628664493560791 0.2365265190601349 0.022900878234455985 0.03424430390199026
0 0.5496248006820679 0.23588164150714874 0.022900878234455985 0.03424430390199026
0 0.4698795974254608 0.23523099720478058 0.022900878234455985 0.03424430390199026
0 0.38941943645477295 0.23457452654838562 0.022900878234455985 0.03424430390199026
0 0.30823463201522827 0.2339121401309967 0.022900878234455985 0.03424430390199026
0 0.22631533443927765 0.23324376344680786 0.022900878234455985 0.03424430390199026
0 0.7197003960609436 0.3233061134815216 0.022900878234455985 0.03424430390199026
0 0.6385013461112976 0.32303833961486816 0.022900878234455985 0.03424430390199026
0 0.5565537214279175 0.32276809215545654 0.022900878234455985 0.03424430390199026
0 0.47384724020957947 0.32249534130096436 0.022900878234455985 0.03424430390199026
0 0.3903712332248688 0.3222200870513916 0.022900878234455985 0.03424430390199026
0 0.30611494183540344 0.32194221019744873 0.022900878234455985 0.03424430390199026
0 0.2210673689842224 0.3216617703437805 0.022900878234455985 0.03424430390199026
0 0.7333687543869019 0.41606998443603516 0.022900878234455985 0.03424430390199026
0 0.6490981578826904 0.41623392701148987 0.022900878234455985 0.03424430390199026
0 0.5640205144882202 0.41639941930770874 0.022900878234455985 0.03424430390199026
0 0.47812432050704956 0.41656649112701416 0.022900878234455985 0.03424430390199026
0 0.391397625207901 0.4167352020740509 0.022900878234455985 0.03424430390199026
0 0.30382829904556274 0.4169055223464966 0.022900878234455985 0.03424430390199026
0 0.21540406346321106 0.41707754135131836 0.022900878234455985 0.03424430390199026
0 0.7481300830841064 0.5162519216537476 0.022900878234455985 0.03424430390199026
0 0.6605465412139893 0.516918957233429 0.022900878234455985 0.03424430390199026
0 0.5720903873443604 0.5175926685333252 0.022900878234455985 0.03424430390199026
0 0.4827485680580139 0.5182731747627258 0.022900878234455985 0.03424430390199026
0 0.39250773191452026 0.5189604759216309 0.022900878234455985 0.03424430390199026
0 0.30135419964790344 0.5196547508239746 0.022900878234455985 0.03424430390199026
0 0.2092740833759308 0.5203560590744019 0.022900878234455985 0.03424430390199026
0 0.7641209959983826 0.6247786283493042 0.022900878234455985 0.03424430390199026
0 0.6729534864425659 0.6260340809822083 0.022900878234455985 0.03424430390199026
0 0.5808393955230713 0.6273025870323181 0.022900878234455985 0.03424430390199026
0 0.48776406049728394 0.6285843253135681 0.022900878234455985 0.03424430390199026
0 0.39371225237846375 0.6298794746398926 0.022900878234455985 0.03424430390199026
0 0.29866859316825867 0.6311883330345154 0.022900878234455985 0.03424430390199026
0 0.20261724293231964 0.6325110197067261 0.022900878234455985 0.03424430390199026
0 0.781501829624176 0.7427382469177246 0.022900878234455985 0.03424430390199026
0 0.6864445805549622 0.7446843385696411 0.022900878234455985 0.03424430390199026
0 0.5903571248054504 0.7466514706611633 0.022900878234455985 0.03424430390199026
0 0.49322259426116943 0.7486401200294495 0.022900878234455985 0.03424430390199026
0 0.39502376317977905 0.7506504654884338 0.022900878234455985 0.03424430390199026
0 0.29574310779571533 0.7526830434799194 0.022900878234455985 0.03424430390199026
0 0.19536258280277252 0.7547380924224854 0.022900878234455985 0.03424430390199026