0 0.8030169606208801 0.15094619989395142 0.02030326611258917 0.03407541165749232
0 0.7307471036911011 0.15117986500263214 0.02030326611258917 0.03407541165749232
0 0.6587237119674683 0.1514127403497696 0.02030326611258917 0.03407541165749232
0 0.5869454145431519 0.15164481103420258 0.02030326611258917 0.03407541165749232
0 0.5154110193252563 0.15187610685825348 0.02030326611258917 0.03407541165749232
0 0.44411933422088623 0.1521066129207611 0.02030326611258917 0.03407541165749232
0 0.37306907773017883 0.15233634412288666 0.02030326611258917 0.03407541165749232
0 0.8033410310745239 0.23050346970558167 0.02030326611258917 0.03407541165749232
0 0.7281910181045532 0.23060517013072968 0.02030326611258917 0.03407541165749232
0 0.6533074975013733 0.23070651292800903 0.02030326611258917 0.03407541165749232
0 0.5786889791488647 0.23080749809741974 0.02030326611258917 0.03407541165749232
0 0.5043340921401978 0.2309081256389618 0.02030326611258917 0.03407541165749232
0 0.4302414059638977 0.2310083955526352 0.02030326611258917 0.03407541165749232
0 0.35640954971313477 0.23110830783843994 0.02030326611258917 0.03407541165749232
0 0.8036919832229614 0.3166758418083191 0.02030326611258917 0.03407541165749232
0 0.7254227995872498 0.31662240624427795 0.02030326611258917 0.03407541165749232
0 0.647442638874054 0.31656914949417114 0.02030326611258917 0.03407541165749232
0 0.5697498917579651 0.31651607155799866 0.02030326611258917 0.03407541165749232
0 0.49234288930892944 0.3164632320404053 0.02030326611258917 0.03407541165749232
0 0.41522011160850525 0.31641054153442383 0.02030326611258917 0.03407541165749232
0 0.33838003873825073 0.3163580596446991 0.02030326611258917 0.03407541165749232
0 0.8040733933448792 0.41032418608665466 0.02030326611258917 0.03407541165749232
0 0.7224149107933044 0.4100877046585083 0.02030326611258917 0.03407541165749232
0 0.6410709619522095 0.40985214710235596 0.02030326611258917 0.03407541165749232
0 0.5600396990776062 0.40961751341819763 0.02030326611258917 0.03407541165749232
0 0.47931933403015137 0.40938374400138855 0.02030326611258917 0.03407541165749232
0 0.3989081382751465 0.4091508984565735 0.02030326611258917 0.03407541165749232
0 0.3188042640686035 0.40891891717910767 0.02030326611258917 0.03407541165749232
0 0.8044893741607666 0.5124654173851013 0.02030326611258917 0.03407541165749232
0 0.7191347479820251 0.512012243270874 0.02030326611258917 0.03407541165749232
0 0.634123682975769 0.5115609169006348 0.02030326611258917 0.03407541165749232
0 0.5494542121887207 0.5111113786697388 0.02030326611258917 0.03407541165749232
0 0.4651241898536682 0.510663628578186 0.02030326611258917 0.03407541165749232
0 0.3811316192150116 0.5102176666259766 0.02030326611258917 0.03407541165749232
0 0.2974744737148285 0.5097734928131104 0.02030326611258917 0.03407541165749232
0 0.8049448728561401 0.6243098378181458 0.02030326611258917 0.03407541165749232
0 0.7155436277389526 0.6235989332199097 0.02030326611258917 0.03407541165749232
0 0.6265192627906799 0.6228910088539124 0.02030326611258917 0.03407541165749232
0 0.5378694534301758 0.622186005115509 0.02030326611258917 0.03407541165749232
0 0.44959184527397156 0.6214840412139893 0.02030326611258917 0.03407541165749232
0 0.36168408393859863 0.6207849979400635 0.02030326611258917 0.03407541165749232
0 0.2741438150405884 0.6200888752937317 0.02030326611258917 0.03407541165749232
0 0.8054458498954773 0.7473089694976807 0.02030326611258917 0.03407541165749232
0 0.7115951776504517 0.7462899088859558 0.02030326611258917 0.03407541165749232
0 0.6181597709655762 0.7452753782272339 0.02030326611258917 0.03407541165749232
0 0.5251370072364807 0.7442653179168701 0.02030326611258917 0.03407541165749232
0 0.43252405524253845 0.7432596683502197 0.02030326611258917 0.03407541165749232
0 0.3403182625770569 0.7422584891319275 0.02030326611258917 0.03407541165749232
0 0.24851691722869873 0.7412616610527039 0.02030326611258917 0.03407541165749232