0 0.28666171431541443 0.6492084264755249 0.020958920940756798 0.027945227921009064
0 0.3637864887714386 0.6479158401489258 0.020958920940756798 0.027945227921009064
0 0.44186314940452576 0.6466073393821716 0.020958920940756798 0.027945227921009064
0 0.5209094285964966 0.6452825665473938 0.020958920940756798 0.027945227921009064
0 0.6009434461593628 0.6439412832260132 0.020958920940756798 0.027945227921009064
0 0.6819838881492615 0.6425830721855164 0.020958920940756798 0.027945227921009064
0 0.7640498876571655 0.6412076950073242 0.020958920940756798 0.027945227921009064
0 0.29751089215278625 0.5599533915519714 0.020958920940756798 0.027945227921009064
0 0.37103015184402466 0.5582009553909302 0.020958920940756798 0.027945227921009064
0 0.44541335105895996 0.5564278960227966 0.020958920940756798 0.027945227921009064
0 0.5206758379936218 0.5546339154243469 0.020958920940756798 0.027945227921009064
0 0.5968332290649414 0.5528185367584229 0.020958920940756798 0.027945227921009064
0 0.6739017367362976 0.5509815216064453 0.020958920940756798 0.027945227921009064
0 0.7518976330757141 0.5491223335266113 0.020958920940756798 0.027945227921009064
0 0.30738019943237305 0.47875967621803284 0.020958920940756798 0.027945227921009064
0 0.37761592864990234 0.47663405537605286 0.020958920940756798 0.027945227921009064
0 0.44863930344581604 0.4744845926761627 0.020958920940756798 0.027945227921009064
0 0.5204637050628662 0.4723109006881714 0.020958920940756798 0.027945227921009064
0 0.5931026935577393 0.47011256217956543 0.020958920940756798 0.027945227921009064
0 0.6665703058242798 0.46788913011550903 0.020958920940756798 0.027945227921009064
0 0.7408807277679443 0.46564021706581116 0.020958920940756798 0.027945227921009064
0 0.31639665365219116 0.40458235144615173 0.020958920940756798 0.027945227921009064
0 0.38362953066825867 0.4021534323692322 0.020958920940756798 0.027945227921009064
0 0.45158350467681885 0.3996984362602234 0.020958920940756798 0.027945227921009064
0 0.5202701687812805 0.3972169756889343 0.020958920940756798 0.027945227921009064
0 0.5897015333175659 0.39470863342285156 0.020958920940756798 0.027945227921009064
0 0.6598896980285645 0.3921729326248169 0.020958920940756798 0.027945227921009064
0 0.730847179889679 0.3896094262599945 0.020958920940756798 0.027945227921009064
0 0.32466620206832886 0.33654963970184326 0.020958920940756798 0.027945227921009064
0 0.3891424536705017 0.33387404680252075 0.020958920940756798 0.027945227921009064
0 0.4542813003063202 0.3311709463596344 0.020958920940756798 0.027945227921009064
0 0.5200929641723633 0.32843995094299316 0.020958920940756798 0.027945227921009064
0 0.5865879654884338 0.32568058371543884 0.020958920940756798 0.027945227921009064
0 0.6537769436836243 0.322892427444458 0.020958920940756798 0.027945227921009064
0 0.721670925617218 0.32007500529289246 0.020958920940756798 0.027945227921009064
0 0.33227798342704773 0.27392837405204773 0.020958920940756798 0.027945227921009064
0 0.3942147195339203 0.27105239033699036 0.020958920940756798 0.027945227921009064
0 0.4567624032497406 0.2681480646133423 0.020958920940756798 0.027945227921009064
0 0.5199300646781921 0.2652149200439453 0.020958920940756798 0.027945227921009064
0 0.5837269425392151 0.2622525691986084 0.020958920940756798 0.027945227921009064
0 0.6481626033782959 0.2592605650424957 0.020958920940756798 0.027945227921009064
0 0.7132465839385986 0.2562384307384491 0.020958920940756798 0.027945227921009064
0 0.3393074572086334 0.21609759330749512 0.020958920940756798 0.027945227921009064
0 0.3988971412181854 0.21305924654006958 0.020958920940756798 0.027945227921009064
0 0.45905187726020813 0.20999208092689514 0.020958920940756798 0.027945227921009064
0 0.5197797417640686 0.20689569413661957 0.020958920940756798 0.027945227921009064
0 0.5810890197753906 0.20376965403556824 0.020958920940756798 0.027945227921009064
0 0.6429880857467651 0.20061355829238892 0.020958920940756798 0.027945227921009064
0 0.7054854035377502 0.1974269449710846 0.020958920940756798 0.027945227921009064