0 0.645475447177887 0.24254105985164642 0.015169829595834019 0.026968585948149364
0 0.5952926278114319 0.24139529466629028 0.015169829595834019 0.026968585948149364
0 0.545011579990387 0.24024727940559387 0.015169829595834019 0.026968585948149364
0 0.49463215470314026 0.2390970140695572 0.015169829595834019 0.026968585948149364
0 0.4441539943218231 0.23794449865818024 0.015169829595834019 0.026968585948149364
0 0.39357683062553406 0.23678971827030182 0.015169829595834019 0.026968585948149364
0 0.3429003655910492 0.23563268780708313 0.015169829595834019 0.026968585948149364
0 0.6501637697219849 0.30688074231147766 0.015169829595834019 0.026968585948149364
0 0.5981245040893555 0.30575764179229736 0.015169829595834019 0.026968585948149364
0 0.5459796190261841 0.3046322762966156 0.015169829595834019 0.026968585948149364
0 0.493728905916214 0.3035046458244324 0.015169829595834019 0.026968585948149364
0 0.44137200713157654 0.3023747205734253 0.015169829595834019 0.026968585948149364
0 0.3889085650444031 0.301242470741272 0.015169829595834019 0.026968585948149364
0 0.3363382816314697 0.3001079261302948 0.015169829595834019 0.026968585948149364
0 0.6552128791809082 0.3761714696884155 0.015169829595834019 0.026968585948149364
0 0.601174533367157 0.3750780522823334 0.015169829595834019 0.026968585948149364
0 0.5470223426818848 0.373982310295105 0.015169829595834019 0.026968585948149364
0 0.4927559494972229 0.37288424372673035 0.015169829595834019 0.026968585948149364
0 0.43837499618530273 0.37178388237953186 0.015169829595834019 0.026968585948149364
0 0.383879154920578 0.37068119645118713 0.015169829595834019 0.026968585948149364
0 0.32926803827285767 0.3695761561393738 0.015169829595834019 0.026968585948149364
0 0.6606660485267639 0.4510076642036438 0.015169829595834019 0.026968585948149364
0 0.6044689416885376 0.44995230436325073 0.015169829595834019 0.026968585948149364
0 0.5481486320495605 0.4488946497440338 0.015169829595834019 0.026968585948149364
0 0.4917048513889313 0.44783467054367065 0.015169829595834019 0.026968585948149364
0 0.4351371228694916 0.44677236676216125 0.015169829595834019 0.026968585948149364
0 0.378445029258728 0.4457077085971832 0.015169829595834019 0.026968585948149364
0 0.3216281831264496 0.44464072585105896 0.015169829595834019 0.026968585948149364
0 0.6665738821029663 0.532082736492157 0.015169829595834019 0.026968585948149364
0 0.6080382466316223 0.5310757756233215 0.015169829595834019 0.026968585948149364
0 0.5493690967559814 0.5300664901733398 0.015169829595834019 0.026968585948149364
0 0.49056583642959595 0.5290549397468567 0.015169829595834019 0.026968585948149364
0 0.4316280484199524 0.5280410647392273 0.015169829595834019 0.026968585948149364
0 0.37255528569221497 0.5270248055458069 0.015169829595834019 0.026968585948149364
0 0.31334707140922546 0.526006281375885 0.015169829595834019 0.026968585948149364
0 0.6729955673217773 0.6202108263969421 0.015169829595834019 0.026968585948149364
0 0.6119185090065002 0.6192648410797119 0.015169829595834019 0.026968585948149364
0 0.5506959557533264 0.6183165907859802 0.015169829595834019 0.026968585948149364
0 0.4893273711204529 0.6173660755157471 0.015169829595834019 0.026968585948149364
0 0.42781227827072144 0.6164133548736572 0.015169829595834019 0.026968585948149364
0 0.3661501109600067 0.6154583096504211 0.015169829595834019 0.026968585948149364
0 0.3043403625488281 0.6145009398460388 0.015169829595834019 0.026968585948149364
0 0.6800013780593872 0.7163541316986084 0.015169829595834019 0.026968585948149364
0 0.6161521077156067 0.715484619140625 0.015169829595834019 0.026968585948149364
0 0.5521437525749207 0.7146129608154297 0.015169829595834019 0.026968585948149364
0 0.4879758656024933 0.7137391567230225 0.015169829595834019 0.026968585948149364
0 0.4236477017402649 0.7128631472587585 0.015169829595834019 0.026968585948149364
0 0.3591587543487549 0.7119849920272827 0.015169829595834019 0.026968585948149364
0 0.2945083677768707 0.7111045718193054 0.015169829595834019 0.026968585948149364