0 0.7079184055328369 0.1627802550792694 0.02285873726941645 0.03418128937482834
0 0.6317511796951294 0.16207444667816162 0.02285873726941645 0.03418128937482834
0 0.5551511645317078 0.16136464476585388 0.02285873726941645 0.03418128937482834
0 0.47811469435691833 0.16065078973770142 0.02285873726941645 0.03418128937482834
0 0.40063807368278503 0.15993285179138184 0.02285873726941645 0.03418128937482834
0 0.32271748781204224 0.15921080112457275 0.02285873726941645 0.03418128937482834
0 0.2443491369485855 0.15848460793495178 0.02285873726941645 0.03418128937482834
0 0.7193580269813538 0.2431492805480957 0.02285873726941645 0.03418128937482834
0 0.6404536366462708 0.2426537424325943 0.02285873726941645 0.03418128937482834
0 0.5610845685005188 0.2421552836894989 0.02285873726941645 0.03418128937482834
0 0.48124679923057556 0.24165387451648712 0.02285873726941645 0.03418128937482834
0 0.4009360671043396 0.24114951491355896 0.02285873726941645 0.03418128937482834
0 0.320148229598999 0.24064214527606964 0.02285873726941645 0.03418128937482834
0 0.23887896537780762 0.24013175070285797 0.02285873726941645 0.03418128937482834
0 0.7316586971282959 0.32956770062446594 0.02285873726941645 0.03418128937482834
0 0.649813175201416 0.32931673526763916 0.02285873726941645 0.03418128937482834
0 0.5674673914909363 0.3290642201900482 0.02285873726941645 0.03418128937482834
0 0.48461681604385376 0.3288101553916931 0.02285873726941645 0.03418128937482834
0 0.4012567698955536 0.32855454087257385 0.02285873726941645 0.03418128937482834
0 0.3173825740814209 0.32829734683036804 0.02285873726941645 0.03418128937482834
0 0.23298940062522888 0.3280385732650757 0.02285873726941645 0.03418128937482834
0 0.7449214458465576 0.4227452576160431 0.02285873726941645 0.03418128937482834
0 0.6599070429801941 0.4227794408798218 0.02285873726941645 0.03418128937482834
0 0.5743525624275208 0.4228138327598572 0.02285873726941645 0.03418128937482834
0 0.4882529377937317 0.4228484630584717 0.02285873726941645 0.03418128937482834
0 0.4016028940677643 0.4228833019733429 0.02285873726941645 0.03418128937482834
0 0.3143971264362335 0.4229183495044708 0.02285873726941645 0.03418128937482834
0 0.2266302853822708 0.42295363545417786 0.02285873726941645 0.03418128937482834
0 0.7592637538909912 0.5235071778297424 0.02285873726941645 0.03418128937482834
0 0.6708252429962158 0.523874819278717 0.02285873726941645 0.03418128937482834
0 0.5818018913269043 0.5242448449134827 0.02285873726941645 0.03418128937482834
0 0.4921879768371582 0.5246173739433289 0.02285873726941645 0.03418128937482834
0 0.4019775390625 0.5249923467636108 0.02285873726941645 0.03418128937482834
0 0.31116461753845215 0.5253698229789734 0.02285873726941645 0.03418128937482834
0 0.21974316239356995 0.5257498621940613 0.02285873726941645 0.03418128937482834
0 0.774823009967804 0.6328188180923462 0.02285873726941645 0.03418128937482834
0 0.6826730370521545 0.6335776448249817 0.02285873726941645 0.03418128937482834
0 0.5898876786231995 0.6343416571617126 0.02285873726941645 0.03418128937482834
0 0.4964603781700134 0.6351110339164734 0.02285873726941645 0.03418128937482834
0 0.4023844301700592 0.6358856558799744 0.02285873726941645 0.03418128937482834
0 0.3076530694961548 0.6366657614707947 0.02285873726941645 0.03418128937482834
0 0.2122594118118286 0.6374512910842896 0.02285873726941645 0.03418128937482834
0 0.7917609810829163 0.7518165111541748 0.02285873726941645 0.03418128937482834
0 0.6955744028091431 0.7530360817909241 0.02285873726941645 0.03418128937482834
0 0.5986950993537903 0.7542644143104553 0.02285873726941645 0.03418128937482834
0 0.5011154413223267 0.7555016279220581 0.02285873726941645 0.03418128937482834
0 0.4028278887271881 0.756747841835022 0.02285873726941645 0.03418128937482834
0 0.30382469296455383 0.7580031156539917 0.02285873726941645 0.03418128937482834
0 0.20409798622131348 0.7592675685882568 0.02285873726941645 0.03418128937482834