0 0.30494698882102966 0.3763152062892914 0.019707454368472103 0.026276605824629467
0 0.2997519373893738 0.43977072834968567 0.019707454368472103 0.026276605824629467
0 0.29424557089805603 0.5070287585258484 0.019707454368472103 0.026276605824629467
0 0.2883990705013275 0.5784415602684021 0.019707454368472103 0.026276605824629467
0 0.2821798622608185 0.6544064283370972 0.019707454368472103 0.026276605824629467
0 0.2755511999130249 0.7353729605674744 0.019707454368472103 0.026276605824629467
0 0.26847121119499207 0.8218519687652588 0.019707454368472103 0.026276605824629467
0 0.3683064877986908 0.37728387117385864 0.019707454368472103 0.026276605824629467
0 0.3649558424949646 0.4407438337802887 0.019707454368472103 0.026276605824629467
0 0.3614044487476349 0.5080050826072693 0.019707454368472103 0.026276605824629467
0 0.3576337695121765 0.5794196724891663 0.019707454368472103 0.026276605824629467
0 0.3536228537559509 0.6553846001625061 0.019707454368472103 0.026276605824629467
0 0.34934794902801514 0.7363490462303162 0.019707454368472103 0.026276605824629467
0 0.34478211402893066 0.8228234052658081 0.019707454368472103 0.026276605824629467
0 0.4316199719905853 0.3782518208026886 0.019707454368472103 0.026276605824629467
0 0.43011096119880676 0.44171619415283203 0.019707454368472103 0.026276605824629467
0 0.4285116195678711 0.5089806318283081 0.019707454368472103 0.026276605824629467
0 0.426813542842865 0.5803970098495483 0.019707454368472103 0.026276605824629467
0 0.42500731348991394 0.6563619375228882 0.019707454368472103 0.026276605824629467
0 0.42308226227760315 0.7373242974281311 0.019707454368472103 0.026276605824629467
0 0.4210262596607208 0.8237939476966858 0.019707454368472103 0.026276605824629467
0 0.49488744139671326 0.37921908497810364 0.019707454368472103 0.026276605824629467
0 0.4952174127101898 0.44268783926963806 0.019707454368472103 0.026276605824629467
0 0.49556711316108704 0.5099554657936096 0.019707454368472103 0.026276605824629467
0 0.49593839049339294 0.5813735723495483 0.019707454368472103 0.026276605824629467
0 0.4963333308696747 0.6573385000228882 0.019707454368472103 0.026276605824629467
0 0.4967542290687561 0.7382987141609192 0.019707454368472103 0.026276605824629467
0 0.4972037374973297 0.8247637152671814 0.019707454368472103 0.026276605824629467
0 0.5581089854240417 0.38018563389778137 0.019707454368472103 0.026276605824629467
0 0.5602751970291138 0.4436587393283844 0.019707454368472103 0.026276605824629467
0 0.5625709891319275 0.510929524898529 0.019707454368472103 0.026276605824629467
0 0.5650084018707275 0.5823493599891663 0.019707454368472103 0.026276605824629467
0 0.5676009654998779 0.6583142280578613 0.019707454368472103 0.026276605824629467
0 0.5703638792037964 0.7392722964286804 0.019707454368472103 0.026276605824629467
0 0.5733146071434021 0.8257325887680054 0.019707454368472103 0.026276605824629467
0 0.6212846636772156 0.3811514675617218 0.019707454368472103 0.026276605824629467
0 0.6252843737602234 0.4446289539337158 0.019707454368472103 0.026276605824629467
0 0.6295233368873596 0.5119028687477112 0.019707454368472103 0.026276605824629467
0 0.6340236663818359 0.5833243727684021 0.019707454368472103 0.026276605824629467
0 0.6388102769851685 0.6592891812324524 0.019707454368472103 0.026276605824629467
0 0.6439113616943359 0.7402450442314148 0.019707454368472103 0.026276605824629467
0 0.6493589878082275 0.8267006278038025 0.019707454368472103 0.026276605824629467
0 0.6844144463539124 0.3821166157722473 0.019707454368472103 0.026276605824629467
0 0.6902450323104858 0.44559839367866516 0.019707454368472103 0.026276605824629467
0 0.6964242458343506 0.5128754377365112 0.019707454368472103 0.026276605824629467
0 0.7029842138290405 0.5842986106872559 0.019707454368472103 0.026276605824629467
0 0.7099613547325134 0.6602633595466614 0.019707454368472103 0.026276605824629467
0 0.7173966765403748 0.7412170171737671 0.019707454368472103 0.026276605824629467
0 0.7253369092941284 0.8276678323745728 0.019707454368472103 0.026276605824629467