0 0.733634352684021 0.18822920322418213 0.03405486543973287 0.03405486543973287
0 0.658437967300415 0.18871545791625977 0.03405486543973287 0.03405486543973287
0 0.5832823514938354 0.1892014443874359 0.03405486543973287 0.03405486543973287
0 0.508167564868927 0.18968716263771057 0.03405486543973287 0.03405486543973287
0 0.43309351801872253 0.19017261266708374 0.03405486543973287 0.03405486543973287
0 0.35806018114089966 0.1906578093767166 0.03405486543973287 0.03405486543973287
0 0.2830674946308136 0.191142737865448 0.03405486543973287 0.03405486543973287
0 0.7443879246711731 0.24139562249183655 0.03405486543973287 0.03405486543973287
0 0.6662291884422302 0.24188600480556488 0.03405486543973287 0.03405486543973287
0 0.5881144404411316 0.24237611889839172 0.03405486543973287 0.03405486543973287
0 0.5100437998771667 0.24286594986915588 0.03405486543973287 0.03405486543973287
0 0.43201717734336853 0.24335551261901855 0.03405486543973287 0.03405486543973287
0 0.35403451323509216 0.24384479224681854 0.03405486543973287 0.03405486543973287
0 0.27609580755233765 0.24433378875255585 0.03405486543973287 0.03405486543973287
0 0.7560229301452637 0.2989194989204407 0.03405486543973287 0.03405486543973287
0 0.6746587753295898 0.2994130849838257 0.03405486543973287 0.03405486543973287
0 0.5933423638343811 0.2999063730239868 0.03405486543973287 0.03405486543973287
0 0.5120736956596375 0.30039939284324646 0.03405486543973287 0.03405486543973287
0 0.4308527410030365 0.30089208483695984 0.03405486543973287 0.03405486543973287
0 0.3496794104576111 0.3013845384120941 0.03405486543973287 0.03405486543973287
0 0.2685537040233612 0.30187666416168213 0.03405486543973287 0.03405486543973287
0 0.7686522006988525 0.36135944724082947 0.03405486543973287 0.03405486543973287
0 0.6838085055351257 0.36185500025749207 0.03405486543973287 0.03405486543973287
0 0.5990167856216431 0.3623502254486084 0.03405486543973287 0.03405486543973287
0 0.514276921749115 0.36284518241882324 0.03405486543973287 0.03405486543973287
0 0.4295889139175415 0.3633398115634918 0.03405486543973287 0.03405486543973287
0 0.34495270252227783 0.3638341426849365 0.03405486543973287 0.03405486543973287
0 0.2603682577610016 0.36432817578315735 0.03405486543973287 0.03405486543973287
0 0.7824090123176575 0.42937374114990234 0.03405486543973287 0.03405486543973287
0 0.6937748789787292 0.4298696517944336 0.03405486543973287 0.03405486543973287
0 0.6051974296569824 0.4303652346134186 0.03405486543973287 0.03405486543973287
0 0.5166766047477722 0.4308605194091797 0.03405486543973287 0.03405486543973287
0 0.42821237444877625 0.43135547637939453 0.03405486543973287 0.03405486543973287
0 0.33980467915534973 0.4318501055240631 0.03405486543973287 0.03405486543973287
0 0.2514534294605255 0.4323444366455078 0.03405486543973287 0.03405486543973287
0 0.797451376914978 0.5037438273429871 0.03405486543973287 0.03405486543973287
0 0.7046722769737244 0.504237949848175 0.03405486543973287 0.03405486543973287
0 0.6119552850723267 0.5047318339347839 0.03405486543973287 0.03405486543973287
0 0.5193003416061401 0.5052253007888794 0.03405486543973287 0.03405486543973287
0 0.4267074167728424 0.505718469619751 0.03405486543973287 0.03405486543973287
0 0.33417636156082153 0.5062113404273987 0.03405486543973287 0.03405486543973287
0 0.2417072057723999 0.5067038536071777 0.03405486543973287 0.03405486543973287
0 0.8139682412147522 0.5854041576385498 0.03405486543973287 0.03405486543973287
0 0.7166374921798706 0.5858938694000244 0.03405486543973287 0.03405486543973287
0 0.6193751096725464 0.5863832235336304 0.03405486543973287 0.03405486543973287
0 0.5221810340881348 0.5868722200393677 0.03405486543973287 0.03405486543973287
0 0.4250551164150238 0.5873608589172363 0.03405486543973287 0.03405486543973287
0 0.3279973268508911 0.5878491997718811 0.03405486543973287 0.03405486543973287
0 0.23100760579109192 0.5883371829986572 0.03405486543973287 0.03405486543973287