0 0.7177802920341492 0.3176385462284088 0.031272560358047485 0.031272560358047485
0 0.6501853466033936 0.3188909590244293 0.031272560358047485 0.031272560358047485
0 0.5827347636222839 0.3201407194137573 0.031272560358047485 0.031272560358047485
0 0.5154281854629517 0.3213878273963928 0.031272560358047485 0.031272560358047485
0 0.4482651352882385 0.3226322531700134 0.031272560358047485 0.031272560358047485
0 0.38124513626098633 0.32387402653694153 0.031272560358047485 0.031272560358047485
0 0.31436771154403687 0.3251131474971771 0.031272560358047485 0.031272560358047485
0 0.7269077897071838 0.370694637298584 0.031272560358047485 0.031272560358047485
0 0.6564460396766663 0.37194085121154785 0.031272560358047485 0.031272560358047485
0 0.5861412286758423 0.37318429350852966 0.031272560358047485 0.031272560358047485
0 0.5159928202629089 0.3744249641895294 0.031272560358047485 0.031272560358047485
0 0.44600027799606323 0.3756628632545471 0.031272560358047485 0.031272560358047485
0 0.3761630654335022 0.37689805030822754 0.031272560358047485 0.031272560358047485
0 0.3064807057380676 0.3781304657459259 0.031272560358047485 0.031272560358047485
0 0.7368417382240295 0.42843836545944214 0.031272560358047485 0.031272560358047485
0 0.6632593274116516 0.42967236042022705 0.031272560358047485 0.031272560358047485
0 0.589847981929779 0.43090346455574036 0.031272560358047485 0.031272560358047485
0 0.5166071653366089 0.43213173747062683 0.031272560358047485 0.031272560358047485
0 0.4435362219810486 0.4333571493625641 0.031272560358047485 0.031272560358047485
0 0.37063461542129517 0.4345797300338745 0.031272560358047485 0.031272560358047485
0 0.2979017198085785 0.4357994794845581 0.031272560358047485 0.031272560358047485
0 0.7476938962936401 0.4915196895599365 0.031272560358047485 0.031272560358047485
0 0.6707015633583069 0.49273383617401123 0.031272560358047485 0.031272560358047485
0 0.5938965082168579 0.49394503235816956 0.031272560358047485 0.031272560358047485
0 0.5172780752182007 0.4951532781124115 0.031272560358047485 0.031272560358047485
0 0.4408455193042755 0.49635857343673706 0.031272560358047485 0.031272560358047485
0 0.36459821462631226 0.497560977935791 0.031272560358047485 0.031272560358047485
0 0.288535475730896 0.498760461807251 0.031272560358047485 0.031272560358047485
0 0.7595978379249573 0.5607145428657532 0.031272560358047485 0.031272560358047485
0 0.6788641810417175 0.5618991255760193 0.031272560358047485 0.031272560358047485
0 0.5983364582061768 0.5630806684494019 0.031272560358047485 0.031272560358047485
0 0.5180137753486633 0.5642592310905457 0.031272560358047485 0.031272560358047485
0 0.43789535760879517 0.5654347538948059 0.031272560358047485 0.031272560358047485
0 0.35798048973083496 0.5666072964668274 0.031272560358047485 0.031272560358047485
0 0.27826839685440063 0.5677769184112549 0.031272560358047485 0.031272560358047485
0 0.7727141380310059 0.6369569897651672 0.031272560358047485 0.031272560358047485
0 0.6878570914268494 0.6380995512008667 0.031272560358047485 0.031272560358047485
0 0.6032273173332214 0.6392390131950378 0.031272560358047485 0.031272560358047485
0 0.51882404088974 0.6403754353523254 0.031272560358047485 0.031272560358047485
0 0.434646338224411 0.6415088176727295 0.031272560358047485 0.031272560358047485
0 0.3506932854652405 0.64263916015625 0.031272560358047485 0.031272560358047485
0 0.2669639587402344 0.6437665224075317 0.031272560358047485 0.031272560358047485
0 0.7872381210327148 0.721381425857544 0.031272560358047485 0.031272560358047485
0 0.6978136301040649 0.7224658727645874 0.031272560358047485 0.031272560358047485
0 0.6086416244506836 0.7235472202301025 0.031272560358047485 0.031272560358047485
0 0.5197209715843201 0.7246255278587341 0.031272560358047485 0.031272560358047485
0 0.4310506284236908 0.725700855255127 0.031272560358047485 0.031272560358047485
0 0.3426295220851898 0.7267730832099915 0.031272560358047485 0.031272560358047485
0 0.25445660948753357 0.7278423309326172 0.031272560358047485 0.031272560358047485