0 0.6029283404350281 0.25489553809165955 0.014897198416292667 0.02648390829563141
0 0.5556485056877136 0.2550240457057953 0.014897198416292667 0.02648390829563141
0 0.5081637501716614 0.255153089761734 0.014897198416292667 0.02648390829563141
0 0.46047279238700867 0.2552827000617981 0.014897198416292667 0.02648390829563141
0 0.41257423162460327 0.25541290640830994 0.014897198416292667 0.02648390829563141
0 0.36446672677993774 0.25554364919662476 0.014897198416292667 0.02648390829563141
0 0.31614890694618225 0.25567495822906494 0.014897198416292667 0.02648390829563141
0 0.6073803901672363 0.3184036910533905 0.014897198416292667 0.02648390829563141
0 0.558483898639679 0.31867867708206177 0.014897198416292667 0.02648390829563141
0 0.5093681812286377 0.31895485520362854 0.014897198416292667 0.02648390829563141
0 0.46003177762031555 0.319232314825058 0.014897198416292667 0.02648390829563141
0 0.41047316789627075 0.3195109963417053 0.014897198416292667 0.02648390829563141
0 0.3606908619403839 0.31979095935821533 0.014897198416292667 0.02648390829563141
0 0.31068333983421326 0.3200721740722656 0.014897198416292667 0.02648390829563141
0 0.6121490001678467 0.38642701506614685 0.014897198416292667 0.02648390829563141
0 0.5615213513374329 0.386869341135025 0.014897198416292667 0.02648390829563141
0 0.5106586217880249 0.38731372356414795 0.014897198416292667 0.02648390829563141
0 0.4595591723918915 0.387760192155838 0.014897198416292667 0.02648390829563141
0 0.4082213044166565 0.3882087171077728 0.014897198416292667 0.02648390829563141
0 0.356643408536911 0.38865935802459717 0.014897198416292667 0.02648390829563141
0 0.30482375621795654 0.38911211490631104 0.014897198416292667 0.02648390829563141
0 0.6172690987586975 0.45946475863456726 0.014897198416292667 0.02648390829563141
0 0.5647832751274109 0.46009886264801025 0.014897198416292667 0.02648390829563141
0 0.5120446681976318 0.4607360363006592 0.014897198416292667 0.02648390829563141
0 0.4590514600276947 0.46137624979019165 0.014897198416292667 0.02648390829563141
0 0.4058018624782562 0.46201959252357483 0.014897198416292667 0.02648390829563141
0 0.3522939682006836 0.4626660645008087 0.014897198416292667 0.02648390829563141
0 0.2985258996486664 0.4633156657218933 0.014897198416292667 0.02648390829563141
0 0.6227810978889465 0.5380926132202148 0.014897198416292667 0.02648390829563141
0 0.568295419216156 0.5389471054077148 0.014897198416292667 0.02648390829563141
0 0.5135372877120972 0.5398059487342834 0.014897198416292667 0.02648390829563141
0 0.4585046172142029 0.5406690835952759 0.014897198416292667 0.02648390829563141
0 0.4031953811645508 0.5415365099906921 0.014897198416292667 0.02648390829563141
0 0.34760743379592896 0.5424083471298218 0.014897198416292667 0.02648390829563141
0 0.29173874855041504 0.5432845950126648 0.014897198416292667 0.02648390829563141
0 0.6287317872047424 0.6229778528213501 0.014897198416292667 0.02648390829563141
0 0.572087824344635 0.6240866184234619 0.014897198416292667 0.02648390829563141
0 0.5151492953300476 0.6252012252807617 0.014897198416292667 0.02648390829563141
0 0.45791390538215637 0.62632155418396 0.014897198416292667 0.02648390829563141
0 0.4003792703151703 0.627447783946991 0.014897198416292667 0.02648390829563141
0 0.3425430655479431 0.6285799145698547 0.014897198416292667 0.02648390829563141
0 0.28440290689468384 0.629718005657196 0.014897198416292667 0.02648390829563141
0 0.6351756453514099 0.7148984670639038 0.014897198416292667 0.02648390829563141
0 0.5761954188346863 0.7163016200065613 0.014897198416292667 0.02648390829563141
0 0.5168957114219666 0.71771240234375 0.014897198416292667 0.02648390829563141
0 0.45727384090423584 0.7191308736801147 0.014897198416292667 0.02648390829563141
0 0.3973272442817688 0.7205570340156555 0.014897198416292667 0.02648390829563141
0 0.33705320954322815 0.7219910025596619 0.014897198416292667 0.02648390829563141
0 0.2764490842819214 0.7234327793121338 0.014897198416292667 0.02648390829563141