0 0.2679585814476013 0.252675324678421 0.03318478415409724 0.03318478415409724
0 0.3416690528392792 0.25513193011283875 0.03318478415409724 0.03318478415409724
0 0.41522645950317383 0.2575834393501282 0.03318478415409724 0.03318478415409724
0 0.4886312484741211 0.2600298523902893 0.03318478415409724 0.03318478415409724
0 0.5618839859962463 0.26247119903564453 0.03318478415409724 0.03318478415409724
0 0.6349850296974182 0.26490750908851624 0.03318478415409724 0.03318478415409724
0 0.7079349756240845 0.26733875274658203 0.03318478415409724 0.03318478415409724
0 0.2582753598690033 0.3047933578491211 0.03318478415409724 0.03318478415409724
0 0.3348805606365204 0.30728980898857117 0.03318478415409724 0.03318478415409724
0 0.4113204777240753 0.30978086590766907 0.03318478415409724 0.03318478415409724
0 0.48759564757347107 0.3122665584087372 0.03318478415409724 0.03318478415409724
0 0.5637065768241882 0.3147468864917755 0.03318478415409724 0.03318478415409724
0 0.6396538615226746 0.31722190976142883 0.03318478415409724 0.03318478415409724
0 0.7154379487037659 0.31969159841537476 0.03318478415409724 0.03318478415409724
0 0.24780257046222687 0.3611610233783722 0.03318478415409724 0.03318478415409724
0 0.3275391757488251 0.36369577050209045 0.03318478415409724 0.03318478415409724
0 0.4070967435836792 0.36622485518455505 0.03318478415409724 0.03318478415409724
0 0.4864758849143982 0.3687482476234436 0.03318478415409724 0.03318478415409724
0 0.5656771659851074 0.3712659776210785 0.03318478415409724 0.03318478415409724
0 0.6447011828422546 0.3737780749797821 0.03318478415409724 0.03318478415409724
0 0.7235485911369324 0.37628456950187683 0.03318478415409724 0.03318478415409724
0 0.2364395558834076 0.4223201870918274 0.03318478415409724 0.03318478415409724
0 0.3195744752883911 0.4248908758163452 0.03318478415409724 0.03318478415409724
0 0.40251481533050537 0.4274555742740631 0.03318478415409724 0.03318478415409724
0 0.4852612614631653 0.4300142526626587 0.03318478415409724 0.03318478415409724
0 0.5678144693374634 0.43256697058677673 0.03318478415409724 0.03318478415409724
0 0.6501750946044922 0.4351137578487396 0.03318478415409724 0.03318478415409724
0 0.7323439121246338 0.437654584646225 0.03318478415409724 0.03318478415409724
0 0.22406776249408722 0.48890888690948486 0.03318478415409724 0.03318478415409724
0 0.31090354919433594 0.49151208996772766 0.03318478415409724 0.03318478415409724
0 0.3975270986557007 0.4941089153289795 0.03318478415409724 0.03318478415409724
0 0.48393920063972473 0.49669942259788513 0.03318478415409724 0.03318478415409724
0 0.5701406002044678 0.4992835819721222 0.03318478415409724 0.03318478415409724
0 0.6561320424079895 0.5018614530563354 0.03318478415409724 0.03318478415409724
0 0.7419143319129944 0.5044330954551697 0.03318478415409724 0.03318478415409724
0 0.210546612739563 0.5616837739944458 0.03318478415409724 0.03318478415409724
0 0.3014281392097473 0.5643145442008972 0.03318478415409724 0.03318478415409724
0 0.39207723736763 0.5669386386871338 0.03318478415409724 0.03318478415409724
0 0.4824947714805603 0.569555938243866 0.03318478415409724 0.03318478415409724
0 0.5726816654205322 0.5721666216850281 0.03318478415409724 0.03318478415409724
0 0.662638783454895 0.5747706294059753 0.03318478415409724 0.03318478415409724
0 0.7523670196533203 0.5773680806159973 0.03318478415409724 0.03318478415409724
0 0.19570814073085785 0.6415488719940186 0.03318478415409724 0.03318478415409724
0 0.29103079438209534 0.6442004442214966 0.03318478415409724 0.03318478415409724
0 0.38609778881073 0.6468448638916016 0.03318478415409724 0.03318478415409724
0 0.48091021180152893 0.6494821906089783 0.03318478415409724 0.03318478415409724
0 0.5754690170288086 0.6521124839782715 0.03318478415409724 0.03318478415409724
0 0.6697753071784973 0.6547356843948364 0.03318478415409724 0.03318478415409724
0 0.7638300061225891 0.6573519706726074 0.03318478415409724 0.03318478415409724