0 0.7235353589057922 0.25080668926239014 0.03261207044124603 0.03261207044124603
0 0.6507322788238525 0.25214630365371704 0.03261207044124603 0.03261207044124603
0 0.5777905583381653 0.2534884810447693 0.03261207044124603 0.03261207044124603
0 0.5047098994255066 0.2548332214355469 0.03261207044124603 0.03261207044124603
0 0.43148988485336304 0.2561805248260498 0.03261207044124603 0.03261207044124603
0 0.3581300973892212 0.2575303912162781 0.03261207044124603 0.03261207044124603
0 0.2846301198005676 0.2588828504085541 0.03261207044124603 0.03261207044124603
0 0.7334853410720825 0.31093159317970276 0.03261207044124603 0.03261207044124603
0 0.6579762101173401 0.31238049268722534 0.03261207044124603 0.03261207044124603
0 0.5823180079460144 0.31383225321769714 0.03261207044124603 0.03261207044124603
0 0.5065102577209473 0.31528687477111816 0.03261207044124603 0.03261207044124603
0 0.43055251240730286 0.3167443871498108 0.03261207044124603 0.03261207044124603
0 0.35444435477256775 0.318204790353775 0.03261207044124603 0.03261207044124603
0 0.27818533778190613 0.31966808438301086 0.03261207044124603 0.03261207044124603
0 0.7442055940628052 0.3757112920284271 0.03261207044124603 0.03261207044124603
0 0.665781557559967 0.3772827088832855 0.03261207044124603 0.03261207044124603
0 0.5871966481208801 0.3788573443889618 0.03261207044124603 0.03261207044124603
0 0.5084503889083862 0.38043519854545593 0.03261207044124603 0.03261207044124603
0 0.42954227328300476 0.3820163309574127 0.03261207044124603 0.03261207044124603
0 0.3504718244075775 0.3836006820201874 0.03261207044124603 0.03261207044124603
0 0.2712385356426239 0.3851883113384247 0.03261207044124603 0.03261207044124603
0 0.7557892799377441 0.44570812582969666 0.03261207044124603 0.03261207044124603
0 0.6742162108421326 0.4474174976348877 0.03261207044124603 0.03261207044124603
0 0.5924690365791321 0.44913050532341003 0.03261207044124603 0.03261207044124603
0 0.5105472803115845 0.45084717869758606 0.03261207044124603 0.03261207044124603
0 0.428450345993042 0.45256751775741577 0.03261207044124603 0.03261207044124603
0 0.3461776673793793 0.45429152250289917 0.03261207044124603 0.03261207044124603
0 0.26372864842414856 0.45601925253868103 0.03261207044124603 0.03261207044124603
0 0.7683449387550354 0.5215787887573242 0.03261207044124603 0.03261207044124603
0 0.6833593845367432 0.5234442353248596 0.03261207044124603 0.03261207044124603
0 0.5981848835945129 0.5253137946128845 0.03261207044124603 0.03261207044124603
0 0.5128207206726074 0.5271875262260437 0.03261207044124603 0.03261207044124603
0 0.42726635932922363 0.5290654301643372 0.03261207044124603 0.03261207044124603
0 0.34152111411094666 0.5309475064277649 0.03261207044124603 0.03261207044124603
0 0.25558435916900635 0.5328338146209717 0.03261207044124603 0.03261207044124603
0 0.7820004224777222 0.6040950417518616 0.03261207044124603 0.03261207044124603
0 0.6933044195175171 0.6061378717422485 0.03261207044124603 0.03261207044124603
0 0.604402482509613 0.6081855297088623 0.03261207044124603 0.03261207044124603
0 0.5152940154075623 0.6102378964424133 0.03261207044124603 0.03261207044124603
0 0.4259781837463379 0.6122950315475464 0.03261207044124603 0.03261207044124603
0 0.3364543318748474 0.6143569350242615 0.03261207044124603 0.03261207044124603
0 0.24672171473503113 0.6164237260818481 0.03261207044124603 0.03261207044124603
0 0.7969067692756653 0.6941699385643005 0.03261207044124603 0.03261207044124603
0 0.7041614651679993 0.6964157223701477 0.03261207044124603 0.03261207044124603
0 0.6111910939216614 0.6986669301986694 0.03261207044124603 0.03261207044124603
0 0.5179946422576904 0.7009236216545105 0.03261207044124603 0.03261207044124603
0 0.4245714545249939 0.7031857967376709 0.03261207044124603 0.03261207044124603
0 0.33092060685157776 0.7054534554481506 0.03261207044124603 0.03261207044124603
0 0.23704127967357635 0.7077266573905945 0.03261207044124603 0.03261207044124603