0 0.6904839873313904 0.16072817146778107 0.02514144778251648 0.03352193037668864
0 0.6209574341773987 0.16481749713420868 0.02514144778251648 0.03352193037668864
0 0.5517115592956543 0.1688903123140335 0.02514144778251648 0.03352193037668864
0 0.4827447533607483 0.1729467213153839 0.02514144778251648 0.03352193037668864
0 0.4140552878379822 0.17698681354522705 0.02514144778251648 0.03352193037668864
0 0.34564152359962463 0.18101069331169128 0.02514144778251648 0.03352193037668864
0 0.27750179171562195 0.18501845002174377 0.02514144778251648 0.03352193037668864
0 0.7016947269439697 0.22736915946006775 0.02514144778251648 0.03352193037668864
0 0.6288577318191528 0.23151060938835144 0.02514144778251648 0.03352193037668864
0 0.5563287138938904 0.23563455045223236 0.02514144778251648 0.03352193037668864
0 0.4841057360172272 0.23974108695983887 0.02514144778251648 0.03352193037668864
0 0.412186861038208 0.2438303381204605 0.02514144778251648 0.03352193037668864
0 0.3405701518058777 0.24790240824222565 0.02514144778251648 0.03352193037668864
0 0.2692537009716034 0.25195741653442383 0.02514144778251648 0.03352193037668864
0 0.7140204310417175 0.30063796043395996 0.02514144778251648 0.03352193037668864
0 0.6375420689582825 0.3048219680786133 0.02514144778251648 0.03352193037668864
0 0.5614030361175537 0.30898743867874146 0.02514144778251648 0.03352193037668864
0 0.4856012165546417 0.31313443183898926 0.02514144778251648 0.03352193037668864
0 0.4101342260837555 0.31726309657096863 0.02514144778251648 0.03352193037668864
0 0.3349999487400055 0.3213735818862915 0.02514144778251648 0.03352193037668864
0 0.26019614934921265 0.32546597719192505 0.02514144778251648 0.03352193037668864
0 0.7276360988616943 0.3815751075744629 0.02514144778251648 0.03352193037668864
0 0.6471331119537354 0.3857881724834442 0.02514144778251648 0.03352193037668864
0 0.56700599193573 0.38998159766197205 0.02514144778251648 0.03352193037668864
0 0.4872520864009857 0.39415544271469116 0.02514144778251648 0.03352193037668864
0 0.40786877274513245 0.3983099162578583 0.02514144778251648 0.03352193037668864
0 0.3288535475730896 0.40244510769844055 0.02514144778251648 0.03352193037668864
0 0.25020378828048706 0.4065611958503723 0.02514144778251648 0.03352193037668864
0 0.7427555322647095 0.47145092487335205 0.02514144778251648 0.03352193037668864
0 0.6577808260917664 0.47567418217658997 0.02514144778251648 0.03352193037668864
0 0.573224663734436 0.47987663745880127 0.02514144778251648 0.03352193037668864
0 0.4890839159488678 0.4840584397315979 0.02514144778251648 0.03352193037668864
0 0.4053556025028229 0.4882197678089142 0.02514144778251648 0.03352193037668864
0 0.32203662395477295 0.4923607409000397 0.02514144778251648 0.03352193037668864
0 0.23912401497364044 0.4964815080165863 0.02514144778251648 0.03352193037668864
0 0.7596423029899597 0.5718327164649963 0.02514144778251648 0.03352193037668864
0 0.6696699261665344 0.5760399103164673 0.02514144778251648 0.03352193037668864
0 0.5801664590835571 0.5802251696586609 0.02514144778251648 0.03352193037668864
0 0.49112823605537415 0.5843886733055115 0.02514144778251648 0.03352193037668864
0 0.40255165100097656 0.5885306000709534 0.02514144778251648 0.03352193037668864
0 0.31443312764167786 0.5926510691642761 0.02514144778251648 0.03352193037668864
0 0.2267691195011139 0.5967503190040588 0.02514144778251648 0.03352193037668864
0 0.7786255478858948 0.6846769452095032 0.02514144778251648 0.03352193037668864
0 0.6830309629440308 0.6888315081596375 0.02514144778251648 0.03352193037668864
0 0.5879653096199036 0.6929630637168884 0.02514144778251648 0.03352193037668864
0 0.49342426657676697 0.6970718502998352 0.02514144778251648 0.03352193037668864
0 0.39940345287323 0.7011579871177673 0.02514144778251648 0.03352193037668864
0 0.30589863657951355 0.7052217721939087 0.02514144778251648 0.03352193037668864
0 0.21290552616119385 0.709263265132904 0.02514144778251648 0.03352193037668864