0 0.16653846204280853 0.6042534112930298 0.031963023046652474 0.031963023046652474
0 0.2542934715747833 0.6139349341392517 0.031963023046652474 0.031963023046652474
0 0.34385472536087036 0.6238157749176025 0.031963023046652474 0.031963023046652474
0 0.43527862429618835 0.6339021325111389 0.031963023046652474 0.031963023046652474
0 0.5286238789558411 0.6442004442214966 0.031963023046652474 0.031963023046652474
0 0.6239516735076904 0.6547175049781799 0.031963023046652474 0.031963023046652474
0 0.7213258743286133 0.6654602885246277 0.031963023046652474 0.031963023046652474
0 0.18778280913829803 0.5182503461837769 0.031963023046652474 0.031963023046652474
0 0.273286372423172 0.5268087983131409 0.031963023046652474 0.031963023046652474
0 0.3605000078678131 0.5355384349822998 0.031963023046652474 0.031963023046652474
0 0.4494755268096924 0.5444444417953491 0.031963023046652474 0.031963023046652474
0 0.5402668714523315 0.5535321831703186 0.031963023046652474 0.031963023046652474
0 0.6329302191734314 0.5628072619438171 0.031963023046652474 0.031963023046652474
0 0.7275240421295166 0.5722756385803223 0.031963023046652474 0.031963023046652474
0 0.20787881314754486 0.4368961751461029 0.031963023046652474 0.031963023046652474
0 0.2912427484989166 0.44443756341934204 0.031963023046652474 0.031963023046652474
0 0.3762280344963074 0.4521256685256958 0.031963023046652474 0.031963023046652474
0 0.4628824293613434 0.45996472239494324 0.031963023046652474 0.031963023046652474
0 0.5512555837631226 0.46795931458473206 0.031963023046652474 0.031963023046652474
0 0.6413991451263428 0.47611403465270996 0.031963023046652474 0.031963023046652474
0 0.733366847038269 0.48443377017974854 0.031963023046652474 0.031963023046652474
0 0.2269171178340912 0.3598237633705139 0.031963023046652474 0.031963023046652474
0 0.3082451820373535 0.3664422929286957 0.031963023046652474 0.031963023046652474
0 0.3911125957965851 0.3731861114501953 0.031963023046652474 0.031963023046652474
0 0.4755634367465973 0.38005879521369934 0.031963023046652474 0.031963023046652474
0 0.5616436004638672 0.38706403970718384 0.031963023046652474 0.031963023046652474
0 0.6494005918502808 0.394205778837204 0.031963023046652474 0.031963023046652474
0 0.7388839721679688 0.4014880061149597 0.031963023046652474 0.031963023046652474
0 0.2449791133403778 0.28670379519462585 0.031963023046652474 0.031963023046652474
0 0.3243677616119385 0.29248329997062683 0.031963023046652474 0.031963023046652474
0 0.40521979331970215 0.2983693778514862 0.031963023046652474 0.031963023046652474
0 0.48757603764533997 0.3043649196624756 0.031963023046652474 0.031963023046652474
0 0.5714788436889648 0.31047308444976807 0.031963023046652474 0.031963023046652474
0 0.6569722890853882 0.31669703125953674 0.031963023046652474 0.031963023046652474
0 0.7441019415855408 0.32304009795188904 0.031963023046652474 0.031963023046652474
0 0.2621380090713501 0.21723981201648712 0.031963023046652474 0.031963023046652474
0 0.33967700600624084 0.2222551852464676 0.031963023046652474 0.031963023046652474
0 0.4186089336872101 0.22736066579818726 0.031963023046652474 0.031963023046652474
0 0.4989716410636902 0.23255866765975952 0.031963023046652474 0.031963023046652474
0 0.5808044075965881 0.23785178363323212 0.031963023046652474 0.031963023046652474
0 0.6641479134559631 0.24324259161949158 0.031963023046652474 0.031963023046652474
0 0.7490444183349609 0.24873386323451996 0.031963023046652474 0.031963023046652474
0 0.2784598767757416 0.15116432309150696 0.031963023046652474 0.031963023046652474
0 0.3542329967021942 0.15548257529735565 0.031963023046652474 0.031963023046652474
0 0.4313335120677948 0.15987646579742432 0.031963023046652474 0.031963023046652474
0 0.5097966194152832 0.16434802114963531 0.031963023046652474 0.031963023046652474
0 0.589658796787262 0.1688992977142334 0.031963023046652474 0.031963023046652474
0 0.6709578037261963 0.17353245615959167 0.031963023046652474 0.031963023046652474
0 0.7537326812744141 0.17824973165988922 0.031963023046652474 0.031963023046652474