0 0.6949081420898438 0.15523886680603027 0.022900876573597392 0.03424430141846339
0 0.6190249919891357 0.15487946569919586 0.022900876573597392 0.03424430141846339
0 0.542569637298584 0.15451735258102417 0.022900876573597392 0.03424430141846339
0 0.4655357003211975 0.154152512550354 0.022900876573597392 0.03424430141846339
0 0.3879164755344391 0.1537848860025406 0.022900876573597392 0.03424430141846339
0 0.30970531702041626 0.15341445803642273 0.022900876573597392 0.03424430141846339
0 0.23089541494846344 0.15304119884967804 0.022900876573597392 0.03424430141846339
0 0.7067002058029175 0.23564864695072174 0.022900876573597392 0.03424430141846339
0 0.6281406283378601 0.2355891913175583 0.022900876573597392 0.03424430141846339
0 0.5489673614501953 0.23552927374839783 0.022900876573597392 0.03424430141846339
0 0.46917322278022766 0.23546887934207916 0.022900876573597392 0.03424430141846339
0 0.3887508809566498 0.2354080229997635 0.022900876573597392 0.03424430141846339
0 0.30769285559654236 0.23534667491912842 0.022900876573597392 0.03424430141846339
0 0.22599159181118011 0.23528485000133514 0.022900876573597392 0.03424430141846339
0 0.7193662524223328 0.32201841473579407 0.022900876573597392 0.03424430141846339
0 0.6379346251487732 0.322305291891098 0.022900876573597392 0.03424430141846339
0 0.5558431148529053 0.32259446382522583 0.022900876573597392 0.03424430141846339
0 0.4730836749076843 0.32288601994514465 0.022900876573597392 0.03424430141846339
0 0.3896481394767761 0.3231799304485321 0.022900876573597392 0.03424430141846339
0 0.3055281639099121 0.32347628474235535 0.022900876573597392 0.03424430141846339
0 0.22071529924869537 0.323775053024292 0.022900876573597392 0.03424430141846339
0 0.7330072522163391 0.41503632068634033 0.022900876573597392 0.03424430141846339
0 0.6484856605529785 0.41572412848472595 0.022900876573597392 0.03424430141846339
0 0.5632525682449341 0.4164177477359772 0.022900876573597392 0.03424430141846339
0 0.47729894518852234 0.4171172082424164 0.022900876573597392 0.03424430141846339
0 0.39061564207077026 0.41782262921333313 0.022900876573597392 0.03424430141846339
0 0.3031933009624481 0.4185340702533722 0.022900876573597392 0.03424430141846339
0 0.21502244472503662 0.41925156116485596 0.022900876573597392 0.03424430141846339
0 0.7477403283119202 0.5155006647109985 0.022900876573597392 0.03424430141846339
0 0.659885048866272 0.5166541337966919 0.022900876573597392 0.03424430141846339
0 0.5712603330612183 0.5178177356719971 0.022900876573597392 0.03424430141846339
0 0.481856107711792 0.5189915299415588 0.022900876573597392 0.03424430141846339
0 0.39166194200515747 0.5201756954193115 0.022900876573597392 0.03424430141846339
0 0.3006673753261566 0.5213704109191895 0.022900876573597392 0.03424430141846339
0 0.20886167883872986 0.5225757360458374 0.022900876573597392 0.03424430141846339
0 0.7637019753456116 0.6243429183959961 0.022900876573597392 0.03424430141846339
0 0.672239363193512 0.6260391473770142 0.022900876573597392 0.03424430141846339
0 0.5799420475959778 0.627750813961029 0.022900876573597392 0.03424430141846339
0 0.4867985248565674 0.6294781565666199 0.022900876573597392 0.03424430141846339
0 0.3927971124649048 0.6312214136123657 0.022900876573597392 0.03424430141846339
0 0.2979259192943573 0.6329808235168457 0.022900876573597392 0.03424430141846339
0 0.20217281579971313 0.6347566246986389 0.022900876573597392 0.03424430141846339
0 0.7810525894165039 0.7426566481590271 0.022900876573597392 0.03424430141846339
0 0.6856738328933716 0.7449879050254822 0.022900876573597392 0.03424430141846339
0 0.5893864035606384 0.7473413944244385 0.022900876573597392 0.03424430141846339
0 0.49217718839645386 0.7497174143791199 0.022900876573597392 0.03424430141846339
0 0.3940329849720001 0.7521162629127502 0.022900876573597392 0.03424430141846339
0 0.29494017362594604 0.754538357257843 0.022900876573597392 0.03424430141846339
0 0.19488494098186493 0.7569839358329773 0.022900876573597392 0.03424430141846339