0 0.6797553896903992 0.16494297981262207 0.024936530739068985 0.03324870765209198
0 0.6113842129707336 0.16814449429512024 0.024936530739068985 0.03324870765209198
0 0.542781412601471 0.17135682702064514 0.024936530739068985 0.03324870765209198
0 0.47394588589668274 0.17458008229732513 0.024936530739068985 0.03324870765209198
0 0.4048764109611511 0.1778142750263214 0.024936530739068985 0.03324870765209198
0 0.3355717957019806 0.18105949461460114 0.024936530739068985 0.03324870765209198
0 0.26603084802627563 0.1843157708644867 0.024936530739068985 0.03324870765209198
0 0.6907057762145996 0.2306319624185562 0.024936530739068985 0.03324870765209198
0 0.6192229986190796 0.2340962141752243 0.024936530739068985 0.03324870765209198
0 0.5474870204925537 0.23757274448871613 0.024936530739068985 0.03324870765209198
0 0.47549647092819214 0.24106161296367645 0.024936530739068985 0.03324870765209198
0 0.40324997901916504 0.24456287920475006 0.024936530739068985 0.03324870765209198
0 0.33074620366096497 0.24807660281658173 0.024936530739068985 0.03324870765209198
0 0.2579837441444397 0.2516028881072998 0.024936530739068985 0.03324870765209198
0 0.7027052640914917 0.3026142120361328 0.024936530739068985 0.03324870765209198
0 0.6278142333030701 0.3063780963420868 0.024936530739068985 0.03324870765209198
0 0.5526451468467712 0.3101559579372406 0.024936530739068985 0.03324870765209198
0 0.47719642519950867 0.313947856426239 0.024936530739068985 0.03324870765209198
0 0.40146657824516296 0.3177539110183716 0.024936530739068985 0.03324870765209198
0 0.3254539668560028 0.3215741515159607 0.024936530739068985 0.03324870765209198
0 0.24915702641010284 0.3254086971282959 0.024936530739068985 0.03324870765209198
0 0.7159121632575989 0.3818395733833313 0.024936530739068985 0.03324870765209198
0 0.6372715830802917 0.38594740629196167 0.024936530739068985 0.03324870765209198
0 0.5583242774009705 0.39007124304771423 0.024936530739068985 0.03324870765209198
0 0.47906845808029175 0.39421120285987854 0.024936530739068985 0.03324870765209198
0 0.39950230717658997 0.39836737513542175 0.024936530739068985 0.03324870765209198
0 0.3196239769458771 0.4025398790836334 0.024936530739068985 0.03324870765209198
0 0.23943166434764862 0.40672874450683594 0.024936530739068985 0.03324870765209198
0 0.7305184006690979 0.46945926547050476 0.024936530739068985 0.03324870765209198
0 0.6477330327033997 0.47396475076675415 0.024936530739068985 0.03324870765209198
0 0.5646076202392578 0.4784887433052063 0.024936530739068985 0.03324870765209198
0 0.48114004731178284 0.48303136229515076 0.024936530739068985 0.03324870765209198
0 0.3973281979560852 0.4875927269458771 0.024936530739068985 0.03324870765209198
0 0.3131698966026306 0.4921729266643524 0.024936530739068985 0.03324870765209198
0 0.22866304218769073 0.4967721104621887 0.024936530739068985 0.03324870765209198
0 0.7467588186264038 0.5668820142745972 0.024936530739068985 0.03324870765209198
0 0.6593675017356873 0.5718509554862976 0.024936530739068985 0.03324870765209198
0 0.5715970396995544 0.5768414735794067 0.024936530739068985 0.03324870765209198
0 0.4834449291229248 0.5818536877632141 0.024936530739068985 0.03324870765209198
0 0.39490869641304016 0.586887776851654 0.024936530739068985 0.03324870765209198
0 0.30598583817481995 0.5919438004493713 0.024936530739068985 0.03324870765209198
0 0.21667379140853882 0.5970219373703003 0.024936530739068985 0.03324870765209198
0 0.7649239301681519 0.675850510597229 0.024936530739068985 0.03324870765209198
0 0.6723839640617371 0.6813644766807556 0.024936530739068985 0.03324870765209198
0 0.5794185400009155 0.6869037747383118 0.024936530739068985 0.03324870765209198
0 0.4860248565673828 0.6924685835838318 0.024936530739068985 0.03324870765209198
0 0.392199844121933 0.69805908203125 0.024936530739068985 0.03324870765209198
0 0.29794052243232727 0.7036755084991455 0.024936530739068985 0.03324870765209198
0 0.2032439112663269 0.7093179225921631 0.024936530739068985 0.03324870765209198