0 0.3360602855682373 0.3864670693874359 0.01922133006155491 0.02562844008207321
0 0.3312067985534668 0.44348829984664917 0.01922133006155491 0.02562844008207321
0 0.3260514736175537 0.5040556192398071 0.01922133006155491 0.02562844008207321
0 0.32056525349617004 0.5685104131698608 0.01922133006155491 0.02562844008207321
0 0.3147152364253998 0.6372394561767578 0.01922133006155491 0.02562844008207321
0 0.308463990688324 0.7106823921203613 0.01922133006155491 0.02562844008207321
0 0.3017687499523163 0.7893414497375488 0.01922133006155491 0.02562844008207321
0 0.397073358297348 0.38845640420913696 0.01922133006155491 0.02562844008207321
0 0.39405912160873413 0.4455508887767792 0.01922133006155491 0.02562844008207321
0 0.39085739850997925 0.5061968564987183 0.01922133006155491 0.02562844008207321
0 0.38745012879371643 0.5707364082336426 0.01922133006155491 0.02562844008207321
0 0.38381683826446533 0.6395567655563354 0.01922133006155491 0.02562844008207321
0 0.37993428111076355 0.7130986452102661 0.01922133006155491 0.02562844008207321
0 0.37577593326568604 0.7918650507926941 0.01922133006155491 0.02562844008207321
0 0.4581139385700226 0.39044666290283203 0.01922133006155491 0.02562844008207321
0 0.4569406509399414 0.447614461183548 0.01922133006155491 0.02562844008207321
0 0.45569437742233276 0.5083391666412354 0.01922133006155491 0.02562844008207321
0 0.45436805486679077 0.5729634165763855 0.01922133006155491 0.02562844008207321
0 0.4529537558555603 0.6418753266334534 0.01922133006155491 0.02562844008207321
0 0.4514423906803131 0.7155161499977112 0.01922133006155491 0.02562844008207321
0 0.44982361793518066 0.7943900227546692 0.01922133006155491 0.02562844008207321
0 0.5191820859909058 0.39243778586387634 0.01922133006155491 0.02562844008207321
0 0.5198514461517334 0.4496789872646332 0.01922133006155491 0.02562844008207321
0 0.520562469959259 0.5104824900627136 0.01922133006155491 0.02562844008207321
0 0.5213191509246826 0.5751915574073792 0.01922133006155491 0.02562844008207321
0 0.5221260190010071 0.644195020198822 0.01922133006155491 0.02562844008207321
0 0.5229883193969727 0.7179349064826965 0.01922133006155491 0.02562844008207321
0 0.5239118933677673 0.7969163656234741 0.01922133006155491 0.02562844008207321
0 0.5802778005599976 0.3944298326969147 0.01922133006155491 0.02562844008207321
0 0.5827915072441101 0.4517444670200348 0.01922133006155491 0.02562844008207321
0 0.5854616165161133 0.5126268267631531 0.01922133006155491 0.02562844008207321
0 0.5883033275604248 0.5774208307266235 0.01922133006155491 0.02562844008207321
0 0.5913336873054504 0.6465159058570862 0.01922133006155491 0.02562844008207321
0 0.5945720672607422 0.7203549742698669 0.01922133006155491 0.02562844008207321
0 0.5980406999588013 0.7994440793991089 0.01922133006155491 0.02562844008207321
0 0.6414011120796204 0.39642277359962463 0.01922133006155491 0.02562844008207321
0 0.6457608342170715 0.4538109004497528 0.01922133006155491 0.02562844008207321
0 0.6503919363021851 0.5147722363471985 0.01922133006155491 0.02562844008207321
0 0.6553207039833069 0.5796511769294739 0.01922133006155491 0.02562844008207321
0 0.6605767011642456 0.6488379240036011 0.01922133006155491 0.02562844008207321
0 0.6661936640739441 0.7227762937545776 0.01922133006155491 0.02562844008207321
0 0.672210156917572 0.8019731640815735 0.01922133006155491 0.02562844008207321
0 0.7025520205497742 0.3984166383743286 0.01922133006155491 0.02562844008207321
0 0.7087594270706177 0.4558783173561096 0.01922133006155491 0.02562844008207321
0 0.7153534293174744 0.5169185996055603 0.01922133006155491 0.02562844008207321
0 0.7223712205886841 0.581882655620575 0.01922133006155491 0.02562844008207321
0 0.7298551797866821 0.6511611938476562 0.01922133006155491 0.02562844008207321
0 0.7378532290458679 0.7251989245414734 0.01922133006155491 0.02562844008207321
0 0.7464202642440796 0.8045036792755127 0.01922133006155491 0.02562844008207321