0 0.8013098835945129 0.15111762285232544 0.020369488694187667 0.0341865544517835
0 0.7288206219673157 0.15135155618190765 0.020369488694187667 0.0341865544517835
0 0.6565775275230408 0.1515846997499466 0.020369488694187667 0.0341865544517835
0 0.5845792889595032 0.15181705355644226 0.020369488694187667 0.0341865544517835
0 0.5128247141838074 0.15204861760139465 0.020369488694187667 0.0341865544517835
0 0.4413125216960907 0.15227939188480377 0.020369488694187667 0.0341865544517835
0 0.37004151940345764 0.1525093913078308 0.020369488694187667 0.0341865544517835
0 0.8017743229866028 0.2308780401945114 0.020369488694187667 0.0341865544517835
0 0.7263872027397156 0.2309802621603012 0.020369488694187667 0.0341865544517835
0 0.6512662172317505 0.23108212649822235 0.020369488694187667 0.0341865544517835
0 0.5764099955558777 0.23118361830711365 0.020369488694187667 0.0341865544517835
0 0.5018171668052673 0.23128476738929749 0.020369488694187667 0.0341865544517835
0 0.4274863600730896 0.23138555884361267 0.020369488694187667 0.0341865544517835
0 0.3534161150455475 0.2314859926700592 0.020369488694187667 0.0341865544517835
0 0.8022775650024414 0.3172915279865265 0.020369488694187667 0.0341865544517835
0 0.7237511277198792 0.31723880767822266 0.020369488694187667 0.0341865544517835
0 0.6455134749412537 0.31718629598617554 0.020369488694187667 0.0341865544517835
0 0.5675630569458008 0.31713396310806274 0.020369488694187667 0.0341865544517835
0 0.4898982048034668 0.31708183884620667 0.020369488694187667 0.0341865544517835
0 0.4125174283981323 0.3170298933982849 0.020369488694187667 0.0341865544517835
0 0.3354191482067108 0.3169781267642975 0.020369488694187667 0.0341865544517835
0 0.8028246164321899 0.411226749420166 0.020369488694187667 0.0341865544517835
0 0.7208860516548157 0.41099119186401367 0.020369488694187667 0.0341865544517835
0 0.6392619609832764 0.41075652837753296 0.020369488694187667 0.0341865544517835
0 0.5579503774642944 0.4105227589607239 0.020369488694187667 0.0341865544517835
0 0.47694966197013855 0.4102898836135864 0.020369488694187667 0.0341865544517835
0 0.3962579667568207 0.4100579023361206 0.020369488694187667 0.0341865544517835
0 0.31587353348731995 0.4098268151283264 0.020369488694187667 0.0341865544517835
0 0.8034213781356812 0.5137104988098145 0.020369488694187667 0.0341865544517835
0 0.7177608013153076 0.5132582783699036 0.020369488694187667 0.0341865544517835
0 0.6324437856674194 0.5128079056739807 0.020369488694187667 0.0341865544517835
0 0.5474682450294495 0.5123593211174011 0.020369488694187667 0.0341865544517835
0 0.4628322124481201 0.5119125247001648 0.020369488694187667 0.0341865544517835
0 0.37853360176086426 0.511467456817627 0.020369488694187667 0.0341865544517835
0 0.2945704162120819 0.5110242366790771 0.020369488694187667 0.0341865544517835
0 0.8040751218795776 0.6259652376174927 0.020369488694187667 0.0341865544517835
0 0.7143381834030151 0.6252552270889282 0.020369488694187667 0.0341865544517835
0 0.624978244304657 0.6245481967926025 0.020369488694187667 0.0341865544517835
0 0.5359929800033569 0.6238440871238708 0.020369488694187667 0.0341865544517835
0 0.4473799765110016 0.6231429576873779 0.020369488694187667 0.0341865544517835
0 0.3591369688510895 0.6224448084831238 0.020369488694187667 0.0341865544517835
0 0.2712615728378296 0.6217494606971741 0.020369488694187667 0.0341865544517835
0 0.8047942519187927 0.7494584321975708 0.020369488694187667 0.0341865544517835
0 0.710573673248291 0.7484399676322937 0.020369488694187667 0.0341865544517835
0 0.6167686581611633 0.7474260330200195 0.020369488694187667 0.0341865544517835
0 0.52337646484375 0.7464165687561035 0.020369488694187667 0.0341865544517835
0 0.43039438128471375 0.7454115152359009 0.020369488694187667 0.0341865544517835
0 0.3378197252750397 0.7444108724594116 0.020369488694187667 0.0341865544517835
0 0.2456498146057129 0.743414580821991 0.020369488694187667 0.0341865544517835