0 0.7402855157852173 0.19385868310928345 0.03621803472439448 0.03621803472439448
0 0.6614766120910645 0.1938745081424713 0.03621803472439448 0.03621803472439448
0 0.582619309425354 0.19389034807682037 0.03621803472439448 0.03621803472439448
0 0.5037134885787964 0.19390620291233063 0.03621803472439448 0.03621803472439448
0 0.42475923895835876 0.19392205774784088 0.03621803472439448 0.03621803472439448
0 0.3457563817501068 0.19393792748451233 0.03621803472439448 0.03621803472439448
0 0.2667049765586853 0.19395381212234497 0.03621803472439448 0.03621803472439448
0 0.7514451146125793 0.2495994120836258 0.03621803472439448 0.03621803472439448
0 0.6694361567497253 0.24963369965553284 0.03621803472439448 0.03621803472439448
0 0.5873748064041138 0.24966800212860107 0.03621803472439448 0.03621803472439448
0 0.5052610039710999 0.2497023344039917 0.03621803472439448 0.03621803472439448
0 0.42309463024139404 0.24973668158054352 0.03621803472439448 0.03621803472439448
0 0.34087568521499634 0.24977105855941772 0.03621803472439448 0.03621803472439448
0 0.25860410928726196 0.24980546534061432 0.03621803472439448 0.03621803472439448
0 0.7635500431060791 0.31006231904029846 0.03621803472439448 0.03621803472439448
0 0.6780702471733093 0.3101181983947754 0.03621803472439448 0.03621803472439448
0 0.5925334692001343 0.3101741075515747 0.03621803472439448 0.03621803472439448
0 0.506939709186554 0.3102300763130188 0.03621803472439448 0.03621803472439448
0 0.4212888181209564 0.3102860450744629 0.03621803472439448 0.03621803472439448
0 0.33558082580566406 0.31034207344055176 0.03621803472439448 0.03621803472439448
0 0.24981561303138733 0.3103981614112854 0.03621803472439448 0.03621803472439448
0 0.7767258882522583 0.37587398290634155 0.03621803472439448 0.03621803472439448
0 0.687468409538269 0.3759552240371704 0.03621803472439448 0.03621803472439448
0 0.5981488227844238 0.37603652477264404 0.03621803472439448 0.03621803472439448
0 0.5087670683860779 0.37611788511276245 0.03621803472439448 0.03621803472439448
0 0.41932305693626404 0.37619930505752563 0.03621803472439448 0.03621803472439448
0 0.3298167288303375 0.3762807846069336 0.03621803472439448 0.03621803472439448
0 0.24024802446365356 0.37636229395866394 0.03621803472439448 0.03621803472439448
0 0.791121244430542 0.44777706265449524 0.03621803472439448 0.03621803472439448
0 0.6977367401123047 0.44788822531700134 0.03621803472439448 0.03621803472439448
0 0.6042842864990234 0.4479994773864746 0.03621803472439448 0.03621803472439448
0 0.5107637643814087 0.44811081886291504 0.03621803472439448 0.03621803472439448
0 0.4171750545501709 0.44822221994400024 0.03621803472439448 0.03621803472439448
0 0.32351815700531006 0.448333740234375 0.03621803472439448 0.03621803472439448
0 0.22979293763637543 0.44844532012939453 0.03621803472439448 0.03621803472439448
0 0.8069136142730713 0.5266582369804382 0.03621803472439448 0.03621803472439448
0 0.7090020179748535 0.5268049240112305 0.03621803472439448 0.03621803472439448
0 0.6110156774520874 0.5269517302513123 0.03621803472439448 0.03621803472439448
0 0.5129544138908386 0.5270985960960388 0.03621803472439448 0.03621803472439448
0 0.41481828689575195 0.5272455811500549 0.03621803472439448 0.03621803472439448
0 0.31660711765289307 0.5273927450180054 0.03621803472439448 0.03621803472439448
0 0.21832087635993958 0.5275399684906006 0.03621803472439448 0.03621803472439448
0 0.8243168592453003 0.6135852336883545 0.03621803472439448 0.03621803472439448
0 0.7214167714118958 0.6137742400169373 0.03621803472439448 0.03621803472439448
0 0.6184341311454773 0.6139634251594543 0.03621803472439448 0.03621803472439448
0 0.5153688192367554 0.614152729511261 0.03621803472439448 0.03621803472439448
0 0.4122207462787628 0.614342212677002 0.03621803472439448 0.03621803472439448
0 0.3089897930622101 0.6145318150520325 0.03621803472439448 0.03621803472439448
0 0.2056758552789688 0.6147215962409973 0.03621803472439448 0.03621803472439448