0 0.6940789818763733 0.1550893634557724 0.022811851231381297 0.034111179411411285
0 0.6186085343360901 0.1547568291425705 0.022811851231381297 0.034111179411411285
0 0.5425373315811157 0.1544216424226761 0.022811851231381297 0.034111179411411285
0 0.46585825085639954 0.15408377349376678 0.022811851231381297 0.034111179411411285
0 0.38856393098831177 0.1537432074546814 0.022811851231381297 0.034111179411411285
0 0.3106469511985779 0.15339988470077515 0.022811851231381297 0.034111179411411285
0 0.2320997565984726 0.15305379033088684 0.022811851231381297 0.034111179411411285
0 0.7059862613677979 0.2346869707107544 0.022811851231381297 0.034111179411411285
0 0.6278131604194641 0.23466932773590088 0.022811851231381297 0.034111179411411285
0 0.5489950776100159 0.23465155065059662 0.022811851231381297 0.034111179411411285
0 0.46952396631240845 0.23463362455368042 0.022811851231381297 0.034111179411411285
0 0.38939169049263 0.2346155345439911 0.022811851231381297 0.034111179411411285
0 0.30858999490737915 0.234597310423851 0.022811851231381297 0.034111179411411285
0 0.22711040079593658 0.234578937292099 0.022811851231381297 0.034111179411411285
0 0.7187907695770264 0.32028260827064514 0.022811851231381297 0.034111179411411285
0 0.6377143859863281 0.3206292688846588 0.022811851231381297 0.034111179411411285
0 0.5559436082839966 0.32097890973091125 0.022811851231381297 0.034111179411411285
0 0.47346946597099304 0.32133156061172485 0.022811851231381297 0.034111179411411285
0 0.39028292894363403 0.321687251329422 0.022811851231381297 0.034111179411411285
0 0.3063746690750122 0.32204604148864746 0.022811851231381297 0.034111179411411285
0 0.22173523902893066 0.32240796089172363 0.022811851231381297 0.034111179411411285
0 0.7325979471206665 0.41258081793785095 0.022811851231381297 0.034111179411411285
0 0.6483943462371826 0.4133501648902893 0.022811851231381297 0.034111179411411285
0 0.5634410381317139 0.41412633657455444 0.022811851231381297 0.034111179411411285
0 0.47772809863090515 0.4149094521999359 0.022811851231381297 0.034111179411411285
0 0.39124518632888794 0.41569963097572327 0.022811851231381297 0.034111179411411285
0 0.3039819598197937 0.4164969027042389 0.022811851231381297 0.034111179411411285
0 0.21592773497104645 0.4173014163970947 0.022811851231381297 0.034111179411411285
0 0.7475303411483765 0.5124009251594543 0.022811851231381297 0.034111179411411285
0 0.6599486470222473 0.5136622190475464 0.022811851231381297 0.034111179411411285
0 0.5715551972389221 0.5149351954460144 0.022811851231381297 0.034111179411411285
0 0.4823386073112488 0.5162200927734375 0.022811851231381297 0.034111179411411285
0 0.39228734374046326 0.5175169110298157 0.022811851231381297 0.034111179411411285
0 0.3013896644115448 0.5188260078430176 0.022811851231381297 0.034111179411411285
0 0.20963354408740997 0.520147442817688 0.022811851231381297 0.034111179411411285
0 0.7637313604354858 0.6207014918327332 0.022811851231381297 0.034111179411411285
0 0.6724893450737 0.6225375533103943 0.022811851231381297 0.034111179411411285
0 0.5803653597831726 0.6243913769721985 0.022811851231381297 0.034111179411411285
0 0.4873465299606323 0.6262632012367249 0.022811851231381297 0.034111179411411285
0 0.3934197723865509 0.6281532645225525 0.022811851231381297 0.034111179411411285
0 0.29857173562049866 0.6300618648529053 0.022811851231381297 0.034111179411411285
0 0.20278878509998322 0.6319893002510071 0.022811851231381297 0.034111179411411285
0 0.7813698649406433 0.7386112213134766 0.022811851231381297 0.034111179411411285
0 0.6861483454704285 0.7411215305328369 0.022811851231381297 0.034111179411411285
0 0.5899651050567627 0.7436572313308716 0.022811851231381297 0.034111179411411285
0 0.4928055703639984 0.7462186813354492 0.022811851231381297 0.034111179411411285
0 0.3946547508239746 0.7488062381744385 0.022811851231381297 0.034111179411411285
0 0.2954973876476288 0.7514203786849976 0.022811851231381297 0.034111179411411285
0 0.19531795382499695 0.7540614008903503 0.022811851231381297 0.034111179411411285