0 0.6916318535804749 0.15311741828918457 0.02499070949852467 0.03332094599803289
0 0.6236947178840637 0.15470509231090546 0.02499070949852467 0.03332094599803289
0 0.5556989908218384 0.15629413723945618 0.02499070949852467 0.03332094599803289
0 0.4876444637775421 0.15788455307483673 0.02499070949852467 0.03332094599803289
0 0.4195311665534973 0.1594763547182083 0.02499070949852467 0.03332094599803289
0 0.35135897994041443 0.16106952726840973 0.02499070949852467 0.03332094599803289
0 0.2831278145313263 0.16266407072544098 0.02499070949852467 0.03332094599803289
0 0.7020998597145081 0.21862339973449707 0.02499070949852467 0.03332094599803289
0 0.6309300661087036 0.2203163504600525 0.02499070949852467 0.03332094599803289
0 0.559695839881897 0.22201083600521088 0.02499070949852467 0.03332094599803289
0 0.48839715123176575 0.22370684146881104 0.02499070949852467 0.03332094599803289
0 0.4170339107513428 0.22540439665317535 0.02499070949852467 0.03332094599803289
0 0.3456060290336609 0.22710348665714264 0.02499070949852467 0.03332094599803289
0 0.27411341667175293 0.2288041114807129 0.02499070949852467 0.03332094599803289
0 0.7136150002479553 0.2906818985939026 0.02499070949852467 0.03332094599803289
0 0.6388894319534302 0.2924937605857849 0.02499070949852467 0.03332094599803289
0 0.5640928745269775 0.2943073511123657 0.02499070949852467 0.03332094599803289
0 0.48922520875930786 0.296122670173645 0.02499070949852467 0.03332094599803289
0 0.41428637504577637 0.2979397177696228 0.02499070949852467 0.03332094599803289
0 0.3392762541770935 0.2997584640979767 0.02499070949852467 0.03332094599803289
0 0.2641947567462921 0.30157896876335144 0.02499070949852467 0.03332094599803289
0 0.7263426780700684 0.37032783031463623 0.02499070949852467 0.03332094599803289
0 0.6476873159408569 0.3722749352455139 0.02499070949852467 0.03332094599803289
0 0.5689533352851868 0.3742240071296692 0.02499070949852467 0.03332094599803289
0 0.4901405870914459 0.3761749863624573 0.02499070949852467 0.03332094599803289
0 0.41124895215034485 0.37812796235084534 0.02499070949852467 0.03332094599803289
0 0.332278311252594 0.3800828456878662 0.02499070949852467 0.03332094599803289
0 0.2532285749912262 0.38203972578048706 0.02499070949852467 0.03332094599803289
0 0.7404849529266357 0.4588261842727661 0.02499070949852467 0.03332094599803289
0 0.6574636101722717 0.4609282314777374 0.02499070949852467 0.03332094599803289
0 0.5743546485900879 0.4630325138568878 0.02499070949852467 0.03332094599803289
0 0.4911578893661499 0.4651390016078949 0.02499070949852467 0.03332094599803289
0 0.4078732430934906 0.46724772453308105 0.02499070949852467 0.03332094599803289
0 0.32450053095817566 0.4693586826324463 0.02499070949852467 0.03332094599803289
0 0.24103964865207672 0.4714718461036682 0.02499070949852467 0.03332094599803289
0 0.7562915682792664 0.5577396750450134 0.02499070949852467 0.03332094599803289
0 0.6683910489082336 0.5600207448005676 0.02499070949852467 0.03332094599803289
0 0.5803923010826111 0.5623043775558472 0.02499070949852467 0.03332094599803289
0 0.4922950863838196 0.5645905137062073 0.02499070949852467 0.03332094599803289
0 0.40409934520721436 0.5668792724609375 0.02499070949852467 0.03332094599803289
0 0.3158048391342163 0.5691705346107483 0.02499070949852467 0.03332094599803289
0 0.2274114191532135 0.5714643597602844 0.02499070949852467 0.03332094599803289
0 0.7740747928619385 0.6690219044685364 0.02499070949852467 0.03332094599803289
0 0.6806857585906982 0.671511709690094 0.02499070949852467 0.03332094599803289
0 0.587185800075531 0.6740044951438904 0.02499070949852467 0.03332094599803289
0 0.49357476830482483 0.6765002012252808 0.02499070949852467 0.03332094599803289
0 0.3998524248600006 0.6789988875389099 0.02499070949852467 0.03332094599803289
0 0.30601853132247925 0.6815005540847778 0.02499070949852467 0.03332094599803289
0 0.21207295358181 0.6840052008628845 0.02499070949852467 0.03332094599803289