0 0.6648518443107605 0.17350365221500397 0.025339484214782715 0.03378597895304362
0 0.5958309173583984 0.17889106273651123 0.025339484214782715 0.03378597895304362
0 0.5272334814071655 0.18424542248249054 0.025339484214782715 0.03378597895304362
0 0.4590556025505066 0.18956702947616577 0.025339484214782715 0.03378597895304362
0 0.3912934362888336 0.194856196641922 0.025339484214782715 0.03378597895304362
0 0.32394319772720337 0.2001132071018219 0.025339484214782715 0.03378597895304362
0 0.2570011615753174 0.20533835887908936 0.025339484214782715 0.03378597895304362
0 0.6753696203231812 0.23767994344234467 0.025339484214782715 0.03378597895304362
0 0.6028965711593628 0.24312691390514374 0.025339484214782715 0.03378597895304362
0 0.5308900475502014 0.2485388219356537 0.025339484214782715 0.03378597895304362
0 0.4593456983566284 0.2539159953594208 0.025339484214782715 0.03378597895304362
0 0.3882589638233185 0.25925877690315247 0.025339484214782715 0.03378597895304362
0 0.317625492811203 0.264567494392395 0.025339484214782715 0.03378597895304362
0 0.24744097888469696 0.2698424458503723 0.025339484214782715 0.03378597895304362
0 0.6869871020317078 0.30856674909591675 0.025339484214782715 0.03378597895304362
0 0.6106984615325928 0.3140566945075989 0.025339484214782715 0.03378597895304362
0 0.5349264144897461 0.31950944662094116 0.025339484214782715 0.03378597895304362
0 0.45966580510139465 0.32492539286613464 0.025339484214782715 0.03378597895304362
0 0.384911447763443 0.33030492067337036 0.025339484214782715 0.03378597895304362
0 0.3106582462787628 0.3356483578681946 0.025339484214782715 0.03378597895304362
0 0.2369012087583542 0.3409561216831207 0.025339484214782715 0.03378597895304362
0 0.6998864412307739 0.3872746527194977 0.025339484214782715 0.03378597895304362
0 0.6193580627441406 0.3927842378616333 0.025339484214782715 0.03378597895304362
0 0.5394049286842346 0.3982544541358948 0.025339484214782715 0.03378597895304362
0 0.46002086997032166 0.4036857485771179 0.025339484214782715 0.03378597895304362
0 0.3811998665332794 0.40907853841781616 0.025339484214782715 0.03378597895304362
0 0.3029358983039856 0.41443318128585815 0.025339484214782715 0.03378597895304362
0 0.2252231240272522 0.4197501242160797 0.025339484214782715 0.03378597895304362
0 0.714292049407959 0.47517359256744385 0.025339484214782715 0.03378597895304362
0 0.6290250420570374 0.4806702435016632 0.025339484214782715 0.03378597895304362
0 0.5444024205207825 0.4861253798007965 0.025339484214782715 0.03378597895304362
0 0.4604169428348541 0.4915394186973572 0.025339484214782715 0.03378597895304362
0 0.3770613372325897 0.4969128668308258 0.025339484214782715 0.03378597895304362
0 0.29432860016822815 0.5022461414337158 0.025339484214782715 0.03378597895304362
0 0.21221180260181427 0.5075397491455078 0.025339484214782715 0.03378597895304362
0 0.7304841876029968 0.5739732980728149 0.025339484214782715 0.03378597895304362
0 0.6398860812187195 0.579411506652832 0.025339484214782715 0.03378597895304362
0 0.5500147938728333 0.5848061442375183 0.025339484214782715 0.03378597895304362
0 0.4608615040779114 0.590157687664032 0.025339484214782715 0.03378597895304362
0 0.37241774797439575 0.5954666137695312 0.025339484214782715 0.03378597895304362
0 0.28467506170272827 0.6007334589958191 0.025339484214782715 0.03378597895304362
0 0.19762510061264038 0.6059587001800537 0.025339484214782715 0.03378597895304362
0 0.7488170862197876 0.685835599899292 0.025339484214782715 0.03378597895304362
0 0.6521769165992737 0.6911516785621643 0.025339484214782715 0.03378597895304362
0 0.5563627481460571 0.696422278881073 0.025339484214782715 0.03378597895304362
0 0.46136412024497986 0.7016480565071106 0.025339484214782715 0.03378597895304362
0 0.36717063188552856 0.7068295478820801 0.025339484214782715 0.03378597895304362
0 0.27377209067344666 0.7119672894477844 0.025339484214782715 0.03378597895304362
0 0.18115846812725067 0.7170618772506714 0.025339484214782715 0.03378597895304362