0 0.7543855905532837 0.20927070081233978 0.03539463132619858 0.03539463132619858
0 0.6632909774780273 0.21086643636226654 0.03539463132619858 0.03539463132619858
0 0.5748212933540344 0.21241620182991028 0.03539463132619858 0.03539463132619858
0 0.48886480927467346 0.2139219343662262 0.03539463132619858 0.03539463132619858
0 0.4053158164024353 0.21538549661636353 0.03539463132619858 0.03539463132619858
0 0.3240746557712555 0.21680863201618195 0.03539463132619858 0.03539463132619858
0 0.245046928524971 0.21819299459457397 0.03539463132619858 0.03539463132619858
0 0.7535954713821411 0.2858210504055023 0.03539463132619858 0.03539463132619858
0 0.6596837043762207 0.2863125503063202 0.03539463132619858 0.03539463132619858
0 0.5685608983039856 0.2867894172668457 0.03539463132619858 0.03539463132619858
0 0.48010459542274475 0.28725236654281616 0.03539463132619858 0.03539463132619858
0 0.3941994905471802 0.28770196437835693 0.03539463132619858 0.03539463132619858
0 0.310736745595932 0.288138747215271 0.03539463132619858 0.03539463132619858
0 0.22961366176605225 0.2885633111000061 0.03539463132619858 0.03539463132619858
0 0.7527539134025574 0.3673560917377472 0.03539463132619858 0.03539463132619858
0 0.6558452248573303 0.36659500002861023 0.03539463132619858 0.03539463132619858
0 0.5619052648544312 0.36585721373558044 0.03539463132619858 0.03539463132619858
0 0.4707997739315033 0.36514168977737427 0.03539463132619858 0.03539463132619858
0 0.38240230083465576 0.3644474446773529 0.03539463132619858 0.03539463132619858
0 0.29659390449523926 0.36377352476119995 0.03539463132619858 0.03539463132619858
0 0.21326245367527008 0.36311906576156616 0.03539463132619858 0.03539463132619858
0 0.751855731010437 0.45437905192375183 0.03539463132619858 0.03539463132619858
0 0.6517525315284729 0.4521942436695099 0.03539463132619858 0.03539463132619858
0 0.5548158884048462 0.450078547000885 0.03539463132619858 0.03539463132619858
0 0.46089792251586914 0.44802871346473694 0.03539463132619858 0.03539463132619858
0 0.3698597848415375 0.4460417330265045 0.03539463132619858 0.03539463132619858
0 0.28157100081443787 0.4441147744655609 0.03539463132619858 0.03539463132619858
0 0.19590891897678375 0.44224512577056885 0.03539463132619858 0.03539463132619858
0 0.7508950233459473 0.5474633574485779 0.03539463132619858 0.03539463132619858
0 0.6473795175552368 0.5436565279960632 0.03539463132619858 0.03539463132619858
0 0.5472488403320312 0.5399742126464844 0.03539463132619858 0.03539463132619858
0 0.450339674949646 0.5364103317260742 0.03539463132619858 0.03539463132619858
0 0.35649898648262024 0.5329593420028687 0.03539463132619858 0.03539463132619858
0 0.2655833065509796 0.5296158790588379 0.03539463132619858 0.03539463132619858
0 0.17745797336101532 0.5263750553131104 0.03539463132619858 0.03539463132619858
0 0.749864935874939 0.6472650766372681 0.03539463132619858 0.03539463132619858
0 0.6426963210105896 0.6416056156158447 0.03539463132619858 0.03539463132619858
0 0.5391541719436646 0.6361376643180847 0.03539463132619858 0.03539463132619858
0 0.43905749917030334 0.630851686000824 0.03539463132619858 0.03539463132619858
0 0.34223708510398865 0.6257386803627014 0.03539463132619858 0.03539463132619858
0 0.24853470921516418 0.6207903623580933 0.03539463132619858 0.03539463132619858
0 0.15780210494995117 0.6159988641738892 0.03539463132619858 0.03539463132619858
0 0.7487577199935913 0.7545385956764221 0.03539463132619858 0.03539463132619858
0 0.637668788433075 0.7467569708824158 0.03539463132619858 0.03539463132619858
0 0.5304747819900513 0.7392481565475464 0.03539463132619858 0.03539463132619858
0 0.426974356174469 0.731998085975647 0.03539463132619858 0.03539463132619858
0 0.3269798159599304 0.7249935865402222 0.03539463132619858 0.03539463132619858
0 0.23031604290008545 0.7182223796844482 0.03539463132619858 0.03539463132619858
0 0.13681931793689728 0.7116730809211731 0.03539463132619858 0.03539463132619858