0 0.30595776438713074 0.2973766028881073 0.012499559205025434 0.022221438586711884
0 0.30300194025039673 0.3509029448032379 0.012499559205025434 0.022221438586711884
0 0.2998807728290558 0.4074234068393707 0.012499559205025434 0.022221438586711884
0 0.2965799868106842 0.46719643473625183 0.012499559205025434 0.022221438586711884
0 0.29308363795280457 0.5305110812187195 0.012499559205025434 0.022221438586711884
0 0.2893737852573395 0.5976917743682861 0.012499559205025434 0.022221438586711884
0 0.28543028235435486 0.669103741645813 0.012499559205025434 0.022221438586711884
0 0.36037129163742065 0.2963626980781555 0.012499559205025434 0.022221438586711884
0 0.35889652371406555 0.34984052181243896 0.012499559205025434 0.022221438586711884
0 0.3573392629623413 0.40630853176116943 0.012499559205025434 0.022221438586711884
0 0.35569241642951965 0.4660247266292572 0.012499559205025434 0.022221438586711884
0 0.35394805669784546 0.5292776823043823 0.012499559205025434 0.022221438586711884
0 0.3520972430706024 0.5963912606239319 0.012499559205025434 0.022221438586711884
0 0.3501299023628235 0.667729914188385 0.012499559205025434 0.022221438586711884
0 0.4147433638572693 0.2953495383262634 0.012499559205025434 0.022221438586711884
0 0.41474732756614685 0.3487789034843445 0.012499559205025434 0.022221438586711884
0 0.41475149989128113 0.4051945209503174 0.012499559205025434 0.022221438586711884
0 0.4147559404373169 0.46485400199890137 0.012499559205025434 0.022221438586711884
0 0.41476061940193176 0.5280453562736511 0.012499559205025434 0.022221438586711884
0 0.4147655963897705 0.5950918197631836 0.012499559205025434 0.022221438586711884
0 0.4147709012031555 0.6663572788238525 0.012499559205025434 0.022221438586711884
0 0.469074010848999 0.2943371832370758 0.012499559205025434 0.022221438586711884
0 0.4705544412136078 0.34771811962127686 0.012499559205025434 0.022221438586711884
0 0.4721176028251648 0.40408143401145935 0.012499559205025434 0.022221438586711884
0 0.4737705886363983 0.46368423104286194 0.012499559205025434 0.022221438586711884
0 0.47552138566970825 0.5268140435218811 0.012499559205025434 0.022221438586711884
0 0.4773789644241333 0.5937935709953308 0.012499559205025434 0.022221438586711884
0 0.4793533682823181 0.6649859547615051 0.012499559205025434 0.022221438586711884
0 0.5233632922172546 0.2933255732059479 0.012499559205025434 0.022221438586711884
0 0.5263179540634155 0.3466581702232361 0.012499559205025434 0.022221438586711884
0 0.5294375419616699 0.40296921133995056 0.012499559205025434 0.022221438586711884
0 0.5327364206314087 0.4625154137611389 0.012499559205025434 0.022221438586711884
0 0.5362303853034973 0.525583803653717 0.012499559205025434 0.022221438586711884
0 0.5399373769760132 0.5924964547157288 0.012499559205025434 0.022221438586711884
0 0.543877363204956 0.6636158227920532 0.012499559205025434 0.022221438586711884
0 0.5776112675666809 0.292314738035202 0.012499559205025434 0.022221438586711884
0 0.5820378065109253 0.3455990254878998 0.012499559205025434 0.022221438586711884
0 0.5867114663124084 0.4018579125404358 0.012499559205025434 0.022221438586711884
0 0.5916535258293152 0.4613475799560547 0.012499559205025434 0.022221438586711884
0 0.5968877673149109 0.5243546366691589 0.012499559205025434 0.022221438586711884
0 0.6024408936500549 0.5912004709243774 0.012499559205025434 0.022221438586711884
0 0.6083430647850037 0.6622469425201416 0.012499559205025434 0.022221438586711884
0 0.6318179368972778 0.29130467772483826 0.012499559205025434 0.022221438586711884
0 0.637714147567749 0.3445407450199127 0.012499559205025434 0.022221438586711884
0 0.6439393758773804 0.40074747800827026 0.012499559205025434 0.022221438586711884
0 0.6505219340324402 0.46018072962760925 0.012499559205025434 0.022221438586711884
0 0.657493531703949 0.523126482963562 0.012499559205025434 0.022221438586711884
0 0.6648896932601929 0.5899056196212769 0.012499559205025434 0.022221438586711884
0 0.6727504134178162 0.6608793139457703 0.012499559205025434 0.022221438586711884