0 0.7149103283882141 0.32360702753067017 0.0323571984966596 0.0323571984966596
0 0.6452255249023438 0.325382798910141 0.0323571984966596 0.0323571984966596
0 0.5756814479827881 0.3271549642086029 0.0323571984966596 0.0323571984966596
0 0.5062776803970337 0.3289235830307007 0.0323571984966596 0.0323571984966596
0 0.43701377511024475 0.33068859577178955 0.0323571984966596 0.0323571984966596
0 0.36788931488990784 0.33245009183883667 0.0323571984966596 0.0323571984966596
0 0.2989039123058319 0.33420801162719727 0.0323571984966596 0.0323571984966596
0 0.7252480387687683 0.37829697132110596 0.0323571984966596 0.0323571984966596
0 0.6525834798812866 0.38009074330329895 0.0323571984966596 0.0323571984966596
0 0.5800718665122986 0.3818807303905487 0.0323571984966596 0.0323571984966596
0 0.5077127814292908 0.3836669921875 0.0323571984966596 0.0323571984966596
0 0.435505747795105 0.38544946908950806 0.0323571984966596 0.0323571984966596
0 0.36345022916793823 0.38722822070121765 0.0323571984966596 0.0323571984966596
0 0.2915458083152771 0.3890032172203064 0.0323571984966596 0.0323571984966596
0 0.7365068793296814 0.4378596842288971 0.0323571984966596 0.0323571984966596
0 0.6605963110923767 0.4396677315235138 0.0323571984966596 0.0323571984966596
0 0.5848526358604431 0.44147178530693054 0.0323571984966596 0.0323571984966596
0 0.5092753767967224 0.4432719051837921 0.0323571984966596 0.0323571984966596
0 0.43386393785476685 0.4450680613517761 0.0323571984966596 0.0323571984966596
0 0.35861778259277344 0.44686025381088257 0.0323571984966596 0.0323571984966596
0 0.2835363745689392 0.4486485719680786 0.0323571984966596 0.0323571984966596
0 0.748815655708313 0.5029768347740173 0.0323571984966596 0.0323571984966596
0 0.6693555116653442 0.5047940611839294 0.0323571984966596 0.0323571984966596
0 0.5900782346725464 0.5066071152687073 0.0323571984966596 0.0323571984966596
0 0.5109831690788269 0.5084159970283508 0.0323571984966596 0.0323571984966596
0 0.4320697486400604 0.5102207064628601 0.0323571984966596 0.0323571984966596
0 0.35333728790283203 0.5120213031768799 0.0323571984966596 0.0323571984966596
0 0.27478519082069397 0.5138177871704102 0.0323571984966596 0.0323571984966596
0 0.7623283267021179 0.5744633674621582 0.0323571984966596 0.0323571984966596
0 0.678970456123352 0.5762829780578613 0.0323571984966596 0.0323571984966596
0 0.5958136916160583 0.5780982375144958 0.0323571984966596 0.0323571984966596
0 0.5128574371337891 0.579909086227417 0.0323571984966596 0.0323571984966596
0 0.4301009178161621 0.5817155838012695 0.0323571984966596 0.0323571984966596
0 0.3475433886051178 0.5835177302360535 0.0323571984966596 0.0323571984966596
0 0.2651841938495636 0.5853155255317688 0.0323571984966596 0.0323571984966596
0 0.7772307395935059 0.6533018350601196 0.0323571984966596 0.0323571984966596
0 0.6895729303359985 0.6551147103309631 0.0323571984966596 0.0323571984966596
0 0.6021375060081482 0.6569230556488037 0.0323571984966596 0.0323571984966596
0 0.5149236917495728 0.6587268114089966 0.0323571984966596 0.0323571984966596
0 0.4279305934906006 0.6605259776115417 0.0323571984966596 0.0323571984966596
0 0.3411574065685272 0.662320613861084 0.0323571984966596 0.0323571984966596
0 0.2546032667160034 0.6641107201576233 0.0323571984966596 0.0323571984966596
0 0.7937489151954651 0.7406878471374512 0.0323571984966596 0.0323571984966596
0 0.7013234496116638 0.7424818873405457 0.0323571984966596 0.0323571984966596
0 0.6091451644897461 0.7442711591720581 0.0323571984966596 0.0323571984966596
0 0.5172131061553955 0.7460556626319885 0.0323571984966596 0.0323571984966596
0 0.4255262613296509 0.7478353381156921 0.0323571984966596 0.0323571984966596
0 0.3340836465358734 0.7496103644371033 0.0323571984966596 0.0323571984966596
0 0.2428843379020691 0.7513805627822876 0.0323571984966596 0.0323571984966596