0 0.3019765019416809 0.3753361403942108 0.019751081243157387 0.026334774990876515
0 0.29688316583633423 0.439670592546463 0.019751081243157387 0.026334774990876515
0 0.2914944291114807 0.5077357888221741 0.019751081243157387 0.026334774990876515
0 0.28578388690948486 0.5798659920692444 0.019751081243157387 0.026334774990876515
0 0.27972179651260376 0.656436562538147 0.019751081243157387 0.026334774990876515
0 0.273274689912796 0.7378705143928528 0.019751081243157387 0.026334774990876515
0 0.2664046287536621 0.8246464133262634 0.019751081243157387 0.026334774990876515
0 0.36642932891845703 0.37623131275177 0.019751081243157387 0.026334774990876515
0 0.3631576895713806 0.44048169255256653 0.019751081243157387 0.026334774990876515
0 0.3596966564655304 0.5084514617919922 0.019751081243157387 0.026334774990876515
0 0.35602930188179016 0.5804731845855713 0.019751081243157387 0.026334774990876515
0 0.35213661193847656 0.6569203734397888 0.019751081243157387 0.026334774990876515
0 0.34799715876579285 0.738213837146759 0.019751081243157387 0.026334774990876515
0 0.34358668327331543 0.8248295187950134 0.019751081243157387 0.026334774990876515
0 0.43066954612731934 0.37712353467941284 0.019751081243157387 0.026334774990876515
0 0.4292075037956238 0.4412900507450104 0.019751081243157387 0.026334774990876515
0 0.4276609420776367 0.5091646313667297 0.019751081243157387 0.026334774990876515
0 0.42602238059043884 0.5810782313346863 0.019751081243157387 0.026334774990876515
0 0.42428332567214966 0.6574024558067322 0.019751081243157387 0.026334774990876515
0 0.4224342107772827 0.738555908203125 0.019751081243157387 0.026334774990876515
0 0.42046427726745605 0.8250119090080261 0.019751081243157387 0.026334774990876515
0 0.49469828605651855 0.37801283597946167 0.019751081243157387 0.026334774990876515
0 0.49503374099731445 0.44209566712379456 0.019751081243157387 0.026334774990876515
0 0.49538856744766235 0.5098752975463867 0.019751081243157387 0.026334774990876515
0 0.49576446413993835 0.5816810727119446 0.019751081243157387 0.026334774990876515
0 0.49616336822509766 0.6578826904296875 0.019751081243157387 0.026334774990876515
0 0.49658748507499695 0.7388966083526611 0.019751081243157387 0.026334774990876515
0 0.49703922867774963 0.8251935243606567 0.019751081243157387 0.026334774990876515
0 0.5585165023803711 0.3788991868495941 0.019751081243157387 0.026334774990876515
0 0.5606375336647034 0.44289857149124146 0.019751081243157387 0.026334774990876515
0 0.5628807544708252 0.5105834603309631 0.019751081243157387 0.026334774990876515
0 0.5652568936347961 0.5822817087173462 0.019751081243157387 0.026334774990876515
0 0.5677782893180847 0.6583611965179443 0.019751081243157387 0.026334774990876515
0 0.5704585909843445 0.739236056804657 0.019751081243157387 0.026334774990876515
0 0.5733133554458618 0.8253744840621948 0.019751081243157387 0.026334774990876515
0 0.6221253275871277 0.37978264689445496 0.019751081243157387 0.026334774990876515
0 0.626020073890686 0.4436987638473511 0.019751081243157387 0.026334774990876515
0 0.6301386952400208 0.5112892389297485 0.019751081243157387 0.026334774990876515
0 0.634501039981842 0.5828802585601807 0.019751081243157387 0.026334774990876515
0 0.6391295194625854 0.6588379144668579 0.019751081243157387 0.026334774990876515
0 0.6440491676330566 0.7395741939544678 0.019751081243157387 0.026334774990876515
0 0.6492883563041687 0.8255547285079956 0.019751081243157387 0.026334774990876515
0 0.6855257749557495 0.3806632161140442 0.019751081243157387 0.026334774990876515
0 0.6911823749542236 0.4444962441921234 0.019751081243157387 0.026334774990876515
0 0.6971635818481445 0.5119925141334534 0.019751081243157387 0.026334774990876515
0 0.7034982442855835 0.5834766626358032 0.019751081243157387 0.026334774990876515
0 0.7102184891700745 0.659312903881073 0.019751081243157387 0.026334774990876515
0 0.7173607349395752 0.7399110794067383 0.019751081243157387 0.026334774990876515
0 0.7249660491943359 0.8257343173027039 0.019751081243157387 0.026334774990876515