0 0.3020836412906647 0.6494889259338379 0.02025722712278366 0.027009636163711548
0 0.3771345615386963 0.64968341588974 0.02025722712278366 0.027009636163711548
0 0.4529707729816437 0.6498799324035645 0.02025722712278366 0.027009636163711548
0 0.5296046733856201 0.650078535079956 0.02025722712278366 0.027009636163711548
0 0.6070488691329956 0.6502792239189148 0.02025722712278366 0.027009636163711548
0 0.685316264629364 0.6504819989204407 0.02025722712278366 0.027009636163711548
0 0.7644201517105103 0.6506869792938232 0.02025722712278366 0.027009636163711548
0 0.3125917315483093 0.562518835067749 0.02025722712278366 0.027009636163711548
0 0.38423967361450195 0.5622725486755371 0.02025722712278366 0.027009636163711548
0 0.4566026031970978 0.5620238184928894 0.02025722712278366 0.027009636163711548
0 0.5296912789344788 0.5617726445198059 0.02025722712278366 0.027009636163711548
0 0.603516697883606 0.5615189075469971 0.02025722712278366 0.027009636163711548
0 0.67808997631073 0.5612625479698181 0.02025722712278366 0.027009636163711548
0 0.7534226179122925 0.5610036253929138 0.02025722712278366 0.027009636163711548
0 0.32217925786972046 0.4831678867340088 0.02025722712278366 0.027009636163711548
0 0.39071938395500183 0.4825558364391327 0.02025722712278366 0.027009636163711548
0 0.4599132537841797 0.4819379448890686 0.02025722712278366 0.027009636163711548
0 0.5297702550888062 0.48131415247917175 0.02025722712278366 0.027009636163711548
0 0.6002998948097229 0.4806843101978302 0.02025722712278366 0.027009636163711548
0 0.6715120673179626 0.48004841804504395 0.02025722712278366 0.027009636163711548
0 0.7434166669845581 0.47940632700920105 0.02025722712278366 0.027009636163711548
0 0.33096209168434143 0.4104768931865692 0.02025722712278366 0.027009636163711548
0 0.39665278792381287 0.4095601737499237 0.02025722712278366 0.027009636163711548
0 0.4629434645175934 0.40863507986068726 0.02025722712278366 0.027009636163711548
0 0.5298424363136292 0.4077014923095703 0.02025722712278366 0.027009636163711548
0 0.5973581075668335 0.4067593216896057 0.02025722712278366 0.027009636163711548
0 0.6654990315437317 0.4058084189891815 0.02025722712278366 0.027009636163711548
0 0.7342739105224609 0.4048486649990082 0.02025722712278366 0.027009636163711548
0 0.3390374779701233 0.34364116191864014 0.02025722712278366 0.027009636163711548
0 0.4021061360836029 0.3424699604511261 0.02025722712278366 0.027009636163711548
0 0.46572747826576233 0.3412885069847107 0.02025722712278366 0.027009636163711548
0 0.5299087762832642 0.340096652507782 0.02025722712278366 0.027009636163711548
0 0.5946574807167053 0.338894248008728 0.02025722712278366 0.027009636163711548
0 0.6599810719490051 0.33768120408058167 0.02025722712278366 0.027009636163711548
0 0.7258873581886292 0.3364573121070862 0.02025722712278366 0.027009636163711548
0 0.34648755192756653 0.28198060393333435 0.02025722712278366 0.027009636163711548
0 0.4071354866027832 0.28059643507003784 0.02025722712278366 0.027009636163711548
0 0.4682941138744354 0.27920058369636536 0.02025722712278366 0.027009636163711548
0 0.5299699306488037 0.27779293060302734 0.02025722712278366 0.027009636163711548
0 0.592169463634491 0.27637335658073425 0.02025722712278366 0.027009636163711548
0 0.654899537563324 0.27494165301322937 0.02025722712278366 0.027009636163711548
0 0.7181668281555176 0.27349767088890076 0.02025722712278366 0.027009636163711548
0 0.35338228940963745 0.22491659224033356 0.02025722712278366 0.027009636163711548
0 0.4117884039878845 0.22335390746593475 0.02025722712278366 0.027009636163711548
0 0.47066783905029297 0.22177855670452118 0.02025722712278366 0.027009636163711548
0 0.5300264358520508 0.2201903909444809 0.02025722712278366 0.027009636163711548
0 0.5898699760437012 0.21858924627304077 0.02025722712278366 0.027009636163711548
0 0.6502045392990112 0.21697495877742767 0.02025722712278366 0.027009636163711548
0 0.7110360860824585 0.21534737944602966 0.02025722712278366 0.027009636163711548