0 0.3086491525173187 0.37961286306381226 0.0194813534617424 0.025975137948989868
0 0.30303457379341125 0.44263002276420593 0.0194813534617424 0.025975137948989868
0 0.2970948815345764 0.5092964172363281 0.0194813534617424 0.025975137948989868
0 0.29080095887184143 0.5799384117126465 0.0194813534617424 0.025975137948989868
0 0.28412020206451416 0.6549225449562073 0.0194813534617424 0.025975137948989868
0 0.277015745639801 0.7346619367599487 0.0194813534617424 0.025975137948989868
0 0.2694460153579712 0.8196236491203308 0.0194813534617424 0.025975137948989868
0 0.37173810601234436 0.38033875823020935 0.0194813534617424 0.025975137948989868
0 0.3678998649120331 0.44335901737213135 0.0194813534617424 0.025975137948989868
0 0.36383944749832153 0.5100276470184326 0.0194813534617424 0.025975137948989868
0 0.35953691601753235 0.5806708335876465 0.0194813534617424 0.025975137948989868
0 0.3549700379371643 0.6556549668312073 0.0194813534617424 0.025975137948989868
0 0.3501136004924774 0.7353928685188293 0.0194813534617424 0.025975137948989868
0 0.3449392318725586 0.8203513622283936 0.0194813534617424 0.025975137948989868
0 0.4347933530807495 0.3810642659664154 0.0194813534617424 0.025975137948989868
0 0.4327295422554016 0.4440876245498657 0.0194813534617424 0.025975137948989868
0 0.43054625391960144 0.5107584595680237 0.0194813534617424 0.025975137948989868
0 0.4282328486442566 0.5814028978347778 0.0194813534617424 0.025975137948989868
0 0.4257773458957672 0.6563869714736938 0.0194813534617424 0.025975137948989868
0 0.4231661856174469 0.7361233830451965 0.0194813534617424 0.025975137948989868
0 0.42038413882255554 0.8210786581039429 0.0194813534617424 0.025975137948989868
0 0.4978148937225342 0.3817893862724304 0.0194813534617424 0.025975137948989868
0 0.49752354621887207 0.44481581449508667 0.0194813534617424 0.025975137948989868
0 0.4972153306007385 0.5114888548851013 0.0194813534617424 0.025975137948989868
0 0.49688875675201416 0.582134485244751 0.0194813534617424 0.025975137948989868
0 0.4965421259403229 0.657118558883667 0.0194813534617424 0.025975137948989868
0 0.49617356061935425 0.7368534803390503 0.0194813534617424 0.025975137948989868
0 0.4957808554172516 0.8218054175376892 0.0194813534617424 0.025975137948989868
0 0.5608027577400208 0.3825141191482544 0.0194813534617424 0.025975137948989868
0 0.5622819662094116 0.4455436170101166 0.0194813534617424 0.025975137948989868
0 0.5638467669487 0.5122188925743103 0.0194813534617424 0.025975137948989868
0 0.5655047297477722 0.5828656554222107 0.0194813534617424 0.025975137948989868
0 0.5672644972801208 0.6578496694564819 0.0194813534617424 0.025975137948989868
0 0.5691357254981995 0.7375830411911011 0.0194813534617424 0.025975137948989868
0 0.571129322052002 0.8225317597389221 0.0194813534617424 0.025975137948989868
0 0.623757004737854 0.38323846459388733 0.0194813534617424 0.025975137948989868
0 0.627004861831665 0.44627100229263306 0.0194813534617424 0.025975137948989868
0 0.6304405331611633 0.5129484534263611 0.0194813534617424 0.025975137948989868
0 0.6340807676315308 0.583596408367157 0.0194813534617424 0.025975137948989868
0 0.6379444599151611 0.6585803627967834 0.0194813534617424 0.025975137948989868
0 0.6420527696609497 0.7383122444152832 0.0194813534617424 0.025975137948989868
0 0.6464296579360962 0.8232576251029968 0.0194813534617424 0.025975137948989868
0 0.6866775751113892 0.3839624226093292 0.0194813534617424 0.025975137948989868
0 0.6916921734809875 0.4469980001449585 0.0194813534617424 0.025975137948989868
0 0.6969966292381287 0.5136775970458984 0.0194813534617424 0.025975137948989868
0 0.7026169300079346 0.5843267440795898 0.0194813534617424 0.025975137948989868
0 0.7085819840431213 0.6593106389045715 0.0194813534617424 0.025975137948989868
0 0.7149246335029602 0.7390409111976624 0.0194813534617424 0.025975137948989868
0 0.7216819524765015 0.8239830136299133 0.0194813534617424 0.025975137948989868