0 0.7069532871246338 0.16185785830020905 0.02278813417069614 0.03407571464776993
0 0.6313889622688293 0.16116070747375488 0.02278813417069614 0.03407571464776993
0 0.5552821159362793 0.1604585498571396 0.02278813417069614 0.03407571464776993
0 0.47862690687179565 0.15975134074687958 0.02278813417069614 0.03407571464776993
0 0.4014173448085785 0.15903900563716888 0.02278813417069614 0.03407571464776993
0 0.3236474394798279 0.15832151472568512 0.02278813417069614 0.03407571464776993
0 0.24531102180480957 0.15759879350662231 0.02278813417069614 0.03407571464776993
0 0.7186505794525146 0.24166138470172882 0.02278813417069614 0.03407571464776993
0 0.6403744220733643 0.2412346750497818 0.02278813417069614 0.03407571464776993
0 0.5615156888961792 0.2408047914505005 0.02278813417069614 0.03407571464776993
0 0.4820678234100342 0.2403717041015625 0.02278813417069614 0.03407571464776993
0 0.4020242989063263 0.23993535339832306 0.02278813417069614 0.03407571464776993
0 0.32137832045555115 0.23949573934078217 0.02278813417069614 0.03407571464776993
0 0.24012309312820435 0.23905278742313385 0.02278813417069614 0.03407571464776993
0 0.731229841709137 0.32748159766197205 0.02278813417069614 0.03407571464776993
0 0.6500399112701416 0.32736894488334656 0.02278813417069614 0.03407571464776993
0 0.5682228207588196 0.3272554278373718 0.02278813417069614 0.03407571464776993
0 0.48577120900154114 0.32714104652404785 0.02278813417069614 0.03407571464776993
0 0.4026777148246765 0.32702574133872986 0.02278813417069614 0.03407571464776993
0 0.3189347982406616 0.32690954208374023 0.02278813417069614 0.03407571464776993
0 0.2345348298549652 0.326792448759079 0.02278813417069614 0.03407571464776993
0 0.7447945475578308 0.4200255870819092 0.02278813417069614 0.03407571464776993
0 0.660465657711029 0.4202785789966583 0.02278813417069614 0.03407571464776993
0 0.5754596590995789 0.4205336272716522 0.02278813417069614 0.03407571464776993
0 0.48976823687553406 0.4207907021045685 0.02278813417069614 0.03407571464776993
0 0.40338316559791565 0.4210498631000519 0.02278813417069614 0.03407571464776993
0 0.31629595160484314 0.4213111400604248 0.02278813417069614 0.03407571464776993
0 0.22849801182746887 0.42157456278800964 0.02278813417069614 0.03407571464776993
0 0.7594653964042664 0.5201157331466675 0.02278813417069614 0.03407571464776993
0 0.6717451214790344 0.5207957029342651 0.02278813417069614 0.03407571464776993
0 0.5832915306091309 0.5214813947677612 0.02278813417069614 0.03407571464776993
0 0.4940952956676483 0.5221728682518005 0.02278813417069614 0.03407571464776993
0 0.40414708852767944 0.5228701233863831 0.02278813417069614 0.03407571464776993
0 0.3134373724460602 0.5235732793807983 0.02278813417069614 0.03407571464776993
0 0.22195638716220856 0.5242824554443359 0.02278813417069614 0.03407571464776993
0 0.7753833532333374 0.6287142038345337 0.02278813417069614 0.03407571464776993
0 0.683987557888031 0.6298946142196655 0.02278813417069614 0.03407571464776993
0 0.5917949676513672 0.6310852766036987 0.02278813417069614 0.03407571464776993
0 0.4987950026988983 0.6322864294052124 0.02278813417069614 0.03407571464776993
0 0.40497711300849915 0.6334980726242065 0.02278813417069614 0.03407571464776993
0 0.31033042073249817 0.6347204446792603 0.02278813417069614 0.03407571464776993
0 0.21484388411045074 0.6359536647796631 0.02278813417069614 0.03407571464776993
0 0.792714536190033 0.7469541430473328 0.02278813417069614 0.03407571464776993
0 0.6973218321800232 0.7487232685089111 0.02278813417069614 0.03407571464776993
0 0.6010602116584778 0.7505085468292236 0.02278813417069614 0.03407571464776993
0 0.5039176940917969 0.7523100972175598 0.02278813417069614 0.03407571464776993
0 0.40588217973709106 0.7541282176971436 0.02278813417069614 0.03407571464776993
0 0.30694127082824707 0.755963146686554 0.02278813417069614 0.03407571464776993
0 0.2070823460817337 0.7578151226043701 0.02278813417069614 0.03407571464776993