0 0.7041198015213013 0.18811002373695374 0.024616600945591927 0.032822134594122566
0 0.6374267339706421 0.18921709060668945 0.024616600945591927 0.032822134594122566
0 0.5705710649490356 0.19032686948776245 0.024616600945591927 0.032822134594122566
0 0.5035521984100342 0.19143934547901154 0.024616600945591927 0.032822134594122566
0 0.43636950850486755 0.1925545483827591 0.024616600945591927 0.032822134594122566
0 0.369022399187088 0.19367247819900513 0.024616600945591927 0.032822134594122566
0 0.3015103340148926 0.19479314982891083 0.024616600945591927 0.032822134594122566
0 0.7153937816619873 0.25093841552734375 0.024616600945591927 0.032822134594122566
0 0.6455444693565369 0.25217825174331665 0.024616600945591927 0.032822134594122566
0 0.5755167603492737 0.25342124700546265 0.024616600945591927 0.032822134594122566
0 0.5053099393844604 0.2546674311161041 0.024616600945591927 0.032822134594122566
0 0.43492335081100464 0.2559168040752411 0.024616600945591927 0.032822134594122566
0 0.36435627937316895 0.2571693956851959 0.024616600945591927 0.032822134594122566
0 0.29360803961753845 0.25842520594596863 0.024616600945591927 0.032822134594122566
0 0.7277917265892029 0.3200303614139557 0.024616600945591927 0.032822134594122566
0 0.6544725894927979 0.32142460346221924 0.024616600945591927 0.032822134594122566
0 0.5809568166732788 0.32282260060310364 0.024616600945591927 0.032822134594122566
0 0.5072436332702637 0.3242243230342865 0.024616600945591927 0.032822134594122566
0 0.433332234621048 0.3256298303604126 0.024616600945591927 0.032822134594122566
0 0.35922181606292725 0.3270391523838043 0.024616600945591927 0.032822134594122566
0 0.284911572933197 0.3284522294998169 0.024616600945591927 0.032822134594122566
0 0.7414904832839966 0.39637166261672974 0.024616600945591927 0.032822134594122566
0 0.6643387675285339 0.3979467749595642 0.024616600945591927 0.032822134594122566
0 0.586969256401062 0.39952629804611206 0.024616600945591927 0.032822134594122566
0 0.5093810558319092 0.40111032128334045 0.024616600945591927 0.032822134594122566
0 0.4315732419490814 0.402698814868927 0.024616600945591927 0.032822134594122566
0 0.35354480147361755 0.4042918086051941 0.024616600945591927 0.032822134594122566
0 0.27529487013816833 0.4058893322944641 0.024616600945591927 0.032822134594122566
0 0.7567061185836792 0.48116645216941833 0.024616600945591927 0.032822134594122566
0 0.6752991080284119 0.48295503854751587 0.024616600945591927 0.032822134594122566
0 0.5936495065689087 0.4847489297389984 0.024616600945591927 0.032822134594122566
0 0.5117563009262085 0.48654818534851074 0.024616600945591927 0.032822134594122566
0 0.42961829900741577 0.48835283517837524 0.024616600945591927 0.032822134594122566
0 0.34723445773124695 0.4901628792285919 0.024616600945591927 0.032822134594122566
0 0.26460370421409607 0.49197831749916077 0.024616600945591927 0.032822134594122566
0 0.7737053632736206 0.5759010910987854 0.024616600945591927 0.032822134594122566
0 0.6875462532043457 0.5779438614845276 0.024616600945591927 0.032822134594122566
0 0.6011152863502502 0.5799931287765503 0.024616600945591927 0.032822134594122566
0 0.514411211013794 0.582048773765564 0.024616600945591927 0.032822134594122566
0 0.42743274569511414 0.5841109752655029 0.024616600945591927 0.032822134594122566
0 0.34017854928970337 0.5861797332763672 0.024616600945591927 0.032822134594122566
0 0.252647340297699 0.5882550477981567 0.024616600945591927 0.032822134594122566
0 0.7928214073181152 0.682432234287262 0.024616600945591927 0.032822134594122566
0 0.7013209462165833 0.6847806572914124 0.024616600945591927 0.032822134594122566
0 0.6095138192176819 0.6871369481086731 0.024616600945591927 0.032822134594122566
0 0.5173984169960022 0.689501166343689 0.024616600945591927 0.032822134594122566
0 0.4249732196331024 0.69187331199646 0.024616600945591927 0.032822134594122566
0 0.332236647605896 0.6942534446716309 0.024616600945591927 0.032822134594122566
0 0.2391871213912964 0.6966416239738464 0.024616600945591927 0.032822134594122566