0 0.7090648412704468 0.25071898102760315 0.03333487610022227 0.03333487610022227
0 0.635697603225708 0.2488667070865631 0.03333487610022227 0.03333487610022227
0 0.561974823474884 0.24700546264648438 0.03333487610022227 0.03333487610022227
0 0.4878939092159271 0.24513517320156097 0.03333487610022227 0.03333487610022227
0 0.41345229744911194 0.24325577914714813 0.03333487610022227 0.03333487610022227
0 0.3386473059654236 0.24136722087860107 0.03333487610022227 0.03333487610022227
0 0.26347628235816956 0.23946940898895264 0.03333487610022227 0.03333487610022227
0 0.7180789709091187 0.3031788766384125 0.03333487610022227 0.03333487610022227
0 0.6419475078582764 0.30138787627220154 0.03333487610022227 0.03333487610022227
0 0.5654330253601074 0.29958784580230713 0.03333487610022227 0.03333487610022227
0 0.48853275179862976 0.29777875542640686 0.03333487610022227 0.03333487610022227
0 0.4112436771392822 0.2959604859352112 0.03333487610022227 0.03333487610022227
0 0.3335628807544708 0.2941330373287201 0.03333487610022227 0.03333487610022227
0 0.255487322807312 0.29229629039764404 0.03333487610022227 0.03333487610022227
0 0.7278030514717102 0.3597707152366638 0.03333487610022227 0.03333487610022227
0 0.648690938949585 0.35805654525756836 0.03333487610022227 0.03333487610022227
0 0.5691651105880737 0.3563334345817566 0.03333487610022227 0.03333487610022227
0 0.48922231793403625 0.35460129380226135 0.03333487610022227 0.03333487610022227
0 0.4088592827320099 0.3528600335121155 0.03333487610022227 0.03333487610022227
0 0.3280726969242096 0.3511096239089966 0.03333487610022227 0.03333487610022227
0 0.24685916304588318 0.3493499457836151 0.03333487610022227 0.03333487610022227
0 0.7383244037628174 0.421002596616745 0.03333487610022227 0.03333487610022227
0 0.6559887528419495 0.419384241104126 0.03333487610022227 0.03333487610022227
0 0.5732048153877258 0.4177570641040802 0.03333487610022227 0.03333487610022227
0 0.4899688959121704 0.4161210060119629 0.03333487610022227 0.03333487610022227
0 0.40627726912498474 0.4144759774208069 0.03333487610022227 0.03333487610022227
0 0.322126179933548 0.4128219485282898 0.03333487610022227 0.03333487610022227
0 0.23751187324523926 0.41115880012512207 0.03333487610022227 0.03333487610022227
0 0.7497453093528748 0.4874696731567383 0.03333487610022227 0.03333487610022227
0 0.6639123558998108 0.4859701097011566 0.03333487610022227 0.03333487610022227
0 0.5775918960571289 0.48446205258369446 0.03333487610022227 0.03333487610022227
0 0.4907798171043396 0.48294541239738464 0.03333487610022227 0.03333487610022227
0 0.4034719467163086 0.48142009973526 0.03333487610022227 0.03333487610022227
0 0.31566399335861206 0.4798860549926758 0.03333487610022227 0.03333487610022227
0 0.22735163569450378 0.4783431887626648 0.03333487610022227 0.03333487610022227
0 0.7621862888336182 0.5598732233047485 0.03333487610022227 0.03333487610022227
0 0.6725456714630127 0.5585207343101501 0.03333487610022227 0.03333487610022227
0 0.5823730826377869 0.5571601986885071 0.03333487610022227 0.03333487610022227
0 0.4916638433933258 0.5557915568351746 0.03333487610022227 0.03333487610022227
0 0.4004130959510803 0.5544147491455078 0.03333487610022227 0.03333487610022227
0 0.3086159825325012 0.5530296564102173 0.03333487610022227 0.03333487610022227
0 0.21626758575439453 0.551636278629303 0.03333487610022227 0.03333487610022227
0 0.7757903933525085 0.6390458345413208 0.03333487610022227 0.03333487610022227
0 0.6819886565208435 0.6378751397132874 0.03333487610022227 0.03333487610022227
0 0.5876041054725647 0.6366971135139465 0.03333487610022227 0.03333487610022227
0 0.49263128638267517 0.6355117559432983 0.03333487610022227 0.03333487610022227
0 0.3970646858215332 0.634319007396698 0.03333487610022227 0.03333487610022227
0 0.3008987307548523 0.633118748664856 0.03333487610022227 0.03333487610022227
0 0.2041277289390564 0.6319109201431274 0.03333487610022227 0.03333487610022227