0 0.3098507523536682 0.6447415351867676 0.02035145275294781 0.027135270337263744
0 0.38545775413513184 0.6452825665473938 0.02035145275294781 0.027135270337263744
0 0.46166953444480896 0.6458278894424438 0.02035145275294781 0.027135270337263744
0 0.5384933352470398 0.6463775634765625 0.02035145275294781 0.027135270337263744
0 0.6159365773200989 0.6469317078590393 0.02035145275294781 0.027135270337263744
0 0.6940068006515503 0.6474903225898743 0.02035145275294781 0.027135270337263744
0 0.7727116346359253 0.6480535268783569 0.02035145275294781 0.027135270337263744
0 0.32091981172561646 0.5574765205383301 0.02035145275294781 0.027135270337263744
0 0.39284995198249817 0.5576604008674622 0.02035145275294781 0.027135270337263744
0 0.46532702445983887 0.5578457117080688 0.02035145275294781 0.027135270337263744
0 0.5383573174476624 0.5580323934555054 0.02035145275294781 0.027135270337263744
0 0.6119471192359924 0.5582205057144165 0.02035145275294781 0.027135270337263744
0 0.6861029863357544 0.5584100484848022 0.02035145275294781 0.027135270337263744
0 0.7608314156532288 0.5586010813713074 0.02035145275294781 0.027135270337263744
0 0.33095479011535645 0.47836408019065857 0.02035145275294781 0.027135270337263744
0 0.39954906702041626 0.4782537519931793 0.02035145275294781 0.027135270337263744
0 0.46864035725593567 0.4781426191329956 0.02035145275294781 0.027135270337263744
0 0.5382341146469116 0.47803065180778503 0.02035145275294781 0.027135270337263744
0 0.6083358526229858 0.4779179096221924 0.02035145275294781 0.027135270337263744
0 0.6789510846138 0.4778043329715729 0.02035145275294781 0.027135270337263744
0 0.7500855326652527 0.4776898920536041 0.02035145275294781 0.027135270337263744
0 0.34009411931037903 0.4063127040863037 0.02035145275294781 0.027135270337263744
0 0.40564820170402527 0.4059588611125946 0.02035145275294781 0.027135270337263744
0 0.471655935049057 0.4056025743484497 0.02035145275294781 0.027135270337263744
0 0.5381220579147339 0.40524381399154663 0.02035145275294781 0.027135270337263744
0 0.6050513386726379 0.4048825204372406 0.02035145275294781 0.027135270337263744
0 0.6724486947059631 0.404518723487854 0.02035145275294781 0.027135270337263744
0 0.7403189539909363 0.40415239334106445 0.02035145275294781 0.027135270337263744
0 0.3484525680541992 0.3404174745082855 0.02035145275294781 0.027135270337263744
0 0.41122448444366455 0.33986130356788635 0.02035145275294781 0.027135270337263744
0 0.47441211342811584 0.3393014669418335 0.02035145275294781 0.027135270337263744
0 0.5380196571350098 0.3387379050254822 0.02035145275294781 0.027135270337263744
0 0.6020511984825134 0.3381705582141876 0.02035145275294781 0.027135270337263744
0 0.6665111184120178 0.3375994563102722 0.02035145275294781 0.027135270337263744
0 0.731403648853302 0.3370244801044464 0.02035145275294781 0.027135270337263744
0 0.3561260998249054 0.2799217104911804 0.02035145275294781 0.027135270337263744
0 0.4163424074649811 0.27919694781303406 0.02035145275294781 0.027135270337263744
0 0.4769410490989685 0.27846759557724 0.02035145275294781 0.027135270337263744
0 0.5379257202148438 0.27773356437683105 0.02035145275294781 0.027135270337263744
0 0.5993000864982605 0.27699485421180725 0.02035145275294781 0.027135270337263744
0 0.6610679030418396 0.2762514352798462 0.02035145275294781 0.027135270337263744
0 0.7232329845428467 0.2755031883716583 0.02035145275294781 0.027135270337263744
0 0.36319562792778015 0.22418789565563202 0.02035145275294781 0.027135270337263744
0 0.42105624079704285 0.2233223170042038 0.02035145275294781 0.027135270337263744
0 0.47926968336105347 0.22245146334171295 0.02035145275294781 0.027135270337263744
0 0.5378392338752747 0.2215752750635147 0.02035145275294781 0.027135270337263744
0 0.5967681407928467 0.22069372236728668 0.02035145275294781 0.027135270337263744
0 0.656059741973877 0.2198067307472229 0.02035145275294781 0.027135270337263744
0 0.7157173752784729 0.21891427040100098 0.02035145275294781 0.027135270337263744