0 0.7095329761505127 0.1867801398038864 0.025033041834831238 0.033377389113108315
0 0.6417971253395081 0.18881738185882568 0.025033041834831238 0.033377389113108315
0 0.574205219745636 0.19085030257701874 0.025033041834831238 0.033377389113108315
0 0.5067567825317383 0.19287890195846558 0.025033041834831238 0.033377389113108315
0 0.4394513666629791 0.1949031949043274 0.025033041834831238 0.033377389113108315
0 0.3722885251045227 0.19692321121692657 0.025033041834831238 0.033377389113108315
0 0.3052678406238556 0.19893895089626312 0.025033041834831238 0.033377389113108315
0 0.7198489308357239 0.25160402059555054 0.025033041834831238 0.033377389113108315
0 0.6487756371498108 0.25366896390914917 0.025033041834831238 0.033377389113108315
0 0.5778608322143555 0.2557292878627777 0.025033041834831238 0.033377389113108315
0 0.5071039199829102 0.25778505206108093 0.025033041834831238 0.033377389113108315
0 0.43650439381599426 0.25983622670173645 0.025033041834831238 0.033377389113108315
0 0.3660617470741272 0.26188284158706665 0.025033041834831238 0.033377389113108315
0 0.295775443315506 0.26392489671707153 0.025033041834831238 0.033377389113108315
0 0.7312314510345459 0.3231303095817566 0.025033041834831238 0.033377389113108315
0 0.6564748287200928 0.32521793246269226 0.025033041834831238 0.033377389113108315
0 0.5818935036659241 0.32730066776275635 0.025033041834831238 0.033377389113108315
0 0.5074868202209473 0.32937851548194885 0.025033041834831238 0.033377389113108315
0 0.4332541525363922 0.33145150542259216 0.025033041834831238 0.033377389113108315
0 0.35919493436813354 0.3335196375846863 0.025033041834831238 0.033377389113108315
0 0.28530848026275635 0.335582971572876 0.025033041834831238 0.033377389113108315
0 0.7438549995422363 0.4024551212787628 0.025033041834831238 0.033377389113108315
0 0.6650124788284302 0.4045582413673401 0.025033041834831238 0.033377389113108315
0 0.5863648056983948 0.4066561758518219 0.025033041834831238 0.033377389113108315
0 0.5079113245010376 0.40874892473220825 0.025033041834831238 0.033377389113108315
0 0.42965131998062134 0.41083651781082153 0.025033041834831238 0.033377389113108315
0 0.3515840172767639 0.41291895508766174 0.025033041834831238 0.033377389113108315
0 0.2737087309360504 0.41499629616737366 0.025033041834831238 0.033377389113108315
0 0.7579342722892761 0.49092739820480347 0.025033041834831238 0.033377389113108315
0 0.6745333075523376 0.49303585290908813 0.025033041834831238 0.033377389113108315
0 0.5913503766059875 0.4951387941837311 0.025033041834831238 0.033377389113108315
0 0.5083845853805542 0.4972362518310547 0.025033041834831238 0.033377389113108315
0 0.4256351590156555 0.49932822585105896 0.025033041834831238 0.033377389113108315
0 0.3431011438369751 0.5014147758483887 0.025033041834831238 0.033377389113108315
0 0.26078176498413086 0.5034958720207214 0.025033041834831238 0.033377389113108315
0 0.7737364768981934 0.5902262926101685 0.025033041834831238 0.033377389113108315
0 0.6852176785469055 0.5923256874084473 0.025033041834831238 0.033377389113108315
0 0.5969443917274475 0.5944192409515381 0.025033041834831238 0.033377389113108315
0 0.5089155435562134 0.5965070128440857 0.025033041834831238 0.033377389113108315
0 0.4211302399635315 0.5985890030860901 0.025033041834831238 0.033377389113108315
0 0.3335873782634735 0.6006652116775513 0.025033041834831238 0.033377389113108315
0 0.24628596007823944 0.6027357578277588 0.025033041834831238 0.033377389113108315
0 0.7915984392166138 0.7024685740470886 0.025033041834831238 0.033377389113108315
0 0.6972926259040833 0.7045385837554932 0.025033041834831238 0.033377389113108315
0 0.6032653450965881 0.7066024541854858 0.025033041834831238 0.033377389113108315
0 0.5095154047012329 0.7086602449417114 0.025033041834831238 0.033377389113108315
0 0.4160415828227997 0.7107120156288147 0.025033041834831238 0.033377389113108315
0 0.3228425979614258 0.7127577066421509 0.025033041834831238 0.033377389113108315
0 0.22991731762886047 0.7147973775863647 0.025033041834831238 0.033377389113108315