0 0.21987873315811157 0.7093244194984436 0.031021736562252045 0.031021736562252045
0 0.3084208071231842 0.7087188363075256 0.031021736562252045 0.031021736562252045
0 0.3972032368183136 0.708111584186554 0.031021736562252045 0.031021736562252045
0 0.4862270951271057 0.7075027227401733 0.031021736562252045 0.031021736562252045
0 0.5754932761192322 0.706892192363739 0.031021736562252045 0.031021736562252045
0 0.6650028824806213 0.706279993057251 0.031021736562252045 0.031021736562252045
0 0.7547567486763 0.7056661248207092 0.031021736562252045 0.031021736562252045
0 0.23088288307189941 0.6205251812934875 0.031021736562252045 0.031021736562252045
0 0.31587278842926025 0.619828462600708 0.031021736562252045 0.031021736562252045
0 0.40108412504196167 0.6191298961639404 0.031021736562252045 0.031021736562252045
0 0.4865177869796753 0.6184295415878296 0.031021736562252045 0.031021736562252045
0 0.572174608707428 0.6177273392677307 0.031021736562252045 0.031021736562252045
0 0.6580555438995361 0.6170232892036438 0.031021736562252045 0.031021736562252045
0 0.7441613674163818 0.6163173913955688 0.031021736562252045 0.031021736562252045
0 0.24103593826293945 0.5385940074920654 0.031021736562252045 0.031021736562252045
0 0.32274767756462097 0.5378217697143555 0.031021736562252045 0.031021736562252045
0 0.4046640694141388 0.5370476245880127 0.031021736562252045 0.031021736562252045
0 0.486785888671875 0.5362715125083923 0.031021736562252045 0.031021736562252045
0 0.5691139101982117 0.5354934930801392 0.031021736562252045 0.031021736562252045
0 0.6516488790512085 0.5347134470939636 0.031021736562252045 0.031021736562252045
0 0.7343916296958923 0.5339314937591553 0.031021736562252045 0.031021736562252045
0 0.25043293833732605 0.46276381611824036 0.031021736562252045 0.031021736562252045
0 0.3291100263595581 0.4619290828704834 0.031021736562252045 0.031021736562252045
0 0.40797680616378784 0.4610923230648041 0.031021736562252045 0.031021736562252045
0 0.48703399300575256 0.4602535367012024 0.031021736562252045 0.031021736562252045
0 0.5662822127342224 0.45941272377967834 0.031021736562252045 0.031021736562252045
0 0.6457222104072571 0.45856988430023193 0.031021736562252045 0.031021736562252045
0 0.7253547310829163 0.45772501826286316 0.031021736562252045 0.031021736562252045
0 0.2591553032398224 0.3923775851726532 0.031021736562252045 0.031021736562252045
0 0.33501508831977844 0.3914911448955536 0.031021736562252045 0.031021736562252045
0 0.4110511541366577 0.39060261845588684 0.031021736562252045 0.031021736562252045
0 0.4872641861438751 0.38971203565597534 0.031021736562252045 0.031021736562252045
0 0.5636547803878784 0.3888193964958191 0.031021736562252045 0.031021736562252045
0 0.6402235627174377 0.3879246413707733 0.031021736562252045 0.031021736562252045
0 0.7169710993766785 0.3870278000831604 0.031021736562252045 0.031021736562252045
0 0.2672731876373291 0.326869398355484 0.031021736562252045 0.031021736562252045
0 0.34051042795181274 0.3259402811527252 0.031021736562252045 0.031021736562252045
0 0.41391196846961975 0.3250090777873993 0.031021736562252045 0.031021736562252045
0 0.4874783754348755 0.3240758180618286 0.031021736562252045 0.031021736562252045
0 0.5612102150917053 0.323140412569046 0.031021736562252045 0.031021736562252045
0 0.6351080536842346 0.3222029209136963 0.031021736562252045 0.031021736562252045
0 0.7091724276542664 0.3212633430957794 0.031021736562252045 0.031021736562252045
0 0.2748473286628723 0.26574909687042236 0.031021736562252045 0.031021736562252045
0 0.3456372916698456 0.26478496193885803 0.031021736562252045 0.031021736562252045
0 0.4165807366371155 0.2638187110424042 0.031021736562252045 0.031021736562252045
0 0.487678200006485 0.2628503739833832 0.031021736562252045 0.031021736562252045
0 0.5589301586151123 0.26187992095947266 0.031021736562252045 0.031021736562252045
0 0.630337119102478 0.260907381772995 0.031021736562252045 0.031021736562252045
0 0.701899528503418 0.2599326968193054 0.031021736562252045 0.031021736562252045