0 0.7140709161758423 0.2552156448364258 0.03337577482064565 0.03337577482064565
0 0.6327337026596069 0.2552793323993683 0.03337577482064565 0.03337577482064565
0 0.5525597333908081 0.2553420960903168 0.03337577482064565 0.03337577482064565
0 0.4735240638256073 0.255403995513916 0.03337577482064565 0.03337577482064565
0 0.3956027030944824 0.25546500086784363 0.03337577482064565 0.03337577482064565
0 0.31877225637435913 0.255525141954422 0.03337577482064565 0.03337577482064565
0 0.24300995469093323 0.2555844783782959 0.03337577482064565 0.03337577482064565
0 0.7158987522125244 0.32171881198883057 0.03337577482064565 0.03337577482064565
0 0.6318961381912231 0.3212900161743164 0.03337577482064565 0.03337577482064565
0 0.5491335988044739 0.3208675682544708 0.03337577482064565 0.03337577482064565
0 0.4675840139389038 0.3204512894153595 0.03337577482064565 0.03337577482064565
0 0.3872207999229431 0.32004109025001526 0.03337577482064565 0.03337577482064565
0 0.308018296957016 0.31963682174682617 0.03337577482064565 0.03337577482064565
0 0.22995151579380035 0.3192383348941803 0.03337577482064565 0.03337577482064565
0 0.7178507447242737 0.39273929595947266 0.03337577482064565 0.03337577482064565
0 0.6310020685195923 0.39175012707710266 0.03337577482064565 0.03337577482064565
0 0.545478343963623 0.39077603816986084 0.03337577482064565 0.03337577482064565
0 0.46124961972236633 0.3898167312145233 0.03337577482064565 0.03337577482064565
0 0.3782866299152374 0.38887178897857666 0.03337577482064565 0.03337577482064565
0 0.2965610921382904 0.3879409730434418 0.03337577482064565 0.03337577482064565
0 0.21604546904563904 0.38702392578125 0.03337577482064565 0.03337577482064565
0 0.7199400663375854 0.4687536060810089 0.03337577482064565 0.03337577482064565
0 0.6300455927848816 0.4671252369880676 0.03337577482064565 0.03337577482064565
0 0.5415701270103455 0.46552255749702454 0.03337577482064565 0.03337577482064565
0 0.4544803202152252 0.4639449715614319 0.03337577482064565 0.03337577482064565
0 0.36874380707740784 0.4623919129371643 0.03337577482064565 0.03337577482064565
0 0.2843293249607086 0.46086278557777405 0.03337577482064565 0.03337577482064565
0 0.2012065201997757 0.4593570828437805 0.03337577482064565 0.03337577482064565
0 0.7221815586090088 0.5503076314926147 0.03337577482064565 0.03337577482064565
0 0.6290200352668762 0.5479481816291809 0.03337577482064565 0.03337577482064565
0 0.5373817682266235 0.5456272959709167 0.03337577482064565 0.03337577482064565
0 0.44722965359687805 0.5433440804481506 0.03337577482064565 0.03337577482064565
0 0.35852786898612976 0.5410975813865662 0.03337577482064565 0.03337577482064565
0 0.271241694688797 0.5388869047164917 0.03337577482064565 0.03337577482064565
0 0.18533749878406525 0.5367112755775452 0.03337577482064565 0.03337577482064565
0 0.7245926260948181 0.6380298137664795 0.03337577482064565 0.03337577482064565
0 0.6279175877571106 0.6348317265510559 0.03337577482064565 0.03337577482064565
0 0.5328819751739502 0.6316878795623779 0.03337577482064565 0.03337577482064565
0 0.4394444525241852 0.6285969018936157 0.03337577482064565 0.03337577482064565
0 0.34756508469581604 0.6255574226379395 0.03337577482064565 0.03337577482064565
0 0.25720515847206116 0.6225682497024536 0.03337577482064565 0.03337577482064565
0 0.16832731664180756 0.6196281313896179 0.03337577482064565 0.03337577482064565
0 0.7271932363510132 0.7326474189758301 0.03337577482064565 0.03337577482064565
0 0.6267292499542236 0.7284840941429138 0.03337577482064565 0.03337577482064565
0 0.5280346870422363 0.7243940830230713 0.03337577482064565 0.03337577482064565
0 0.43106332421302795 0.7203755378723145 0.03337577482064565 0.03337577482064565
0 0.3357703685760498 0.7164264917373657 0.03337577482064565 0.03337577482064565
0 0.24211259186267853 0.7125452756881714 0.03337577482064565 0.03337577482064565
0 0.15004828572273254 0.7087300419807434 0.03337577482064565 0.03337577482064565