0 0.3044910728931427 0.6460267901420593 0.020351454615592957 0.027135272820790608
0 0.37987643480300903 0.6464647650718689 0.020351454615592957 0.027135272820790608
0 0.4560326635837555 0.6469072103500366 0.020351454615592957 0.027135272820790608
0 0.5329716801643372 0.6473541855812073 0.020351454615592957 0.027135272820790608
0 0.610705554485321 0.6478057503700256 0.020351454615592957 0.027135272820790608
0 0.689246654510498 0.6482620239257812 0.020351454615592957 0.027135272820790608
0 0.7686077356338501 0.6487231254577637 0.020351454615592957 0.027135272820790608
0 0.3154214918613434 0.5594509840011597 0.020351454615592957 0.027135272820790608
0 0.38733744621276855 0.5594486594200134 0.020351454615592957 0.027135272820790608
0 0.45995423197746277 0.5594462752342224 0.020351454615592957 0.027135272820790608
0 0.5332822203636169 0.5594438910484314 0.020351454615592957 0.027135272820790608
0 0.6073318123817444 0.5594415068626404 0.020351454615592957 0.027135272820790608
0 0.6821138262748718 0.5594390630722046 0.020351454615592957 0.027135272820790608
0 0.7576390504837036 0.5594366192817688 0.020351454615592957 0.027135272820790608
0 0.3253805637359619 0.48056894540786743 0.020351454615592957 0.027135272820790608
0 0.3941323161125183 0.48020127415657043 0.020351454615592957 0.027135272820790608
0 0.46352407336235046 0.47983017563819885 0.020351454615592957 0.027135272820790608
0 0.5335647463798523 0.4794556200504303 0.020351454615592957 0.027135272820790608
0 0.6042635440826416 0.4790775179862976 0.020351454615592957 0.027135272820790608
0 0.6756297945976257 0.4786958694458008 0.020351454615592957 0.027135272820790608
0 0.7476729154586792 0.47831061482429504 0.020351454615592957 0.027135272820790608
0 0.3344922363758087 0.40839874744415283 0.020351454615592957 0.027135272820790608
0 0.4003464877605438 0.4077267348766327 0.020351454615592957 0.027135272820790608
0 0.4667874276638031 0.4070487320423126 0.020351454615592957 0.027135272820790608
0 0.5338229537010193 0.40636464953422546 0.020351454615592957 0.027135272820790608
0 0.6014610528945923 0.40567442774772644 0.020351454615592957 0.027135272820790608
0 0.6697099208831787 0.4049779772758484 0.020351454615592957 0.027135272820790608
0 0.7385778427124023 0.40427520871162415 0.020351454615592957 0.027135272820790608
0 0.34286025166511536 0.3421187102794647 0.020351454615592957 0.027135272820790608
0 0.4060513377189636 0.341192364692688 0.020351454615592957 0.027135272820790608
0 0.4697822034358978 0.34025806188583374 0.020351454615592957 0.027135272820790608
0 0.5340598225593567 0.3393157720565796 0.020351454615592957 0.027135272820790608
0 0.5988912582397461 0.338365375995636 0.020351454615592957 0.027135272820790608
0 0.6642836928367615 0.337406724691391 0.020351454615592957 0.027135272820790608
0 0.7302443981170654 0.33643975853919983 0.020351454615592957 0.027135272820790608
0 0.3505721092224121 0.28103604912757874 0.020351454615592957 0.027135272820790608
0 0.4113070070743561 0.2798965871334076 0.020351454615592957 0.027135272820790608
0 0.4725401997566223 0.2787477672100067 0.020351454615592957 0.027135272820790608
0 0.5342778563499451 0.27758949995040894 0.020351454615592957 0.027135272820790608
0 0.5965262651443481 0.2764216661453247 0.020351454615592957 0.027135272820790608
0 0.6592917442321777 0.2752441167831421 0.020351454615592957 0.027135272820790608
0 0.7225807905197144 0.27405673265457153 0.020351454615592957 0.027135272820790608
0 0.3577020466327667 0.22456243634223938 0.020351454615592957 0.027135272820790608
0 0.4161645472049713 0.22324416041374207 0.020351454615592957 0.027135272820790608
0 0.4750884473323822 0.22191546857357025 0.020351454615592957 0.027135272820790608
0 0.5344792604446411 0.22057625651359558 0.020351454615592957 0.027135272820790608
0 0.5943425893783569 0.2192263901233673 0.020351454615592957 0.027135272820790608
0 0.6546840071678162 0.2178657352924347 0.020351454615592957 0.027135272820790608
0 0.7155093550682068 0.21649417281150818 0.020351454615592957 0.027135272820790608