0 0.7073049545288086 0.1610751450061798 0.02291944497264922 0.03427206724882126
0 0.632016122341156 0.1597989797592163 0.02291944497264922 0.03427206724882126
0 0.5560678839683533 0.15851163864135742 0.02291944497264922 0.03427206724882126
0 0.47945156693458557 0.15721295773983002 0.02291944497264922 0.03427206724882126
0 0.40215834975242615 0.15590281784534454 0.02291944497264922 0.03427206724882126
0 0.32417920231819153 0.15458105504512787 0.02291944497264922 0.03427206724882126
0 0.2455049306154251 0.15324749052524567 0.02291944497264922 0.03427206724882126
0 0.7189692258834839 0.24074430763721466 0.02291944497264922 0.03427206724882126
0 0.6409585475921631 0.23978126049041748 0.02291944497264922 0.03427206724882126
0 0.562239408493042 0.2388094663619995 0.02291944497264922 0.03427206724882126
0 0.48280206322669983 0.23782879114151 0.02291944497264922 0.03427206724882126
0 0.40263664722442627 0.2368391454219818 0.02291944497264922 0.03427206724882126
0 0.3217330873012543 0.23584038019180298 0.02291944497264922 0.03427206724882126
0 0.24008119106292725 0.23483237624168396 0.02291944497264922 0.03427206724882126
0 0.7315219044685364 0.32648155093193054 0.02291944497264922 0.03427206724882126
0 0.6505853533744812 0.325884073972702 0.02291944497264922 0.03427206724882126
0 0.5688854455947876 0.32528093457221985 0.02291944497264922 0.03427206724882126
0 0.48641136288642883 0.3246721029281616 0.02291944497264922 0.03427206724882126
0 0.4031520485877991 0.3240574598312378 0.02291944497264922 0.03427206724882126
0 0.31909623742103577 0.3234369158744812 0.02291944497264922 0.03427206724882126
0 0.23423244059085846 0.32281044125556946 0.02291944497264922 0.03427206724882126
0 0.7450684905052185 0.41900762915611267 0.02291944497264922 0.03427206724882126
0 0.6609780788421631 0.41883790493011475 0.02291944497264922 0.03427206724882126
0 0.5760628581047058 0.4186665117740631 0.02291944497264922 0.03427206724882126
0 0.4903106987476349 0.41849344968795776 0.02291944497264922 0.03427206724882126
0 0.4037090837955475 0.41831865906715393 0.02291944497264922 0.03427206724882126
0 0.3162454068660736 0.4181421101093292 0.02291944497264922 0.03427206724882126
0 0.22790667414665222 0.41796383261680603 0.02291944497264922 0.03427206724882126
0 0.7597320079803467 0.5191620588302612 0.02291944497264922 0.03427206724882126
0 0.6722320318222046 0.5194942951202393 0.02291944497264922 0.03427206724882126
0 0.5838381052017212 0.5198299884796143 0.02291944497264922 0.03427206724882126
0 0.49453645944595337 0.5201690793037415 0.02291944497264922 0.03427206724882126
0 0.40431299805641174 0.5205116868019104 0.02291944497264922 0.03427206724882126
0 0.3131534159183502 0.5208578705787659 0.02291944497264922 0.03427206724882126
0 0.22104306519031525 0.5212076306343079 0.02291944497264922 0.03427206724882126
0 0.7756564021110535 0.6279287338256836 0.02291944497264922 0.03427206724882126
0 0.68445885181427 0.6288520693778992 0.02291944497264922 0.03427206724882126
0 0.5922890305519104 0.6297852396965027 0.02291944497264922 0.03427206724882126
0 0.4991314113140106 0.6307284235954285 0.02291944497264922 0.03427206724882126
0 0.4049699604511261 0.6316817402839661 0.02291944497264922 0.03427206724882126
0 0.30978837609291077 0.6326453685760498 0.02291944497264922 0.03427206724882126
0 0.21356995403766632 0.6336195468902588 0.02291944497264922 0.03427206724882126
0 0.7930116653442383 0.7464685440063477 0.02291944497264922 0.03427206724882126
0 0.6977903842926025 0.7480905055999756 0.02291944497264922 0.03427206724882126
0 0.601507842540741 0.7497305274009705 0.02291944497264922 0.03427206724882126
0 0.5041462182998657 0.7513889074325562 0.02291944497264922 0.03427206724882126
0 0.40568727254867554 0.7530660033226013 0.02291944497264922 0.03427206724882126
0 0.3061123788356781 0.7547620534896851 0.02291944497264922 0.03427206724882126
0 0.2054024040699005 0.7564774751663208 0.02291944497264922 0.03427206724882126