0 0.25851359963417053 0.20304051041603088 0.0348602831363678 0.0348602831363678
0 0.3349161744117737 0.20428718626499176 0.0348602831363678 0.0348602831363678
0 0.4113134443759918 0.20553377270698547 0.0348602831363678 0.0348602831363678
0 0.48770543932914734 0.20678028464317322 0.0348602831363678 0.0348602831363678
0 0.5640921592712402 0.2080267071723938 0.0348602831363678 0.0348602831363678
0 0.6404736042022705 0.20927304029464722 0.0348602831363678 0.0348602831363678
0 0.7168498039245605 0.21051928400993347 0.0348602831363678 0.0348602831363678
0 0.24640044569969177 0.2569529712200165 0.0348602831363678 0.0348602831363678
0 0.32586249709129333 0.25824761390686035 0.0348602831363678 0.0348602831363678
0 0.40531885623931885 0.25954219698905945 0.0348602831363678 0.0348602831363678
0 0.4847694933414459 0.260836660861969 0.0348602831363678 0.0348602831363678
0 0.5642144083976746 0.2621310353279114 0.0348602831363678 0.0348602831363678
0 0.6436536312103271 0.2634253203868866 0.0348602831363678 0.0348602831363678
0 0.7230871915817261 0.26471951603889465 0.0348602831363678 0.0348602831363678
0 0.23327679932117462 0.315362811088562 0.0348602831363678 0.0348602831363678
0 0.3160535991191864 0.3167093098163605 0.0348602831363678 0.0348602831363678
0 0.39882421493530273 0.318055659532547 0.0348602831363678 0.0348602831363678
0 0.4815886318683624 0.31940194964408875 0.0348602831363678 0.0348602831363678
0 0.5643468499183655 0.32074812054634094 0.0348602831363678 0.0348602831363678
0 0.6470988988876343 0.3220941722393036 0.0348602831363678 0.0348602831363678
0 0.7298447489738464 0.3234401345252991 0.0348602831363678 0.0348602831363678
0 0.21901071071624756 0.3788573443889618 0.0348602831363678 0.0348602831363678
0 0.305390864610672 0.3802599608898163 0.0348602831363678 0.0348602831363678
0 0.39176425337791443 0.38166242837905884 0.0348602831363678 0.0348602831363678
0 0.47813090682029724 0.38306480646133423 0.0348602831363678 0.0348602831363678
0 0.564490795135498 0.38446709513664246 0.0348602831363678 0.0348602831363678
0 0.6508439779281616 0.38586923480033875 0.0348602831363678 0.0348602831363678
0 0.7371904253959656 0.38727128505706787 0.0348602831363678 0.0348602831363678
0 0.20344623923301697 0.44813069701194763 0.0348602831363678 0.0348602831363678
0 0.29375770688056946 0.44959428906440735 0.0348602831363678 0.0348602831363678
0 0.3840617835521698 0.4510577619075775 0.0348602831363678 0.0348602831363678
0 0.47435852885246277 0.45252111554145813 0.0348602831363678 0.0348602831363678
0 0.5646478533744812 0.4539843499660492 0.0348602831363678 0.0348602831363678
0 0.6549298763275146 0.4554474651813507 0.0348602831363678 0.0348602831363678
0 0.7452044486999512 0.45691046118736267 0.0348602831363678 0.0348602831363678
0 0.18639764189720154 0.5240094065666199 0.0348602831363678 0.0348602831363678
0 0.2810153365135193 0.5255395174026489 0.0348602831363678 0.0348602831363678
0 0.37562495470046997 0.5270695090293884 0.0348602831363678 0.0348602831363678
0 0.4702264666557312 0.5285993814468384 0.0348602831363678 0.0348602831363678
0 0.5648199319839478 0.5301291346549988 0.0348602831363678 0.0348602831363678
0 0.6594052314758301 0.5316587090492249 0.0348602831363678 0.0348602831363678
0 0.7539824843406677 0.5331881642341614 0.0348602831363678 0.0348602831363678
0 0.16764207184314728 0.6074854731559753 0.0348602831363678 0.0348602831363678
0 0.26699721813201904 0.6090884804725647 0.0348602831363678 0.0348602831363678
0 0.3663434684276581 0.6106913089752197 0.0348602831363678 0.0348602831363678
0 0.4656807780265808 0.6122939586639404 0.0348602831363678 0.0348602831363678
0 0.5650091767311096 0.6138965487480164 0.0348602831363678 0.0348602831363678
0 0.6643286347389221 0.6154989004135132 0.0348602831363678 0.0348602831363678
0 0.7636392116546631 0.6171011924743652 0.0348602831363678 0.0348602831363678