0 0.30868008732795715 0.37791794538497925 0.019525982439517975 0.026034643252690632
0 0.30295008420944214 0.44120800495147705 0.019525982439517975 0.026034643252690632
0 0.2968848943710327 0.5082005858421326 0.019525982439517975 0.026034643252690632
0 0.2904541790485382 0.5792304277420044 0.019525982439517975 0.026034643252690632
0 0.28362390398979187 0.6546738147735596 0.019525982439517975 0.026034643252690632
0 0.2763555943965912 0.7349553108215332 0.019525982439517975 0.026034643252690632
0 0.26860570907592773 0.8205557465553284 0.019525982439517975 0.026034643252690632
0 0.3718871772289276 0.3786254823207855 0.019525982439517975 0.026034643252690632
0 0.36795592308044434 0.44189682602882385 0.019525982439517975 0.026034643252690632
0 0.36379480361938477 0.5088673233985901 0.019525982439517975 0.026034643252690632
0 0.35938310623168945 0.5798711180686951 0.019525982439517975 0.026034643252690632
0 0.35469743609428406 0.6552838683128357 0.019525982439517975 0.026034643252690632
0 0.34971150755882263 0.735529363155365 0.019525982439517975 0.026034643252690632
0 0.3443954885005951 0.8210875988006592 0.019525982439517975 0.026034643252690632
0 0.43501898646354675 0.37933218479156494 0.019525982439517975 0.026034643252690632
0 0.4328821003437042 0.4425848424434662 0.019525982439517975 0.026034643252690632
0 0.43062037229537964 0.5095332264900208 0.019525982439517975 0.026034643252690632
0 0.42822250723838806 0.5805109143257141 0.019525982439517975 0.026034643252690632
0 0.4256758391857147 0.6558930277824402 0.019525982439517975 0.026034643252690632
0 0.4229660928249359 0.7361026406288147 0.019525982439517975 0.026034643252690632
0 0.42007705569267273 0.8216187357902527 0.019525982439517975 0.026034643252690632
0 0.4980756342411041 0.3800380229949951 0.019525982439517975 0.026034643252690632
0 0.4977288246154785 0.4432719945907593 0.019525982439517975 0.026034643252690632
0 0.4973617196083069 0.5101982355117798 0.019525982439517975 0.026034643252690632
0 0.49697256088256836 0.5811498761177063 0.019525982439517975 0.026034643252690632
0 0.4965592324733734 0.6565014123916626 0.019525982439517975 0.026034643252690632
0 0.49611949920654297 0.7366750836372375 0.019525982439517975 0.026034643252690632
0 0.49565067887306213 0.8221491575241089 0.019525982439517975 0.026034643252690632
0 0.5610572695732117 0.38074302673339844 0.019525982439517975 0.026034643252690632
0 0.5624961853027344 0.4439583122730255 0.019525982439517975 0.026034643252690632
0 0.5640190243721008 0.5108624696731567 0.019525982439517975 0.026034643252690632
0 0.5656334161758423 0.5817880630493164 0.019525982439517975 0.026034643252690632
0 0.5673478841781616 0.6571089625358582 0.019525982439517975 0.026034643252690632
0 0.5691719651222229 0.7372467517852783 0.019525982439517975 0.026034643252690632
0 0.57111656665802 0.8226787447929382 0.019525982439517975 0.026034643252690632
0 0.6239640116691589 0.3814471960067749 0.019525982439517975 0.026034643252690632
0 0.6271843910217285 0.4446437954902649 0.019525982439517975 0.026034643252690632
0 0.6305924654006958 0.5115258097648621 0.019525982439517975 0.026034643252690632
0 0.6342053413391113 0.5824253559112549 0.019525982439517975 0.026034643252690632
0 0.6380419135093689 0.6577156782150269 0.019525982439517975 0.026034643252690632
0 0.6421236991882324 0.7378175854682922 0.019525982439517975 0.026034643252690632
0 0.6464749574661255 0.8232076168060303 0.019525982439517975 0.026034643252690632
0 0.6867960691452026 0.3821505308151245 0.019525982439517975 0.026034643252690632
0 0.6917935013771057 0.44532841444015503 0.019525982439517975 0.026034643252690632
0 0.6970822215080261 0.5121883749961853 0.019525982439517975 0.026034643252690632
0 0.7026883959770203 0.5830618739128113 0.019525982439517975 0.026034643252690632
0 0.708641529083252 0.6583216190338135 0.019525982439517975 0.026034643252690632
0 0.7149748802185059 0.7383877038955688 0.019525982439517975 0.026034643252690632
0 0.7217260599136353 0.823735773563385 0.019525982439517975 0.026034643252690632