0 0.3033102750778198 0.6459102034568787 0.0203523151576519 0.027136420210202534
0 0.37857040762901306 0.6465855836868286 0.0203523151576519 0.027136420210202534
0 0.4545838534832001 0.6472676992416382 0.0203523151576519 0.027136420210202534
0 0.5313619375228882 0.6479566693305969 0.0203523151576519 0.027136420210202534
0 0.6089162826538086 0.6486526131629944 0.0203523151576519 0.027136420210202534
0 0.6872587203979492 0.6493556499481201 0.0203523151576519 0.027136420210202534
0 0.7664012908935547 0.6500658392906189 0.0203523151576519 0.027136420210202534
0 0.3144293427467346 0.5593709945678711 0.0203523151576519 0.027136420210202534
0 0.3860834836959839 0.5596035122871399 0.0203523151576519 0.027136420210202534
0 0.4584197998046875 0.5598382949829102 0.0203523151576519 0.027136420210202534
0 0.5314480662345886 0.5600752830505371 0.0203523151576519 0.027136420210202534
0 0.6051782369613647 0.5603145956993103 0.0203523151576519 0.027136420210202534
0 0.6796205639839172 0.560556173324585 0.0203523151576519 0.027136420210202534
0 0.7547853589057922 0.5608001351356506 0.0203523151576519 0.027136420210202534
0 0.32452207803726196 0.48081958293914795 0.0203523151576519 0.027136420210202534
0 0.39289993047714233 0.4806864559650421 0.0203523151576519 0.027136420210202534
0 0.46189847588539124 0.48055213689804077 0.0203523151576519 0.027136420210202534
0 0.5315261483192444 0.48041656613349915 0.0203523151576519 0.027136420210202534
0 0.6017916202545166 0.4802797734737396 0.0203523151576519 0.027136420210202534
0 0.6727036833763123 0.48014169931411743 0.0203523151576519 0.027136420210202534
0 0.7442712783813477 0.48000237345695496 0.0203523151576519 0.027136420210202534
0 0.33372431993484497 0.4091988503932953 0.0203523151576519 0.027136420210202534
0 0.39911237359046936 0.4087623655796051 0.0203523151576519 0.027136420210202534
0 0.4650675356388092 0.40832212567329407 0.0203523151576519 0.027136420210202534
0 0.5315972566604614 0.407878041267395 0.0203523151576519 0.027136420210202534
0 0.598708987236023 0.4074300527572632 0.0203523151576519 0.027136420210202534
0 0.6664104461669922 0.40697813034057617 0.0203523151576519 0.027136420210202534
0 0.7347095012664795 0.4065222442150116 0.0203523151576519 0.027136420210202534
0 0.34214895963668823 0.34363028407096863 0.0203523151576519 0.027136420210202534
0 0.40479767322540283 0.3429412245750427 0.0203523151576519 0.027136420210202534
0 0.46796661615371704 0.3422464430332184 0.0203523151576519 0.027136420210202534
0 0.5316622257232666 0.34154587984085083 0.0203523151576519 0.027136420210202534
0 0.5958912372589111 0.3408394455909729 0.0203523151576519 0.027136420210202534
0 0.6606602072715759 0.34012705087661743 0.0203523151576519 0.027136420210202534
0 0.7259761691093445 0.33940866589546204 0.0203523151576519 0.027136420210202534
0 0.3498905599117279 0.28337782621383667 0.0203523151576519 0.027136420210202534
0 0.41002020239830017 0.28247782588005066 0.0203523151576519 0.027136420210202534
0 0.4706287384033203 0.2815706729888916 0.0203523151576519 0.027136420210202534
0 0.5317219495773315 0.28065624833106995 0.0203523151576519 0.027136420210202534
0 0.5933055877685547 0.2797344923019409 0.0203523151576519 0.027136420210202534
0 0.6553856134414673 0.27880531549453735 0.0203523151576519 0.027136420210202534
0 0.7179680466651917 0.2778686285018921 0.0203523151576519 0.027136420210202534
0 0.35702893137931824 0.22782014310359955 0.0203523151576519 0.027136420210202534
0 0.41483423113822937 0.22674360871315002 0.0203523151576519 0.027136420210202534
0 0.47308188676834106 0.2256588339805603 0.0203523151576519 0.027136420210202534
0 0.5317769050598145 0.22456572949886322 0.0203523151576519 0.027136420210202534
0 0.5909245014190674 0.22346419095993042 0.0203523151576519 0.027136420210202534
0 0.6505299210548401 0.22235414385795593 0.0203523151576519 0.027136420210202534
0 0.7105985283851624 0.221235454082489 0.0203523151576519 0.027136420210202534