0 0.3031909167766571 0.6473721861839294 0.020350785925984383 0.027134381234645844
0 0.3785894811153412 0.6476112008094788 0.020350785925984383 0.027134381234645844
0 0.45470529794692993 0.6478524208068848 0.020350785925984383 0.027134381234645844
0 0.5315486192703247 0.6480960249900818 0.020350785925984383 0.027134381234645844
0 0.6091299653053284 0.6483418941497803 0.020350785925984383 0.027134381234645844
0 0.6874600052833557 0.6485902070999146 0.020350785925984383 0.027134381234645844
0 0.7665496468544006 0.6488408446311951 0.020350785925984383 0.027134381234645844
0 0.3140795826911926 0.5606982707977295 0.020350785925984383 0.027134381234645844
0 0.38589638471603394 0.5605352520942688 0.020350785925984383 0.027134381234645844
0 0.4583633244037628 0.560370683670044 0.020350785925984383 0.027134381234645844
0 0.5314892530441284 0.5602046251296997 0.020350785925984383 0.027134381234645844
0 0.6052832007408142 0.5600370764732361 0.020350785925984383 0.027134381234645844
0 0.679754376411438 0.5598679780960083 0.020350785925984383 0.027134381234645844
0 0.7549121379852295 0.5596973299980164 0.020350785925984383 0.027134381234645844
0 0.32397201657295227 0.48195433616638184 0.020350785925984383 0.027134381234645844
0 0.3925319015979767 0.48146024346351624 0.020350785925984383 0.027134381234645844
0 0.46168380975723267 0.4809618890285492 0.020350785925984383 0.027134381234645844
0 0.5314354300498962 0.48045921325683594 0.020350785925984383 0.027134381234645844
0 0.6017945408821106 0.4799521565437317 0.020350785925984383 0.027134381234645844
0 0.6727691888809204 0.4794406592845917 0.020350785925984383 0.027134381234645844
0 0.7443674802780151 0.4789246916770935 0.020350785925984383 0.027134381234645844
0 0.33299896121025085 0.4100996255874634 0.020350785925984383 0.027134381234645844
0 0.3985844850540161 0.40933191776275635 0.020350785925984383 0.027134381234645844
0 0.46471136808395386 0.4085578918457031 0.020350785925984383 0.027134381234645844
0 0.5313863158226013 0.40777742862701416 0.020350785925984383 0.027134381234645844
0 0.5986161828041077 0.4069904685020447 0.020350785925984383 0.027134381234645844
0 0.6664079427719116 0.4061969220638275 0.020350785925984383 0.027134381234645844
0 0.7347686290740967 0.4053967297077179 0.020350785925984383 0.027134381234645844
0 0.34126925468444824 0.34426799416542053 0.020350785925984383 0.027134381234645844
0 0.40412774682044983 0.343273401260376 0.020350785925984383 0.027134381234645844
0 0.46748316287994385 0.34227094054222107 0.020350785925984383 0.027134381234645844
0 0.5313413739204407 0.34126052260398865 0.020350785925984383 0.027134381234645844
0 0.5957084894180298 0.34024205803871155 0.020350785925984383 0.027134381234645844
0 0.6605905294418335 0.3392154574394226 0.020350785925984383 0.027134381234645844
0 0.7259936928749084 0.3381806015968323 0.020350785925984383 0.027134381234645844
0 0.34887418150901794 0.2837325632572174 0.020350785925984383 0.027134381234645844
0 0.409223347902298 0.2825494408607483 0.020350785925984383 0.027134381234645844
0 0.4700302481651306 0.2813573181629181 0.020350785925984383 0.027134381234645844
0 0.5313001275062561 0.28015610575675964 0.020350785925984383 0.027134381234645844
0 0.5930382609367371 0.2789457440376282 0.020350785925984383 0.027134381234645844
0 0.6552501320838928 0.27772605419158936 0.020350785925984383 0.027134381234645844
0 0.7179411053657532 0.2764970064163208 0.020350785925984383 0.027134381234645844
0 0.3558909595012665 0.22787894308567047 0.020350785925984383 0.027134381234645844
0 0.4139234125614166 0.22653888165950775 0.020350785925984383 0.027134381234645844
0 0.4723789095878601 0.22518905997276306 0.020350785925984383 0.027134381234645844
0 0.5312620997428894 0.22382935881614685 0.020350785925984383 0.027134381234645844
0 0.5905776023864746 0.22245965898036957 0.020350785925984383 0.027134381234645844
0 0.6503303647041321 0.22107988595962524 0.020350785925984383 0.027134381234645844
0 0.7105250358581543 0.21968989074230194 0.020350785925984383 0.027134381234645844