0 0.6940630078315735 0.1575319468975067 0.024895541369915012 0.03319405515988668
0 0.6254916191101074 0.15886689722537994 0.024895541369915012 0.03319405515988668
0 0.5568382740020752 0.1602034568786621 0.024895541369915012 0.03319405515988668
0 0.4881027042865753 0.16154159605503082 0.024895541369915012 0.03319405515988668
0 0.4192848801612854 0.16288135945796967 0.024895541369915012 0.03319405515988668
0 0.35038459300994873 0.16422271728515625 0.024895541369915012 0.03319405515988668
0 0.28140169382095337 0.16556568443775177 0.024895541369915012 0.03319405515988668
0 0.7046223282814026 0.22359220683574677 0.024895541369915012 0.03319405515988668
0 0.6328928470611572 0.2250300794839859 0.024895541369915012 0.03319405515988668
0 0.5610736012458801 0.2264697402715683 0.024895541369915012 0.03319405515988668
0 0.48916441202163696 0.22791120409965515 0.024895541369915012 0.03319405515988668
0 0.4171651601791382 0.22935448586940765 0.024895541369915012 0.03319405515988668
0 0.3450756371021271 0.2307995706796646 0.024895541369915012 0.03319405515988668
0 0.2728956937789917 0.23224645853042603 0.024895541369915012 0.03319405515988668
0 0.7162028551101685 0.29604101181030273 0.024895541369915012 0.03319405515988668
0 0.6410102844238281 0.29759591817855835 0.024895541369915012 0.03319405515988668
0 0.5657190084457397 0.2991528809070587 0.024895541369915012 0.03319405515988668
0 0.49032896757125854 0.30071189999580383 0.024895541369915012 0.03319405515988668
0 0.41483989357948303 0.3022729456424713 0.024895541369915012 0.03319405515988668
0 0.3392515778541565 0.30383607745170593 0.024895541369915012 0.03319405515988668
0 0.263563871383667 0.3054012358188629 0.024895541369915012 0.03319405515988668
0 0.7289601564407349 0.37585216760635376 0.024895541369915012 0.03319405515988668
0 0.6499531269073486 0.37754112482070923 0.024895541369915012 0.03319405515988668
0 0.5708371996879578 0.37923240661621094 0.024895541369915012 0.03319405515988668
0 0.49161213636398315 0.3809260427951813 0.024895541369915012 0.03319405515988668
0 0.4122776687145233 0.38262197375297546 0.024895541369915012 0.03319405515988668
0 0.3328336477279663 0.38432028889656067 0.024895541369915012 0.03319405515988668
0 0.25327980518341064 0.3860209286212921 0.024895541369915012 0.03319405515988668
0 0.7430833578109741 0.4642080068588257 0.024895541369915012 0.03319405515988668
0 0.6598541736602783 0.4660515785217285 0.024895541369915012 0.03319405515988668
0 0.576504111289978 0.46789780259132385 0.024895541369915012 0.03319405515988668
0 0.49303296208381653 0.4697467088699341 0.024895541369915012 0.03319405515988668
0 0.40944036841392517 0.4715983271598816 0.024895541369915012 0.03319405515988668
0 0.32572609186172485 0.473452627658844 0.024895541369915012 0.03319405515988668
0 0.24188987910747528 0.4753096103668213 0.024895541369915012 0.03319405515988668
0 0.7588040232658386 0.5625583529472351 0.024895541369915012 0.03319405515988668
0 0.6708760261535645 0.5645816922187805 0.024895541369915012 0.03319405515988668
0 0.5828130841255188 0.5666081309318542 0.024895541369915012 0.03319405515988668
0 0.4946148693561554 0.5686376094818115 0.024895541369915012 0.03319405515988668
0 0.40628111362457275 0.5706703066825867 0.024895541369915012 0.03319405515988668
0 0.3178114593029022 0.5727060437202454 0.024895541369915012 0.03319405515988668
0 0.22920562326908112 0.5747449398040771 0.024895541369915012 0.03319405515988668
0 0.7764096260070801 0.6727007627487183 0.024895541369915012 0.03319405515988668
0 0.6832204461097717 0.674934983253479 0.024895541369915012 0.03319405515988668
0 0.5898796916007996 0.677172839641571 0.024895541369915012 0.03319405515988668
0 0.49638691544532776 0.6794143319129944 0.024895541369915012 0.03319405515988668
0 0.40274181962013245 0.681659460067749 0.024895541369915012 0.03319405515988668
0 0.3089440166950226 0.6839082837104797 0.024895541369915012 0.03319405515988668
0 0.21499311923980713 0.6861608028411865 0.024895541369915012 0.03319405515988668