0 0.21581372618675232 0.7282507419586182 0.030522741377353668 0.030522741377353668
0 0.3032645881175995 0.7287580966949463 0.030522741377353668 0.030522741377353668
0 0.39065858721733093 0.7292651534080505 0.030522741377353668 0.030522741377353668
0 0.47799572348594666 0.7297718524932861 0.030522741377353668 0.030522741377353668
0 0.5652760863304138 0.7302782535552979 0.030522741377353668 0.030522741377353668
0 0.6524997353553772 0.7307842969894409 0.030522741377353668 0.030522741377353668
0 0.739666759967804 0.7312900424003601 0.030522741377353668 0.030522741377353668
0 0.228794127702713 0.642060399055481 0.030522741377353668 0.030522741377353668
0 0.31235310435295105 0.6425720453262329 0.030522741377353668 0.030522741377353668
0 0.39586013555526733 0.6430833339691162 0.030522741377353668 0.030522741377353668
0 0.47931528091430664 0.6435943245887756 0.030522741377353668 0.030522741377353668
0 0.5627185702323914 0.6441049575805664 0.030522741377353668 0.030522741377353668
0 0.6460700631141663 0.6446152925491333 0.030522741377353668 0.030522741377353668
0 0.7293698191642761 0.6451253294944763 0.030522741377353668 0.030522741377353668
0 0.24066917598247528 0.5632097125053406 0.030522741377353668 0.030522741377353668
0 0.32066789269447327 0.5637230277061462 0.030522741377353668 0.030522741377353668
0 0.4006190001964569 0.564236044883728 0.030522741377353668 0.030522741377353668
0 0.4805225431919098 0.5647487640380859 0.030522741377353668 0.030522741377353668
0 0.5603785514831543 0.5652611255645752 0.030522741377353668 0.030522741377353668
0 0.6401870846748352 0.5657732486724854 0.030522741377353668 0.030522741377353668
0 0.7199482321739197 0.5662850141525269 0.030522741377353668 0.030522741377353668
0 0.2515742778778076 0.4907994270324707 0.030522741377353668 0.030522741377353668
0 0.3283037543296814 0.4913124442100525 0.030522741377353668 0.030522741377353668
0 0.40498942136764526 0.4918251633644104 0.030522741377353668 0.030522741377353668
0 0.4816313087940216 0.4923376142978668 0.030522741377353668 0.030522741377353668
0 0.5582295060157776 0.49284976720809937 0.030522741377353668 0.030522741377353668
0 0.6347839832305908 0.49336162209510803 0.030522741377353668 0.030522741377353668
0 0.7112948298454285 0.4938731789588928 0.030522741377353668 0.030522741377353668
0 0.2616236209869385 0.42407140135765076 0.030522741377353668 0.030522741377353668
0 0.33534055948257446 0.4245826005935669 0.030522741377353668 0.030522741377353668
0 0.40901702642440796 0.42509353160858154 0.030522741377353668 0.030522741377353668
0 0.4826531410217285 0.4256041944026947 0.030522741377353668 0.030522741377353668
0 0.5562488436698914 0.426114559173584 0.030522741377353668 0.030522741377353668
0 0.629804253578186 0.4266246259212494 0.030522741377353668 0.030522741377353668
0 0.7033193707466125 0.4271344542503357 0.030522741377353668 0.030522741377353668
0 0.27091413736343384 0.36238205432891846 0.030522741377353668 0.030522741377353668
0 0.34184613823890686 0.3628902733325958 0.030522741377353668 0.030522741377353668
0 0.41274070739746094 0.3633981943130493 0.030522741377353668 0.030522741377353668
0 0.48359784483909607 0.3639058470726013 0.030522741377353668 0.030522741377353668
0 0.554417610168457 0.36441323161125183 0.030522741377353668 0.030522741377353668
0 0.6252000331878662 0.36492034792900085 0.030522741377353668 0.030522741377353668
0 0.695945143699646 0.3654272258281708 0.030522741377353668 0.030522741377353668
0 0.2795286476612091 0.30518147349357605 0.030522741377353668 0.030522741377353668
0 0.34787848591804504 0.30568572878837585 0.030522741377353668 0.030522741377353668
0 0.41619354486465454 0.30618971586227417 0.030522741377353668 0.030522741377353668
0 0.4844738841056824 0.3066934645175934 0.030522741377353668 0.030522741377353668
0 0.5527195334434509 0.3071969449520111 0.030522741377353668 0.030522741377353668
0 0.6209304332733154 0.30770018696784973 0.030522741377353668 0.030522741377353668
0 0.6891067624092102 0.30820316076278687 0.030522741377353668 0.030522741377353668