0 0.23538538813591003 0.6526666879653931 0.03357381373643875 0.03357381373643875
0 0.3332432806491852 0.6530532240867615 0.03357381373643875 0.03357381373643875
0 0.43080082535743713 0.6534385085105896 0.03357381373643875 0.03357381373643875
0 0.5280594229698181 0.653822660446167 0.03357381373643875 0.03357381373643875
0 0.6250203847885132 0.6542056202888489 0.03357381373643875 0.03357381373643875
0 0.7216851711273193 0.65458744764328 0.03357381373643875 0.03357381373643875
0 0.8180550932884216 0.6549680829048157 0.03357381373643875 0.03357381373643875
0 0.24512003362178802 0.5600805282592773 0.03357381373643875 0.03357381373643875
0 0.3395688831806183 0.5605909824371338 0.03357381373643875 0.03357381373643875
0 0.4337378740310669 0.5610999464988708 0.03357381373643875 0.03357381373643875
0 0.5276283025741577 0.5616074204444885 0.03357381373643875 0.03357381373643875
0 0.6212413311004639 0.562113344669342 0.03357381373643875 0.03357381373643875
0 0.7145782709121704 0.562617838382721 0.03357381373643875 0.03357381373643875
0 0.8076402544975281 0.5631207823753357 0.03357381373643875 0.03357381373643875
0 0.2542009949684143 0.47371140122413635 0.03357381373643875 0.03357381373643875
0 0.3454703390598297 0.4743286073207855 0.03357381373643875 0.03357381373643875
0 0.43647828698158264 0.47494402527809143 0.03357381373643875 0.03357381373643875
0 0.5272260308265686 0.47555771470069885 0.03357381373643875 0.03357381373643875
0 0.6177146434783936 0.476169615983963 0.03357381373643875 0.03357381373643875
0 0.7079452276229858 0.4767797887325287 0.03357381373643875 0.03357381373643875
0 0.7979188561439514 0.4773882329463959 0.03357381373643875 0.03357381373643875
0 0.26269200444221497 0.39295342564582825 0.03357381373643875 0.03357381373643875
0 0.3509889245033264 0.39366263151168823 0.03357381373643875 0.03357381373643875
0 0.4390411674976349 0.394369900226593 0.03357381373643875 0.03357381373643875
0 0.5268498063087463 0.3950752019882202 0.03357381373643875 0.03357381373643875
0 0.6144157648086548 0.3957785367965698 0.03357381373643875 0.03357381373643875
0 0.7017400860786438 0.39647993445396423 0.03357381373643875 0.03357381373643875
0 0.7888237833976746 0.39717942476272583 0.03357381373643875 0.03357381373643875
0 0.2706487476825714 0.3172769844532013 0.03357381373643875 0.03357381373643875
0 0.3561607301235199 0.3180656135082245 0.03357381373643875 0.03357381373643875
0 0.44144320487976074 0.31885212659835815 0.03357381373643875 0.03357381373643875
0 0.5264971256256104 0.3196365237236023 0.03357381373643875 0.03357381373643875
0 0.611323356628418 0.3204188346862793 0.03357381373643875 0.03357381373643875
0 0.6959227919578552 0.32119905948638916 0.03357381373643875 0.03357381373643875
0 0.7802964448928833 0.3219771683216095 0.03357381373643875 0.03357381373643875
0 0.2781200706958771 0.24621711671352386 0.03357381373643875 0.03357381373643875
0 0.36101746559143066 0.24707430601119995 0.03357381373643875 0.03357381373643875
0 0.44369909167289734 0.24792926013469696 0.03357381373643875 0.03357381373643875
0 0.5261658430099487 0.2487819790840149 0.03357381373643875 0.03357381373643875
0 0.6084185838699341 0.24963250756263733 0.03357381373643875 0.03357381373643875
0 0.6904581189155579 0.2504808008670807 0.03357381373643875 0.03357381373643875
0 0.7722852230072021 0.25132691860198975 0.03357381373643875 0.03357381373643875
0 0.28514912724494934 0.17936386168003082 0.03357381373643875 0.03357381373643875
0 0.3655870258808136 0.18028023838996887 0.03357381373643875 0.03357381373643875
0 0.4458217918872833 0.18119429051876068 0.03357381373643875 0.03357381373643875
0 0.5258541703224182 0.18210603296756744 0.03357381373643875 0.03357381373643875
0 0.6056849360466003 0.18301548063755035 0.03357381373643875 0.03357381373643875
0 0.6853148341178894 0.1839226484298706 0.03357381373643875 0.03357381373643875
0 0.7647446990013123 0.184827521443367 0.03357381373643875 0.03357381373643875