0 0.7114031910896301 0.17016997933387756 0.022699911023179694 0.03394379218419393
0 0.6356010437011719 0.16974195837974548 0.022699911023179694 0.03394379218419393
0 0.5593597292900085 0.16931147873401642 0.022699911023179694 0.03394379218419393
0 0.4826754629611969 0.1688784807920456 0.022699911023179694 0.03394379218419393
0 0.4055444002151489 0.168442964553833 0.022699911023179694 0.03394379218419393
0 0.32796260714530945 0.16800491511821747 0.022699911023179694 0.03394379218419393
0 0.2499261200428009 0.1675642877817154 0.022699911023179694 0.03394379218419393
0 0.722798228263855 0.25037819147109985 0.022699911023179694 0.03394379218419393
0 0.6442975997924805 0.25017476081848145 0.022699911023179694 0.03394379218419393
0 0.5653257966041565 0.24997009336948395 0.022699911023179694 0.03394379218419393
0 0.4858785569667816 0.24976418912410736 0.022699911023179694 0.03394379218419393
0 0.4059515595436096 0.24955706298351288 0.022699911023179694 0.03394379218419393
0 0.3255404233932495 0.24934867024421692 0.022699911023179694 0.03394379218419393
0 0.2446407973766327 0.24913901090621948 0.022699911023179694 0.03394379218419393
0 0.7350428700447083 0.3365668058395386 0.022699911023179694 0.03394379218419393
0 0.6536446213722229 0.33662328124046326 0.022699911023179694 0.03394379218419393
0 0.5717394948005676 0.336680144071579 0.022699911023179694 0.03394379218419393
0 0.489322692155838 0.33673733472824097 0.022699911023179694 0.03394379218419393
0 0.406389445066452 0.3367948830127716 0.022699911023179694 0.03394379218419393
0 0.3229348063468933 0.3368528187274933 0.022699911023179694 0.03394379218419393
0 0.23895393311977386 0.33691108226776123 0.022699911023179694 0.03394379218419393
0 0.748235821723938 0.4294305443763733 0.022699911023179694 0.03394379218419393
0 0.6637179255485535 0.4297887086868286 0.022699911023179694 0.03394379218419393
0 0.5786531567573547 0.4301491677761078 0.022699911023179694 0.03394379218419393
0 0.4930361807346344 0.4305119812488556 0.022699911023179694 0.03394379218419393
0 0.40686166286468506 0.430877149105072 0.022699911023179694 0.03394379218419393
0 0.3201241195201874 0.43124470114707947 0.022699911023179694 0.03394379218419393
0 0.23281796276569366 0.43161463737487793 0.022699911023179694 0.03394379218419393
0 0.762491762638092 0.5297761559486389 0.022699911023179694 0.03394379218419393
0 0.6746054887771606 0.5304854512214661 0.022699911023179694 0.03394379218419393
0 0.5861275792121887 0.5311995148658752 0.022699911023179694 0.03394379218419393
0 0.4970518946647644 0.5319184064865112 0.022699911023179694 0.03394379218419393
0 0.40737247467041016 0.5326421856880188 0.022699911023179694 0.03394379218419393
0 0.31708309054374695 0.533370852470398 0.022699911023179694 0.03394379218419393
0 0.22617751359939575 0.5341045260429382 0.022699911023179694 0.03394379218419393
0 0.7779444456100464 0.6385458111763 0.022699911023179694 0.03394379218419393
0 0.6864103078842163 0.6396652460098267 0.022699911023179694 0.03394379218419393
0 0.5942338705062866 0.6407926082611084 0.022699911023179694 0.03394379218419393
0 0.5014082789421082 0.6419278383255005 0.022699911023179694 0.03394379218419393
0 0.4079267382621765 0.6430711150169373 0.022699911023179694 0.03394379218419393
0 0.3137822449207306 0.6442224979400635 0.022699911023179694 0.03394379218419393
0 0.21896770596504211 0.6453821063041687 0.022699911023179694 0.03394379218419393
0 0.7947512269020081 0.7568467259407043 0.022699911023179694 0.03394379218419393
0 0.6992533206939697 0.7584472298622131 0.022699911023179694 0.03394379218419393
0 0.6030556559562683 0.7600594758987427 0.022699911023179694 0.03394379218419393
0 0.5061506628990173 0.7616835236549377 0.022699911023179694 0.03394379218419393
0 0.4085303246974945 0.7633196115493774 0.022699911023179694 0.03394379218419393
0 0.31018680334091187 0.7649677991867065 0.022699911023179694 0.03394379218419393
0 0.21111200749874115 0.7666282653808594 0.022699911023179694 0.03394379218419393