0 0.2653305232524872 0.1887284219264984 0.03518942246834437 0.03518942246834437
0 0.3424241840839386 0.18627630174160004 0.03518942246834437 0.03518942246834437
0 0.41962429881095886 0.18382078409194946 0.03518942246834437 0.03518942246834437
0 0.4969310760498047 0.18136188387870789 0.03518942246834437 0.03518942246834437
0 0.5743447542190552 0.17889957129955292 0.03518942246834437 0.03518942246834437
0 0.651865541934967 0.17643386125564575 0.03518942246834437 0.03518942246834437
0 0.7294936776161194 0.1739647388458252 0.03518942246834437 0.03518942246834437
0 0.25371304154396057 0.24348123371601105 0.03518942246834437 0.03518942246834437
0 0.3338519334793091 0.24097125232219696 0.03518942246834437 0.03518942246834437
0 0.4141058623790741 0.23845766484737396 0.03518942246834437 0.03518942246834437
0 0.4944750964641571 0.23594047129154205 0.03518942246834437 0.03518942246834437
0 0.5749598741531372 0.23341967165470123 0.03518942246834437 0.03518942246834437
0 0.6555604338645935 0.23089522123336792 0.03518942246834437 0.03518942246834437
0 0.7362770438194275 0.2283671498298645 0.03518942246834437 0.03518942246834437
0 0.24113798141479492 0.3027469217777252 0.03518942246834437 0.03518942246834437
0 0.3245725929737091 0.3001776933670044 0.03518942246834437 0.03518942246834437
0 0.4081319272518158 0.29760462045669556 0.03518942246834437 0.03518942246834437
0 0.4918162524700165 0.2950277030467987 0.03518942246834437 0.03518942246834437
0 0.5756258964538574 0.29244691133499146 0.03518942246834437 0.03518942246834437
0 0.659561038017273 0.2898622751235962 0.03518942246834437 0.03518942246834437
0 0.7436220645904541 0.28727373480796814 0.03518942246834437 0.03518942246834437
0 0.2274819165468216 0.36710745096206665 0.03518942246834437 0.03518942246834437
0 0.31449493765830994 0.36447781324386597 0.03518942246834437 0.03518942246834437
0 0.40164363384246826 0.36184409260749817 0.03518942246834437 0.03518942246834437
0 0.48892831802368164 0.35920628905296326 0.03518942246834437 0.03518942246834437
0 0.5763493180274963 0.35656434297561646 0.03518942246834437 0.03518942246834437
0 0.6639068722724915 0.35391825437545776 0.03518942246834437 0.03518942246834437
0 0.7516014575958252 0.35126805305480957 0.03518942246834437 0.03518942246834437
0 0.21259917318820953 0.43724924325942993 0.03518942246834437 0.03518942246834437
0 0.30351129174232483 0.4345585107803345 0.03518942246834437 0.03518942246834437
0 0.39457157254219055 0.4318634271621704 0.03518942246834437 0.03518942246834437
0 0.4857803285121918 0.4291639029979706 0.03518942246834437 0.03518942246834437
0 0.5771378874778748 0.42645999789237976 0.03518942246834437 0.03518942246834437
0 0.6686447262763977 0.42375168204307556 0.03518942246834437 0.03518942246834437
0 0.7603011131286621 0.4210389256477356 0.03518942246834437 0.03518942246834437
0 0.1963166892528534 0.5139879584312439 0.03518942246834437 0.03518942246834437
0 0.2914937734603882 0.5112360119819641 0.03518942246834437 0.03518942246834437
0 0.38683322072029114 0.5084793567657471 0.03518942246834437 0.03518942246834437
0 0.48233547806739807 0.5057179927825928 0.03518942246834437 0.03518942246834437
0 0.5780009627342224 0.5029519200325012 0.03518942246834437 0.03518942246834437
0 0.6738300323486328 0.5001810789108276 0.03518942246834437 0.03518942246834437
0 0.7698231935501099 0.4974055290222168 0.03518942246834437 0.03518942246834437
0 0.17842724919319153 0.5983000993728638 0.03518942246834437 0.03518942246834437
0 0.27828913927078247 0.595487654209137 0.03518942246834437 0.03518942246834437
0 0.3783298134803772 0.5926701426506042 0.03518942246834437 0.03518942246834437
0 0.4785497784614563 0.5898476243019104 0.03518942246834437 0.03518942246834437
0 0.578949511051178 0.5870199799537659 0.03518942246834437 0.03518942246834437
0 0.6795294284820557 0.5841872692108154 0.03518942246834437 0.03518942246834437
0 0.7802901268005371 0.5813494920730591 0.03518942246834437 0.03518942246834437