0 0.2785416841506958 0.3037484288215637 0.03369290133317312 0.03369290133317312
0 0.2714305818080902 0.36102238297462463 0.03369290133317312 0.03369290133317312
0 0.2637624740600586 0.4227827191352844 0.03369290133317312 0.03369290133317312
0 0.25546926259994507 0.489577978849411 0.03369290133317312 0.03369290133317312
0 0.24647118151187897 0.5620501041412354 0.03369290133317312 0.03369290133317312
0 0.2366744428873062 0.6409549117088318 0.03369290133317312 0.03369290133317312
0 0.22596774995326996 0.7271885275840759 0.03369290133317312 0.03369290133317312
0 0.354581356048584 0.302628755569458 0.03369290133317312 0.03369290133317312
0 0.35034263134002686 0.3597733974456787 0.03369290133317312 0.03369290133317312
0 0.3457724153995514 0.4213871657848358 0.03369290133317312 0.03369290133317312
0 0.3408302366733551 0.48801568150520325 0.03369290133317312 0.03369290133317312
0 0.33546873927116394 0.5602971315383911 0.03369290133317312 0.03369290133317312
0 0.3296321928501129 0.6389828324317932 0.03369290133317312 0.03369290133317312
0 0.3232545852661133 0.7249633073806763 0.03369290133317312 0.03369290133317312
0 0.43039819598197937 0.30151239037513733 0.03369290133317312 0.03369290133317312
0 0.42901474237442017 0.358528196811676 0.03369290133317312 0.03369290133317312
0 0.42752325534820557 0.4199960231781006 0.03369290133317312 0.03369290133317312
0 0.4259105622768402 0.4864584803581238 0.03369290133317312 0.03369290133317312
0 0.42416131496429443 0.5585501790046692 0.03369290133317312 0.03369290133317312
0 0.42225733399391174 0.6370177865028381 0.03369290133317312 0.03369290133317312
0 0.420177161693573 0.7227464318275452 0.03369290133317312 0.03369290133317312
0 0.5059931874275208 0.3003992736339569 0.03369290133317312 0.03369290133317312
0 0.5074480175971985 0.3572867810726166 0.03369290133317312 0.03369290133317312
0 0.509016215801239 0.41860926151275635 0.03369290133317312 0.03369290133317312
0 0.510711669921875 0.484906405210495 0.03369290133317312 0.03369290133317312
0 0.5125504732131958 0.55680912733078 0.03369290133317312 0.03369290133317312
0 0.51455157995224 0.6350598335266113 0.03369290133317312 0.03369290133317312
0 0.5167375802993774 0.7205378413200378 0.03369290133317312 0.03369290133317312
0 0.5813673138618469 0.29928943514823914 0.03369290133317312 0.03369290133317312
0 0.5856435298919678 0.356049120426178 0.03369290133317312 0.03369290133317312
0 0.5902525782585144 0.4172268807888031 0.03369290133317312 0.03369290133317312
0 0.5952348709106445 0.4833594262599945 0.03369290133317312 0.03369290133317312
0 0.6006377935409546 0.5550740957260132 0.03369290133317312 0.03369290133317312
0 0.6065167784690857 0.6331087946891785 0.03369290133317312 0.03369290133317312
0 0.6129378080368042 0.7183374762535095 0.03369290133317312 0.03369290133317312
0 0.6565215587615967 0.29818281531333923 0.03369290133317312 0.03369290133317312
0 0.663602352142334 0.35481521487236023 0.03369290133317312 0.03369290133317312
0 0.6712334752082825 0.41584885120391846 0.03369290133317312 0.03369290133317312
0 0.6794816255569458 0.4818175137042999 0.03369290133317312 0.03369290133317312
0 0.6884247660636902 0.5533449649810791 0.03369290133317312 0.03369290133317312
0 0.698154628276825 0.6311647295951843 0.03369290133317312 0.03369290133317312
0 0.7087798714637756 0.7161453366279602 0.03369290133317312 0.03369290133317312
0 0.7314568161964417 0.2970794141292572 0.03369290133317312 0.03369290133317312
0 0.7413256168365479 0.35358503460884094 0.03369290133317312 0.03369290133317312
0 0.7519601583480835 0.41447514295578003 0.03369290133317312 0.03369290133317312
0 0.7634531259536743 0.4802806079387665 0.03369290133317312 0.03369290133317312
0 0.7759129405021667 0.5516217350959778 0.03369290133317312 0.03369290133317312
0 0.789466917514801 0.6292275786399841 0.03369290133317312 0.03369290133317312
0 0.8042657971382141 0.7139613032341003 0.03369290133317312 0.03369290133317312