0 0.7071458101272583 0.16253423690795898 0.022833545366302135 0.03414361923933029
0 0.6315917372703552 0.16187137365341187 0.022833545366302135 0.03414361923933029
0 0.5555244088172913 0.1612040102481842 0.022833545366302135 0.03414361923933029
0 0.47893860936164856 0.16053208708763123 0.022833545366302135 0.03414361923933029
0 0.40182897448539734 0.15985557436943054 0.022833545366302135 0.03414361923933029
0 0.3241901397705078 0.15917442739009857 0.022833545366302135 0.03414361923933029
0 0.24601665139198303 0.15848858654499054 0.022833545366302135 0.03414361923933029
0 0.7187633514404297 0.24265356361865997 0.022833545366302135 0.03414361923933029
0 0.6404910087585449 0.24224761128425598 0.022833545366302135 0.03414361923933029
0 0.5616675615310669 0.24183878302574158 0.022833545366302135 0.03414361923933029
0 0.4822870194911957 0.24142707884311676 0.022833545366302135 0.03414361923933029
0 0.4023435413837433 0.24101245403289795 0.022833545366302135 0.03414361923933029
0 0.321831077337265 0.24059486389160156 0.022833545366302135 0.03414361923933029
0 0.24074356257915497 0.2401743084192276 0.022833545366302135 0.03414361923933029
0 0.7312582731246948 0.328823983669281 0.022833545366302135 0.03414361923933029
0 0.6500648856163025 0.3287164568901062 0.022833545366302135 0.03414361923933029
0 0.5682780146598816 0.32860812544822693 0.022833545366302135 0.03414361923933029
0 0.4858911335468292 0.3284989893436432 0.022833545366302135 0.03414361923933029
0 0.40289753675460815 0.328389048576355 0.022833545366302135 0.03414361923933029
0 0.31929054856300354 0.3282783031463623 0.022833545366302135 0.03414361923933029
0 0.2350633442401886 0.32816675305366516 0.022833545366302135 0.03414361923933029
0 0.7447339296340942 0.4217579662799835 0.022833545366302135 0.03414361923933029
0 0.6603930592536926 0.42199793457984924 0.022833545366302135 0.03414361923933029
0 0.575411319732666 0.4222397208213806 0.022833545366302135 0.03414361923933029
0 0.48978134989738464 0.4224833846092224 0.022833545366302135 0.03414361923933029
0 0.4034956693649292 0.42272889614105225 0.022833545366302135 0.03414361923933029
0 0.316546767950058 0.4229762852191925 0.022833545366302135 0.03414361923933029
0 0.22892697155475616 0.4232255816459656 0.022833545366302135 0.03414361923933029
0 0.7593104839324951 0.5222842693328857 0.022833545366302135 0.03414361923933029
0 0.6715683341026306 0.5229302048683167 0.022833545366302135 0.03414361923933029
0 0.5831319689750671 0.5235812067985535 0.022833545366302135 0.03414361923933029
0 0.4939931631088257 0.5242374539375305 0.022833545366302135 0.03414361923933029
0 0.40414348244667053 0.524898886680603 0.022833545366302135 0.03414361923933029
0 0.3135743737220764 0.5255656242370605 0.022833545366302135 0.03414361923933029
0 0.2222771793603897 0.5262377262115479 0.022833545366302135 0.03414361923933029
0 0.7751286625862122 0.6313729882240295 0.022833545366302135 0.03414361923933029
0 0.683699369430542 0.6324947476387024 0.022833545366302135 0.03414361923933029
0 0.5915157198905945 0.6336257457733154 0.022833545366302135 0.03414361923933029
0 0.49856820702552795 0.634766161441803 0.022833545366302135 0.03414361923933029
0 0.4048473536968231 0.6359160542488098 0.022833545366302135 0.03414361923933029
0 0.31034350395202637 0.6370755434036255 0.022833545366302135 0.03414361923933029
0 0.2150467485189438 0.6382447481155396 0.022833545366302135 0.03414361923933029
0 0.7923540472984314 0.7501667141914368 0.022833545366302135 0.03414361923933029
0 0.6969143152236938 0.7518484592437744 0.022833545366302135 0.03414361923933029
0 0.6006516814231873 0.7535447478294373 0.022833545366302135 0.03414361923933029
0 0.5035555362701416 0.7552557587623596 0.022833545366302135 0.03414361923933029
0 0.4056149423122406 0.756981611251831 0.022833545366302135 0.03414361923933029
0 0.3068189024925232 0.7587225437164307 0.022833545366302135 0.03414361923933029
0 0.20715612173080444 0.7604787349700928 0.022833545366302135 0.03414361923933029