0 0.29410138726234436 0.6488507986068726 0.0207265242934227 0.0276353657245636
0 0.37113678455352783 0.6472734212875366 0.0207265242934227 0.0276353657245636
0 0.4488304555416107 0.6456825733184814 0.0207265242934227 0.0276353657245636
0 0.5271909236907959 0.6440780162811279 0.0207265242934227 0.0276353657245636
0 0.6062268018722534 0.6424596905708313 0.0207265242934227 0.0276353657245636
0 0.6859468221664429 0.6408273577690125 0.0207265242934227 0.0276353657245636
0 0.7663599848747253 0.6391807794570923 0.0207265242934227 0.0276353657245636
0 0.3046899139881134 0.5597273111343384 0.0207265242934227 0.0276353657245636
0 0.3781067728996277 0.5578637719154358 0.0207265242934227 0.0276353657245636
0 0.4521210491657257 0.5559850335121155 0.0207265242934227 0.0276353657245636
0 0.5267401337623596 0.5540909171104431 0.0207265242934227 0.0276353657245636
0 0.6019713878631592 0.5521813035011292 0.0207265242934227 0.0276353657245636
0 0.677822470664978 0.5502559542655945 0.0207265242934227 0.0276353657245636
0 0.7543009519577026 0.54831463098526 0.0207265242934227 0.0276353657245636
0 0.31432127952575684 0.4786602556705475 0.0207265242934227 0.0276353657245636
0 0.3844442367553711 0.4765676259994507 0.0207265242934227 0.0276353657245636
0 0.45511189103126526 0.4744587540626526 0.0207265242934227 0.0276353657245636
0 0.5263305306434631 0.4723334312438965 0.0207265242934227 0.0276353657245636
0 0.5981066823005676 0.47019147872924805 0.0207265242934227 0.0276353657245636
0 0.6704468727111816 0.46803268790245056 0.0207265242934227 0.0276353657245636
0 0.7433578372001648 0.4658568501472473 0.0207265242934227 0.0276353657245636
0 0.3231196403503418 0.40460440516471863 0.0207265242934227 0.0276353657245636
0 0.3902316093444824 0.4023285508155823 0.0207265242934227 0.0276353657245636
0 0.4578421413898468 0.4000357985496521 0.0207265242934227 0.0276353657245636
0 0.5259568095207214 0.3977259397506714 0.0207265242934227 0.0276353657245636
0 0.5945812463760376 0.3953987956047058 0.0207265242934227 0.0276353657245636
0 0.6637212038040161 0.39305418729782104 0.0207265242934227 0.0276353657245636
0 0.733382523059845 0.390691876411438 0.0207265242934227 0.0276353657245636
0 0.3311886191368103 0.33668792247772217 0.0207265242934227 0.0276353657245636
0 0.39553746581077576 0.3342658579349518 0.0207265242934227 0.0276353657245636
0 0.4603444039821625 0.3318265676498413 0.0207265242934227 0.0276353657245636
0 0.525614321231842 0.32936984300613403 0.0207265242934227 0.0276353657245636
0 0.5913522243499756 0.32689550518989563 0.0207265242934227 0.0276353657245636
0 0.6575630903244019 0.3244033455848694 0.0207265242934227 0.0276353657245636
0 0.7242521643638611 0.32189321517944336 0.0207265242934227 0.0276353657245636
0 0.3386152684688568 0.2741777300834656 0.0207265242934227 0.0276353657245636
0 0.40041953325271606 0.27163955569267273 0.0207265242934227 0.0276353657245636
0 0.46264615654945374 0.26908403635025024 0.0207265242934227 0.0276353657245636
0 0.5252994298934937 0.2665109932422638 0.0207265242934227 0.0276353657245636
0 0.5883837938308716 0.26392024755477905 0.0207265242934227 0.0276353657245636
0 0.6519036889076233 0.2613116204738617 0.0207265242934227 0.0276353657245636
0 0.7158636450767517 0.258684903383255 0.0207265242934227 0.0276353657245636
0 0.34547337889671326 0.21645303070545197 0.0207265242934227 0.0276353657245636
0 0.4049266576766968 0.2138233333826065 0.0207265242934227 0.0276353657245636
0 0.46477052569389343 0.211176335811615 0.0207265242934227 0.0276353657245636
0 0.5250088572502136 0.20851190388202667 0.0207265242934227 0.0276353657245636
0 0.5856456160545349 0.20582984387874603 0.0207265242934227 0.0276353657245636
0 0.6466847062110901 0.20312999188899994 0.0207265242934227 0.0276353657245636
0 0.7081301808357239 0.20041216909885406 0.0207265242934227 0.0276353657245636