0 0.7451263666152954 0.23481354117393494 0.03478154788414637 0.03478154788414637
0 0.6695630550384521 0.23354966938495636 0.03478154788414637 0.03478154788414637
0 0.5940390229225159 0.2322864532470703 0.03478154788414637 0.03478154788414637
0 0.5185542702674866 0.2310238927602768 0.03478154788414637 0.03478154788414637
0 0.4431087374687195 0.229762002825737 0.03478154788414637 0.03478154788414637
0 0.3677024245262146 0.22850075364112854 0.03478154788414637 0.03478154788414637
0 0.29233527183532715 0.2272401601076126 0.03478154788414637 0.03478154788414637
0 0.7561202645301819 0.28836721181869507 0.03478154788414637 0.03478154788414637
0 0.6774435043334961 0.28703680634498596 0.03478154788414637 0.03478154788414637
0 0.5988093614578247 0.28570714592933655 0.03478154788414637 0.03478154788414637
0 0.5202178359031677 0.28437817096710205 0.03478154788414637 0.03478154788414637
0 0.4416687488555908 0.28304994106292725 0.03478154788414637 0.03478154788414637
0 0.36316221952438354 0.28172242641448975 0.03478154788414637 0.03478154788414637
0 0.28469812870025635 0.28039559721946716 0.03478154788414637 0.03478154788414637
0 0.7680583596229553 0.3465203642845154 0.03478154788414637 0.03478154788414637
0 0.6860005855560303 0.34511640667915344 0.03478154788414637 0.03478154788414637
0 0.6039891839027405 0.34371328353881836 0.03478154788414637 0.03478154788414637
0 0.5220240950584412 0.34231090545654297 0.03478154788414637 0.03478154788414637
0 0.44010522961616516 0.34090936183929443 0.03478154788414637 0.03478154788414637
0 0.35823261737823486 0.339508593082428 0.03478154788414637 0.03478154788414637
0 0.2764061391353607 0.3381085991859436 0.03478154788414637 0.03478154788414637
0 0.7810677289962769 0.40989208221435547 0.03478154788414637 0.03478154788414637
0 0.6953253746032715 0.40840649604797363 0.03478154788414637 0.03478154788414637
0 0.6096335649490356 0.40692174434661865 0.03478154788414637 0.03478154788414637
0 0.5239923000335693 0.4054378867149353 0.03478154788414637 0.03478154788414637
0 0.43840157985687256 0.4039548933506012 0.03478154788414637 0.03478154788414637
0 0.35286128520965576 0.4024727940559387 0.03478154788414637 0.03478154788414637
0 0.26737138628959656 0.4009915590286255 0.03478154788414637 0.03478154788414637
0 0.7952994108200073 0.47921788692474365 0.03478154788414637 0.03478154788414637
0 0.7055259346961975 0.47764110565185547 0.03478154788414637 0.03478154788414637
0 0.6158079504966736 0.4760652780532837 0.03478154788414637 0.03478154788414637
0 0.5261452794075012 0.4744904339313507 0.03478154788414637 0.03478154788414637
0 0.43653804063796997 0.47291654348373413 0.03478154788414637 0.03478154788414637
0 0.3469860553741455 0.47134363651275635 0.03478154788414637 0.03478154788414637
0 0.25748932361602783 0.46977168321609497 0.03478154788414637 0.03478154788414637
0 0.8109341859817505 0.555378258228302 0.03478154788414637 0.03478154788414637
0 0.71673184633255 0.5536990761756897 0.03478154788414637 0.03478154788414637
0 0.6225906014442444 0.5520209670066833 0.03478154788414637 0.03478154788414637
0 0.528510332107544 0.550343930721283 0.03478154788414637 0.03478154788414637
0 0.43449100852012634 0.5486680269241333 0.03478154788414637 0.03478154788414637
0 0.3405325710773468 0.5469931960105896 0.03478154788414637 0.03478154788414637
0 0.24663494527339935 0.5453194379806519 0.03478154788414637 0.03478154788414637
0 0.8281901478767395 0.6394362449645996 0.03478154788414637 0.03478154788414637
0 0.7290993928909302 0.6376413702964783 0.03478154788414637 0.03478154788414637
0 0.6300761103630066 0.6358476877212524 0.03478154788414637 0.03478154788414637
0 0.5311203598976135 0.6340552568435669 0.03478154788414637 0.03478154788414637
0 0.4322320222854614 0.6322640180587769 0.03478154788414637 0.03478154788414637
0 0.33341100811958313 0.6304740309715271 0.03478154788414637 0.03478154788414637
0 0.23465728759765625 0.6286852359771729 0.03478154788414637 0.03478154788414637