0 0.6981961727142334 0.13754774630069733 0.02653101459145546 0.03537468612194061
0 0.628616452217102 0.13719742000102997 0.02653101459145546 0.03537468612194061
0 0.5586403012275696 0.13684511184692383 0.02653101459145546 0.03537468612194061
0 0.4882643222808838 0.13649077713489532 0.02653101459145546 0.03537468612194061
0 0.4174850881099701 0.13613441586494446 0.02653101459145546 0.03537468612194061
0 0.34629905223846436 0.13577601313591003 0.02653101459145546 0.03537468612194061
0 0.274702787399292 0.13541553914546967 0.02653101459145546 0.03537468612194061
0 0.7106139659881592 0.20154541730880737 0.02653101459145546 0.03537468612194061
0 0.6375933289527893 0.20136848092079163 0.02653101459145546 0.03537468612194061
0 0.5641357898712158 0.20119047164916992 0.02653101459145546 0.03537468612194061
0 0.49023738503456116 0.20101140439510345 0.02653101459145546 0.03537468612194061
0 0.41589421033859253 0.20083124935626984 0.02653101459145546 0.03537468612194061
0 0.34110215306282043 0.20065000653266907 0.02653101459145546 0.03537468612194061
0 0.2658572196960449 0.20046767592430115 0.02653101459145546 0.03537468612194061
0 0.7243343591690063 0.2722565233707428 0.02653101459145546 0.03537468612194061
0 0.6475147604942322 0.27229228615760803 0.02653101459145546 0.03537468612194061
0 0.5702113509178162 0.27232825756073 0.02653101459145546 0.03537468612194061
0 0.49241939187049866 0.27236446738243103 0.02653101459145546 0.03537468612194061
0 0.41413432359695435 0.2724009156227112 0.02653101459145546 0.03537468612194061
0 0.33535143733024597 0.27243757247924805 0.02653101459145546 0.03537468612194061
0 0.2560659646987915 0.272474467754364 0.02653101459145546 0.03537468612194061
0 0.7395737171173096 0.3507959246635437 0.02653101459145546 0.03537468612194061
0 0.658538281917572 0.35109394788742065 0.02653101459145546 0.03537468612194061
0 0.5769639611244202 0.3513939678668976 0.02653101459145546 0.03537468612194061
0 0.49484536051750183 0.3516959547996521 0.02653101459145546 0.03537468612194061
0 0.4121769964694977 0.351999968290329 0.02653101459145546 0.03537468612194061
0 0.328953355550766 0.3523060381412506 0.02653101459145546 0.03537468612194061
0 0.24516882002353668 0.352614164352417 0.02653101459145546 0.03537468612194061
0 0.7565990686416626 0.4385397732257843 0.02653101459145546 0.03537468612194061
0 0.6708582043647766 0.4391632080078125 0.02653101459145546 0.03537468612194061
0 0.5845135450363159 0.4397910237312317 0.02653101459145546 0.03537468612194061
0 0.4975586533546448 0.44042328000068665 0.02653101459145546 0.03537468612194061
0 0.40998706221580505 0.44106000661849976 0.02653101459145546 0.03537468612194061
0 0.3217921257019043 0.4417012929916382 0.02653101459145546 0.03537468612194061
0 0.23296721279621124 0.44234713912010193 0.02653101459145546 0.03537468612194061
0 0.7757439017295837 0.5372068881988525 0.02653101459145546 0.03537468612194061
0 0.68471759557724 0.5382370948791504 0.02653101459145546 0.03537468612194061
0 0.5930100083351135 0.5392749905586243 0.02653101459145546 0.03537468612194061
0 0.5006135702133179 0.5403207540512085 0.02653101459145546 0.03537468612194061
0 0.4075203537940979 0.5413743853569031 0.02653101459145546 0.03537468612194061
0 0.31372252106666565 0.5424359440803528 0.02653101459145546 0.03537468612194061
0 0.21921202540397644 0.5435056090354919 0.02653101459145546 0.03537468612194061
0 0.7974302172660828 0.6489723324775696 0.02653101459145546 0.03537468612194061
0 0.7004241347312927 0.6505156755447388 0.02653101459145546 0.03537468612194061
0 0.6026434302330017 0.6520712971687317 0.02653101459145546 0.03537468612194061
0 0.5040788650512695 0.6536393761634827 0.02653101459145546 0.03537468612194061
0 0.4047209322452545 0.6552201509475708 0.02653101459145546 0.03537468612194061
0 0.30456000566482544 0.6568136215209961 0.02653101459145546 0.03537468612194061
0 0.20358632504940033 0.6584200859069824 0.02653101459145546 0.03537468612194061