0 0.6958017349243164 0.1553381234407425 0.02290969407185912 0.03425748646259308
0 0.6198692917823792 0.15471966564655304 0.02290969407185912 0.03425748646259308
0 0.5433356165885925 0.1540963053703308 0.02290969407185912 0.03425748646259308
0 0.4661935865879059 0.15346799790859222 0.02290969407185912 0.03425748646259308
0 0.38843590021133423 0.1528346687555313 0.02290969407185912 0.03425748646259308
0 0.310055136680603 0.1521962583065033 0.02290969407185912 0.03425748646259308
0 0.23104380071163177 0.1515527218580246 0.02290969407185912 0.03425748646259308
0 0.7076271176338196 0.23541289567947388 0.02290969407185912 0.03425748646259308
0 0.6289884448051453 0.2350992113351822 0.02290969407185912 0.03425748646259308
0 0.5497044920921326 0.23478294909000397 0.02290969407185912 0.03425748646259308
0 0.4697672426700592 0.23446407914161682 0.02290969407185912 0.03425748646259308
0 0.3891685903072357 0.23414257168769836 0.02290969407185912 0.03425748646259308
0 0.3079003095626831 0.23381838202476501 0.02290969407185912 0.03425748646259308
0 0.22595399618148804 0.23349151015281677 0.02290969407185912 0.03425748646259308
0 0.7203389406204224 0.32149046659469604 0.02290969407185912 0.03425748646259308
0 0.6387941241264343 0.32152995467185974 0.02290969407185912 0.03425748646259308
0 0.5565548539161682 0.3215697705745697 0.02290969407185912 0.03425748646259308
0 0.4736122488975525 0.3216099143028259 0.02290969407185912 0.03425748646259308
0 0.38995715975761414 0.3216504156589508 0.02290969407185912 0.03425748646259308
0 0.3055804371833801 0.32169127464294434 0.02290969407185912 0.03425748646259308
0 0.22047270834445953 0.32173246145248413 0.02290969407185912 0.03425748646259308
0 0.7340408563613892 0.41427212953567505 0.02290969407185912 0.03425748646259308
0 0.6493669152259827 0.41472193598747253 0.02290969407185912 0.03425748646259308
0 0.5639435052871704 0.41517573595046997 0.02290969407185912 0.03425748646259308
0 0.4777606725692749 0.41563355922698975 0.02290969407185912 0.03425748646259308
0 0.39080825448036194 0.41609546542167664 0.02290969407185912 0.03425748646259308
0 0.3030758500099182 0.4165615439414978 0.02290969407185912 0.03425748646259308
0 0.21455296874046326 0.41703179478645325 0.02290969407185912 0.03425748646259308
0 0.7488532066345215 0.51457279920578 0.02290969407185912 0.03425748646259308
0 0.6608004570007324 0.5155008435249329 0.02290969407185912 0.03425748646259308
0 0.5719364285469055 0.5164374113082886 0.02290969407185912 0.03425748646259308
0 0.48225000500679016 0.5173826813697815 0.02290969407185912 0.03425748646259308
0 0.39172959327697754 0.5183367133140564 0.02290969407185912 0.03425748646259308
0 0.30036357045173645 0.5192996859550476 0.02290969407185912 0.03425748646259308
0 0.20814000070095062 0.5202716588973999 0.02290969407185912 0.03425748646259308
0 0.7649165987968445 0.6233451962471008 0.02290969407185912 0.03425748646259308
0 0.6732043027877808 0.6248325109481812 0.02290969407185912 0.03425748646259308
0 0.580610990524292 0.6263340711593628 0.02290969407185912 0.03425748646259308
0 0.487123966217041 0.6278501749038696 0.02290969407185912 0.03425748646259308
0 0.3927302658557892 0.629381000995636 0.02290969407185912 0.03425748646259308
0 0.2974165976047516 0.6309267282485962 0.02290969407185912 0.03425748646259308
0 0.2011694461107254 0.6324875950813293 0.02290969407185912 0.03425748646259308
0 0.7823966145515442 0.7417097687721252 0.02290969407185912 0.03425748646259308
0 0.6867074370384216 0.7438538670539856 0.02290969407185912 0.03425748646259308
0 0.5900581479072571 0.7460194230079651 0.02290969407185912 0.03425748646259308
0 0.4924342930316925 0.7482068538665771 0.02290969407185912 0.03425748646259308
0 0.39382097125053406 0.7504164576530457 0.02290969407185912 0.03425748646259308
0 0.29420313239097595 0.7526485323905945 0.02290969407185912 0.03425748646259308
0 0.19356530904769897 0.7549034953117371 0.02290969407185912 0.03425748646259308