0 0.30845704674720764 0.3760206997394562 0.01957301422953606 0.026097352306048077
0 0.30292242765426636 0.43915003538131714 0.01957301422953606 0.026097352306048077
0 0.2970578074455261 0.5060434341430664 0.01957301422953606 0.026097352306048077
0 0.2908327877521515 0.5770478248596191 0.01957301422953606 0.026097352306048077
0 0.28421303629875183 0.6525542736053467 0.01957301422953606 0.026097352306048077
0 0.27715983986854553 0.7330049872398376 0.01957301422953606 0.026097352306048077
0 0.2696291506290436 0.8189020156860352 0.01957301422953606 0.026097352306048077
0 0.3713367283344269 0.3770071268081665 0.01957301422953606 0.026097352306048077
0 0.36762258410453796 0.4401624798774719 0.01957301422953606 0.026097352306048077
0 0.3636869788169861 0.5070832371711731 0.01957301422953606 0.026097352306048077
0 0.35950952768325806 0.5781165957450867 0.01957301422953606 0.026097352306048077
0 0.3550672233104706 0.653653621673584 0.01957301422953606 0.026097352306048077
0 0.3503340184688568 0.7341366410255432 0.01957301422953606 0.026097352306048077
0 0.34528040885925293 0.8200678825378418 0.01957301422953606 0.026097352306048077
0 0.43421146273612976 0.37799349427223206 0.01957301422953606 0.026097352306048077
0 0.43231749534606934 0.44117483496665955 0.01957301422953606 0.026097352306048077
0 0.43031060695648193 0.5081230401992798 0.01957301422953606 0.026097352306048077
0 0.42818039655685425 0.5791852474212646 0.01957301422953606 0.026097352306048077
0 0.4259151220321655 0.654752790927887 0.01957301422953606 0.026097352306048077
0 0.42350152134895325 0.7352681159973145 0.01957301422953606 0.026097352306048077
0 0.4209245443344116 0.8212336301803589 0.01957301422953606 0.026097352306048077
0 0.49708127975463867 0.37897977232933044 0.01957301422953606 0.026097352306048077
0 0.49700719118118286 0.44218710064888 0.01957301422953606 0.026097352306048077
0 0.49692869186401367 0.5091626644134521 0.01957301422953606 0.026097352306048077
0 0.4968453645706177 0.5802538394927979 0.01957301422953606 0.026097352306048077
0 0.49675676226615906 0.6558519005775452 0.01957301422953606 0.026097352306048077
0 0.49666234850883484 0.7363995313644409 0.01957301422953606 0.026097352306048077
0 0.49656155705451965 0.8223992586135864 0.01957301422953606 0.026097352306048077
0 0.5599461793899536 0.37996599078178406 0.01957301422953606 0.026097352306048077
0 0.5616917014122009 0.4431993067264557 0.01957301422953606 0.026097352306048077
0 0.5635412335395813 0.5102022886276245 0.01957301422953606 0.026097352306048077
0 0.5655044913291931 0.5813223123550415 0.01957301422953606 0.026097352306048077
0 0.5675921440124512 0.6569508910179138 0.01957301422953606 0.026097352306048077
0 0.569816529750824 0.7375308275222778 0.01957301422953606 0.026097352306048077
0 0.5721914172172546 0.8235647678375244 0.01957301422953606 0.026097352306048077
0 0.6228061318397522 0.3809521198272705 0.01957301422953606 0.026097352306048077
0 0.6263709664344788 0.4442114233970642 0.01957301422953606 0.026097352306048077
0 0.6301482915878296 0.5112417936325073 0.01957301422953606 0.026097352306048077
0 0.634157657623291 0.5823906660079956 0.01957301422953606 0.026097352306048077
0 0.6384212374687195 0.6580498218536377 0.01957301422953606 0.026097352306048077
0 0.6429639458656311 0.73866206407547 0.01957301422953606 0.026097352306048077
0 0.647814154624939 0.8247302174568176 0.01957301422953606 0.026097352306048077
0 0.6856611371040344 0.3819381594657898 0.01957301422953606 0.026097352306048077
0 0.6910449862480164 0.44522348046302795 0.01957301422953606 0.026097352306048077
0 0.696749746799469 0.5122811794281006 0.01957301422953606 0.026097352306048077
0 0.7028050422668457 0.5834589600563049 0.01957301422953606 0.026097352306048077
0 0.7092441320419312 0.659148633480072 0.01957301422953606 0.026097352306048077
0 0.7161047458648682 0.7397931218147278 0.01957301422953606 0.026097352306048077
0 0.7234296798706055 0.8258954882621765 0.01957301422953606 0.026097352306048077