0 0.7487295269966125 0.22817404568195343 0.03622867166996002 0.03622867166996002
0 0.6702001094818115 0.22574102878570557 0.03622867166996002 0.03622867166996002
0 0.5915113091468811 0.22330307960510254 0.03622867166996002 0.03622867166996002
0 0.5126625895500183 0.22086018323898315 0.03622867166996002 0.03622867166996002
0 0.43365350365638733 0.21841230988502502 0.03622867166996002 0.03622867166996002
0 0.3544834852218628 0.21595944464206696 0.03622867166996002 0.03622867166996002
0 0.2751521170139313 0.21350158751010895 0.03622867166996002 0.03622867166996002
0 0.7603095769882202 0.2840851843357086 0.03622867166996002 0.03622867166996002
0 0.6786034107208252 0.281612366437912 0.03622867166996002 0.03622867166996002
0 0.5967246294021606 0.2791343331336975 0.03622867166996002 0.03622867166996002
0 0.5146726369857788 0.2766510546207428 0.03622867166996002 0.03622867166996002
0 0.43244698643684387 0.27416253089904785 0.03622867166996002 0.03622867166996002
0 0.3500470221042633 0.2716687023639679 0.03622867166996002 0.03622867166996002
0 0.2674722671508789 0.2691695988178253 0.03622867166996002 0.03622867166996002
0 0.7728689312934875 0.3447243869304657 0.03622867166996002 0.03622867166996002
0 0.6877180933952332 0.34221357107162476 0.03622867166996002 0.03622867166996002
0 0.6023797392845154 0.3396972715854645 0.03622867166996002 0.03622867166996002
0 0.5168532133102417 0.3371753990650177 0.03622867166996002 0.03622867166996002
0 0.43113797903060913 0.3346479535102844 0.03622867166996002 0.03622867166996002
0 0.34523335099220276 0.33211493492126465 0.03622867166996002 0.03622867166996002
0 0.25913870334625244 0.3295763432979584 0.03622867166996002 0.03622867166996002
0 0.786537230014801 0.41071778535842896 0.03622867166996002 0.03622867166996002
0 0.6976384520530701 0.4081718325614929 0.03622867166996002 0.03622867166996002
0 0.6085352897644043 0.4056200087070465 0.03622867166996002 0.03622867166996002
0 0.5192270278930664 0.40306228399276733 0.03622867166996002 0.03622867166996002
0 0.42971286177635193 0.4004986882209778 0.03622867166996002 0.03622867166996002
0 0.3399921655654907 0.39792919158935547 0.03622867166996002 0.03622867166996002
0 0.2500641644001007 0.3953537344932556 0.03622867166996002 0.03622867166996002
0 0.8014680743217468 0.48280733823776245 0.03622867166996002 0.03622867166996002
0 0.7084763646125793 0.48023027181625366 0.03622867166996002 0.03622867166996002
0 0.615260899066925 0.47764697670936584 0.03622867166996002 0.03622867166996002
0 0.5218208432197571 0.4750574827194214 0.03622867166996002 0.03622867166996002
0 0.42815548181533813 0.4724617302417755 0.03622867166996002 0.03622867166996002
0 0.3342638909816742 0.46985968947410583 0.03622867166996002 0.03622867166996002
0 0.24014532566070557 0.46725139021873474 0.03622867166996002 0.03622867166996002
0 0.8178449869155884 0.5618786215782166 0.03622867166996002 0.03622867166996002
0 0.7203652262687683 0.5592762231826782 0.03622867166996002 0.03622867166996002
0 0.6226394772529602 0.5566672682762146 0.03622867166996002 0.03622867166996002
0 0.5246669054031372 0.5540516972541809 0.03622867166996002 0.03622867166996002
0 0.42644649744033813 0.5514295101165771 0.03622867166996002 0.03622867166996002
0 0.32797735929489136 0.5488006472587585 0.03622867166996002 0.03622867166996002
0 0.22925853729248047 0.5461651682853699 0.03622867166996002 0.03622867166996002
0 0.8358887434005737 0.6489975452423096 0.03622867166996002 0.03622867166996002
0 0.7334656715393066 0.6463778614997864 0.03622867166996002 0.03622867166996002
0 0.6307710409164429 0.6437512636184692 0.03622867166996002 0.03622867166996002
0 0.5278037190437317 0.6411176323890686 0.03622867166996002 0.03622867166996002
0 0.42456263303756714 0.6384770274162292 0.03622867166996002 0.03622867166996002
0 0.32104673981666565 0.6358293890953064 0.03622867166996002 0.03622867166996002
0 0.2172548770904541 0.6331747174263 0.03622867166996002 0.03622867166996002