0 0.6789982318878174 0.35852086544036865 0.030694144467512768 0.030694144467512768
0 0.6113980412483215 0.35981473326683044 0.030694144467512768 0.030694144467512768
0 0.5438008308410645 0.3611085116863251 0.030694144467512768 0.030694144467512768
0 0.4762066602706909 0.3624022603034973 0.030694144467512768 0.030694144467512768
0 0.40861549973487854 0.3636959493160248 0.030694144467512768 0.030694144467512768
0 0.3410273790359497 0.36498957872390747 0.030694144467512768 0.030694144467512768
0 0.27344223856925964 0.3662831783294678 0.030694144467512768 0.030694144467512768
0 0.6871991157531738 0.4145011901855469 0.030694144467512768 0.030694144467512768
0 0.6169301867485046 0.4158448278903961 0.030694144467512768 0.030694144467512768
0 0.5466645359992981 0.4171884059906006 0.030694144467512768 0.030694144467512768
0 0.4764021039009094 0.4185319244861603 0.030694144467512768 0.030694144467512768
0 0.406142920255661 0.4198753833770752 0.030694144467512768 0.030694144467512768
0 0.33588701486587524 0.42121875286102295 0.030694144467512768 0.030694144467512768
0 0.26563435792922974 0.4225620925426483 0.030694144467512768 0.030694144467512768
0 0.6960741281509399 0.47508296370506287 0.030694144467512768 0.030694144467512768
0 0.622917115688324 0.4764803647994995 0.030694144467512768 0.030694144467512768
0 0.549763560295105 0.477877676486969 0.030694144467512768 0.030694144467512768
0 0.4766135811805725 0.4792749583721161 0.030694144467512768 0.030694144467512768
0 0.4034671187400818 0.480672150850296 0.030694144467512768 0.030694144467512768
0 0.3303242027759552 0.4820692837238312 0.030694144467512768 0.030694144467512768
0 0.257184773683548 0.48346635699272156 0.030694144467512768 0.030694144467512768
0 0.7057099342346191 0.5408578515052795 0.030694144467512768 0.030694144467512768
0 0.6294171810150146 0.5423134565353394 0.030694144467512768 0.030694144467512768
0 0.5531283020973206 0.5437690615653992 0.030694144467512768 0.030694144467512768
0 0.4768432080745697 0.5452245473861694 0.030694144467512768 0.030694144467512768
0 0.40056198835372925 0.5466799139976501 0.030694144467512768 0.030694144467512768
0 0.3242845833301544 0.5481352806091309 0.030694144467512768 0.030694144467512768
0 0.2480110228061676 0.549590528011322 0.030694144467512768 0.030694144467512768
0 0.7162086963653564 0.6125234365463257 0.030694144467512768 0.030694144467512768
0 0.6364994049072266 0.6140424013137817 0.030694144467512768 0.030694144467512768
0 0.556794285774231 0.6155612468719482 0.030694144467512768 0.030694144467512768
0 0.4770933985710144 0.61708003282547 0.030694144467512768 0.030694144467512768
0 0.39739665389060974 0.6185986995697021 0.030694144467512768 0.030694144467512768
0 0.31770414113998413 0.6201173067092896 0.030694144467512768 0.030694144467512768
0 0.2380157858133316 0.6216358542442322 0.030694144467512768 0.030694144467512768
0 0.7276917695999146 0.6909082531929016 0.030694144467512768 0.030694144467512768
0 0.6442455649375916 0.6924962401390076 0.030694144467512768 0.030694144467512768
0 0.560804009437561 0.694084107875824 0.030694144467512768 0.030694144467512768
0 0.47736701369285583 0.6956719160079956 0.030694144467512768 0.030694144467512768
0 0.39393460750579834 0.6972596645355225 0.030694144467512768 0.030694144467512768
0 0.31050682067871094 0.6988472938537598 0.030694144467512768 0.030694144467512768
0 0.22708359360694885 0.7004348635673523 0.030694144467512768 0.030694144467512768
0 0.7403044104576111 0.7770037055015564 0.030694144467512768 0.030694144467512768
0 0.6527537703514099 0.7786672711372375 0.030694144467512768 0.030694144467512768
0 0.5652081370353699 0.7803307771682739 0.030694144467512768 0.030694144467512768
0 0.47766757011413574 0.7819942235946655 0.030694144467512768 0.030694144467512768
0 0.3901320695877075 0.7836574912071228 0.030694144467512768 0.030694144467512768
0 0.3026016056537628 0.7853207588195801 0.030694144467512768 0.030694144467512768
0 0.21507617831230164 0.786983847618103 0.030694144467512768 0.030694144467512768