0 0.30843597650527954 0.6502406001091003 0.020397564396262172 0.02719675252834956
0 0.3841666281223297 0.6505328416824341 0.020397564396262172 0.02719675252834956
0 0.4605276882648468 0.6508275866508484 0.020397564396262172 0.02719675252834956
0 0.5375270843505859 0.6511247158050537 0.020397564396262172 0.02719675252834956
0 0.6151728630065918 0.6514244079589844 0.020397564396262172 0.02719675252834956
0 0.6934731602668762 0.6517266035079956 0.020397564396262172 0.02719675252834956
0 0.772436261177063 0.6520313620567322 0.020397564396262172 0.02719675252834956
0 0.3195061683654785 0.5627208948135376 0.020397564396262172 0.02719675252834956
0 0.3915678858757019 0.5626538395881653 0.020397564396262172 0.02719675252834956
0 0.464199960231781 0.56258624792099 0.020397564396262172 0.02719675252834956
0 0.5374091863632202 0.5625181198120117 0.020397564396262172 0.02719675252834956
0 0.6112024784088135 0.5624495148658752 0.020397564396262172 0.02719675252834956
0 0.6855868697166443 0.562380313873291 0.020397564396262172 0.02719675252834956
0 0.7605693936347961 0.562310516834259 0.020397564396262172 0.02719675252834956
0 0.3295455574989319 0.483350545167923 0.020397564396262172 0.02719675252834956
0 0.3982774019241333 0.4829883873462677 0.020397564396262172 0.02719675252834956
0 0.46752771735191345 0.48262348771095276 0.020397564396262172 0.02719675252834956
0 0.5373023748397827 0.48225584626197815 0.020397564396262172 0.02719675252834956
0 0.6076074242591858 0.4818854033946991 0.020397564396262172 0.02719675252834956
0 0.6784488558769226 0.4815121591091156 0.020397564396262172 0.02719675252834956
0 0.7498329281806946 0.4811360239982605 0.020397564396262172 0.02719675252834956
0 0.33869174122810364 0.4110419750213623 0.020397564396262172 0.02719675252834956
0 0.40438780188560486 0.4104364216327667 0.020397564396262172 0.02719675252834956
0 0.47055724263191223 0.40982648730278015 0.020397564396262172 0.02719675252834956
0 0.5372052192687988 0.4092121422290802 0.020397564396262172 0.02719675252834956
0 0.6043369174003601 0.4085933566093445 0.020397564396262172 0.02719675252834956
0 0.6719575524330139 0.4079700708389282 0.020397564396262172 0.02719675252834956
0 0.7400726079940796 0.40734219551086426 0.020397564396262172 0.02719675252834956
0 0.34705880284309387 0.34489285945892334 0.020397564396262172 0.02719675252834956
0 0.40997591614723206 0.3440858721733093 0.020397564396262172 0.02719675252834956
0 0.4733269512653351 0.3432733118534088 0.020397564396262172 0.02719675252834956
0 0.5371164083480835 0.342455118894577 0.020397564396262172 0.02719675252834956
0 0.6013488173484802 0.3416312634944916 0.020397564396262172 0.02719675252834956
0 0.6660288572311401 0.3408016562461853 0.020397564396262172 0.02719675252834956
0 0.7311611771583557 0.3399662375450134 0.020397564396262172 0.02719675252834956
0 0.35474225878715515 0.28414833545684814 0.020397564396262172 0.02719675252834956
0 0.4151059687137604 0.28317421674728394 0.020397564396262172 0.02719675252834956
0 0.4758688509464264 0.282193660736084 0.020397564396262172 0.02719675252834956
0 0.5370348691940308 0.2812066078186035 0.020397564396262172 0.02719675252834956
0 0.598608136177063 0.28021299839019775 0.020397564396262172 0.02719675252834956
0 0.6605926156044006 0.27921274304389954 0.020397564396262172 0.02719675252834956
0 0.722992479801178 0.2782057523727417 0.020397564396262172 0.02719675252834956
0 0.36182260513305664 0.22817203402519226 0.020397564396262172 0.02719675252834956
0 0.4198320508003235 0.22705906629562378 0.020397564396262172 0.02719675252834956
0 0.4782099723815918 0.22593903541564941 0.020397564396262172 0.02719675252834956
0 0.5369598865509033 0.2248118668794632 0.020397564396262172 0.02719675252834956
0 0.5960853099822998 0.22367748618125916 0.020397564396262172 0.02719675252834956
0 0.6555899381637573 0.22253583371639252 0.020397564396262172 0.02719675252834956
0 0.7154773473739624 0.2213868349790573 0.020397564396262172 0.02719675252834956