0 0.29814413189888 0.6394890546798706 0.02053714729845524 0.027382863064606983
0 0.37380450963974 0.6391295194625854 0.02053714729845524 0.027382863064606983
0 0.45038682222366333 0.6387656331062317 0.02053714729845524 0.027382863064606983
0 0.5279080271720886 0.6383973360061646 0.02053714729845524 0.027382863064606983
0 0.6063854694366455 0.6380244493484497 0.02053714729845524 0.027382863064606983
0 0.6858369708061218 0.6376469135284424 0.02053714729845524 0.027382863064606983
0 0.7662808299064636 0.6372647285461426 0.02053714729845524 0.027382863064606983
0 0.3086169362068176 0.5512978434562683 0.02053714729845524 0.027382863064606983
0 0.38078415393829346 0.5504462718963623 0.02053714729845524 0.027382863064606983
0 0.45378923416137695 0.5495847463607788 0.02053714729845524 0.027382863064606983
0 0.5276468396186829 0.5487132668495178 0.02053714729845524 0.027382863064606983
0 0.6023719310760498 0.5478314757347107 0.02053714729845524 0.027382863064606983
0 0.6779799461364746 0.5469393134117126 0.02053714729845524 0.027382863064606983
0 0.7544865608215332 0.5460364818572998 0.02053714729845524 0.027382863064606983
0 0.3181552290916443 0.4709758460521698 0.02053714729845524 0.027382863064606983
0 0.38713762164115906 0.46971970796585083 0.02053714729845524 0.027382863064606983
0 0.4568847119808197 0.4684496223926544 0.02053714729845524 0.027382863064606983
0 0.5274093151092529 0.46716538071632385 0.02053714729845524 0.027382863064606983
0 0.5987245440483093 0.4658667743206024 0.02053714729845524 0.027382863064606983
0 0.6708437204360962 0.46455350518226624 0.02053714729845524 0.027382863064606983
0 0.7437804937362671 0.4632253348827362 0.02053714729845524 0.027382863064606983
0 0.3268788158893585 0.39751479029655457 0.02053714729845524 0.027382863064606983
0 0.3929454982280731 0.39592501521110535 0.02053714729845524 0.027382863064606983
0 0.4597129821777344 0.3943183720111847 0.02053714729845524 0.027382863064606983
0 0.5271924734115601 0.3926946222782135 0.02053714729845524 0.027382863064606983
0 0.5953953862190247 0.3910534381866455 0.02053714729845524 0.027382863064606983
0 0.6643334627151489 0.3893945515155792 0.02053714729845524 0.027382863064606983
0 0.7340186834335327 0.38771772384643555 0.02053714729845524 0.027382863064606983
0 0.3348877429962158 0.3300716280937195 0.02053714729845524 0.027382863064606983
0 0.3982751965522766 0.3282061517238617 0.02053714729845524 0.027382863064606983
0 0.4623071849346161 0.32632169127464294 0.02053714729845524 0.027382863064606983
0 0.5269936323165894 0.32441794872283936 0.02053714729845524 0.027382863064606983
0 0.5923445820808411 0.3224946856498718 0.02053714729845524 0.027382863064606983
0 0.658370316028595 0.3205515444278717 0.02053714729845524 0.027382863064606983
0 0.7250813841819763 0.3185882270336151 0.02053714729845524 0.027382863064606983
0 0.34226641058921814 0.26793596148490906 0.02053714729845524 0.027382863064606983
0 0.4031834304332733 0.26584234833717346 0.02053714729845524 0.027382863064606983
0 0.4646952450275421 0.2637282907962799 0.02053714729845524 0.027382863064606983
0 0.5268106460571289 0.2615934908390045 0.02053714729845524 0.027382863064606983
0 0.58953857421875 0.259437620639801 0.02053714729845524 0.027382863064606983
0 0.6528880596160889 0.25726041197776794 0.02053714729845524 0.027382863064606983
0 0.71686851978302 0.2550615072250366 0.02053714729845524 0.027382863064606983
0 0.3490864038467407 0.21050500869750977 0.02053714729845524 0.027382863064606983
0 0.407718300819397 0.20822259783744812 0.02053714729845524 0.027382863064606983
0 0.4669007956981659 0.20591877400875092 0.02053714729845524 0.027382863064606983
0 0.5266417264938354 0.2035931944847107 0.02053714729845524 0.027382863064606983
0 0.5869490504264832 0.20124556124210358 0.02053714729845524 0.027382863064606983
0 0.6478308439254761 0.1988755762577057 0.02053714729845524 0.027382863064606983
0 0.7092952728271484 0.19648291170597076 0.02053714729845524 0.027382863064606983