0 0.6737425327301025 0.1583905816078186 0.0250979233533144 0.0334638978044192
0 0.6062929034233093 0.16188468039035797 0.0250979233533144 0.0334638978044192
0 0.5385178923606873 0.1653956174850464 0.0250979233533144 0.0334638978044192
0 0.4704151153564453 0.1689235419034958 0.0250979233533144 0.0334638978044192
0 0.40198224782943726 0.17246857285499573 0.0250979233533144 0.0334638978044192
0 0.3332168459892273 0.17603081464767456 0.0250979233533144 0.0334638978044192
0 0.26411646604537964 0.17961041629314423 0.0250979233533144 0.0334638978044192
0 0.6851859092712402 0.22339887917041779 0.0250979233533144 0.0334638978044192
0 0.614567220211029 0.2272224724292755 0.0250979233533144 0.0334638978044192
0 0.5435916781425476 0.23106537759304047 0.0250979233533144 0.0334638978044192
0 0.4722565710544586 0.23492775857448578 0.0250979233533144 0.0334638978044192
0 0.4005591571331024 0.2388097643852234 0.0250979233533144 0.0334638978044192
0 0.32849666476249695 0.24271152913570404 0.0250979233533144 0.0334638978044192
0 0.2560662627220154 0.24663320183753967 0.0250979233533144 0.0334638978044192
0 0.6977654099464417 0.29486119747161865 0.0250979233533144 0.0334638978044192
0 0.6236652731895447 0.29906415939331055 0.0250979233533144 0.0334638978044192
0 0.5491719245910645 0.30328941345214844 0.0250979233533144 0.0334638978044192
0 0.47428232431411743 0.30753716826438904 0.0250979233533144 0.0334638978044192
0 0.39899328351020813 0.3118075430393219 0.0250979233533144 0.0334638978044192
0 0.3233015835285187 0.3161007761955261 0.0250979233533144 0.0334638978044192
0 0.2472040057182312 0.32041704654693604 0.0250979233533144 0.0334638978044192
0 0.7116590738296509 0.37378883361816406 0.0250979233533144 0.0334638978044192
0 0.633716344833374 0.3784317076206207 0.0250979233533144 0.0334638978044192
0 0.5553383231163025 0.3831005096435547 0.0250979233533144 0.0334638978044192
0 0.47652146220207214 0.38779544830322266 0.0250979233533144 0.0334638978044192
0 0.39726197719573975 0.39251673221588135 0.0250979233533144 0.0334638978044192
0 0.3175561726093292 0.39726462960243225 0.0250979233533144 0.0334638978044192
0 0.23740023374557495 0.4020393490791321 0.0250979233533144 0.0334638978044192
0 0.7270841002464294 0.4614161252975464 0.0250979233533144 0.0334638978044192
0 0.6448785066604614 0.4665730893611908 0.0250979233533144 0.0334638978044192
0 0.562188446521759 0.47176042199134827 0.0250979233533144 0.0334638978044192
0 0.47900959849357605 0.47697845101356506 0.0250979233533144 0.0334638978044192
0 0.39533761143684387 0.4822274148464203 0.0250979233533144 0.0334638978044192
0 0.3111680746078491 0.48750758171081543 0.0250979233533144 0.0334638978044192
0 0.22649654746055603 0.492819219827652 0.0250979233533144 0.0334638978044192
0 0.7443084716796875 0.5592652559280396 0.0250979233533144 0.0334638978044192
0 0.6573468446731567 0.5650282502174377 0.0250979233533144 0.0334638978044192
0 0.5698426365852356 0.5708272457122803 0.0250979233533144 0.0334638978044192
0 0.481790691614151 0.5766624808311462 0.0250979233533144 0.0334638978044192
0 0.39318591356277466 0.5825343728065491 0.0250979233533144 0.0334638978044192
0 0.30402305722236633 0.5884432792663574 0.0250979233533144 0.0334638978044192
0 0.21429680287837982 0.5943894386291504 0.0250979233533144 0.0334638978044192
0 0.7636665105819702 0.6692356467247009 0.0250979233533144 0.0334638978044192
0 0.6713647842407227 0.6757200360298157 0.0250979233533144 0.0334638978044192
0 0.5784512758255005 0.6822474002838135 0.0250979233533144 0.0334638978044192
0 0.4849197566509247 0.6888182163238525 0.0250979233533144 0.0334638978044192
0 0.39076414704322815 0.6954329013824463 0.0250979233533144 0.0334638978044192
0 0.2959781289100647 0.7020918130874634 0.0250979233533144 0.0334638978044192
0 0.20055535435676575 0.7087954878807068 0.0250979233533144 0.0334638978044192