0 0.7277377247810364 0.18462775647640228 0.025174671784043312 0.03356622904539108
0 0.6608920097351074 0.1814352422952652 0.025174671784043312 0.03356622904539108
0 0.5936826467514038 0.1782253533601761 0.025174671784043312 0.03356622904539108
0 0.526106595993042 0.1749979555606842 0.025174671784043312 0.03356622904539108
0 0.4581608474254608 0.1717528998851776 0.025174671784043312 0.03356622904539108
0 0.38984236121177673 0.16849005222320557 0.025174671784043312 0.03356622904539108
0 0.3211480975151062 0.16520924866199493 0.025174671784043312 0.03356622904539108
0 0.7385715246200562 0.24834342300891876 0.025174671784043312 0.03356622904539108
0 0.668499231338501 0.24517661333084106 0.025174671784043312 0.03356622904539108
0 0.5980271100997925 0.24199174344539642 0.025174671784043312 0.03356622904539108
0 0.5271516442298889 0.2387886494398117 0.025174671784043312 0.03356622904539108
0 0.4558694362640381 0.23556716740131378 0.025174671784043312 0.03356622904539108
0 0.3841768801212311 0.23232713341712952 0.025174671784043312 0.03356622904539108
0 0.31207048892974854 0.22906841337680817 0.025174671784043312 0.03356622904539108
0 0.750511884689331 0.3185674250125885 0.025174671784043312 0.03356622904539108
0 0.6768858432769775 0.31544846296310425 0.025174671784043312 0.03356622904539108
0 0.6028180122375488 0.31231075525283813 0.025174671784043312 0.03356622904539108
0 0.5283044576644897 0.3091541826725006 0.025174671784043312 0.03356622904539108
0 0.45334112644195557 0.30597853660583496 0.025174671784043312 0.03356622904539108
0 0.3779239356517792 0.30278369784355164 0.025174671784043312 0.03356622904539108
0 0.3020487427711487 0.29956942796707153 0.025174671784043312 0.03356622904539108
0 0.7637376189231873 0.3963506817817688 0.025174671784043312 0.03356622904539108
0 0.6861780285835266 0.39330852031707764 0.025174671784043312 0.03356622904539108
0 0.6081278920173645 0.390247106552124 0.025174671784043312 0.03356622904539108
0 0.5295825004577637 0.38716626167297363 0.025174671784043312 0.03356622904539108
0 0.45053720474243164 0.38406580686569214 0.025174671784043312 0.03356622904539108
0 0.3709871172904968 0.3809455633163452 0.025174671784043312 0.03356622904539108
0 0.2909274697303772 0.37780532240867615 0.025174671784043312 0.03356622904539108
0 0.7784680128097534 0.48298317193984985 0.025174671784043312 0.03356622904539108
0 0.6965309381484985 0.4800560772418976 0.025174671784043312 0.03356622904539108
0 0.6140459179878235 0.4771093726158142 0.025174671784043312 0.03356622904539108
0 0.5310074687004089 0.4741429388523102 0.025174671784043312 0.03356622904539108
0 0.447409987449646 0.471156507730484 0.025174671784043312 0.03356622904539108
0 0.363247811794281 0.46814993023872375 0.025174671784043312 0.03356622904539108
0 0.2785152196884155 0.46512293815612793 0.025174671784043312 0.03356622904539108
0 0.7949753403663635 0.5800660848617554 0.025174671784043312 0.03356622904539108
0 0.7081370949745178 0.5773048996925354 0.025174671784043312 0.03356622904539108
0 0.6206828951835632 0.5745241641998291 0.025174671784043312 0.03356622904539108
0 0.5326061248779297 0.5717236399650574 0.025174671784043312 0.03356622904539108
0 0.44390013813972473 0.5689030289649963 0.025174671784043312 0.03356622904539108
0 0.35455816984176636 0.5660622715950012 0.025174671784043312 0.03356622904539108
0 0.2645733654499054 0.5632010102272034 0.025174671784043312 0.03356622904539108
0 0.8136017322540283 0.6896117925643921 0.025174671784043312 0.03356622904539108
0 0.7212387919425964 0.6870848536491394 0.025174671784043312 0.03356622904539108
0 0.6281782984733582 0.6845387816429138 0.025174671784043312 0.03356622904539108
0 0.5344123244285583 0.681973397731781 0.025174671784043312 0.03356622904539108
0 0.4399328827857971 0.6793885231018066 0.025174671784043312 0.03356622904539108
0 0.34473171830177307 0.6767838597297668 0.025174671784043312 0.03356622904539108
0 0.24880057573318481 0.6741592884063721 0.025174671784043312 0.03356622904539108