0 0.2216031551361084 0.7359980940818787 0.030856750905513763 0.030856750905513763
0 0.3100298047065735 0.736849844455719 0.030856750905513763 0.030856750905513763
0 0.39864489436149597 0.7377034425735474 0.030856750905513763 0.030856750905513763
0 0.487449049949646 0.738558828830719 0.030856750905513763 0.030856750905513763
0 0.5764428377151489 0.7394160628318787 0.030856750905513763 0.030856750905513763
0 0.6656269431114197 0.7402751445770264 0.030856750905513763 0.030856750905513763
0 0.7550019025802612 0.7411360740661621 0.030856750905513763 0.030856750905513763
0 0.23268359899520874 0.6479065418243408 0.030856750905513763 0.030856750905513763
0 0.3177603483200073 0.648635745048523 0.030856750905513763 0.030856750905513763
0 0.4030115008354187 0.6493664383888245 0.030856750905513763 0.030856750905513763
0 0.48843762278556824 0.6500986218452454 0.030856750905513763 0.030856750905513763
0 0.5740392208099365 0.6508322954177856 0.030856750905513763 0.030856750905513763
0 0.6598168611526489 0.6515675187110901 0.030856750905513763 0.030856750905513763
0 0.745771050453186 0.6523042321205139 0.030856750905513763 0.030856750905513763
0 0.2429533153772354 0.5662604570388794 0.030856750905513763 0.030856750905513763
0 0.3249247074127197 0.5668824315071106 0.030856750905513763 0.030856750905513763
0 0.4070579707622528 0.5675055980682373 0.030856750905513763 0.030856750905513763
0 0.48935362696647644 0.5681300163269043 0.030856750905513763 0.030856750905513763
0 0.5718121528625488 0.5687556266784668 0.030856750905513763 0.030856750905513763
0 0.6544339656829834 0.5693824887275696 0.030856750905513763 0.030856750905513763
0 0.7372196316719055 0.5700106024742126 0.030856750905513763 0.030856750905513763
0 0.25249814987182617 0.49037736654281616 0.030856750905513763 0.030856750905513763
0 0.3315828740596771 0.49090510606765747 0.030856750905513763 0.030856750905513763
0 0.41081830859184265 0.49143388867378235 0.030856750905513763 0.030856750905513763
0 0.4902048110961914 0.491963654756546 0.030856750905513763 0.030856750905513763
0 0.5697428584098816 0.4924944341182709 0.030856750905513763 0.030856750905513763
0 0.6494328379631042 0.4930262267589569 0.030856750905513763 0.030856750905513763
0 0.7292752861976624 0.4935590326786041 0.030856750905513763 0.030856750905513763
0 0.261392205953598 0.4196678400039673 0.030856750905513763 0.030856750905513763
0 0.3377867043018341 0.42011260986328125 0.030856750905513763 0.030856750905513763
0 0.41432178020477295 0.4205581843852997 0.030856750905513763 0.030856750905513763
0 0.4909977912902832 0.42100459337234497 0.030856750905513763 0.030856750905513763
0 0.5678151845932007 0.4214518070220947 0.030856750905513763 0.030856750905513763
0 0.6447742581367493 0.42189985513687134 0.030856750905513763 0.030856750905513763
0 0.7218755483627319 0.4223487079143524 0.030856750905513763 0.030856750905513763
0 0.2696998715400696 0.353620320558548 0.030856750905513763 0.030856750905513763
0 0.3435811400413513 0.35399168729782104 0.030856750905513763 0.030856750905513763
0 0.4175938367843628 0.35436373949050903 0.030856750905513763 0.030856750905513763
0 0.49173834919929504 0.35473641753196716 0.030856750905513763 0.030856750905513763
0 0.5660150647163391 0.3551097810268402 0.030856750905513763 0.030856750905513763
0 0.6404242515563965 0.3554838299751282 0.030856750905513763 0.030856750905513763
0 0.7149662971496582 0.3558585047721863 0.030856750905513763 0.030856750905513763
0 0.27747729420661926 0.29178839921951294 0.030856750905513763 0.030856750905513763
0 0.34900540113449097 0.29209470748901367 0.030856750905513763 0.030856750905513763
0 0.4206567108631134 0.2924015522003174 0.030856750905513763 0.030856750905513763
0 0.49243155121803284 0.2927089035511017 0.030856750905513763 0.030856750905513763
0 0.5643302202224731 0.29301682114601135 0.030856750905513763 0.030856750905513763
0 0.6363530158996582 0.2933252453804016 0.030856750905513763 0.030856750905513763
0 0.708500325679779 0.29363420605659485 0.030856750905513763 0.030856750905513763