0 0.7337852716445923 0.22858721017837524 0.03418982774019241 0.03418982774019241
0 0.6557849645614624 0.2291448563337326 0.03418982774019241 0.03418982774019241
0 0.5783855319023132 0.22969821095466614 0.03418982774019241 0.03418982774019241
0 0.5015801191329956 0.23024731874465942 0.03418982774019241 0.03418982774019241
0 0.42536187171936035 0.23079222440719604 0.03418982774019241 0.03418982774019241
0 0.3497241139411926 0.23133298754692078 0.03418982774019241 0.03418982774019241
0 0.27466022968292236 0.231869637966156 0.03418982774019241 0.03418982774019241
0 0.7415103912353516 0.29332512617111206 0.03418982774019241 0.03418982774019241
0 0.6605193614959717 0.29364410042762756 0.03418982774019241 0.03418982774019241
0 0.5801758170127869 0.2939605116844177 0.03418982774019241 0.03418982774019241
0 0.5004720687866211 0.2942744195461273 0.03418982774019241 0.03418982774019241
0 0.4214005470275879 0.29458585381507874 0.03418982774019241 0.03418982774019241
0 0.34295374155044556 0.2948947846889496 0.03418982774019241 0.03418982774019241
0 0.26512423157691956 0.29520130157470703 0.03418982774019241 0.03418982774019241
0 0.749847412109375 0.363191157579422 0.03418982774019241 0.03418982774019241
0 0.6656271815299988 0.36323124170303345 0.03418982774019241 0.03418982774019241
0 0.5821067094802856 0.36327096819877625 0.03418982774019241 0.03418982774019241
0 0.49927738308906555 0.36331039667129517 0.03418982774019241 0.03418982774019241
0 0.41713064908981323 0.36334946751594543 0.03418982774019241 0.03418982774019241
0 0.33565807342529297 0.3633882403373718 0.03418982774019241 0.03418982774019241
0 0.25485140085220337 0.36342671513557434 0.03418982774019241 0.03418982774019241
0 0.7588720917701721 0.4388197660446167 0.03418982774019241 0.03418982774019241
0 0.6711544990539551 0.4385330080986023 0.03418982774019241 0.03418982774019241
0 0.5841955542564392 0.43824872374534607 0.03418982774019241 0.03418982774019241
0 0.49798545241355896 0.437966912984848 0.03418982774019241 0.03418982774019241
0 0.4125145673751831 0.437687486410141 0.03418982774019241 0.03418982774019241
0 0.32777348160743713 0.43741047382354736 0.03418982774019241 0.03418982774019241
0 0.2437528669834137 0.43713581562042236 0.03418982774019241 0.03418982774019241
0 0.7686731815338135 0.5209545493125916 0.03418982774019241 0.03418982774019241
0 0.6771551370620728 0.5202835202217102 0.03418982774019241 0.03418982774019241
0 0.5864624381065369 0.5196185111999512 0.03418982774019241 0.03418982774019241
0 0.49658384919166565 0.5189595222473145 0.03418982774019241 0.03418982774019241
0 0.40750852227211 0.5183063745498657 0.03418982774019241 0.03418982774019241
0 0.3192256987094879 0.517659068107605 0.03418982774019241 0.03418982774019241
0 0.23172491788864136 0.5170174837112427 0.03418982774019241 0.03418982774019241
0 0.7793552875518799 0.6104727983474731 0.03418982774019241 0.03418982774019241
0 0.6836926937103271 0.6093481779098511 0.03418982774019241 0.03418982774019241
0 0.588931143283844 0.6082341074943542 0.03418982774019241 0.03418982774019241
0 0.49505800008773804 0.6071305274963379 0.03418982774019241 0.03418982774019241
0 0.4020608067512512 0.6060371994972229 0.03418982774019241 0.03418982774019241
0 0.309927374124527 0.6049540638923645 0.03418982774019241 0.03418982774019241
0 0.21864569187164307 0.6038808822631836 0.03418982774019241 0.03418982774019241
0 0.7910428643226624 0.7084170579910278 0.03418982774019241 0.03418982774019241
0 0.6908425092697144 0.7067545652389526 0.03418982774019241 0.03418982774019241
0 0.5916299819946289 0.7051084637641907 0.03418982774019241 0.03418982774019241
0 0.49339067935943604 0.7034785151481628 0.03418982774019241 0.03418982774019241
0 0.3961103558540344 0.7018645405769348 0.03418982774019241 0.03418982774019241
0 0.29977506399154663 0.7002661824226379 0.03418982774019241 0.03418982774019241
0 0.2043711096048355 0.6986832618713379 0.03418982774019241 0.03418982774019241