0 0.763877272605896 0.2525310516357422 0.03491576761007309 0.03491576761007309
0 0.6882268190383911 0.24909904599189758 0.03491576761007309 0.03491576761007309
0 0.6099486947059631 0.2455478459596634 0.03491576761007309 0.03491576761007309
0 0.528903603553772 0.24187113344669342 0.03491576761007309 0.03491576761007309
0 0.4449422359466553 0.23806209862232208 0.03491576761007309 0.03491576761007309
0 0.3579042851924896 0.23411349952220917 0.03491576761007309 0.03491576761007309
0 0.26761743426322937 0.2300175130367279 0.03491576761007309 0.03491576761007309
0 0.7808388471603394 0.32094788551330566 0.03491576761007309 0.03491576761007309
0 0.7031383514404297 0.31861352920532227 0.03491576761007309 0.03491576761007309
0 0.6226537823677063 0.3161955177783966 0.03491576761007309 0.03491576761007309
0 0.5392326712608337 0.313689261674881 0.03491576761007309 0.03491576761007309
0 0.4527113735675812 0.3110899031162262 0.03491576761007309 0.03491576761007309
0 0.3629137873649597 0.30839210748672485 0.03491576761007309 0.03491576761007309
0 0.26965025067329407 0.3055901527404785 0.03491576761007309 0.03491576761007309
0 0.79886794090271 0.39367055892944336 0.03491576761007309 0.03491576761007309
0 0.7190054655075073 0.39258235692977905 0.03491576761007309 0.03491576761007309
0 0.6361880302429199 0.39145389199256897 0.03491576761007309 0.03491576761007309
0 0.5502485632896423 0.39028289914131165 0.03491576761007309 0.03491576761007309
0 0.4610070288181305 0.3890669047832489 0.03491576761007309 0.03491576761007309
0 0.3682694733142853 0.38780325651168823 0.03491576761007309 0.03491576761007309
0 0.2718263566493988 0.3864891529083252 0.03491576761007309 0.03491576761007309
0 0.8180685639381409 0.4711187779903412 0.03491576761007309 0.03491576761007309
0 0.7359229922294617 0.4714479148387909 0.03491576761007309 0.03491576761007309
0 0.6506354212760925 0.4717896580696106 0.03491576761007309 0.03491576761007309
0 0.5620220899581909 0.4721447229385376 0.03491576761007309 0.03491576761007309
0 0.46988463401794434 0.472513884305954 0.03491576761007309 0.03491576761007309
0 0.3740084767341614 0.47289803624153137 0.03491576761007309 0.03491576761007309
0 0.2741614282131195 0.4732981324195862 0.03491576761007309 0.03491576761007309
0 0.8385586738586426 0.5537685751914978 0.03491576761007309 0.03491576761007309
0 0.7539986968040466 0.5557130575180054 0.03491576761007309 0.03491576761007309
0 0.6660915017127991 0.557734489440918 0.03491576761007309 0.03491576761007309
0 0.574634313583374 0.5598375797271729 0.03491576761007309 0.03491576761007309
0 0.4794076085090637 0.5620273351669312 0.03491576761007309 0.03491576761007309
0 0.3801734745502472 0.5643092393875122 0.03491576761007309 0.03491576761007309
0 0.2766735553741455 0.5666892528533936 0.03491576761007309 0.03491576761007309
0 0.8604728579521179 0.6421622037887573 0.03491576761007309 0.03491576761007309
0 0.7733559012413025 0.6459519863128662 0.03491576761007309 0.03491576761007309
0 0.6826657652854919 0.6498971581459045 0.03491576761007309 0.03491576761007309
0 0.5881780385971069 0.6540075540542603 0.03491576761007309 0.03491576761007309
0 0.4896489977836609 0.6582937836647034 0.03491576761007309 0.03491576761007309
0 0.3868137300014496 0.6627672910690308 0.03491576761007309 0.03491576761007309
0 0.27938365936279297 0.6674407124519348 0.03491576761007309 0.03491576761007309
0 0.8839647769927979 0.7369199991226196 0.03491576761007309 0.03491576761007309
0 0.7941358089447021 0.7428232431411743 0.03491576761007309 0.03491576761007309
0 0.7004841566085815 0.7489777207374573 0.03491576761007309 0.03491576761007309
0 0.6027604937553406 0.755399763584137 0.03491576761007309 0.03491576761007309
0 0.5006932616233826 0.762107253074646 0.03491576761007309 0.03491576761007309
0 0.39398640394210815 0.7691196799278259 0.03491576761007309 0.03491576761007309
0 0.282316118478775 0.7764582633972168 0.03491576761007309 0.03491576761007309