0 0.7054339647293091 0.1878664642572403 0.024657683447003365 0.03287691126267115
0 0.6388746500015259 0.18868088722229004 0.024657683447003365 0.03287691126267115
0 0.5722373127937317 0.18949627876281738 0.024657683447003365 0.03287691126267115
0 0.505521833896637 0.19031260907649994 0.024657683447003365 0.03287691126267115
0 0.43872809410095215 0.1911299079656601 0.024657683447003365 0.03287691126267115
0 0.3718559443950653 0.19194816052913666 0.024657683447003365 0.03287691126267115
0 0.3049052357673645 0.19276736676692963 0.024657683447003365 0.03287691126267115
0 0.716413140296936 0.25079089403152466 0.024657683447003365 0.03287691126267115
0 0.6466431617736816 0.2516832947731018 0.024657683447003365 0.03287691126267115
0 0.5767874121665955 0.2525768280029297 0.024657683447003365 0.03287691126267115
0 0.5068458318710327 0.2534714639186859 0.024657683447003365 0.03287691126267115
0 0.4368181824684143 0.2543671727180481 0.024657683447003365 0.03287691126267115
0 0.3667043447494507 0.2552639842033386 0.024657683447003365 0.03287691126267115
0 0.2965041697025299 0.2561619281768799 0.024657683447003365 0.03287691126267115
0 0.7285069823265076 0.32010361552238464 0.024657683447003365 0.03287691126267115
0 0.6552008390426636 0.3210860788822174 0.024657683447003365 0.03287691126267115
0 0.581800103187561 0.32206982374191284 0.024657683447003365 0.03287691126267115
0 0.5083044767379761 0.32305482029914856 0.024657683447003365 0.03287691126267115
0 0.43471387028694153 0.32404109835624695 0.024657683447003365 0.03287691126267115
0 0.3610280454158783 0.325028657913208 0.024657683447003365 0.03287691126267115
0 0.28724685311317444 0.32601749897003174 0.024657683447003365 0.03287691126267115
0 0.7418943047523499 0.3968295156955719 0.024657683447003365 0.03287691126267115
0 0.6646744608879089 0.397916704416275 0.024657683447003365 0.03287691126267115
0 0.5873495936393738 0.39900538325309753 0.024657683447003365 0.03287691126267115
0 0.5099194645881653 0.40009552240371704 0.024657683447003365 0.03287691126267115
0 0.43238386511802673 0.4011871814727783 0.024657683447003365 0.03287691126267115
0 0.3547425866127014 0.4022803008556366 0.024657683447003365 0.03287691126267115
0 0.2769954204559326 0.40337491035461426 0.024657683447003365 0.03287691126267115
0 0.7567943334579468 0.48222509026527405 0.024657683447003365 0.03287691126267115
0 0.6752192974090576 0.4834350645542145 0.024657683447003365 0.03287691126267115
0 0.59352707862854 0.4846467971801758 0.024657683447003365 0.03287691126267115
0 0.5117173194885254 0.48586025834083557 0.024657683447003365 0.03287691126267115
0 0.42978981137275696 0.48707544803619385 0.024657683447003365 0.03287691126267115
0 0.347744345664978 0.4882924258708954 0.024657683447003365 0.03287691126267115
0 0.26558059453964233 0.4895111322402954 0.024657683447003365 0.03287691126267115
0 0.7734788060188293 0.5778477787971497 0.024657683447003365 0.03287691126267115
0 0.6870279908180237 0.5792030692100525 0.024657683447003365 0.03287691126267115
0 0.6004455089569092 0.5805603861808777 0.024657683447003365 0.03287691126267115
0 0.5137310028076172 0.58191978931427 0.024657683447003365 0.03287691126267115
0 0.42688417434692383 0.5832812190055847 0.024657683447003365 0.03287691126267115
0 0.33990478515625 0.5846447944641113 0.024657683447003365 0.03287691126267115
0 0.25279247760772705 0.5860104560852051 0.024657683447003365 0.03287691126267115
0 0.7922887206077576 0.6856517791748047 0.024657683447003365 0.03287691126267115
0 0.7003421783447266 0.687180757522583 0.024657683447003365 0.03287691126267115
0 0.6082466840744019 0.6887121796607971 0.024657683447003365 0.03287691126267115
0 0.5160017609596252 0.690246045589447 0.024657683447003365 0.03287691126267115
0 0.4236071705818176 0.6917824745178223 0.024657683447003365 0.03287691126267115
0 0.3310624659061432 0.6933213472366333 0.024657683447003365 0.03287691126267115
0 0.23836730420589447 0.6948627233505249 0.024657683447003365 0.03287691126267115