0 0.7208518981933594 0.18619056046009064 0.02551083266735077 0.03401444355646769
0 0.6512888073921204 0.1882280707359314 0.02551083266735077 0.03401444355646769
0 0.5826635956764221 0.1902381181716919 0.02551083266735077 0.03401444355646769
0 0.5149574279785156 0.1922212392091751 0.02551083266735077 0.03401444355646769
0 0.44815191626548767 0.19417798519134521 0.02551083266735077 0.03401444355646769
0 0.3822292387485504 0.196108877658844 0.02551083266735077 0.03401444355646769
0 0.31717199087142944 0.19801440834999084 0.02551083266735077 0.03401444355646769
0 0.7297110557556152 0.25035735964775085 0.02551083266735077 0.03401444355646769
0 0.6564749479293823 0.2520425021648407 0.02551083266735077 0.03401444355646769
0 0.5842771530151367 0.253703773021698 0.02551083266735077 0.03401444355646769
0 0.5130956768989563 0.25534164905548096 0.02551083266735077 0.03401444355646769
0 0.4429091811180115 0.25695663690567017 0.02551083266735077 0.03401444355646769
0 0.3736970126628876 0.25854921340942383 0.02551083266735077 0.03401444355646769
0 0.3054389953613281 0.26011982560157776 0.02551083266735077 0.03401444355646769
0 0.7395472526550293 0.32160139083862305 0.02551083266735077 0.03401444355646769
0 0.6622287631034851 0.3228423297405243 0.02551083266735077 0.03401444355646769
0 0.586065948009491 0.3240647315979004 0.02551083266735077 0.03401444355646769
0 0.5110331177711487 0.3252689838409424 0.02551083266735077 0.03401444355646769
0 0.4371052384376526 0.3264555037021637 0.02551083266735077 0.03401444355646769
0 0.36425814032554626 0.32762467861175537 0.02551083266735077 0.03401444355646769
0 0.29246827960014343 0.32877689599990845 0.02551083266735077 0.03401444355646769
0 0.7505316734313965 0.4011618494987488 0.02551083266735077 0.03401444355646769
0 0.668648898601532 0.4018408954143524 0.02551083266735077 0.03401444355646769
0 0.5880603194236755 0.4025092124938965 0.02551083266735077 0.03401444355646769
0 0.5087354779243469 0.4031670391559601 0.02551083266735077 0.03401444355646769
0 0.4306448698043823 0.4038146138191223 0.02551083266735077 0.03401444355646769
0 0.3537599742412567 0.40445220470428467 0.02551083266735077 0.03401444355646769
0 0.27805304527282715 0.40508005023002625 0.02551083266735077 0.03401444355646769
0 0.7628778219223022 0.49058523774147034 0.02551083266735077 0.03401444355646769
0 0.6758581399917603 0.49054989218711853 0.02551083266735077 0.03401444355646769
0 0.5902976989746094 0.49051517248153687 0.02551083266735077 0.03401444355646769
0 0.5061600804328918 0.49048101902008057 0.02551083266735077 0.03401444355646769
0 0.4234100580215454 0.49044740200042725 0.02551083266735077 0.03401444355646769
0 0.3420135974884033 0.4904143810272217 0.02551083266735077 0.03401444355646769
0 0.2619377672672272 0.4903818666934967 0.02551083266735077 0.03401444355646769
0 0.7768556475639343 0.5918266773223877 0.02551083266735077 0.03401444355646769
0 0.6840116381645203 0.5908769965171814 0.02551083266735077 0.03401444355646769
0 0.5928255319595337 0.5899441838264465 0.02551083266735077 0.03401444355646769
0 0.5032533407211304 0.5890279412269592 0.02551083266735077 0.03401444355646769
0 0.4152526259422302 0.5881277918815613 0.02551083266735077 0.03401444355646769
0 0.328782320022583 0.5872432589530945 0.02551083266735077 0.03401444355646769
0 0.24380287528038025 0.5863739848136902 0.02551083266735077 0.03401444355646769
0 0.7928114533424377 0.7073948383331299 0.02551083266735077 0.03401444355646769
0 0.6933077573776245 0.7052644491195679 0.02551083266735077 0.03401444355646769
0 0.5957042574882507 0.7031747698783875 0.02551083266735077 0.03401444355646769
0 0.4999470114707947 0.7011246085166931 0.02551083266735077 0.03401444355646769
0 0.405984103679657 0.6991128325462341 0.02551083266735077 0.03401444355646769
0 0.31376558542251587 0.6971384286880493 0.02551083266735077 0.03401444355646769
0 0.2232433408498764 0.6952003240585327 0.02551083266735077 0.03401444355646769