0 0.3366369903087616 0.38547247648239136 0.019262643530964855 0.025683524707953136
0 0.33136364817619324 0.4435800611972809 0.019262643530964855 0.025683524707953136
0 0.32577764987945557 0.505132794380188 0.019262643530964855 0.025683524707953136
0 0.319850355386734 0.5704464316368103 0.019262643530964855 0.025683524707953136
0 0.3135494589805603 0.6398764848709106 0.019262643530964855 0.025683524707953136
0 0.3068385720252991 0.7138247489929199 0.019262643530964855 0.025683524707953136
0 0.29967623949050903 0.7927471995353699 0.019262643530964855 0.025683524707953136
0 0.39856281876564026 0.3872030973434448 0.019262643530964855 0.025683524707953136
0 0.3950723111629486 0.44536158442497253 0.019262643530964855 0.025683524707953136
0 0.3913748562335968 0.5069683194160461 0.019262643530964855 0.025683524707953136
0 0.3874514698982239 0.5723392963409424 0.019262643530964855 0.025683524707953136
0 0.38328081369400024 0.6418303847312927 0.019262643530964855 0.025683524707953136
0 0.37883874773979187 0.7158437967300415 0.019262643530964855 0.025683524707953136
0 0.3740978538990021 0.7948358654975891 0.019262643530964855 0.025683524707953136
0 0.4604908525943756 0.38893377780914307 0.019262643530964855 0.025683524707953136
0 0.4587833285331726 0.44714316725730896 0.019262643530964855 0.025683524707953136
0 0.4569745361804962 0.5088039040565491 0.019262643530964855 0.025683524707953136
0 0.45505523681640625 0.5742322206497192 0.019262643530964855 0.025683524707953136
0 0.45301496982574463 0.6437843441963196 0.019262643530964855 0.025683524707953136
0 0.45084190368652344 0.7178629040718079 0.019262643530964855 0.025683524707953136
0 0.448522686958313 0.7969245910644531 0.019262643530964855 0.025683524707953136
0 0.52242112159729 0.3906645178794861 0.019262643530964855 0.025683524707953136
0 0.5224967002868652 0.44892480969429016 0.019262643530964855 0.025683524707953136
0 0.5225767493247986 0.5106395483016968 0.019262643530964855 0.025683524707953136
0 0.5226616263389587 0.5761252045631409 0.019262643530964855 0.025683524707953136
0 0.5227519273757935 0.645738422870636 0.019262643530964855 0.025683524707953136
0 0.5228481292724609 0.7198821306228638 0.019262643530964855 0.025683524707953136
0 0.5229507088661194 0.7990134358406067 0.019262643530964855 0.025683524707953136
0 0.5843536257743835 0.3923953175544739 0.019262643530964855 0.025683524707953136
0 0.5862123966217041 0.4507065415382385 0.019262643530964855 0.025683524707953136
0 0.5881813764572144 0.5124752521514893 0.019262643530964855 0.025683524707953136
0 0.5902706980705261 0.578018307685852 0.019262643530964855 0.025683524707953136
0 0.5924917459487915 0.6476926207542419 0.019262643530964855 0.025683524707953136
0 0.5948572754859924 0.7219014167785645 0.019262643530964855 0.025683524707953136
0 0.5973820090293884 0.801102340221405 0.019262643530964855 0.025683524707953136
0 0.6462883353233337 0.39412617683410645 0.019262643530964855 0.025683524707953136
0 0.649930477142334 0.45248833298683167 0.019262643530964855 0.025683524707953136
0 0.6537885665893555 0.5143110156059265 0.019262643530964855 0.025683524707953136
0 0.6578824520111084 0.579911470413208 0.019262643530964855 0.025683524707953136
0 0.662234365940094 0.6496468186378479 0.019262643530964855 0.025683524707953136
0 0.6668695211410522 0.7239207625389099 0.019262643530964855 0.025683524707953136
0 0.6718164682388306 0.8031913042068481 0.019262643530964855 0.025683524707953136
0 0.7082252502441406 0.3958571255207062 0.019262643530964855 0.025683524707953136
0 0.7136508822441101 0.4542701542377472 0.019262643530964855 0.025683524707953136
0 0.7193982601165771 0.5161468386650085 0.019262643530964855 0.025683524707953136
0 0.7254968285560608 0.5818046927452087 0.019262643530964855 0.025683524707953136
0 0.7319797873497009 0.6516011357307434 0.019262643530964855 0.025683524707953136
0 0.738884687423706 0.7259402275085449 0.019262643530964855 0.025683524707953136
0 0.7462541460990906 0.8052804470062256 0.019262643530964855 0.025683524707953136