0 0.33632075786590576 0.38415953516960144 0.019169479608535767 0.025559306144714355
0 0.3313848078250885 0.4427444338798523 0.019169479608535767 0.025559306144714355
0 0.32617124915122986 0.5046242475509644 0.019169479608535767 0.025559306144714355
0 0.3206559717655182 0.5700851082801819 0.019169479608535767 0.025559306144714355
0 0.314812034368515 0.639447033405304 0.019169479608535767 0.025559306144714355
0 0.30860912799835205 0.7130695581436157 0.019169479608535767 0.025559306144714355
0 0.3020131289958954 0.7913575768470764 0.019169479608535767 0.025559306144714355
0 0.398926705121994 0.38585609197616577 0.019169479608535767 0.025559306144714355
0 0.39570534229278564 0.4444478750228882 0.019169479608535767 0.025559306144714355
0 0.392302930355072 0.5063327550888062 0.019169479608535767 0.025559306144714355
0 0.38870373368263245 0.5717962980270386 0.019169479608535767 0.025559306144714355
0 0.38489022850990295 0.6411583423614502 0.019169479608535767 0.025559306144714355
0 0.3808426558971405 0.7147776484489441 0.019169479608535767 0.025559306144714355
0 0.37653878331184387 0.7930586338043213 0.019169479608535767 0.025559306144714355
0 0.46145060658454895 0.387550413608551 0.019169479608535767 0.025559306144714355
0 0.45993927121162415 0.4461490213871002 0.019169479608535767 0.025559306144714355
0 0.4583430588245392 0.5080388188362122 0.019169479608535767 0.025559306144714355
0 0.4566545784473419 0.5735051035881042 0.019169479608535767 0.025559306144714355
0 0.45486563444137573 0.6428670883178711 0.019169479608535767 0.025559306144714355
0 0.45296698808670044 0.7164831161499023 0.019169479608535767 0.025559306144714355
0 0.45094820857048035 0.794757068157196 0.019169479608535767 0.025559306144714355
0 0.5238925814628601 0.3892425298690796 0.019169479608535767 0.025559306144714355
0 0.5240867733955383 0.4478479027748108 0.019169479608535767 0.025559306144714355
0 0.5242918133735657 0.5097425580024719 0.019169479608535767 0.025559306144714355
0 0.5245087146759033 0.5752114057540894 0.019169479608535767 0.025559306144714355
0 0.5247384905815125 0.6445732712745667 0.019169479608535767 0.025559306144714355
0 0.5249823927879333 0.7181860208511353 0.019169479608535767 0.025559306144714355
0 0.5252416729927063 0.7964528203010559 0.019169479608535767 0.025559306144714355
0 0.5862528681755066 0.3909324109554291 0.019169479608535767 0.025559306144714355
0 0.5881479978561401 0.4495444893836975 0.019169479608535767 0.025559306144714355
0 0.5901494026184082 0.5114439725875854 0.019169479608535767 0.025559306144714355
0 0.592266321182251 0.5769153237342834 0.019169479608535767 0.025559306144714355
0 0.5945090055465698 0.6462770104408264 0.019169479608535767 0.025559306144714355
0 0.596889078617096 0.7198864221572876 0.019169479608535767 0.025559306144714355
0 0.5994194746017456 0.7981459498405457 0.019169479608535767 0.025559306144714355
0 0.6485315561294556 0.3926200866699219 0.019169479608535767 0.025559306144714355
0 0.6521231532096863 0.4512387812137604 0.019169479608535767 0.025559306144714355
0 0.6559160351753235 0.513143002986908 0.019169479608535767 0.025559306144714355
0 0.6599276065826416 0.5786168575286865 0.019169479608535767 0.025559306144714355
0 0.664177417755127 0.6479783058166504 0.019169479608535767 0.025559306144714355
0 0.6686872839927673 0.7215842008590698 0.019169479608535767 0.025559306144714355
0 0.673481822013855 0.7998363971710205 0.019169479608535767 0.025559306144714355
0 0.7107288241386414 0.394305557012558 0.019169479608535767 0.025559306144714355
0 0.7160123586654663 0.4529308080673218 0.019169479608535767 0.025559306144714355
0 0.7215918302536011 0.5148396492004395 0.019169479608535767 0.025559306144714355
0 0.7274928689002991 0.580315887928009 0.019169479608535767 0.025559306144714355
0 0.7337439656257629 0.649677038192749 0.019169479608535767 0.025559306144714355
0 0.7403773069381714 0.7232794165611267 0.019169479608535767 0.025559306144714355
0 0.7474290728569031 0.80152428150177 0.019169479608535767 0.025559306144714355