0 0.763037919998169 0.24105097353458405 0.03533690174420675 0.03533690174420675
0 0.6851454377174377 0.23929885029792786 0.03533690174420675 0.03533690174420675
0 0.6048893332481384 0.2374935746192932 0.03533690174420675 0.03533690174420675
0 0.5221604704856873 0.23563265800476074 0.03533690174420675 0.03533690174420675
0 0.43684273958206177 0.2337135225534439 0.03533690174420675 0.03533690174420675
0 0.34881269931793213 0.23173336684703827 0.03533690174420675 0.03533690174420675
0 0.2579388916492462 0.22968925535678864 0.03533690174420675 0.03533690174420675
0 0.7796117663383484 0.31174397468566895 0.03533690174420675 0.03533690174420675
0 0.6996217966079712 0.3110273480415344 0.03533690174420675 0.03533690174420675
0 0.6171301603317261 0.31028833985328674 0.03533690174420675 0.03533690174420675
0 0.5320176482200623 0.30952584743499756 0.03533690174420675 0.03533690174420675
0 0.44415736198425293 0.30873873829841614 0.03533690174420675 0.03533690174420675
0 0.35341396927833557 0.3079257905483246 0.03533690174420675 0.03533690174420675
0 0.2596432864665985 0.30708572268486023 0.03533690174420675 0.03533690174420675
0 0.7972018718719482 0.3867715299129486 0.03533690174420675 0.03533690174420675
0 0.7149999141693115 0.3872237503528595 0.03533690174420675 0.03533690174420675
0 0.630145788192749 0.38769057393074036 0.03533690174420675 0.03533690174420675
0 0.5425089597702026 0.3881726861000061 0.03533690174420675 0.03533690174420675
0 0.451950341463089 0.3886708617210388 0.03533690174420675 0.03533690174420675
0 0.35832130908966064 0.38918596506118774 0.03533690174420675 0.03533690174420675
0 0.2614629864692688 0.38971880078315735 0.03533690174420675 0.03533690174420675
0 0.8159046173095703 0.4665449261665344 0.03533690174420675 0.03533690174420675
0 0.731366753578186 0.4683188796043396 0.03533690174420675 0.03533690174420675
0 0.6440121531486511 0.47015196084976196 0.03533690174420675 0.03533690174420675
0 0.5536976456642151 0.4720471203327179 0.03533690174420675 0.03533690174420675
0 0.4602702856063843 0.47400763630867004 0.03533690174420675 0.03533690174420675
0 0.36356624960899353 0.4760368764400482 0.03533690174420675 0.03533690174420675
0 0.26341012120246887 0.4781385660171509 0.03533690174420675 0.03533690174420675
0 0.8358290791511536 0.5515291690826416 0.03533690174420675 0.03533690174420675
0 0.7488207221031189 0.5548008680343628 0.03533690174420675 0.03533690174420675
0 0.6588153839111328 0.5581852793693542 0.03533690174420675 0.03533690174420675
0 0.5656555891036987 0.5616883039474487 0.03533690174420675 0.03533690174420675
0 0.4691724479198456 0.5653163194656372 0.03533690174420675 0.03533690174420675
0 0.3691849112510681 0.5690760612487793 0.03533690174420675 0.03533690174420675
0 0.265498548746109 0.5729749202728271 0.03533690174420675 0.03533690174420675
0 0.8570988774299622 0.6422520279884338 0.03533690174420675 0.03533690174420675
0 0.7674739360809326 0.6472249627113342 0.03533690174420675 0.03533690174420675
0 0.674653947353363 0.6523751020431519 0.03533690174420675 0.03533690174420675
0 0.5784649848937988 0.6577121615409851 0.03533690174420675 0.03533690174420675
0 0.47872018814086914 0.6632465720176697 0.03533690174420675 0.03533690174420675
0 0.3752187192440033 0.6689894199371338 0.03533690174420675 0.03533690174420675
0 0.2677442729473114 0.6749526858329773 0.03533690174420675 0.03533690174420675
0 0.879855215549469 0.7393151521682739 0.03533690174420675 0.03533690174420675
0 0.78745436668396 0.7462252378463745 0.03533690174420675 0.03533690174420675
0 0.6916402578353882 0.7533905506134033 0.03533690174420675 0.03533690174420675
0 0.5922200679779053 0.7608255743980408 0.03533690174420675 0.03533690174420675
0 0.4889863431453705 0.7685457468032837 0.03533690174420675 0.03533690174420675
0 0.38171541690826416 0.7765678763389587 0.03533690174420675 0.03533690174420675
0 0.27016568183898926 0.7849099636077881 0.03533690174420675 0.03533690174420675