0 0.3084964156150818 0.6467462778091431 0.020304007455706596 0.027072009940942127
0 0.3838309645652771 0.6469919681549072 0.020304007455706596 0.027072009940942127
0 0.45988351106643677 0.6472399234771729 0.020304007455706596 0.027072009940942127
0 0.5366643667221069 0.6474903225898743 0.020304007455706596 0.027072009940942127
0 0.6141840219497681 0.6477431058883667 0.020304007455706596 0.027072009940942127
0 0.6924532055854797 0.6479983329772949 0.020304007455706596 0.027072009940942127
0 0.7714828252792358 0.6482560038566589 0.020304007455706596 0.027072009940942127
0 0.31896185874938965 0.5610690712928772 0.020304007455706596 0.027072009940942127
0 0.39081284403800964 0.5609159469604492 0.020304007455706596 0.027072009940942127
0 0.4633163809776306 0.5607613921165466 0.020304007455706596 0.027072009940942127
0 0.5364813804626465 0.5606054067611694 0.020304007455706596 0.027072009940942127
0 0.6103169918060303 0.5604480504989624 0.020304007455706596 0.027072009940942127
0 0.6848323941230774 0.560289204120636 0.020304007455706596 0.027072009940942127
0 0.7600370645523071 0.5601288676261902 0.020304007455706596 0.027072009940942127
0 0.32849422097206116 0.4830305576324463 0.020304007455706596 0.027072009940942127
0 0.3971695303916931 0.4825472831726074 0.020304007455706596 0.027072009940942127
0 0.4664405286312103 0.4820598065853119 0.020304007455706596 0.027072009940942127
0 0.5363149642944336 0.4815680980682373 0.020304007455706596 0.027072009940942127
0 0.6068007349967957 0.4810720682144165 0.020304007455706596 0.027072009940942127
0 0.6779059767723083 0.4805717170238495 0.020304007455706596 0.027072009940942127
0 0.7496387958526611 0.4800669252872467 0.020304007455706596 0.027072009940942127
0 0.3372129797935486 0.41165274381637573 0.020304007455706596 0.027072009940942127
0 0.4029814302921295 0.4108951985836029 0.020304007455706596 0.027072009940942127
0 0.46929579973220825 0.4101313352584839 0.020304007455706596 0.027072009940942127
0 0.5361629128456116 0.4093610942363739 0.020304007455706596 0.027072009940942127
0 0.603589653968811 0.4085844159126282 0.020304007455706596 0.027072009940942127
0 0.6715831160545349 0.40780121088027954 0.020304007455706596 0.027072009940942127
0 0.740150511264801 0.4070114195346832 0.020304007455706596 0.027072009940942127
0 0.3452180325984955 0.3461178243160248 0.020304007455706596 0.027072009940942127
0 0.4083156883716583 0.34513166546821594 0.020304007455706596 0.027072009940942127
0 0.47191548347473145 0.34413763880729675 0.020304007455706596 0.027072009940942127
0 0.5360234379768372 0.34313568472862244 0.020304007455706596 0.027072009940942127
0 0.6006456017494202 0.34212568402290344 0.020304007455706596 0.027072009940942127
0 0.6657882928848267 0.3411075472831726 0.020304007455706596 0.027072009940942127
0 0.7314577698707581 0.34008118510246277 0.020304007455706596 0.027072009940942127
0 0.3525935709476471 0.2857365608215332 0.020304007455706596 0.027072009940942127
0 0.4132288694381714 0.2845594584941864 0.020304007455706596 0.027072009940942127
0 0.47432759404182434 0.2833733558654785 0.020304007455706596 0.027072009940942127
0 0.535895049571991 0.2821781635284424 0.020304007455706596 0.027072009940942127
0 0.5979366898536682 0.28097376227378845 0.020304007455706596 0.027072009940942127
0 0.660457968711853 0.2797600328922272 0.020304007455706596 0.027072009940942127
0 0.7234644889831543 0.2785368859767914 0.020304007455706596 0.027072009940942127
0 0.3594110310077667 0.2299240082502365 0.020304007455706596 0.027072009940942127
0 0.4177689254283905 0.22858721017837524 0.020304007455706596 0.027072009940942127
0 0.47655585408210754 0.22724057734012604 0.020304007455706596 0.027072009940942127
0 0.5357764959335327 0.22588400542736053 0.020304007455706596 0.027072009940942127
0 0.5954357385635376 0.22451739013195038 0.020304007455706596 0.027072009940942127
0 0.6555384993553162 0.22314061224460602 0.020304007455706596 0.027072009940942127
0 0.7160896062850952 0.2217535674571991 0.020304007455706596 0.027072009940942127