0 0.29627689719200134 0.1907743215560913 0.018802233505994085 0.033426192899545036
0 0.29088300466537476 0.27243566513061523 0.018802233505994085 0.033426192899545036
0 0.2851032018661499 0.35993948578834534 0.018802233505994085 0.033426192899545036
0 0.2788945436477661 0.4539361000061035 0.018802233505994085 0.033426192899545036
0 0.27220746874809265 0.5551759600639343 0.018802233505994085 0.033426192899545036
0 0.2649844288825989 0.6645298600196838 0.018802233505994085 0.033426192899545036
0 0.2571583092212677 0.7830139398574829 0.018802233505994085 0.033426192899545036
0 0.35694247484207153 0.19174890220165253 0.018802233505994085 0.033426192899545036
0 0.35364970564842224 0.2732974886894226 0.018802233505994085 0.033426192899545036
0 0.3501218259334564 0.36066967248916626 0.018802233505994085 0.033426192899545036
0 0.3463326394557953 0.4545123875141144 0.018802233505994085 0.033426192899545036
0 0.34225207567214966 0.5555720329284668 0.018802233505994085 0.033426192899545036
0 0.3378451466560364 0.6647144556045532 0.018802233505994085 0.033426192899545036
0 0.3330710530281067 0.782949686050415 0.018802233505994085 0.033426192899545036
0 0.41739821434020996 0.19272011518478394 0.018802233505994085 0.033426192899545036
0 0.41619184613227844 0.27415624260902405 0.018802233505994085 0.033426192899545036
0 0.4148994982242584 0.3613971471786499 0.018802233505994085 0.033426192899545036
0 0.41351163387298584 0.45508646965026855 0.018802233505994085 0.033426192899545036
0 0.41201722621917725 0.5559665560722351 0.018802233505994085 0.033426192899545036
0 0.4104035496711731 0.6648982763290405 0.018802233505994085 0.033426192899545036
0 0.40865573287010193 0.782885730266571 0.018802233505994085 0.033426192899545036
0 0.47764521837234497 0.19368796050548553 0.018802233505994085 0.033426192899545036
0 0.47851061820983887 0.27501192688941956 0.018802233505994085 0.033426192899545036
0 0.47943761944770813 0.36212193965911865 0.018802233505994085 0.033426192899545036
0 0.48043298721313477 0.45565834641456604 0.018802233505994085 0.033426192899545036
0 0.4815045893192291 0.5563594698905945 0.018802233505994085 0.033426192899545036
0 0.48266157507896423 0.6650813817977905 0.018802233505994085 0.033426192899545036
0 0.48391449451446533 0.7828220129013062 0.018802233505994085 0.033426192899545036
0 0.5376845598220825 0.1946524828672409 0.018802233505994085 0.033426192899545036
0 0.540607213973999 0.27586454153060913 0.018802233505994085 0.033426192899545036
0 0.5437374711036682 0.3628440499305725 0.018802233505994085 0.033426192899545036
0 0.5470982193946838 0.45622801780700684 0.018802233505994085 0.033426192899545036
0 0.5507158041000366 0.5567508339881897 0.018802233505994085 0.033426192899545036
0 0.5546210408210754 0.6652637124061584 0.018802233505994085 0.033426192899545036
0 0.5588494539260864 0.7827585339546204 0.018802233505994085 0.033426192899545036
0 0.5975173115730286 0.19561368227005005 0.018802233505994085 0.033426192899545036
0 0.6024828553199768 0.27671414613723755 0.018802233505994085 0.033426192899545036
0 0.6078004240989685 0.36356350779533386 0.018802233505994085 0.033426192899545036
0 0.6135087013244629 0.4567955434322357 0.018802233505994085 0.033426192899545036
0 0.6196525692939758 0.5571407079696655 0.018802233505994085 0.033426192899545036
0 0.6262837648391724 0.6654452681541443 0.018802233505994085 0.033426192899545036
0 0.63346266746521 0.7826954126358032 0.018802233505994085 0.033426192899545036
0 0.6571445465087891 0.19657157361507416 0.018802233505994085 0.033426192899545036
0 0.664138674736023 0.2775607109069824 0.018802233505994085 0.033426192899545036
0 0.6716277003288269 0.3642803132534027 0.018802233505994085 0.033426192899545036
0 0.6796660423278809 0.4573608934879303 0.018802233505994085 0.033426192899545036
0 0.6883164644241333 0.5575289726257324 0.018802233505994085 0.033426192899545036
0 0.6976516246795654 0.6656261086463928 0.018802233505994085 0.033426192899545036
0 0.7077561616897583 0.7826325297355652 0.018802233505994085 0.033426192899545036