0 0.801665723323822 0.15106134116649628 0.02035983172762725 0.03417034695545832
0 0.7293848991394043 0.151295468211174 0.02035983172762725 0.03417034695545832
0 0.6573493480682373 0.15152879059314728 0.02035983172762725 0.03417034695545832
0 0.5855578780174255 0.15176132321357727 0.02035983172762725 0.03417034695545832
0 0.5140091776847839 0.15199308097362518 0.02035983172762725 0.03417034695545832
0 0.4427020847797394 0.15222404897212982 0.02035983172762725 0.03417034695545832
0 0.3716353178024292 0.15245424211025238 0.02035983172762725 0.03417034695545832
0 0.8022909760475159 0.2307736575603485 0.02035983172762725 0.03417034695545832
0 0.7271140813827515 0.23087625205516815 0.02035983172762725 0.03417034695545832
0 0.6522024869918823 0.23097847402095795 0.02035983172762725 0.03417034695545832
0 0.5775548219680786 0.2310803383588791 0.02035983172762725 0.03417034695545832
0 0.5031696557998657 0.23118184506893158 0.02035983172762725 0.03417034695545832
0 0.4290456473827362 0.23128299415111542 0.02035983172762725 0.03417034695545832
0 0.35518139600753784 0.2313838005065918 0.02035983172762725 0.03417034695545832
0 0.8029685616493225 0.31714993715286255 0.02035983172762725 0.03417034695545832
0 0.7246537804603577 0.3170977532863617 0.02035983172762725 0.03417034695545832
0 0.646626889705658 0.31704574823379517 0.02035983172762725 0.03417034695545832
0 0.5688863396644592 0.31699392199516296 0.02035983172762725 0.03417034695545832
0 0.4914305508136749 0.3169423043727875 0.02035983172762725 0.03417034695545832
0 0.4142579436302185 0.3168908655643463 0.02035983172762725 0.03417034695545832
0 0.3373669683933258 0.31683963537216187 0.02035983172762725 0.03417034695545832
0 0.8037052154541016 0.4110622704029083 0.02035983172762725 0.03417034695545832
0 0.7219792604446411 0.4108273386955261 0.02035983172762725 0.03417034695545832
0 0.6405667662620544 0.41059330105781555 0.02035983172762725 0.03417034695545832
0 0.5594659447669983 0.4103601574897766 0.02035983172762725 0.03417034695545832
0 0.47867509722709656 0.4101279079914093 0.02035983172762725 0.03417034695545832
0 0.3981923758983612 0.4098965525627136 0.02035983172762725 0.03417034695545832
0 0.31801602244377136 0.4096660614013672 0.02035983172762725 0.03417034695545832
0 0.8045091032981873 0.5135418772697449 0.02035983172762725 0.03417034695545832
0 0.7190611958503723 0.5130903720855713 0.02035983172762725 0.03417034695545832
0 0.6339559555053711 0.512640655040741 0.02035983172762725 0.03417034695545832
0 0.5491913557052612 0.5121927261352539 0.02035983172762725 0.03417034695545832
0 0.4647652804851532 0.5117465853691101 0.02035983172762725 0.03417034695545832
0 0.3806757926940918 0.5113022327423096 0.02035983172762725 0.03417034695545832
0 0.2969208359718323 0.5108596682548523 0.02035983172762725 0.03417034695545832
0 0.8053898215293884 0.6258171796798706 0.02035983172762725 0.03417034695545832
0 0.7158647775650024 0.6251078248023987 0.02035983172762725 0.03417034695545832
0 0.626715898513794 0.6244013905525208 0.02035983172762725 0.03417034695545832
0 0.5379408001899719 0.6236979365348816 0.02035983172762725 0.03417034695545832
0 0.4495370090007782 0.6229974031448364 0.02035983172762725 0.03417034695545832
0 0.36150234937667847 0.6222997903823853 0.02035983172762725 0.03417034695545832
0 0.2738344371318817 0.6216050982475281 0.02035983172762725 0.03417034695545832
0 0.8063589334487915 0.7493631839752197 0.02035983172762725 0.03417034695545832
0 0.7123482823371887 0.748345136642456 0.02035983172762725 0.03417034695545832
0 0.6187523007392883 0.7473316192626953 0.02035983172762725 0.03417034695545832
0 0.5255683064460754 0.7463225722312927 0.02035983172762725 0.03417034695545832
0 0.4327934980392456 0.7453179359436035 0.02035983172762725 0.03417034695545832
0 0.3404252827167511 0.7443177103996277 0.02035983172762725 0.03417034695545832
0 0.24846091866493225 0.7433218359947205 0.02035983172762725 0.03417034695545832