0 0.23324216902256012 0.6459155678749084 0.0334412157535553 0.0334412157535553
0 0.33078253269195557 0.6420488357543945 0.0334412157535553 0.0334412157535553
0 0.42810437083244324 0.638190746307373 0.0334412157535553 0.0334412157535553
0 0.5252084136009216 0.634341299533844 0.0334412157535553 0.0334412157535553
0 0.6220953464508057 0.6305004358291626 0.0334412157535553 0.0334412157535553
0 0.718765914440155 0.6266681551933289 0.0334412157535553 0.0334412157535553
0 0.8152208924293518 0.6228444576263428 0.0334412157535553 0.0334412157535553
0 0.23817501962184906 0.5540481805801392 0.0334412157535553 0.0334412157535553
0 0.3326420485973358 0.550402820110321 0.0334412157535553 0.0334412157535553
0 0.4269040822982788 0.5467653870582581 0.0334412157535553 0.0334412157535553
0 0.5209617614746094 0.5431358814239502 0.0334412157535553 0.0334412157535553
0 0.6148157715797424 0.5395141839981079 0.0334412157535553 0.0334412157535553
0 0.7084667682647705 0.535900354385376 0.0334412157535553 0.0334412157535553
0 0.8019153475761414 0.5322942733764648 0.0334412157535553 0.0334412157535553
0 0.24280671775341034 0.46778956055641174 0.0334412157535553 0.0334412157535553
0 0.3343881666660309 0.4643462300300598 0.0334412157535553 0.0334412157535553
0 0.4257768988609314 0.4609101414680481 0.0334412157535553 0.0334412157535553
0 0.5169735550880432 0.4574812650680542 0.0334412157535553 0.0334412157535553
0 0.6079787611961365 0.4540596008300781 0.0334412157535553 0.0334412157535553
0 0.6987930536270142 0.4506450891494751 0.0334412157535553 0.0334412157535553
0 0.7894170880317688 0.4472377598285675 0.0334412157535553 0.0334412157535553
0 0.24716401100158691 0.3866412937641144 0.0334412157535553 0.0334412157535553
0 0.33603090047836304 0.38338279724121094 0.0334412157535553 0.0334412157535553
0 0.42471635341644287 0.38013091683387756 0.0334412157535553 0.0334412157535553
0 0.5132209062576294 0.37688571214675903 0.0334412157535553 0.0334412157535553
0 0.6015451550483704 0.3736470937728882 0.0334412157535553 0.0334412157535553
0 0.689689576625824 0.370415061712265 0.0334412157535553 0.0334412157535553
0 0.777654767036438 0.3671896159648895 0.0334412157535553 0.0334412157535553
0 0.251270592212677 0.3101623058319092 0.0334412157535553 0.0334412157535553
0 0.33757925033569336 0.30707335472106934 0.0334412157535553 0.0334412157535553
0 0.4237167239189148 0.30399054288864136 0.0334412157535553 0.0334412157535553
0 0.5096835494041443 0.30091384053230286 0.0334412157535553 0.0334412157535553
0 0.5954802632331848 0.29784321784973145 0.0334412157535553 0.0334412157535553
0 0.6811072826385498 0.2947786748409271 0.0334412157535553 0.0334412157535553
0 0.766565203666687 0.2917201817035675 0.0334412157535553 0.0334412157535553
0 0.25514745712280273 0.23796086013317108 0.0334412157535553 0.0334412157535553
0 0.3390410542488098 0.23502787947654724 0.0334412157535553 0.0334412157535553
0 0.42277291417121887 0.23210056126117706 0.0334412157535553 0.0334412157535553
0 0.5063434839248657 0.22917887568473816 0.0334412157535553 0.0334412157535553
0 0.589753270149231 0.22626280784606934 0.0334412157535553 0.0334412157535553
0 0.6730027198791504 0.2233523428440094 0.0334412157535553 0.0334412157535553
0 0.7560923099517822 0.22044748067855835 0.0334412157535553 0.0334412157535553
0 0.25881341099739075 0.16968785226345062 0.0334412157535553 0.0334412157535553
0 0.3404234051704407 0.1668986678123474 0.0334412157535553 0.0334412157535553
0 0.4218803346157074 0.16411471366882324 0.0334412157535553 0.0334412157535553
0 0.5031846761703491 0.1613359898328781 0.0334412157535553 0.0334412157535553
0 0.5843367576599121 0.15856245160102844 0.0334412157535553 0.0334412157535553
0 0.665337085723877 0.15579411387443542 0.0334412157535553 0.0334412157535553
0 0.7461860775947571 0.15303093194961548 0.0334412157535553 0.0334412157535553