0 0.7325639128684998 0.1505563110113144 0.02031968118002017 0.03410296142101288
0 0.6605663895606995 0.1498149037361145 0.02031968118002017 0.03410296142101288
0 0.5886216759681702 0.14907404780387878 0.02031968118002017 0.03410296142101288
0 0.5167296528816223 0.14833372831344604 0.02031968118002017 0.03410296142101288
0 0.44489040970802307 0.14759394526481628 0.02031968118002017 0.03410296142101288
0 0.3731037676334381 0.1468547135591507 0.02031968118002017 0.03410296142101288
0 0.30136972665786743 0.14611601829528809 0.02031968118002017 0.03410296142101288
0 0.7410419583320618 0.23074346780776978 0.02031968118002017 0.03410296142101288
0 0.6662012934684753 0.2299422323703766 0.02031968118002017 0.03410296142101288
0 0.591417670249939 0.22914160788059235 0.02031968118002017 0.03410296142101288
0 0.5166910290718079 0.22834159433841705 0.02031968118002017 0.03410296142101288
0 0.44202136993408203 0.2275421917438507 0.02031968118002017 0.03410296142101288
0 0.36740854382514954 0.22674338519573212 0.02031968118002017 0.03410296142101288
0 0.2928525507450104 0.22594520449638367 0.02031968118002017 0.03410296142101288
0 0.7502166032791138 0.3175188899040222 0.02031968118002017 0.03410296142101288
0 0.6722989678382874 0.31665030121803284 0.02031968118002017 0.03410296142101288
0 0.5944432020187378 0.315782368183136 0.02031968118002017 0.03410296142101288
0 0.5166492462158203 0.31491518020629883 0.02031968118002017 0.03410296142101288
0 0.43891698122024536 0.3140486478805542 0.02031968118002017 0.03410296142101288
0 0.3612463176250458 0.3131828010082245 0.02031968118002017 0.03410296142101288
0 0.28363725543022156 0.3123176395893097 0.02031968118002017 0.03410296142101288
0 0.7601772546768188 0.4117293059825897 0.02031968118002017 0.03410296142101288
0 0.6789188981056213 0.4107844829559326 0.02031968118002017 0.03410296142101288
0 0.5977277755737305 0.40984046459198 0.02031968118002017 0.03410296142101288
0 0.5166038870811462 0.4088972508907318 0.02031968118002017 0.03410296142101288
0 0.43554702401161194 0.40795478224754333 0.02031968118002017 0.03410296142101288
0 0.35455721616744995 0.4070131182670593 0.02031968118002017 0.03410296142101288
0 0.2736343443393707 0.406072199344635 0.02031968118002017 0.03410296142101288
0 0.7710296511650085 0.5143730044364929 0.02031968118002017 0.03410296142101288
0 0.6861311793327332 0.5133415460586548 0.02031968118002017 0.03410296142101288
0 0.601306140422821 0.5123109817504883 0.02031968118002017 0.03410296142101288
0 0.5165544152259827 0.5112813115119934 0.02031968118002017 0.03410296142101288
0 0.43187594413757324 0.5102524757385254 0.02031968118002017 0.03410296142101288
0 0.3472706079483032 0.5092245936393738 0.02031968118002017 0.03410296142101288
0 0.26273831725120544 0.508197546005249 0.02031968118002017 0.03410296142101288
0 0.7828989624977112 0.6266355514526367 0.02031968118002017 0.03410296142101288
0 0.6940189599990845 0.6255049109458923 0.02031968118002017 0.03410296142101288
0 0.6052194833755493 0.6243752837181091 0.02031968118002017 0.03410296142101288
0 0.5165003538131714 0.6232467293739319 0.02031968118002017 0.03410296142101288
0 0.4278614819049835 0.6221191883087158 0.02031968118002017 0.03410296142101288
0 0.3393027186393738 0.6209926605224609 0.02031968118002017 0.03410296142101288
0 0.2508240044116974 0.6198671460151672 0.02031968118002017 0.03410296142101288
0 0.7959352135658264 0.7499352693557739 0.02031968118002017 0.03410296142101288
0 0.7026819586753845 0.7486905455589294 0.02031968118002017 0.03410296142101288
0 0.6095172166824341 0.7474469542503357 0.02031968118002017 0.03410296142101288
0 0.5164409875869751 0.7462045550346375 0.02031968118002017 0.03410296142101288
0 0.42345306277275085 0.7449633479118347 0.02031968118002017 0.03410296142101288
0 0.3305533230304718 0.7437233328819275 0.02031968118002017 0.03410296142101288
0 0.2377416491508484 0.742484450340271 0.02031968118002017 0.03410296142101288