0 0.32980185747146606 0.6141819357872009 0.019904114305973053 0.026538819074630737
0 0.40537840127944946 0.6106531620025635 0.019904114305973053 0.026538819074630737
0 0.4809094965457916 0.6071265339851379 0.019904114305973053 0.026538819074630737
0 0.5563951730728149 0.6036019921302795 0.019904114305973053 0.026538819074630737
0 0.6318354606628418 0.6000795960426331 0.019904114305973053 0.026538819074630737
0 0.7072304487228394 0.5965593457221985 0.019904114305973053 0.026538819074630737
0 0.7825800776481628 0.593041181564331 0.019904114305973053 0.026538819074630737
0 0.33529409766197205 0.5305586457252502 0.019904114305973053 0.026538819074630737
0 0.4071899354457855 0.5272255539894104 0.019904114305973053 0.026538819074630737
0 0.479044646024704 0.5238944292068481 0.019904114305973053 0.026538819074630737
0 0.5508582592010498 0.5205652117729187 0.019904114305973053 0.026538819074630737
0 0.622630774974823 0.5172378420829773 0.019904114305973053 0.026538819074630737
0 0.6943622827529907 0.5139124393463135 0.019904114305973053 0.026538819074630737
0 0.766052782535553 0.5105889439582825 0.019904114305973053 0.026538819074630737
0 0.340276300907135 0.45470118522644043 0.019904114305973053 0.026538819074630737
0 0.4088332951068878 0.45154356956481934 0.019904114305973053 0.026538819074630737
0 0.47735288739204407 0.44838768243789673 0.019904114305973053 0.026538819074630737
0 0.5458350777626038 0.4452334940433502 0.019904114305973053 0.026538819074630737
0 0.6142799854278564 0.4420810341835022 0.019904114305973053 0.026538819074630737
0 0.682687520980835 0.43893030285835266 0.019904114305973053 0.026538819074630737
0 0.7510577440261841 0.4357812702655792 0.019904114305973053 0.026538819074630737
0 0.3448163568973541 0.3855758607387543 0.019904114305973053 0.026538819074630737
0 0.4103308618068695 0.3825763463973999 0.019904114305973053 0.026538819074630737
0 0.4758111834526062 0.3795784115791321 0.019904114305973053 0.026538819074630737
0 0.541257381439209 0.3765820264816284 0.019904114305973053 0.026538819074630737
0 0.6066694855690002 0.3735871911048889 0.019904114305973053 0.026538819074630737
0 0.67204749584198 0.3705939054489136 0.019904114305973053 0.026538819074630737
0 0.737391471862793 0.3676021993160248 0.019904114305973053 0.026538819074630737
0 0.3489706218242645 0.3223245441913605 0.019904114305973053 0.026538819074630737
0 0.41170117259025574 0.319468230009079 0.019904114305973053 0.026538819074630737
0 0.47440043091773987 0.3166133463382721 0.019904114305973053 0.026538819074630737
0 0.5370683670043945 0.3137598931789398 0.019904114305973053 0.026538819074630737
0 0.5997051000595093 0.31090787053108215 0.019904114305973053 0.026538819074630737
0 0.6623104810714722 0.3080572485923767 0.019904114305973053 0.026538819074630737
0 0.7248846888542175 0.3052080571651459 0.019904114305973053 0.026538819074630737
0 0.35278624296188354 0.2642289996147156 0.019904114305973053 0.026538819074630737
0 0.41295984387397766 0.2615030109882355 0.019904114305973053 0.026538819074630737
0 0.4731046259403229 0.25877830386161804 0.019904114305973053 0.026538819074630737
0 0.5332205891609192 0.25605490803718567 0.019904114305973053 0.026538819074630737
0 0.5933077931404114 0.25333279371261597 0.019904114305973053 0.026538819074630737
0 0.6533662676811218 0.2506120204925537 0.019904114305973053 0.026538819074630737
0 0.7133959531784058 0.24789252877235413 0.019904114305973053 0.026538819074630737
0 0.35630303621292114 0.21068355441093445 0.019904114305973053 0.026538819074630737
0 0.4141199290752411 0.2080765962600708 0.019904114305973053 0.026538819074630737
0 0.4719102382659912 0.20547084510326385 0.019904114305973053 0.026538819074630737
0 0.5296739935874939 0.20286628603935242 0.019904114305973053 0.026538819074630737
0 0.587411105632782 0.2002629190683365 0.019904114305973053 0.026538819074630737
0 0.645121693611145 0.19766075909137726 0.019904114305973053 0.026538819074630737
0 0.702805757522583 0.19505979120731354 0.019904114305973053 0.026538819074630737