0 0.33515825867652893 0.39249008893966675 0.01944294944405556 0.025923932592074077
0 0.3296170234680176 0.44885462522506714 0.01944294944405556 0.025923932592074077
0 0.32372140884399414 0.508823573589325 0.01944294944405556 0.025923932592074077
0 0.3174363374710083 0.5727540850639343 0.01944294944405556 0.025923932592074077
0 0.31072187423706055 0.6410521268844604 0.01944294944405556 0.025923932592074077
0 0.3035324811935425 0.714181125164032 0.01944294944405556 0.025923932592074077
0 0.29581594467163086 0.7926723957061768 0.01944294944405556 0.025923932592074077
0 0.3960730731487274 0.3935442268848419 0.01944294944405556 0.025923932592074077
0 0.3924142122268677 0.45001813769340515 0.01944294944405556 0.025923932592074077
0 0.3885210156440735 0.510108470916748 0.01944294944405556 0.025923932592074077
0 0.3843702971935272 0.5741742253303528 0.01944294944405556 0.025923932592074077
0 0.3799355626106262 0.6426233053207397 0.01944294944405556 0.025923932592074077
0 0.37518665194511414 0.7159214615821838 0.01944294944405556 0.025923932592074077
0 0.37008896470069885 0.7946029901504517 0.01944294944405556 0.025923932592074077
0 0.45714882016181946 0.39460113644599915 0.01944294944405556 0.025923932592074077
0 0.45538246631622314 0.45118477940559387 0.01944294944405556 0.025923932592074077
0 0.4535028040409088 0.5113970041275024 0.01944294944405556 0.025923932592074077
0 0.4514986276626587 0.5755984783172607 0.01944294944405556 0.025923932592074077
0 0.44935712218284607 0.6441991329193115 0.01944294944405556 0.025923932592074077
0 0.447063684463501 0.7176672220230103 0.01944294944405556 0.025923932592074077
0 0.44460150599479675 0.796539843082428 0.01944294944405556 0.025923932592074077
0 0.5183861255645752 0.3956608474254608 0.01944294944405556 0.025923932592074077
0 0.5185224413871765 0.45235463976860046 0.01944294944405556 0.025923932592074077
0 0.5186675190925598 0.5126891732215881 0.01944294944405556 0.025923932592074077
0 0.5188222527503967 0.5770268440246582 0.01944294944405556 0.025923932592074077
0 0.5189875364303589 0.6457797288894653 0.01944294944405556 0.025923932592074077
0 0.5191646218299866 0.7194184064865112 0.01944294944405556 0.025923932592074077
0 0.5193547606468201 0.7984828948974609 0.01944294944405556 0.025923932592074077
0 0.5797855854034424 0.39672335982322693 0.01944294944405556 0.025923932592074077
0 0.5818348526954651 0.45352768898010254 0.01944294944405556 0.025923932592074077
0 0.584015965461731 0.5139849781990051 0.01944294944405556 0.025923932592074077
0 0.586341917514801 0.5784594416618347 0.01944294944405556 0.025923932592074077
0 0.5888277292251587 0.6473650932312012 0.01944294944405556 0.025923932592074077
0 0.5914905071258545 0.7211750149726868 0.01944294944405556 0.025923932592074077
0 0.5943498015403748 0.8004322648048401 0.01944294944405556 0.025923932592074077
0 0.6413479447364807 0.3977887034416199 0.01944294944405556 0.025923932592074077
0 0.645320475101471 0.4547039270401001 0.01944294944405556 0.025923932592074077
0 0.6495488286018372 0.5152844786643982 0.01944294944405556 0.025923932592074077
0 0.654058575630188 0.5798961520195007 0.01944294944405556 0.025923932592074077
0 0.6588786840438843 0.648955225944519 0.01944294944405556 0.025923932592074077
0 0.6640424132347107 0.7229371666908264 0.01944294944405556 0.025923932592074077
0 0.6695878505706787 0.8023878931999207 0.01944294944405556 0.025923932592074077
0 0.7030737996101379 0.39885687828063965 0.01944294944405556 0.025923932592074077
0 0.7089799642562866 0.4558834135532379 0.01944294944405556 0.025923932592074077
0 0.71526700258255 0.5165876150131226 0.01944294944405556 0.025923932592074077
0 0.7219730019569397 0.5813370943069458 0.01944294944405556 0.025923932592074077
0 0.7291412949562073 0.650550127029419 0.01944294944405556 0.025923932592074077
0 0.7368214130401611 0.7247048020362854 0.01944294944405556 0.025923932592074077
0 0.7450700998306274 0.804349958896637 0.01944294944405556 0.025923932592074077