0 0.7751208543777466 0.2202877253293991 0.036714198688666023 0.036714198688666023
0 0.6864778995513916 0.21530842781066895 0.036714198688666023 0.036714198688666023
0 0.599329948425293 0.2104131132364273 0.036714198688666023 0.036714198688666023
0 0.5136393904685974 0.20559966564178467 0.036714198688666023 0.036714198688666023
0 0.4293700158596039 0.20086604356765747 0.036714198688666023 0.036714198688666023
0 0.34648680686950684 0.19621029496192932 0.036714198688666023 0.036714198688666023
0 0.2649557888507843 0.1916304975748062 0.036714198688666023 0.036714198688666023
0 0.7739461064338684 0.29389622807502747 0.036714198688666023 0.036714198688666023
0 0.6822720766067505 0.28809863328933716 0.036714198688666023 0.036714198688666023
0 0.5921966433525085 0.2824021279811859 0.036714198688666023 0.036714198688666023
0 0.5036784410476685 0.276804119348526 0.036714198688666023 0.036714198688666023
0 0.41667741537094116 0.27130207419395447 0.036714198688666023 0.036714198688666023
0 0.33115488290786743 0.26589348912239075 0.036714198688666023 0.036714198688666023
0 0.2470734566450119 0.260576069355011 0.036714198688666023 0.036714198688666023
0 0.7726871371269226 0.37278348207473755 0.036714198688666023 0.036714198688666023
0 0.6777673363685608 0.36606135964393616 0.036714198688666023 0.036714198688666023
0 0.5845611095428467 0.3594605624675751 0.036714198688666023 0.036714198688666023
0 0.4930223822593689 0.3529779016971588 0.036714198688666023 0.036714198688666023
0 0.4031068682670593 0.3466101586818695 0.036714198688666023 0.036714198688666023
0 0.31477177143096924 0.34035438299179077 0.036714198688666023 0.036714198688666023
0 0.2279757559299469 0.33420756459236145 0.036714198688666023 0.036714198688666023
0 0.7713345289230347 0.4575384259223938 0.036714198688666023 0.036714198688666023
0 0.6729307174682617 0.4497682452201843 0.036714198688666023 0.036714198688666023
0 0.5763682126998901 0.44214344024658203 0.036714198688666023 0.036714198688666023
0 0.4815957248210907 0.4346599876880646 0.036714198688666023 0.036714198688666023
0 0.38856399059295654 0.42731398344039917 0.036714198688666023 0.036714198688666023
0 0.2972255051136017 0.42010170221328735 0.036714198688666023 0.036714198688666023
0 0.20753440260887146 0.41301947832107544 0.036714198688666023 0.036714198688666023
0 0.7698774337768555 0.5488410592079163 0.036714198688666023 0.036714198688666023
0 0.6677241325378418 0.5398784279823303 0.036714198688666023 0.036714198688666023
0 0.5675546526908875 0.5310898423194885 0.036714198688666023 0.036714198688666023
0 0.46931180357933044 0.5224702954292297 0.036714198688666023 0.036714198688666023
0 0.37294045090675354 0.5140149593353271 0.036714198688666023 0.036714198688666023
0 0.2783876657485962 0.5057191848754883 0.036714198688666023 0.036714198688666023
0 0.18560242652893066 0.497578501701355 0.036714198688666023 0.036714198688666023
0 0.7683032155036926 0.6474805474281311 0.036714198688666023 0.036714198688666023
0 0.6621034145355225 0.6371558308601379 0.036714198688666023 0.036714198688666023
0 0.5580471754074097 0.6270395517349243 0.036714198688666023 0.036714198688666023
0 0.45607033371925354 0.617125391960144 0.036714198688666023 0.036714198688666023
0 0.356111079454422 0.6074073910713196 0.036714198688666023 0.036714198688666023
0 0.2581101953983307 0.5978797674179077 0.036714198688666023 0.036714198688666023
0 0.16201062500476837 0.5885369777679443 0.036714198688666023 0.036714198688666023
0 0.7665972113609314 0.7543783783912659 0.036714198688666023 0.036714198688666023
0 0.6560171246528625 0.7424910664558411 0.036714198688666023 0.036714198688666023
0 0.5477604866027832 0.7308535575866699 0.036714198688666023 0.036714198688666023
0 0.44175484776496887 0.7194579839706421 0.036714198688666023 0.036714198688666023
0 0.33793073892593384 0.7082969546318054 0.036714198688666023 0.036714198688666023
0 0.23622150719165802 0.6973632574081421 0.036714198688666023 0.036714198688666023
0 0.13656316697597504 0.6866500377655029 0.036714198688666023 0.036714198688666023