0 0.7001035809516907 0.18196824193000793 0.025174671784043312 0.03356622904539108
0 0.6316817402839661 0.1847529113292694 0.025174671784043312 0.03356622904539108
0 0.5635239481925964 0.18752683699131012 0.025174671784043312 0.03356622904539108
0 0.49562868475914 0.19029007852077484 0.025174671784043312 0.03356622904539108
0 0.42799437046051025 0.19304269552230835 0.025174671784043312 0.03356622904539108
0 0.36061957478523254 0.1957847625017166 0.025174671784043312 0.03356622904539108
0 0.2935027778148651 0.19851630926132202 0.025174671784043312 0.03356622904539108
0 0.7107585668563843 0.24724999070167542 0.025174671784043312 0.03356622904539108
0 0.6389519572257996 0.25003913044929504 0.025174671784043312 0.03356622904539108
0 0.5674360394477844 0.25281697511672974 0.025174671784043312 0.03356622904539108
0 0.496209055185318 0.25558361411094666 0.025174671784043312 0.03356622904539108
0 0.4252692461013794 0.2583390772342682 0.025174671784043312 0.03356622904539108
0 0.35461488366127014 0.2610834836959839 0.025174671784043312 0.03356622904539108
0 0.28424423933029175 0.26381683349609375 0.025174671784043312 0.03356622904539108
0 0.7225175499916077 0.3192955553531647 0.025174671784043312 0.03356622904539108
0 0.6469738483428955 0.322075217962265 0.025174671784043312 0.03356622904539108
0 0.5717517733573914 0.32484301924705505 0.025174671784043312 0.03356622904539108
0 0.4968492090702057 0.32759907841682434 0.025174671784043312 0.03356622904539108
0 0.4222641587257385 0.33034345507621765 0.025174671784043312 0.03356622904539108
0 0.3479946255683899 0.33307623863220215 0.025174671784043312 0.03356622904539108
0 0.27403855323791504 0.3357974588871002 0.025174671784043312 0.03356622904539108
0 0.7355614304542542 0.399213582277298 0.025174671784043312 0.03356622904539108
0 0.6558703184127808 0.4019649922847748 0.025174671784043312 0.03356622904539108
0 0.5765369534492493 0.4047040641307831 0.025174671784043312 0.03356622904539108
0 0.4975588321685791 0.40743085741996765 0.025174671784043312 0.03356622904539108
0 0.4189336597919464 0.41014549136161804 0.025174671784043312 0.03356622904539108
0 0.3406590223312378 0.41284799575805664 0.025174671784043312 0.03356622904539108
0 0.262732595205307 0.415538489818573 0.025174671784043312 0.03356622904539108
0 0.7501129508018494 0.4883689880371094 0.025174671784043312 0.03356622904539108
0 0.6657926440238953 0.49106693267822266 0.025174671784043312 0.03356622904539108
0 0.5818725824356079 0.4937520921230316 0.025174671784043312 0.03356622904539108
0 0.4983499050140381 0.49642449617385864 0.025174671784043312 0.03356622904539108
0 0.41522181034088135 0.49908432364463806 0.025174671784043312 0.03356622904539108
0 0.33248552680015564 0.5017315745353699 0.025174671784043312 0.03356622904539108
0 0.2501382529735565 0.504366397857666 0.025174671784043312 0.03356622904539108
0 0.7664496302604675 0.5884615182876587 0.025174671784043312 0.03356622904539108
0 0.6769291162490845 0.5910719037055969 0.025174671784043312 0.03356622904539108
0 0.5878595113754272 0.593669056892395 0.025174671784043312 0.03356622904539108
0 0.4992372989654541 0.5962532162666321 0.025174671784043312 0.03356622904539108
0 0.4110592007637024 0.5988243818283081 0.025174671784043312 0.03356622904539108
0 0.3233218491077423 0.6013827323913574 0.025174671784043312 0.03356622904539108
0 0.2360219955444336 0.6039283275604248 0.025174671784043312 0.03356622904539108
0 0.784921407699585 0.7016353607177734 0.025174671784043312 0.03356622904539108
0 0.6895171403884888 0.7041115164756775 0.025174671784043312 0.03356622904539108
0 0.5946246385574341 0.7065743207931519 0.025174671784043312 0.03356622904539108
0 0.5002397298812866 0.7090240120887756 0.025174671784043312 0.03356622904539108
0 0.40635836124420166 0.7114605903625488 0.025174671784043312 0.03356622904539108
0 0.31297653913497925 0.7138842344284058 0.025174671784043312 0.03356622904539108
0 0.22009025514125824 0.7162950038909912 0.025174671784043312 0.03356622904539108