0 0.33832409977912903 0.39287155866622925 0.01916721649467945 0.0255562886595726
0 0.3326913118362427 0.4495191276073456 0.01916721649467945 0.0255562886595726
0 0.32671093940734863 0.5096622705459595 0.01916721649467945 0.0255562886595726
0 0.320349782705307 0.573634922504425 0.01916721649467945 0.0255562886595726
0 0.3135702908039093 0.6418147683143616 0.01916721649467945 0.0255562886595726
0 0.30632975697517395 0.7146310806274414 0.01916721649467945 0.0255562886595726
0 0.29857951402664185 0.7925733327865601 0.01916721649467945 0.0255562886595726
0 0.3994100093841553 0.3938581645488739 0.01916721649467945 0.0255562886595726
0 0.39560577273368835 0.4505317509174347 0.01916721649467945 0.0255562886595726
0 0.39156684279441833 0.51070237159729 0.01916721649467945 0.0255562886595726
0 0.3872707188129425 0.5747039318084717 0.01916721649467945 0.0255562886595726
0 0.3826920986175537 0.642914354801178 0.01916721649467945 0.0255562886595726
0 0.37780213356018066 0.7157629132270813 0.01916721649467945 0.0255562886595726
0 0.37256795167922974 0.793739378452301 0.01916721649467945 0.0255562886595726
0 0.46048861742019653 0.3948446214199066 0.01916721649467945 0.0255562886595726
0 0.4585125148296356 0.45154425501823425 0.01916721649467945 0.0255562886595726
0 0.45641449093818665 0.5117422938346863 0.01916721649467945 0.0255562886595726
0 0.4541829228401184 0.575772762298584 0.01916721649467945 0.0255562886595726
0 0.45180457830429077 0.6440137624740601 0.01916721649467945 0.0255562886595726
0 0.4492645263671875 0.7168946266174316 0.01916721649467945 0.0255562886595726
0 0.44654572010040283 0.7949053049087524 0.01916721649467945 0.0255562886595726
0 0.5215599536895752 0.3958309590816498 0.01916721649467945 0.0255562886595726
0 0.5214115381240845 0.45255663990974426 0.01916721649467945 0.0255562886595726
0 0.5212539434432983 0.512782096862793 0.01916721649467945 0.0255562886595726
0 0.5210863947868347 0.5768415331840515 0.01916721649467945 0.0255562886595726
0 0.5209077596664429 0.6451130509376526 0.01916721649467945 0.0255562886595726
0 0.5207169651985168 0.7180262207984924 0.01916721649467945 0.0255562886595726
0 0.5205128192901611 0.7960710525512695 0.01916721649467945 0.0255562886595726
0 0.5826240181922913 0.3968172073364258 0.01916721649467945 0.0255562886595726
0 0.5843028426170349 0.4535689055919647 0.01916721649467945 0.0255562886595726
0 0.5860852599143982 0.5138217806816101 0.01916721649467945 0.0255562886595726
0 0.587981104850769 0.5779101252555847 0.01916721649467945 0.0255562886595726
0 0.5900015830993652 0.6462121605873108 0.01916721649467945 0.0255562886595726
0 0.5921595096588135 0.7191575765609741 0.01916721649467945 0.0255562886595726
0 0.5944691896438599 0.7972366213798523 0.01916721649467945 0.0255562886595726
0 0.6436808109283447 0.39780330657958984 0.01916721649467945 0.0255562886595726
0 0.6471863985061646 0.45458105206489563 0.01916721649467945 0.0255562886595726
0 0.6509082913398743 0.5148613452911377 0.01916721649467945 0.0255562886595726
0 0.6548671126365662 0.5789785385131836 0.01916721649467945 0.0255562886595726
0 0.6590861678123474 0.6473110914230347 0.01916721649467945 0.0255562886595726
0 0.6635920405387878 0.7202888131141663 0.01916721649467945 0.0255562886595726
0 0.6684149503707886 0.7984020709991455 0.01916721649467945 0.0255562886595726
0 0.7047303318977356 0.39878928661346436 0.01916721649467945 0.0255562886595726
0 0.7100623250007629 0.4555930495262146 0.01916721649467945 0.0255562886595726
0 0.7157232165336609 0.515900731086731 0.01916721649467945 0.0255562886595726
0 0.7217443585395813 0.5800468921661377 0.01916721649467945 0.0255562886595726
0 0.7281613945960999 0.6484099626541138 0.01916721649467945 0.0255562886595726
0 0.7350146174430847 0.7214199304580688 0.01916721649467945 0.0255562886595726
0 0.7423500418663025 0.7995672821998596 0.01916721649467945 0.0255562886595726