0 0.7062667012214661 0.1598292589187622 0.022880619081358116 0.034214009841283165
0 0.6304353475570679 0.15968890488147736 0.022880619081358116 0.034214009841283165
0 0.5542299151420593 0.1595478653907776 0.022880619081358116 0.034214009841283165
0 0.47764772176742554 0.1594061255455017 0.022880619081358116 0.034214009841283165
0 0.4006859064102173 0.15926368534564972 0.022880619081358116 0.034214009841283165
0 0.3233416974544525 0.15912052989006042 0.022880619081358116 0.034214009841283165
0 0.2456122189760208 0.15897665917873383 0.022880619081358116 0.034214009841283165
0 0.7176210284233093 0.23962436616420746 0.022880619081358116 0.034214009841283165
0 0.6389968991279602 0.2396823912858963 0.022880619081358116 0.034214009841283165
0 0.559970498085022 0.23974071443080902 0.022880619081358116 0.034214009841283165
0 0.4805387258529663 0.23979933559894562 0.022880619081358116 0.034214009841283165
0 0.4006984829902649 0.2398582547903061 0.022880619081358116 0.034214009841283165
0 0.32044661045074463 0.23991748690605164 0.022880619081358116 0.034214009841283165
0 0.23977991938591003 0.23997701704502106 0.022880619081358116 0.034214009841283165
0 0.7298506498336792 0.32557108998298645 0.022880619081358116 0.034214009841283165
0 0.6482201814651489 0.3258591294288635 0.022880619081358116 0.034214009841283165
0 0.5661559104919434 0.32614871859550476 0.022880619081358116 0.034214009841283165
0 0.4836543798446655 0.32643982768058777 0.022880619081358116 0.034214009841283165
0 0.4007120132446289 0.3267325162887573 0.022880619081358116 0.034214009841283165
0 0.31732532382011414 0.32702675461769104 0.022880619081358116 0.034214009841283165
0 0.2334907352924347 0.3273225724697113 0.022880619081358116 0.034214009841283165
0 0.7430608868598938 0.4184093475341797 0.022880619081358116 0.034214009841283165
0 0.6581851243972778 0.4189648926258087 0.022880619081358116 0.034214009841283165
0 0.5728400945663452 0.41952353715896606 0.022880619081358116 0.034214009841283165
0 0.48702192306518555 0.42008525133132935 0.022880619081358116 0.034214009841283165
0 0.40072664618492126 0.42065009474754333 0.022880619081358116 0.034214009841283165
0 0.3139503002166748 0.4212180972099304 0.022880619081358116 0.034214009841283165
0 0.22668880224227905 0.4217892587184906 0.022880619081358116 0.034214009841283165
0 0.75737464427948 0.5190026164054871 0.022880619081358116 0.034214009841283165
0 0.6689848303794861 0.519870400428772 0.022880619081358116 0.034214009841283165
0 0.5800858736038208 0.5207431316375732 0.022880619081358116 0.034214009841283165
0 0.4906732439994812 0.5216209292411804 0.022880619081358116 0.034214009841283165
0 0.4007425308227539 0.5225037932395935 0.022880619081358116 0.034214009841283165
0 0.3102892339229584 0.5233917832374573 0.022880619081358116 0.034214009841283165
0 0.2193087637424469 0.5242849588394165 0.022880619081358116 0.034214009841283165
0 0.7729361653327942 0.6283649802207947 0.022880619081358116 0.034214009841283165
0 0.6807288527488708 0.6295984983444214 0.022880619081358116 0.034214009841283165
0 0.587967038154602 0.630839467048645 0.022880619081358116 0.034214009841283165
0 0.49464571475982666 0.6320878863334656 0.022880619081358116 0.034214009841283165
0 0.40075981616973877 0.6333438754081726 0.022880619081358116 0.034214009841283165
0 0.3063041865825653 0.6346074342727661 0.022880619081358116 0.034214009841283165
0 0.21127361059188843 0.6358787417411804 0.022880619081358116 0.034214009841283165
0 0.7899160385131836 0.7476953268051147 0.022880619081358116 0.034214009841283165
0 0.6935465931892395 0.7493593096733093 0.022880619081358116 0.034214009841283165
0 0.5965710878372192 0.7510337829589844 0.022880619081358116 0.034214009841283165
0 0.4989836812019348 0.7527188062667847 0.022880619081358116 0.034214009841283165
0 0.4007786810398102 0.7544144988059998 0.022880619081358116 0.034214009841283165
0 0.3019501268863678 0.7561209201812744 0.022880619081358116 0.034214009841283165
0 0.2024921029806137 0.757838249206543 0.022880619081358116 0.034214009841283165