0 0.3370450735092163 0.38559284806251526 0.01935279741883278 0.02580372989177704
0 0.33181121945381165 0.44359198212623596 0.01935279741883278 0.02580372989177704
0 0.32626456022262573 0.5050576329231262 0.01935279741883278 0.02580372989177704
0 0.3203761577606201 0.5703101754188538 0.01935279741883278 0.02580372989177704
0 0.31411343812942505 0.6397106051445007 0.01935279741883278 0.02580372989177704
0 0.30743956565856934 0.7136675715446472 0.01935279741883278 0.02580372989177704
0 0.3003126382827759 0.7926448583602905 0.01935279741883278 0.02580372989177704
0 0.39930883049964905 0.3875502347946167 0.01935279741883278 0.02580372989177704
0 0.3958832323551178 0.4455799162387848 0.01935279741883278 0.02580372989177704
0 0.39225301146507263 0.5070763230323792 0.01935279741883278 0.02580372989177704
0 0.388399213552475 0.5723596811294556 0.01935279741883278 0.02580372989177704
0 0.38430055975914 0.6417908668518066 0.01935279741883278 0.02580372989177704
0 0.3799329698085785 0.7157782316207886 0.01935279741883278 0.02580372989177704
0 0.3752690255641937 0.7947853803634644 0.01935279741883278 0.02580372989177704
0 0.461517870426178 0.38950592279434204 0.01935279741883278 0.02580372989177704
0 0.45989733934402466 0.44756609201431274 0.01935279741883278 0.02580372989177704
0 0.4581800103187561 0.509093165397644 0.01935279741883278 0.02580372989177704
0 0.4563569724559784 0.5744072198867798 0.01935279741883278 0.02580372989177704
0 0.4544181823730469 0.6438691020011902 0.01935279741883278 0.02580372989177704
0 0.45235222578048706 0.717886745929718 0.01935279741883278 0.02580372989177704
0 0.4501461684703827 0.7969236373901367 0.01935279741883278 0.02580372989177704
0 0.5236722826957703 0.3914599120616913 0.01935279741883278 0.02580372989177704
0 0.5238535404205322 0.44955044984817505 0.01935279741883278 0.02580372989177704
0 0.5240456461906433 0.5111081004142761 0.01935279741883278 0.02580372989177704
0 0.5242495536804199 0.5764528512954712 0.01935279741883278 0.02580372989177704
0 0.5244663953781128 0.6459452509880066 0.01935279741883278 0.02580372989177704
0 0.524697482585907 0.7199931144714355 0.01935279741883278 0.02580372989177704
0 0.5249441862106323 0.7990595698356628 0.01935279741883278 0.02580372989177704
0 0.5857721567153931 0.39341217279434204 0.01935279741883278 0.02580372989177704
0 0.5877520442008972 0.4515330195426941 0.01935279741883278 0.02580372989177704
0 0.5898500084877014 0.5131211876869202 0.01935279741883278 0.02580372989177704
0 0.5920770168304443 0.578496515750885 0.01935279741883278 0.02580372989177704
0 0.5944452881813049 0.6480193138122559 0.01935279741883278 0.02580372989177704
0 0.5969687700271606 0.7220973372459412 0.01935279741883278 0.02580372989177704
0 0.5996631979942322 0.8011932969093323 0.01935279741883278 0.02580372989177704
0 0.6478174924850464 0.3953627049922943 0.01935279741883278 0.02580372989177704
0 0.6515927910804749 0.4535138010978699 0.01935279741883278 0.02580372989177704
0 0.65559321641922 0.5151323676109314 0.01935279741883278 0.02580372989177704
0 0.6598395109176636 0.5805381536483765 0.01935279741883278 0.02580372989177704
0 0.6643550395965576 0.6500913500785828 0.01935279741883278 0.02580372989177704
0 0.6691662669181824 0.7241993546485901 0.01935279741883278 0.02580372989177704
0 0.6743032932281494 0.8033247590065002 0.01935279741883278 0.02580372989177704
0 0.7098084092140198 0.3973115384578705 0.01935279741883278 0.02580372989177704
0 0.7153759598731995 0.4554927945137024 0.01935279741883278 0.02580372989177704
0 0.721275269985199 0.5171416997909546 0.01935279741883278 0.02580372989177704
0 0.7275370359420776 0.5825778841972351 0.01935279741883278 0.02580372989177704
0 0.7341956496238708 0.6521613597869873 0.01935279741883278 0.02580372989177704
0 0.7412900924682617 0.7262992858886719 0.01935279741883278 0.02580372989177704
0 0.7488646507263184 0.8054540157318115 0.01935279741883278 0.02580372989177704