0 0.31029635667800903 0.6473204493522644 0.020162800326943398 0.026883733769257862
0 0.3860878050327301 0.6470978856086731 0.020162800326943398 0.026883733769257862
0 0.4622344970703125 0.6468743085861206 0.020162800326943398 0.026883733769257862
0 0.5387388467788696 0.6466496586799622 0.020162800326943398 0.026883733769257862
0 0.6156034469604492 0.6464239954948425 0.020162800326943398 0.026883733769257862
0 0.6928308606147766 0.6461971998214722 0.020162800326943398 0.026883733769257862
0 0.7704236507415771 0.6459693908691406 0.020162800326943398 0.026883733769257862
0 0.3202463984489441 0.5609726905822754 0.020162800326943398 0.026883733769257862
0 0.3925304114818573 0.5605680346488953 0.020162800326943398 0.026883733769257862
0 0.46513739228248596 0.5601615905761719 0.020162800326943398 0.026883733769257862
0 0.538069486618042 0.5597532987594604 0.020162800326943398 0.026883733769257862
0 0.6113288998603821 0.559343159198761 0.020162800326943398 0.026883733769257862
0 0.6849178671836853 0.5589312314987183 0.020162800326943398 0.026883733769257862
0 0.7588385343551636 0.5585173964500427 0.020162800326943398 0.026883733769257862
0 0.32931283116340637 0.48229315876960754 0.020162800326943398 0.026883733769257862
0 0.3983996510505676 0.48173895478248596 0.020162800326943398 0.026883733769257862
0 0.4677814245223999 0.48118236660957336 0.020162800326943398 0.026883733769257862
0 0.5374599695205688 0.48062342405319214 0.020162800326943398 0.026883733769257862
0 0.6074371933937073 0.4800620675086975 0.020162800326943398 0.026883733769257862
0 0.6777150630950928 0.4794982969760895 0.020162800326943398 0.026883733769257862
0 0.7482955455780029 0.47893208265304565 0.020162800326943398 0.026883733769257862
0 0.33760830760002136 0.41030386090278625 0.020162800326943398 0.026883733769257862
0 0.4037688076496124 0.40962645411491394 0.020162800326943398 0.026883733769257862
0 0.47019967436790466 0.40894630551338196 0.020162800326943398 0.026883733769257862
0 0.5369025468826294 0.40826335549354553 0.020162800326943398 0.026883733769257862
0 0.6038791537284851 0.40757760405540466 0.020162800326943398 0.026883733769257862
0 0.6711310744285583 0.40688905119895935 0.020162800326943398 0.026883733769257862
0 0.7386601567268372 0.4061976373195648 0.020162800326943398 0.026883733769257862
0 0.3452272117137909 0.3441862165927887 0.020162800326943398 0.026883733769257862
0 0.4086991846561432 0.34340721368789673 0.020162800326943398 0.026883733769257862
0 0.47241994738578796 0.34262514114379883 0.020162800326943398 0.026883733769257862
0 0.5363909006118774 0.341839998960495 0.020162800326943398 0.026883733769257862
0 0.600613534450531 0.34105175733566284 0.020162800326943398 0.026883733769257862
0 0.6650894284248352 0.34026041626930237 0.020162800326943398 0.026883733769257862
0 0.7298199534416199 0.3394659459590912 0.020162800326943398 0.026883733769257862
0 0.35224902629852295 0.2832500636577606 0.020162800326943398 0.026883733769257862
0 0.4132424592971802 0.2823871374130249 0.020162800326943398 0.026883733769257862
0 0.474465548992157 0.2815209627151489 0.020162800326943398 0.026883733769257862
0 0.5359195470809937 0.2806515097618103 0.020162800326943398 0.026883733769257862
0 0.59760582447052 0.27977877855300903 0.020162800326943398 0.026883733769257862
0 0.6595256328582764 0.27890273928642273 0.020162800326943398 0.026883733769257862
0 0.7216804027557373 0.278023362159729 0.020162800326943398 0.026883733769257862
0 0.35874131321907043 0.22690925002098083 0.020162800326943398 0.026883733769257862
0 0.4174425005912781 0.22597704827785492 0.020162800326943398 0.026883733769257862
0 0.4763563275337219 0.2250414788722992 0.020162800326943398 0.026883733769257862
0 0.5354839563369751 0.22410251200199127 0.020162800326943398 0.026883733769257862
0 0.5948265790939331 0.22316011786460876 0.020162800326943398 0.026883733769257862
0 0.6543853282928467 0.22221431136131287 0.020162800326943398 0.026883733769257862
0 0.7141613960266113 0.2212650328874588 0.020162800326943398 0.026883733769257862