0 0.3030092418193817 0.6456571817398071 0.020490650087594986 0.02732086678345998
0 0.3791796863079071 0.6457548141479492 0.020490650087594986 0.02732086678345998
0 0.4559248089790344 0.6458531618118286 0.020490650087594986 0.02732086678345998
0 0.533251166343689 0.6459522843360901 0.020490650087594986 0.02732086678345998
0 0.6111653447151184 0.6460521817207336 0.020490650087594986 0.02732086678345998
0 0.6896740794181824 0.6461527943611145 0.020490650087594986 0.02732086678345998
0 0.76878422498703 0.6462541818618774 0.020490650087594986 0.02732086678345998
0 0.3140333890914917 0.5579587817192078 0.020490650087594986 0.02732086678345998
0 0.38645631074905396 0.5577383637428284 0.020490650087594986 0.02732086678345998
0 0.4593983590602875 0.5575163960456848 0.020490650087594986 0.02732086678345998
0 0.5328651666641235 0.5572928190231323 0.020490650087594986 0.02732086678345998
0 0.6068623661994934 0.5570675730705261 0.020490650087594986 0.02732086678345998
0 0.6813957691192627 0.556840717792511 0.020490650087594986 0.02732086678345998
0 0.7564712762832642 0.5566122531890869 0.020490650087594986 0.02732086678345998
0 0.32401686906814575 0.4785393476486206 0.020490650087594986 0.02732086678345998
0 0.3930436372756958 0.47805917263031006 0.020490650087594986 0.02732086678345998
0 0.46254172921180725 0.47757571935653687 0.020490650087594986 0.02732086678345998
0 0.5325159430503845 0.47708895802497864 0.020490650087594986 0.02732086678345998
0 0.6029711961746216 0.4765988290309906 0.020490650087594986 0.02732086678345998
0 0.6739124655723572 0.47610533237457275 0.020490650087594986 0.02732086678345998
0 0.7453448176383972 0.4756084084510803 0.020490650087594986 0.02732086678345998
0 0.3331003189086914 0.4062793254852295 0.020490650087594986 0.02732086678345998
0 0.39903524518013 0.4055861234664917 0.020490650087594986 0.02732086678345998
0 0.46539992094039917 0.40488842129707336 0.020490650087594986 0.02732086678345998
0 0.5321985483169556 0.4041861593723297 0.020490650087594986 0.02732086678345998
0 0.5994354486465454 0.40347927808761597 0.020490650087594986 0.02732086678345998
0 0.6671148538589478 0.40276774764060974 0.020490650087594986 0.02732086678345998
0 0.7352412343025208 0.40205150842666626 0.020490650087594986 0.02732086678345998
0 0.34140026569366455 0.3402523994445801 0.020490650087594986 0.02732086678345998
0 0.4045083820819855 0.339383989572525 0.020490650087594986 0.02732086678345998
0 0.4680100083351135 0.3385101854801178 0.020490650087594986 0.02732086678345998
0 0.5319087505340576 0.33763089776039124 0.020490650087594986 0.02732086678345998
0 0.5962084531784058 0.33674609661102295 0.020490650087594986 0.02732086678345998
0 0.660912811756134 0.33585575222969055 0.020490650087594986 0.02732086678345998
0 0.7260257005691528 0.3349597454071045 0.020490650087594986 0.02732086678345998
0 0.3490138649940491 0.2796854078769684 0.020490650087594986 0.02732086678345998
0 0.40952759981155396 0.27867257595062256 0.020490650087594986 0.02732086678345998
0 0.47040295600891113 0.2776537239551544 0.020490650087594986 0.02732086678345998
0 0.5316432118415833 0.2766287624835968 0.020490650087594986 0.02732086678345998
0 0.5932515263557434 0.27559763193130493 0.020490650087594986 0.02732086678345998
0 0.6552314162254333 0.27456027269363403 0.020490650087594986 0.02732086678345998
0 0.717586100101471 0.2735166549682617 0.020490650087594986 0.02732086678345998
0 0.3560228645801544 0.22392798960208893 0.020490650087594986 0.02732086678345998
0 0.41414710879325867 0.2227960228919983 0.020490650087594986 0.02732086678345998
0 0.47260481119155884 0.22165755927562714 0.020490650087594986 0.02732086678345998
0 0.5313988924026489 0.2205125391483307 0.020490650087594986 0.02732086678345998
0 0.5905321836471558 0.21936093270778656 0.020490650087594986 0.02732086678345998
0 0.6500076651573181 0.2182026505470276 0.020490650087594986 0.02732086678345998
0 0.7098283171653748 0.2170376479625702 0.020490650087594986 0.02732086678345998