0 0.7068511843681335 0.16227184236049652 0.0227705722519507 0.034049453834692635
0 0.6311950087547302 0.16158732771873474 0.0227705722519507 0.034049453834692635
0 0.5550650358200073 0.16089852154254913 0.0227705722519507 0.034049453834692635
0 0.4784567058086395 0.16020537912845612 0.0227705722519507 0.034049453834692635
0 0.4013655483722687 0.1595078706741333 0.0227705722519507 0.034049453834692635
0 0.3237869143486023 0.1588059514760971 0.0227705722519507 0.034049453834692635
0 0.24571621417999268 0.15809959173202515 0.0227705722519507 0.034049453834692635
0 0.7182936072349548 0.24211323261260986 0.0227705722519507 0.034049453834692635
0 0.6399116516113281 0.24166207015514374 0.0227705722519507 0.034049453834692635
0 0.5610207319259644 0.24120798707008362 0.0227705722519507 0.034049453834692635
0 0.48161590099334717 0.24075093865394592 0.0227705722519507 0.034049453834692635
0 0.40169212222099304 0.24029091000556946 0.0227705722519507 0.034049453834692635
0 0.32124432921409607 0.23982787132263184 0.0227705722519507 0.034049453834692635
0 0.2402673065662384 0.23936177790164948 0.0227705722519507 0.034049453834692635
0 0.7306005954742432 0.32798686623573303 0.0227705722519507 0.034049453834692635
0 0.6492890119552612 0.3278070092201233 0.0227705722519507 0.034049453834692635
0 0.5674293637275696 0.32762596011161804 0.0227705722519507 0.034049453834692635
0 0.4850161671638489 0.3274436891078949 0.0227705722519507 0.034049453834692635
0 0.40204373002052307 0.32726016640663147 0.0227705722519507 0.034049453834692635
0 0.3185063600540161 0.32707542181015015 0.0227705722519507 0.034049453834692635
0 0.2343982756137848 0.32688939571380615 0.0227705722519507 0.034049453834692635
0 0.7438738942146301 0.4206031858921051 0.0227705722519507 0.034049453834692635
0 0.6594052314758301 0.4207395911216736 0.0227705722519507 0.034049453834692635
0 0.5743447542190552 0.4208769202232361 0.0227705722519507 0.034049453834692635
0 0.4886862337589264 0.4210152328014374 0.0227705722519507 0.034049453834692635
0 0.40242332220077515 0.42115452885627747 0.0227705722519507 0.034049453834692635
0 0.3155496120452881 0.42129480838775635 0.0227705722519507 0.034049453834692635
0 0.2280585914850235 0.421436071395874 0.0227705722519507 0.034049453834692635
0 0.7582319378852844 0.520788848400116 0.0227705722519507 0.034049453834692635
0 0.6703512072563171 0.521294891834259 0.0227705722519507 0.034049453834692635
0 0.5818294286727905 0.521804690361023 0.0227705722519507 0.034049453834692635
0 0.4926595687866211 0.5223181843757629 0.0227705722519507 0.034049453834692635
0 0.402834415435791 0.5228354334831238 0.0227705722519507 0.034049453834692635
0 0.31234678626060486 0.5233564972877502 0.0227705722519507 0.034049453834692635
0 0.22118927538394928 0.5238814353942871 0.0227705722519507 0.034049453834692635
0 0.7738134860992432 0.6295112371444702 0.0227705722519507 0.034049453834692635
0 0.6822335124015808 0.630450963973999 0.0227705722519507 0.034049453834692635
0 0.5899567604064941 0.6313978433609009 0.0227705722519507 0.034049453834692635
0 0.496975302696228 0.6323519349098206 0.0227705722519507 0.034049453834692635
0 0.4032810628414154 0.6333133578300476 0.0227705722519507 0.034049453834692635
0 0.3088657557964325 0.6342821717262268 0.0227705722519507 0.034049453834692635
0 0.21372106671333313 0.6352584958076477 0.0227705722519507 0.034049453834692635
0 0.7907817959785461 0.7479101419448853 0.0227705722519507 0.034049453834692635
0 0.6951774954795837 0.7493605613708496 0.0227705722519507 0.034049453834692635
0 0.5988131761550903 0.7508224844932556 0.0227705722519507 0.034049453834692635
0 0.5016797780990601 0.7522961497306824 0.0227705722519507 0.034049453834692635
0 0.4037680923938751 0.7537815570831299 0.0227705722519507 0.034049453834692635
0 0.305068701505661 0.7552789449691772 0.0227705722519507 0.034049453834692635
0 0.20557205379009247 0.756788432598114 0.0227705722519507 0.034049453834692635