0 0.7240590453147888 0.19516681134700775 0.025318056344985965 0.033757408459981285
0 0.6548432111740112 0.1959877908229828 0.025318056344985965 0.033757408459981285
0 0.5862066149711609 0.19680190086364746 0.025318056344985965 0.033757408459981285
0 0.5181419253349304 0.19760923087596893 0.025318056344985965 0.033757408459981285
0 0.4506421685218811 0.19840985536575317 0.025318056344985965 0.033757408459981285
0 0.38370025157928467 0.19920386373996735 0.025318056344985965 0.033757408459981285
0 0.31730929017066956 0.19999133050441742 0.025318056344985965 0.033757408459981285
0 0.732528030872345 0.25945067405700684 0.025318056344985965 0.033757408459981285
0 0.6598113179206848 0.260029137134552 0.025318056344985965 0.033757408459981285
0 0.5877333879470825 0.2606024742126465 0.025318056344985965 0.033757408459981285
0 0.5162859559059143 0.2611708343029022 0.025318056344985965 0.033757408459981285
0 0.445460706949234 0.2617342174053192 0.025318056344985965 0.033757408459981285
0 0.37524959444999695 0.262292742729187 0.025318056344985965 0.033757408459981285
0 0.3056446611881256 0.262846440076828 0.025318056344985965 0.033757408459981285
0 0.741893470287323 0.3305385410785675 0.025318056344985965 0.033757408459981285
0 0.6653028130531311 0.3308172821998596 0.025318056344985965 0.033757408459981285
0 0.5894203186035156 0.3310934603214264 0.025318056344985965 0.033757408459981285
0 0.5142362117767334 0.3313670754432678 0.025318056344985965 0.033757408459981285
0 0.4397408962249756 0.3316382169723511 0.025318056344985965 0.033757408459981285
0 0.3659249246120453 0.33190685510635376 0.025318056344985965 0.033757408459981285
0 0.29277902841567993 0.33217307925224304 0.025318056344985965 0.033757408459981285
0 0.7523054480552673 0.40957093238830566 0.025318056344985965 0.033757408459981285
0 0.671405017375946 0.40947771072387695 0.025318056344985965 0.033757408459981285
0 0.5912939310073853 0.40938541293144226 0.025318056344985965 0.033757408459981285
0 0.5119607448577881 0.4092939794063568 0.025318056344985965 0.033757408459981285
0 0.433394193649292 0.4092034697532654 0.025318056344985965 0.033757408459981285
0 0.35558319091796875 0.4091137945652008 0.025318056344985965 0.033757408459981285
0 0.27851685881614685 0.40902501344680786 0.025318056344985965 0.033757408459981285
0 0.763949990272522 0.4979584813117981 0.025318056344985965 0.033757408459981285
0 0.6782258152961731 0.4974009394645691 0.025318056344985965 0.033757408459981285
0 0.5933870673179626 0.4968491494655609 0.025318056344985965 0.033757408459981285
0 0.5094200968742371 0.4963030219078064 0.025318056344985965 0.033757408459981285
0 0.4263116121292114 0.4957624673843384 0.025318056344985965 0.033757408459981285
0 0.344048410654068 0.4952274262905121 0.025318056344985965 0.033757408459981285
0 0.26261773705482483 0.49469780921936035 0.025318056344985965 0.033757408459981285
0 0.7770596146583557 0.597466766834259 0.025318056344985965 0.033757408459981285
0 0.6859000325202942 0.5963254570960999 0.025318056344985965 0.033757408459981285
0 0.5957406163215637 0.5951966643333435 0.025318056344985965 0.033757408459981285
0 0.5065650343894958 0.5940801501274109 0.025318056344985965 0.033757408459981285
0 0.4183572232723236 0.5929757952690125 0.025318056344985965 0.033757408459981285
0 0.33110153675079346 0.5918833017349243 0.025318056344985965 0.033757408459981285
0 0.24478261172771454 0.5908026099205017 0.025318056344985965 0.033757408459981285
0 0.7919293642044067 0.7103354930877686 0.025318056344985965 0.033757408459981285
0 0.6945985555648804 0.7084538340568542 0.025318056344985965 0.033757408459981285
0 0.5984064936637878 0.7065942287445068 0.025318056344985965 0.033757408459981285
0 0.5033332705497742 0.7047562003135681 0.025318056344985965 0.033757408459981285
0 0.40935954451560974 0.7029394507408142 0.025318056344985965 0.033757408459981285
0 0.3164663016796112 0.7011436223983765 0.025318056344985965 0.033757408459981285
0 0.2246350198984146 0.6993682980537415 0.025318056344985965 0.033757408459981285