0 0.7196635603904724 0.23734812438488007 0.034379576643308006 0.034379576643308006
0 0.6447495222091675 0.2361019402742386 0.034379576643308006 0.034379576643308006
0 0.5698283314704895 0.23485562205314636 0.034379576643308006 0.034379576643308006
0 0.49490001797676086 0.23360919952392578 0.034379576643308006 0.034379576643308006
0 0.41996458172798157 0.23236265778541565 0.034379576643308006 0.034379576643308006
0 0.3450219929218292 0.23111599683761597 0.034379576643308006 0.034379576643308006
0 0.27007225155830383 0.22986920177936554 0.034379576643308006 0.034379576643308006
0 0.7294636368751526 0.29150712490081787 0.034379576643308006 0.034379576643308006
0 0.6515056490898132 0.2902129590511322 0.034379576643308006 0.034379576643308006
0 0.5735399127006531 0.28891870379447937 0.034379576643308006 0.034379576643308006
0 0.4955664873123169 0.2876242995262146 0.034379576643308006 0.034379576643308006
0 0.4175852835178375 0.2863297462463379 0.034379576643308006 0.034379576643308006
0 0.33959639072418213 0.285035103559494 0.034379576643308006 0.034379576643308006
0 0.26159974932670593 0.2837403118610382 0.034379576643308006 0.034379576643308006
0 0.7400939464569092 0.3502542972564697 0.034379576643308006 0.034379576643308006
0 0.6588341593742371 0.34890836477279663 0.034379576643308006 0.034379576643308006
0 0.5775659680366516 0.3475622832775116 0.034379576643308006 0.034379576643308006
0 0.4962894022464752 0.346216082572937 0.034379576643308006 0.034379576643308006
0 0.4150044023990631 0.3448697328567505 0.034379576643308006 0.034379576643308006
0 0.33371102809906006 0.343523234128952 0.034379576643308006 0.034379576643308006
0 0.2524092197418213 0.3421765863895416 0.034379576643308006 0.034379576643308006
0 0.7516646981239319 0.41419848799705505 0.034379576643308006 0.034379576643308006
0 0.6668110489845276 0.4127964675426483 0.034379576643308006 0.034379576643308006
0 0.5819482207298279 0.41139429807662964 0.034379576643308006 0.034379576643308006
0 0.49707627296447754 0.409991979598999 0.034379576643308006 0.034379576643308006
0 0.4121951460838318 0.4085894823074341 0.034379576643308006 0.034379576643308006
0 0.327304869890213 0.4071868658065796 0.034379576643308006 0.034379576643308006
0 0.24240542948246002 0.40578410029411316 0.034379576643308006 0.034379576643308006
0 0.764306366443634 0.48406124114990234 0.034379576643308006 0.034379576643308006
0 0.6755262613296509 0.48259827494621277 0.034379576643308006 0.034379576643308006
0 0.5867361426353455 0.48113512992858887 0.034379576643308006 0.034379576643308006
0 0.4979360103607178 0.479671835899353 0.034379576643308006 0.034379576643308006
0 0.40912583470344543 0.47820836305618286 0.034379576643308006 0.034379576643308006
0 0.32030561566352844 0.47674474120140076 0.034379576643308006 0.034379576643308006
0 0.23147538304328918 0.4752809703350067 0.034379576643308006 0.034379576643308006
0 0.7781749367713928 0.5607041120529175 0.034379576643308006 0.034379576643308006
0 0.6850873827934265 0.5591747164726257 0.034379576643308006 0.034379576643308006
0 0.5919888019561768 0.5576450824737549 0.034379576643308006 0.034379576643308006
0 0.49887919425964355 0.5561153292655945 0.034379576643308006 0.034379576643308006
0 0.4057585597038269 0.554585337638855 0.034379576643308006 0.034379576643308006
0 0.3126268982887268 0.5530551671981812 0.034379576643308006 0.034379576643308006
0 0.21948421001434326 0.5515248775482178 0.034379576643308006 0.034379576643308006
0 0.793458104133606 0.6451644897460938 0.034379576643308006 0.034379576643308006
0 0.6956237554550171 0.6435623168945312 0.034379576643308006 0.034379576643308006
0 0.597777247428894 0.6419599652290344 0.034379576643308006 0.034379576643308006
0 0.4999185800552368 0.6403573751449585 0.034379576643308006 0.034379576643308006
0 0.4020477533340454 0.6387546062469482 0.034379576643308006 0.034379576643308006
0 0.30416470766067505 0.6371516585350037 0.034379576643308006 0.034379576643308006
0 0.20626948773860931 0.63554847240448 0.034379576643308006 0.034379576643308006