0 0.30639833211898804 0.6445128321647644 0.0204438678920269 0.027258490522702534
0 0.38264426589012146 0.6446693539619446 0.0204438678920269 0.027258490522702534
0 0.4593792259693146 0.6448268890380859 0.0204438678920269 0.027258490522702534
0 0.5366079807281494 0.6449854969978333 0.0204438678920269 0.027258490522702534
0 0.614335298538208 0.645145058631897 0.0204438678920269 0.027258490522702534
0 0.6925659775733948 0.6453056931495667 0.0204438678920269 0.027258490522702534
0 0.7713050246238708 0.6454673409461975 0.0204438678920269 0.027258490522702534
0 0.3176443874835968 0.55753493309021 0.0204438678920269 0.027258490522702534
0 0.3901536464691162 0.55741947889328 0.0204438678920269 0.027258490522702534
0 0.46310487389564514 0.557303249835968 0.0204438678920269 0.027258490522702534
0 0.5365021824836731 0.5571863055229187 0.0204438678920269 0.027258490522702534
0 0.610349714756012 0.5570687055587769 0.0204438678920269 0.027258490522702534
0 0.6846514940261841 0.5569503307342529 0.0204438678920269 0.027258490522702534
0 0.7594118714332581 0.5568312406539917 0.0204438678920269 0.027258490522702534
0 0.3278335630893707 0.4787312150001526 0.0204438678920269 0.027258490522702534
0 0.3969552516937256 0.47839298844337463 0.0204438678920269 0.027258490522702534
0 0.4664783775806427 0.4780527949333191 0.0204438678920269 0.027258490522702534
0 0.5364064574241638 0.4777106046676636 0.0204438678920269 0.027258490522702534
0 0.6067430377006531 0.4773664176464081 0.0204438678920269 0.027258490522702534
0 0.6774917244911194 0.4770202338695526 0.0204438678920269 0.027258490522702534
0 0.748656153678894 0.4766719937324524 0.0204438678920269 0.027258490522702534
0 0.33710813522338867 0.4070010483264923 0.0204438678920269 0.027258490522702534
0 0.40314462780952454 0.40647968649864197 0.0204438678920269 0.027258490522702534
0 0.4695473611354828 0.40595543384552 0.0204438678920269 0.027258490522702534
0 0.536319375038147 0.4054282605648041 0.0204438678920269 0.027258490522702534
0 0.6034637689590454 0.40489816665649414 0.0204438678920269 0.027258490522702534
0 0.670983612537384 0.40436509251594543 0.0204438678920269 0.027258490522702534
0 0.7388821244239807 0.40382900834083557 0.0204438678920269 0.027258490522702534
0 0.34558597207069397 0.34143295884132385 0.0204438678920269 0.027258490522702534
0 0.4088009297847748 0.3407605290412903 0.0204438678920269 0.027258490522702534
0 0.4723513126373291 0.3400845527648926 0.0204438678920269 0.027258490522702534
0 0.5362398028373718 0.33940497040748596 0.0204438678920269 0.027258490522702534
0 0.600469172000885 0.33872178196907043 0.0204438678920269 0.027258490522702534
0 0.6650420427322388 0.3380349278450012 0.0204438678920269 0.027258490522702534
0 0.7299612760543823 0.33734437823295593 0.0204438678920269 0.027258490522702534
0 0.3533654808998108 0.28126558661460876 0.0204438678920269 0.027258490522702534
0 0.4139901101589203 0.28046828508377075 0.0204438678920269 0.027258490522702534
0 0.47492313385009766 0.2796669602394104 0.0204438678920269 0.027258490522702534
0 0.5361669063568115 0.27886152267456055 0.0204438678920269 0.027258490522702534
0 0.5977237820625305 0.2780519723892212 0.0204438678920269 0.027258490522702534
0 0.6595961451530457 0.27723827958106995 0.0204438678920269 0.027258490522702534
0 0.7217864990234375 0.27642038464546204 0.0204438678920269 0.027258490522702534
0 0.3605295717716217 0.22585804760456085 0.0204438678920269 0.027258490522702534
0 0.4187678098678589 0.2249573916196823 0.0204438678920269 0.027258490522702534
0 0.4772905111312866 0.2240523248910904 0.0204438678920269 0.027258490522702534
0 0.5360997319221497 0.2231428325176239 0.0204438678920269 0.027258490522702534
0 0.5951976776123047 0.22222886979579926 0.0204438678920269 0.027258490522702534
0 0.6545863747596741 0.22131042182445526 0.0204438678920269 0.027258490522702534
0 0.7142680287361145 0.22038742899894714 0.0204438678920269 0.027258490522702534