0 0.7330374717712402 0.1542515903711319 0.020387217795683275 0.034216309587160744
0 0.6600905060768127 0.15411032736301422 0.020387217795683275 0.034216309587160744
0 0.587419331073761 0.15396961569786072 0.020387217795683275 0.034216309587160744
0 0.5150223970413208 0.153829425573349 0.020387217795683275 0.034216309587160744
0 0.44289812445640564 0.15368975698947906 0.020387217795683275 0.034216309587160744
0 0.3710450232028961 0.1535506248474121 0.020387217795683275 0.034216309587160744
0 0.2994615137577057 0.15341201424598694 0.020387217795683275 0.034216309587160744
0 0.7414778470993042 0.2346877157688141 0.020387217795683275 0.034216309587160744
0 0.6656566262245178 0.23438261449337006 0.020387217795683275 0.034216309587160744
0 0.5901332497596741 0.23407872021198273 0.020387217795683275 0.034216309587160744
0 0.5149059891700745 0.2337760180234909 0.020387217795683275 0.034216309587160744
0 0.4399731159210205 0.2334744930267334 0.020387217795683275 0.034216309587160744
0 0.3653329014778137 0.2331741452217102 0.020387217795683275 0.034216309587160744
0 0.2909836173057556 0.23287497460842133 0.020387217795683275 0.034216309587160744
0 0.7506079077720642 0.32169634103775024 0.020387217795683275 0.034216309587160744
0 0.6716766357421875 0.32120057940483093 0.020387217795683275 0.034216309587160744
0 0.59306800365448 0.320706844329834 0.020387217795683275 0.034216309587160744
0 0.5147801637649536 0.320215106010437 0.020387217795683275 0.034216309587160744
0 0.43681105971336365 0.3197253942489624 0.020387217795683275 0.034216309587160744
0 0.35915878415107727 0.3192376494407654 0.020387217795683275 0.034216309587160744
0 0.28182142972946167 0.31875190138816833 0.020387217795683275 0.034216309587160744
0 0.7605157494544983 0.4161173105239868 0.020387217795683275 0.034216309587160744
0 0.6782083511352539 0.41539883613586426 0.020387217795683275 0.034216309587160744
0 0.5962517261505127 0.41468343138694763 0.020387217795683275 0.034216309587160744
0 0.514643669128418 0.41397106647491455 0.020387217795683275 0.034216309587160744
0 0.43338191509246826 0.413261741399765 0.020387217795683275 0.034216309587160744
0 0.3524642884731293 0.41255539655685425 0.020387217795683275 0.034216309587160744
0 0.2718885838985443 0.41185206174850464 0.020387217795683275 0.034216309587160744
0 0.7713052034378052 0.5189399719238281 0.020387217795683275 0.034216309587160744
0 0.6853200197219849 0.5179603099822998 0.020387217795683275 0.034216309587160744
0 0.5997174978256226 0.5169849991798401 0.020387217795683275 0.034216309587160744
0 0.5144951343536377 0.5160139799118042 0.020387217795683275 0.034216309587160744
0 0.42965033650398254 0.5150473117828369 0.020387217795683275 0.034216309587160744
0 0.3451806604862213 0.5140848755836487 0.020387217795683275 0.034216309587160744
0 0.26108360290527344 0.5131267309188843 0.020387217795683275 0.034216309587160744
0 0.7830994725227356 0.6313380002975464 0.020387217795683275 0.034216309587160744
0 0.693092405796051 0.6300504803657532 0.020387217795683275 0.034216309587160744
0 0.603504478931427 0.6287689805030823 0.020387217795683275 0.034216309587160744
0 0.5143328309059143 0.6274933815002441 0.020387217795683275 0.034216309587160744
0 0.42557448148727417 0.6262237429618835 0.020387217795683275 0.034216309587160744
0 0.33722659945487976 0.6249599456787109 0.020387217795683275 0.034216309587160744
0 0.24928633868694305 0.6237020492553711 0.020387217795683275 0.034216309587160744
0 0.7960456609725952 0.7547141909599304 0.020387217795683275 0.034216309587160744
0 0.7016220688819885 0.7530619502067566 0.020387217795683275 0.034216309587160744
0 0.6076595783233643 0.7514178156852722 0.020387217795683275 0.034216309587160744
0 0.5141547918319702 0.7497816681861877 0.020387217795683275 0.034216309587160744
0 0.42110440135002136 0.7481535077095032 0.020387217795683275 0.034216309587160744
0 0.3285050690174103 0.746533215045929 0.020387217795683275 0.034216309587160744
0 0.2363535314798355 0.7449207901954651 0.020387217795683275 0.034216309587160744