0 0.7079184055328369 0.16038216650485992 0.02285873726941645 0.03418128937482834
0 0.6317511796951294 0.15967637300491333 0.02285873726941645 0.03418128937482834
0 0.5551511645317078 0.1589665561914444 0.02285873726941645 0.03418128937482834
0 0.47811469435691833 0.15825270116329193 0.02285873726941645 0.03418128937482834
0 0.40063807368278503 0.15753477811813354 0.02285873726941645 0.03418128937482834
0 0.32271748781204224 0.15681272745132446 0.02285873726941645 0.03418128937482834
0 0.2443491369485855 0.1560865193605423 0.02285873726941645 0.03418128937482834
0 0.7193580269813538 0.24075119197368622 0.02285873726941645 0.03418128937482834
0 0.6404536366462708 0.24025565385818481 0.02285873726941645 0.03418128937482834
0 0.5610845685005188 0.23975719511508942 0.02285873726941645 0.03418128937482834
0 0.48124679923057556 0.23925580084323883 0.02285873726941645 0.03418128937482834
0 0.4009360671043396 0.23875142633914948 0.02285873726941645 0.03418128937482834
0 0.320148229598999 0.23824405670166016 0.02285873726941645 0.03418128937482834
0 0.23887896537780762 0.23773367702960968 0.02285873726941645 0.03418128937482834
0 0.7316586971282959 0.32716962695121765 0.02285873726941645 0.03418128937482834
0 0.649813175201416 0.32691866159439087 0.02285873726941645 0.03418128937482834
0 0.5674673914909363 0.3266661465167999 0.02285873726941645 0.03418128937482834
0 0.48461681604385376 0.3264120817184448 0.02285873726941645 0.03418128937482834
0 0.4012567698955536 0.32615646719932556 0.02285873726941645 0.03418128937482834
0 0.3173825740814209 0.32589927315711975 0.02285873726941645 0.03418128937482834
0 0.23298940062522888 0.3256404995918274 0.02285873726941645 0.03418128937482834
0 0.7449214458465576 0.4203471839427948 0.02285873726941645 0.03418128937482834
0 0.6599070429801941 0.4203813672065735 0.02285873726941645 0.03418128937482834
0 0.5743525624275208 0.4204157590866089 0.02285873726941645 0.03418128937482834
0 0.4882529377937317 0.4204503893852234 0.02285873726941645 0.03418128937482834
0 0.4016028940677643 0.4204852283000946 0.02285873726941645 0.03418128937482834
0 0.3143971264362335 0.42052027583122253 0.02285873726941645 0.03418128937482834
0 0.2266302853822708 0.42055556178092957 0.02285873726941645 0.03418128937482834
0 0.7592637538909912 0.5211091041564941 0.02285873726941645 0.03418128937482834
0 0.6708252429962158 0.5214767456054688 0.02285873726941645 0.03418128937482834
0 0.5818018913269043 0.5218467712402344 0.02285873726941645 0.03418128937482834
0 0.4921879768371582 0.5222193002700806 0.02285873726941645 0.03418128937482834
0 0.4019775390625 0.5225942730903625 0.02285873726941645 0.03418128937482834
0 0.31116461753845215 0.5229717493057251 0.02285873726941645 0.03418128937482834
0 0.21974316239356995 0.523351788520813 0.02285873726941645 0.03418128937482834
0 0.774823009967804 0.6304207444190979 0.02285873726941645 0.03418128937482834
0 0.6826730370521545 0.6311795711517334 0.02285873726941645 0.03418128937482834
0 0.5898876786231995 0.6319435834884644 0.02285873726941645 0.03418128937482834
0 0.4964603781700134 0.6327129006385803 0.02285873726941645 0.03418128937482834
0 0.4023844301700592 0.6334875822067261 0.02285873726941645 0.03418128937482834
0 0.3076530694961548 0.6342676877975464 0.02285873726941645 0.03418128937482834
0 0.2122594118118286 0.6350532174110413 0.02285873726941645 0.03418128937482834
0 0.7917609810829163 0.7494184374809265 0.02285873726941645 0.03418128937482834
0 0.6955744028091431 0.7506380081176758 0.02285873726941645 0.03418128937482834
0 0.5986950993537903 0.751866340637207 0.02285873726941645 0.03418128937482834
0 0.5011154413223267 0.7531035542488098 0.02285873726941645 0.03418128937482834
0 0.4028278887271881 0.7543497681617737 0.02285873726941645 0.03418128937482834
0 0.30382469296455383 0.7556050419807434 0.02285873726941645 0.03418128937482834
0 0.20409798622131348 0.7568694353103638 0.02285873726941645 0.03418128937482834