0 0.7294918894767761 0.18300111591815948 0.024891553446650505 0.03318873792886734
0 0.6629213690757751 0.18007639050483704 0.024891553446650505 0.03318873792886734
0 0.5959748029708862 0.1771351397037506 0.024891553446650505 0.03318873792886734
0 0.5286490321159363 0.17417721450328827 0.024891553446650505 0.03318873792886734
0 0.46094080805778503 0.17120251059532166 0.024891553446650505 0.03318873792886734
0 0.39284685254096985 0.16821084916591644 0.024891553446650505 0.03318873792886734
0 0.3243638873100281 0.1652020961046219 0.024891553446650505 0.03318873792886734
0 0.7403407096862793 0.24675710499286652 0.024891553446650505 0.03318873792886734
0 0.6706116795539856 0.24388036131858826 0.024891553446650505 0.03318873792886734
0 0.6004698872566223 0.24098658561706543 0.024891553446650505 0.03318873792886734
0 0.5299116373062134 0.2380756288766861 0.024891553446650505 0.03318873792886734
0 0.45893317461013794 0.23514734208583832 0.024891553446650505 0.03318873792886734
0 0.38753077387809753 0.23220156133174896 0.024891553446650505 0.03318873792886734
0 0.31570059061050415 0.2292381227016449 0.024891553446650505 0.03318873792886734
0 0.7522783279418945 0.31691205501556396 0.024891553446650505 0.03318873792886734
0 0.6790762543678284 0.3141079843044281 0.024891553446650505 0.03318873792886734
0 0.6054189205169678 0.31128644943237305 0.024891553446650505 0.03318873792886734
0 0.5313021540641785 0.30844730138778687 0.024891553446650505 0.03318873792886734
0 0.4567215144634247 0.30559042096138 0.024891553446650505 0.03318873792886734
0 0.381672739982605 0.30271556973457336 0.024891553446650505 0.03318873792886734
0 0.3061513602733612 0.2998226583003998 0.024891553446650505 0.03318873792886734
0 0.7654774188995361 0.39448025822639465 0.024891553446650505 0.03318873792886734
0 0.6884381771087646 0.39178070425987244 0.024891553446650505 0.03318873792886734
0 0.6108943819999695 0.3890634775161743 0.024891553446650505 0.03318873792886734
0 0.5328410267829895 0.38632842898368835 0.024891553446650505 0.03318873792886734
0 0.4542731046676636 0.38357532024383545 0.024891553446650505 0.03318873792886734
0 0.37518545985221863 0.38080400228500366 0.024891553446650505 0.03318873792886734
0 0.295572966337204 0.37801429629325867 0.024891553446650505 0.03318873792886734
0 0.7801490426063538 0.4807022213935852 0.024891553446650505 0.03318873792886734
0 0.6988481879234314 0.47814875841140747 0.024891553446650505 0.03318873792886734
0 0.6169849038124084 0.4755776524543762 0.024891553446650505 0.03318873792886734
0 0.5345534086227417 0.47298869490623474 0.024891553446650505 0.03318873792886734
0 0.4515477120876312 0.4703817069530487 0.024891553446650505 0.03318873792886734
0 0.3679617941379547 0.4677564799785614 0.024891553446650505 0.03318873792886734
0 0.28378957509994507 0.4651128649711609 0.024891553446650505 0.03318873792886734
0 0.7965541481971741 0.5771117210388184 0.024891553446650505 0.03318873792886734
0 0.7104926109313965 0.5747588872909546 0.024891553446650505 0.03318873792886734
0 0.6238003373146057 0.572388768196106 0.024891553446650505 0.03318873792886734
0 0.536470353603363 0.5700012445449829 0.024891553446650505 0.03318873792886734
0 0.4484955370426178 0.5675961375236511 0.024891553446650505 0.03318873792886734
0 0.3598688244819641 0.5651731491088867 0.024891553446650505 0.03318873792886734
0 0.2705828547477722 0.5627321600914001 0.024891553446650505 0.03318873792886734
0 0.8150193095207214 0.6856276392936707 0.024891553446650505 0.03318873792886734
0 0.7236049771308899 0.6835477352142334 0.024891553446650505 0.03318873792886734
0 0.6314782500267029 0.6814515590667725 0.024891553446650505 0.03318873792886734
0 0.5386307835578918 0.6793389916419983 0.024891553446650505 0.03318873792886734
0 0.4450540840625763 0.6772097945213318 0.024891553446650505 0.03318873792886734
0 0.3507395386695862 0.6750638484954834 0.024891553446650505 0.03318873792886734
0 0.25567835569381714 0.672900915145874 0.024891553446650505 0.03318873792886734