0 0.7209823727607727 0.25434601306915283 0.03631797184546789 0.03631797184546789
0 0.642240047454834 0.25547876954078674 0.03631797184546789 0.03631797184546789
0 0.5630598664283752 0.25661781430244446 0.03631797184546789 0.03631797184546789
0 0.4834382236003876 0.25776320695877075 0.03631797184546789 0.03631797184546789
0 0.4033713638782501 0.2589150071144104 0.03631797184546789 0.03631797184546789
0 0.32285556197166443 0.2600732445716858 0.03631797184546789 0.03631797184546789
0 0.24188706278800964 0.2612380087375641 0.03631797184546789 0.03631797184546789
0 0.7337718605995178 0.31195423007011414 0.03631797184546789 0.03631797184546789
0 0.6519566774368286 0.31329771876335144 0.03631797184546789 0.03631797184546789
0 0.5696685314178467 0.31464898586273193 0.03631797184546789 0.03631797184546789
0 0.4869033992290497 0.3160080909729004 0.03631797184546789 0.03631797184546789
0 0.40365704894065857 0.3173750936985016 0.03631797184546789 0.03631797184546789
0 0.31992530822753906 0.3187500536441803 0.03631797184546789 0.03631797184546789
0 0.23570388555526733 0.3201330602169037 0.03631797184546789 0.03631797184546789
0 0.7476098537445068 0.3742854595184326 0.03631797184546789 0.03631797184546789
0 0.6624723076820374 0.3758712410926819 0.03631797184546789 0.03631797184546789
0 0.5768222808837891 0.3774665296077728 0.03631797184546789 0.03631797184546789
0 0.4906552731990814 0.379071444272995 0.03631797184546789 0.03631797184546789
0 0.4039664566516876 0.38068610429763794 0.03631797184546789 0.03631797184546789
0 0.3167511522769928 0.38231053948402405 0.03631797184546789 0.03631797184546789
0 0.22900450229644775 0.38394489884376526 0.03631797184546789 0.03631797184546789
0 0.762630820274353 0.4419454038143158 0.03631797184546789 0.03631797184546789
0 0.673889696598053 0.4438108503818512 0.03631797184546789 0.03631797184546789
0 0.5845914483070374 0.44568800926208496 0.03631797184546789 0.03631797184546789
0 0.4947309195995331 0.44757699966430664 0.03631797184546789 0.03631797184546789
0 0.4043026566505432 0.4494779407978058 0.03631797184546789 0.03631797184546789
0 0.31330132484436035 0.45139092206954956 0.03631797184546789 0.03631797184546789
0 0.22172145545482635 0.4533160328865051 0.03631797184546789 0.03631797184546789
0 0.7789933085441589 0.515647828578949 0.03631797184546789 0.03631797184546789
0 0.6863300800323486 0.5178378224372864 0.03631797184546789 0.03631797184546789
0 0.5930590629577637 0.5200421810150146 0.03631797184546789 0.03631797184546789
0 0.4991741180419922 0.5222610235214233 0.03631797184546789 0.03631797184546789
0 0.40466928482055664 0.5244945287704468 0.03631797184546789 0.03631797184546789
0 0.309538334608078 0.5267428159713745 0.03631797184546789 0.03631797184546789
0 0.21377502381801605 0.5290060639381409 0.03631797184546789 0.03631797184546789
0 0.7968853712081909 0.5962401032447815 0.03631797184546789 0.03631797184546789
0 0.6999374032020569 0.5988085865974426 0.03631797184546789 0.03631797184546789
0 0.602323591709137 0.601394772529602 0.03631797184546789 0.03631797184546789
0 0.5040370225906372 0.6039987802505493 0.03631797184546789 0.03631797184546789
0 0.40507063269615173 0.606620728969574 0.03631797184546789 0.03631797184546789
0 0.3054174482822418 0.6092609167098999 0.03631797184546789 0.03631797184546789
0 0.20507022738456726 0.6119195222854614 0.03631797184546789 0.03631797184546789
0 0.8165320158004761 0.6847355961799622 0.03631797184546789 0.03631797184546789
0 0.7148839235305786 0.6877483129501343 0.03631797184546789 0.03631797184546789
0 0.6125032305717468 0.6907827258110046 0.03631797184546789 0.03631797184546789
0 0.509381890296936 0.6938390731811523 0.03631797184546789 0.03631797184546789
0 0.40551191568374634 0.6969176530838013 0.03631797184546789 0.03631797184546789
0 0.30088508129119873 0.7000186443328857 0.03631797184546789 0.03631797184546789
0 0.19549305737018585 0.7031422853469849 0.03631797184546789 0.03631797184546789