0 0.2924982011318207 0.6498589515686035 0.020821101963520054 0.0277614692846934
0 0.3693656623363495 0.647932767868042 0.020821101963520054 0.0277614692846934
0 0.4470832049846649 0.6459852457046509 0.020821101963520054 0.0277614692846934
0 0.5256649255752563 0.6440160870552063 0.020821101963520054 0.0277614692846934
0 0.6051254272460938 0.6420248746871948 0.020821101963520054 0.0277614692846934
0 0.6854794025421143 0.6400113105773926 0.020821101963520054 0.0277614692846934
0 0.7667421102523804 0.6379749178886414 0.020821101963520054 0.0277614692846934
0 0.3033463656902313 0.560049831867218 0.020821101963520054 0.0277614692846934
0 0.3766120672225952 0.5577449202537537 0.020821101963520054 0.0277614692846934
0 0.450649231672287 0.5554157495498657 0.020821101963520054 0.0277614692846934
0 0.5254700779914856 0.5530619621276855 0.020821101963520054 0.0277614692846934
0 0.6010871529579163 0.5506831407546997 0.020821101963520054 0.0277614692846934
0 0.6775131821632385 0.54827880859375 0.020821101963520054 0.0277614692846934
0 0.754761278629303 0.5458486676216125 0.020821101963520054 0.0277614692846934
0 0.3132137060165405 0.47836074233055115 0.020821101963520054 0.0277614692846934
0 0.3832000195980072 0.47575220465660095 0.020821101963520054 0.0277614692846934
0 0.4538896083831787 0.4731174409389496 0.020821101963520054 0.0277614692846934
0 0.5252931118011475 0.4704560935497284 0.020821101963520054 0.0277614692846934
0 0.597421407699585 0.46776771545410156 0.020821101963520054 0.0277614692846934
0 0.6702855825424194 0.46505188941955566 0.020821101963520054 0.0277614692846934
0 0.7438969612121582 0.46230822801589966 0.020821101963520054 0.0277614692846934
0 0.32222747802734375 0.4037381708621979 0.020821101963520054 0.0277614692846934
0 0.389215350151062 0.4008861482143402 0.020821101963520054 0.0277614692846934
0 0.4568469822406769 0.39800670742988586 0.020821101963520054 0.0277614692846934
0 0.5251316428184509 0.3950994908809662 0.020821101963520054 0.0277614692846934
0 0.5940788984298706 0.392164021730423 0.020821101963520054 0.0277614692846934
0 0.6636984348297119 0.38919997215270996 0.020821101963520054 0.0277614692846934
0 0.7340001463890076 0.38620686531066895 0.020821101963520054 0.0277614692846934
0 0.33049383759498596 0.3353031277656555 0.020821101963520054 0.0277614692846934
0 0.3947296142578125 0.3322562873363495 0.020821101963520054 0.0277614692846934
0 0.4595568776130676 0.32918137311935425 0.020821101963520054 0.0277614692846934
0 0.5249837636947632 0.32607799768447876 0.020821101963520054 0.0277614692846934
0 0.5910187363624573 0.32294580340385437 0.020821101963520054 0.0277614692846934
0 0.657670259475708 0.31978434324264526 0.020821101963520054 0.0277614692846934
0 0.7249469757080078 0.3165932595729828 0.020821101963520054 0.0277614692846934
0 0.3381020724773407 0.27231672406196594 0.020821101963520054 0.0277614692846934
0 0.39980292320251465 0.26911458373069763 0.020821101963520054 0.0277614692846934
0 0.46204909682273865 0.265884131193161 0.020821101963520054 0.0277614692846934
0 0.5248478651046753 0.2626250088214874 0.020821101963520054 0.0277614692846934
0 0.5882065296173096 0.25933679938316345 0.020821101963520054 0.0277614692846934
0 0.6521327495574951 0.2560191750526428 0.020821101963520054 0.0277614692846934
0 0.7166340947151184 0.2526716887950897 0.020821101963520054 0.0277614692846934
0 0.34512773156166077 0.21415312588214874 0.020821101963520054 0.0277614692846934
0 0.40448611974716187 0.21082803606987 0.020821101963520054 0.0277614692846934
0 0.4643488824367523 0.20747467875480652 0.020821101963520054 0.0277614692846934
0 0.5247224569320679 0.20409272611141205 0.020821101963520054 0.0277614692846934
0 0.5856133699417114 0.20068177580833435 0.020821101963520054 0.0277614692846934
0 0.647028386592865 0.19724148511886597 0.020821101963520054 0.0277614692846934
0 0.7089742422103882 0.19377143681049347 0.020821101963520054 0.0277614692846934