0 0.29254093766212463 0.650442898273468 0.020796312019228935 0.02772841602563858
0 0.3702259957790375 0.64906245470047 0.020796312019228935 0.02772841602563858
0 0.4484216272830963 0.6476729512214661 0.020796312019228935 0.02772841602563858
0 0.5271328687667847 0.6462743282318115 0.020796312019228935 0.02772841602563858
0 0.6063648462295532 0.644866406917572 0.020796312019228935 0.02772841602563858
0 0.686122715473175 0.6434491872787476 0.020796312019228935 0.02772841602563858
0 0.7664117217063904 0.6420224905014038 0.020796312019228935 0.02772841602563858
0 0.30296218395233154 0.5599478483200073 0.020796312019228935 0.02772841602563858
0 0.37697821855545044 0.5583509206771851 0.020796312019228935 0.02772841602563858
0 0.4514574706554413 0.5567440390586853 0.020796312019228935 0.02772841602563858
0 0.5264042615890503 0.5551270246505737 0.020796312019228935 0.02772841602563858
0 0.6018230319023132 0.5534998178482056 0.020796312019228935 0.02772841602563858
0 0.6777182817459106 0.551862359046936 0.020796312019228935 0.02772841602563858
0 0.7540944218635559 0.5502145290374756 0.020796312019228935 0.02772841602563858
0 0.31243830919265747 0.4776599407196045 0.020796312019228935 0.02772841602563858
0 0.3831162452697754 0.4758906662464142 0.020796312019228935 0.02772841602563858
0 0.454216331243515 0.47411081194877625 0.020796312019228935 0.02772841602563858
0 0.5257423520088196 0.4723202884197235 0.020796312019228935 0.02772841602563858
0 0.5976980924606323 0.4705190062522888 0.020796312019228935 0.02772841602563858
0 0.6700875163078308 0.468706876039505 0.020796312019228935 0.02772841602563858
0 0.7429144978523254 0.4668837785720825 0.020796312019228935 0.02772841602563858
0 0.32109230756759644 0.4025111496448517 0.020796312019228935 0.02772841602563858
0 0.38872024416923523 0.40060481429100037 0.020796312019228935 0.02772841602563858
0 0.45673447847366333 0.39868757128715515 0.020796312019228935 0.02772841602563858
0 0.5251383185386658 0.39675939083099365 0.020796312019228935 0.02772841602563858
0 0.5939351320266724 0.39482009410858154 0.020796312019228935 0.02772841602563858
0 0.6631283164024353 0.39286965131759644 0.020796312019228935 0.02772841602563858
0 0.7327212691307068 0.3909079134464264 0.020796312019228935 0.02772841602563858
0 0.3290267288684845 0.33361101150512695 0.020796312019228935 0.02772841602563858
0 0.3938570022583008 0.33159610629081726 0.020796312019228935 0.02772841602563858
0 0.45904210209846497 0.3295701742172241 0.020796312019228935 0.02772841602563858
0 0.524584949016571 0.32753312587738037 0.020796312019228935 0.02772841602563858
0 0.5904884934425354 0.32548487186431885 0.020796312019228935 0.02772841602563858
0 0.6567557454109192 0.3234253227710724 0.020796312019228935 0.02772841602563858
0 0.723389744758606 0.32135435938835144 0.020796312019228935 0.02772841602563858
0 0.3363277316093445 0.27021127939224243 0.020796312019228935 0.02772841602563858
0 0.3985826075077057 0.26811090111732483 0.020796312019228935 0.02772841602563858
0 0.46116453409194946 0.26599952578544617 0.020796312019228935 0.02772841602563858
0 0.5240761041641235 0.2638770043849945 0.020796312019228935 0.02772841602563858
0 0.5873199701309204 0.2617432773113251 0.020796312019228935 0.02772841602563858
0 0.6508986949920654 0.2595982551574707 0.020796312019228935 0.02772841602563858
0 0.7148149609565735 0.25744181871414185 0.020796312019228935 0.02772841602563858
0 0.3430682420730591 0.21167856454849243 0.020796312019228935 0.02772841602563858
0 0.40294450521469116 0.20951157808303833 0.020796312019228935 0.02772841602563858
0 0.4631232023239136 0.20733363926410675 0.020796312019228935 0.02772841602563858
0 0.5236065983772278 0.20514468848705292 0.020796312019228935 0.02772841602563858
0 0.5843970775604248 0.20294460654258728 0.020796312019228935 0.02772841602563858
0 0.6454969644546509 0.20073333382606506 0.020796312019228935 0.02772841602563858
0 0.7069085836410522 0.1985107809305191 0.020796312019228935 0.02772841602563858