0 0.31903931498527527 0.6571162343025208 0.030776947736740112 0.030776947736740112
0 0.41323843598365784 0.6508996486663818 0.030776947736740112 0.030776947736740112
0 0.5056806206703186 0.644798994064331 0.030776947736740112 0.030776947736740112
0 0.5964144468307495 0.6388110518455505 0.030776947736740112 0.030776947736740112
0 0.6854869723320007 0.6329327821731567 0.030776947736740112 0.030776947736740112
0 0.772943377494812 0.6271611452102661 0.030776947736740112 0.030776947736740112
0 0.8588271737098694 0.6214933395385742 0.030776947736740112 0.030776947736740112
0 0.3149378299713135 0.5646743774414062 0.030776947736740112 0.030776947736740112
0 0.4069927930831909 0.5594518184661865 0.030776947736740112 0.030776947736740112
0 0.497370183467865 0.5543244481086731 0.030776947736740112 0.030776947736740112
0 0.5861154198646545 0.5492896437644958 0.030776947736740112 0.030776947736740112
0 0.6732723712921143 0.5443450212478638 0.030776947736740112 0.030776947736740112
0 0.7588832378387451 0.5394880175590515 0.030776947736740112 0.030776947736740112
0 0.8429888486862183 0.5347164869308472 0.030776947736740112 0.030776947736740112
0 0.3110237121582031 0.4764558672904968 0.030776947736740112 0.030776947736740112
0 0.40102991461753845 0.4721444249153137 0.030776947736740112 0.030776947736740112
0 0.4894326627254486 0.4679097533226013 0.030776947736740112 0.030776947736740112
0 0.5762744545936584 0.46374988555908203 0.030776947736740112 0.030776947736740112
0 0.6615962386131287 0.4596627950668335 0.030776947736740112 0.030776947736740112
0 0.7454376220703125 0.45564666390419006 0.030776947736740112 0.030776947736740112
0 0.8278367519378662 0.4516995847225189 0.030776947736740112 0.030776947736740112
0 0.3072844445705414 0.3921777904033661 0.030776947736740112 0.030776947736740112
0 0.3953310251235962 0.3887024521827698 0.030776947736740112 0.030776947736740112
0 0.4818435311317444 0.38528767228126526 0.030776947736740112 0.030776947736740112
0 0.566861629486084 0.3819318413734436 0.030776947736740112 0.030776947736740112
0 0.6504237651824951 0.3786335289478302 0.030776947736740112 0.030776947736740112
0 0.7325670123100281 0.3753911852836609 0.030776947736740112 0.030776947736740112
0 0.8133272528648376 0.37220343947410583 0.030776947736740112 0.030776947736740112
0 0.303708553314209 0.31158187985420227 0.030776947736740112 0.030776947736740112
0 0.3898790180683136 0.3088747560977936 0.030776947736740112 0.030776947736740112
0 0.4745802879333496 0.3062138259410858 0.030776947736740112 0.030776947736740112
0 0.557849645614624 0.3035978674888611 0.030776947736740112 0.030776947736740112
0 0.6397231221199036 0.30102574825286865 0.030776947736740112 0.030776947736740112
0 0.7202354073524475 0.29849642515182495 0.030776947736740112 0.030776947736740112
0 0.7994202971458435 0.29600876569747925 0.030776947736740112 0.030776947736740112
0 0.3002855181694031 0.23443195223808289 0.030776947736740112 0.030776947736740112
0 0.3846581280231476 0.2324315309524536 0.030776947736740112 0.030776947736740112
0 0.46762242913246155 0.23046448826789856 0.030776947736740112 0.030776947736740112
0 0.5492134094238281 0.22853000462055206 0.030776947736740112 0.030776947736740112
0 0.6294649243354797 0.22662729024887085 0.030776947736740112 0.030776947736740112
0 0.7084096074104309 0.22475555539131165 0.030776947736740112 0.030776947736740112
0 0.7860792279243469 0.22291405498981476 0.030776947736740112 0.030776947736740112
0 0.2970058023929596 0.16051167249679565 0.030776947736740112 0.030776947736740112
0 0.3796539902687073 0.15916195511817932 0.030776947736740112 0.030776947736740112
0 0.4609510898590088 0.15783430635929108 0.030776947736740112 0.030776947736740112
0 0.540929913520813 0.15652818977832794 0.030776947736740112 0.030776947736740112
0 0.6196223497390747 0.15524308383464813 0.030776947736740112 0.030776947736740112
0 0.6970590949058533 0.15397846698760986 0.030776947736740112 0.030776947736740112
0 0.7732700705528259 0.15273389220237732 0.030776947736740112 0.030776947736740112