0 0.30842912197113037 0.38129180669784546 0.019572181627154354 0.026096242169539135
0 0.3026684820652008 0.44301339983940125 0.019572181627154354 0.026096242169539135
0 0.29655003547668457 0.5085684657096863 0.019572181627154354 0.026096242169539135
0 0.29003942012786865 0.5783255696296692 0.019572181627154354 0.026096242169539135
0 0.28309765458106995 0.6527020931243896 0.019572181627154354 0.026096242169539135
0 0.27568045258522034 0.7321726083755493 0.019572181627154354 0.026096242169539135
0 0.2677372395992279 0.817279040813446 0.019572181627154354 0.026096242169539135
0 0.37022489309310913 0.38136717677116394 0.019572181627154354 0.026096242169539135
0 0.36632028222084045 0.4431734085083008 0.019572181627154354 0.026096242169539135
0 0.36217281222343445 0.508823573589325 0.019572181627154354 0.026096242169539135
0 0.35775911808013916 0.5786879062652588 0.019572181627154354 0.026096242169539135
0 0.35305270552635193 0.6531855463981628 0.019572181627154354 0.026096242169539135
0 0.3480234742164612 0.7327932119369507 0.019572181627154354 0.026096242169539135
0 0.3426370322704315 0.8180553317070007 0.019572181627154354 0.026096242169539135
0 0.43218091130256653 0.38144275546073914 0.019572181627154354 0.026096242169539135
0 0.4301421046257019 0.44333380460739136 0.019572181627154354 0.026096242169539135
0 0.4279763400554657 0.5090794563293457 0.019572181627154354 0.026096242169539135
0 0.4256713390350342 0.5790512561798096 0.019572181627154354 0.026096242169539135
0 0.42321327328681946 0.6536703705787659 0.019572181627154354 0.026096242169539135
0 0.42058631777763367 0.7334156632423401 0.019572181627154354 0.026096242169539135
0 0.417772501707077 0.8188340663909912 0.019572181627154354 0.026096242169539135
0 0.4942978024482727 0.38151854276657104 0.019572181627154354 0.026096242169539135
0 0.49413469433784485 0.44349464774131775 0.019572181627154354 0.026096242169539135
0 0.4939613938331604 0.509335994720459 0.019572181627154354 0.026096242169539135
0 0.49377694725990295 0.5794156789779663 0.019572181627154354 0.026096242169539135
0 0.4935802221298218 0.6541566848754883 0.019572181627154354 0.026096242169539135
0 0.493369996547699 0.7340400218963623 0.019572181627154354 0.026096242169539135
0 0.4931447505950928 0.8196153044700623 0.019572181627154354 0.026096242169539135
0 0.5565761923789978 0.3815945088863373 0.019572181627154354 0.026096242169539135
0 0.558298647403717 0.44365593791007996 0.019572181627154354 0.026096242169539135
0 0.5601286888122559 0.5095932483673096 0.019572181627154354 0.026096242169539135
0 0.56207674741745 0.5797811150550842 0.019572181627154354 0.026096242169539135
0 0.5641545057296753 0.6546444296836853 0.019572181627154354 0.026096242169539135
0 0.5663754940032959 0.7346662878990173 0.019572181627154354 0.026096242169539135
0 0.5687549114227295 0.8203989267349243 0.019572181627154354 0.026096242169539135
0 0.619016706943512 0.38167068362236023 0.019572181627154354 0.026096242169539135
0 0.6226347088813782 0.4438176453113556 0.019572181627154354 0.026096242169539135
0 0.6264790296554565 0.5098511576652527 0.019572181627154354 0.026096242169539135
0 0.6305715441703796 0.5801476240158081 0.019572181627154354 0.026096242169539135
0 0.634937047958374 0.6551335453987122 0.019572181627154354 0.026096242169539135
0 0.6396037936210632 0.7352944612503052 0.019572181627154354 0.026096242169539135
0 0.6446041464805603 0.8211850523948669 0.019572181627154354 0.026096242169539135
0 0.6816199421882629 0.3817470371723175 0.019572181627154354 0.026096242169539135
0 0.6871436238288879 0.44397979974746704 0.019572181627154354 0.026096242169539135
0 0.6930131912231445 0.5101098418235779 0.019572181627154354 0.026096242169539135
0 0.6992622017860413 0.5805151462554932 0.019572181627154354 0.026096242169539135
0 0.7059286832809448 0.6556241512298584 0.019572181627154354 0.026096242169539135
0 0.7130560278892517 0.7359245419502258 0.019572181627154354 0.026096242169539135
0 0.7206935286521912 0.8219737410545349 0.019572181627154354 0.026096242169539135