0 0.7519145011901855 0.20854799449443817 0.038233245412508644 0.038233245412508644
0 0.6701115965843201 0.20676466822624207 0.038233245412508644 0.038233245412508644
0 0.5883924961090088 0.2049831748008728 0.038233245412508644 0.038233245412508644
0 0.5067569613456726 0.20320351421833038 0.038233245412508644 0.038233245412508644
0 0.42520496249198914 0.2014256715774536 0.038233245412508644 0.038233245412508644
0 0.34373635053634644 0.1996496468782425 0.038233245412508644 0.038233245412508644
0 0.26235097646713257 0.19787542521953583 0.038233245412508644 0.038233245412508644
0 0.7621194124221802 0.2656153440475464 0.038233245412508644 0.038233245412508644
0 0.6767920255661011 0.26372480392456055 0.038233245412508644 0.038233245412508644
0 0.5915557146072388 0.26183632016181946 0.038233245412508644 0.038233245412508644
0 0.5064104199409485 0.25994983315467834 0.038233245412508644 0.038233245412508644
0 0.4213559627532959 0.2580653429031372 0.038233245412508644 0.038233245412508644
0 0.33639219403266907 0.25618287920951843 0.038233245412508644 0.038233245412508644
0 0.25151896476745605 0.254302442073822 0.038233245412508644 0.038233245412508644
0 0.7732422947883606 0.3278161883354187 0.038233245412508644 0.038233245412508644
0 0.6840729713439941 0.3258059620857239 0.038233245412508644 0.038233245412508644
0 0.5950031876564026 0.32379797101020813 0.038233245412508644 0.038233245412508644
0 0.5060327649116516 0.32179221510887146 0.038233245412508644 0.038233245412508644
0 0.4171614944934845 0.31978872418403625 0.038233245412508644 0.038233245412508644
0 0.3283892273902893 0.31778743863105774 0.038233245412508644 0.038233245412508644
0 0.2397157996892929 0.3157883882522583 0.038233245412508644 0.038233245412508644
0 0.7854128479957581 0.39587584137916565 0.038233245412508644 0.038233245412508644
0 0.6920393705368042 0.3937312066555023 0.038233245412508644 0.038233245412508644
0 0.5987750291824341 0.39158910512924194 0.038233245412508644 0.038233245412508644
0 0.5056195855140686 0.38944947719573975 0.038233245412508644 0.038233245412508644
0 0.41257286071777344 0.3873123228549957 0.038233245412508644 0.038233245412508644
0 0.31963464617729187 0.38517770171165466 0.038233245412508644 0.038233245412508644
0 0.22680477797985077 0.3830455541610718 0.038233245412508644 0.038233245412508644
0 0.798786461353302 0.47066301107406616 0.038233245412508644 0.038233245412508644
0 0.7007927894592285 0.4683665633201599 0.038233245412508644 0.038233245412508644
0 0.6029192209243774 0.4660729467868805 0.038233245412508644 0.038233245412508644
0 0.5051656365394592 0.4637821316719055 0.038233245412508644 0.038233245412508644
0 0.40753173828125 0.461494117975235 0.038233245412508644 0.038233245412508644
0 0.31001734733581543 0.4592089056968689 0.038233245412508644 0.038233245412508644
0 0.21262222528457642 0.45692649483680725 0.038233245412508644 0.038233245412508644
0 0.8135507106781006 0.5532270073890686 0.038233245412508644 0.038233245412508644
0 0.7104557752609253 0.5507580041885376 0.038233245412508644 0.038233245412508644
0 0.6074938178062439 0.5482921004295349 0.038233245412508644 0.038233245412508644
0 0.5046645998954773 0.5458294749259949 0.038233245412508644 0.038233245412508644
0 0.4019677937030792 0.5433699488639832 0.038233245412508644 0.038233245412508644
0 0.29940319061279297 0.5409135818481445 0.038233245412508644 0.038233245412508644
0 0.19697055220603943 0.5384604334831238 0.038233245412508644 0.038233245412508644
0 0.8299344778060913 0.6448474526405334 0.038233245412508644 0.038233245412508644
0 0.7211779952049255 0.6421807408332825 0.038233245412508644 0.038233245412508644
0 0.6125695109367371 0.639517605304718 0.038233245412508644 0.038233245412508644
0 0.5041086673736572 0.6368581652641296 0.038233245412508644 0.038233245412508644
0 0.39579519629478455 0.6342023015022278 0.038233245412508644 0.038233245412508644
0 0.28762874007225037 0.6315500140190125 0.038233245412508644 0.038233245412508644
0 0.17960906028747559 0.6289013624191284 0.038233245412508644 0.038233245412508644