0 0.6568437814712524 0.1684432476758957 0.025171374902129173 0.0335618332028389
0 0.5887795090675354 0.17303283512592316 0.025171374902129173 0.0335618332028389
0 0.5201444625854492 0.17766091227531433 0.025171374902129173 0.0335618332028389
0 0.45093151926994324 0.1823279708623886 0.025171374902129173 0.0335618332028389
0 0.38113322854042053 0.1870344877243042 0.025171374902129173 0.0335618332028389
0 0.31074222922325134 0.1917809695005417 0.025171374902129173 0.0335618332028389
0 0.23975086212158203 0.19656793773174286 0.025171374902129173 0.0335618332028389
0 0.6699529886245728 0.23444902896881104 0.025171374902129173 0.0335618332028389
0 0.5988523960113525 0.2395353466272354 0.025171374902129173 0.0335618332028389
0 0.5271283388137817 0.24466624855995178 0.025171374902129173 0.0335618332028389
0 0.4547726511955261 0.2498423457145691 0.025171374902129173 0.0335618332028389
0 0.3817768692970276 0.2550642192363739 0.025171374902129173 0.0335618332028389
0 0.308132529258728 0.26033252477645874 0.025171374902129173 0.0335618332028389
0 0.23383094370365143 0.2656477987766266 0.025171374902129173 0.0335618332028389
0 0.68430495262146 0.30671194195747375 0.025171374902129173 0.0335618332028389
0 0.60988450050354 0.3123708665370941 0.025171374902129173 0.0335618332028389
0 0.5347803235054016 0.318081796169281 0.025171374902129173 0.0335618332028389
0 0.4589829444885254 0.32384544610977173 0.025171374902129173 0.0335618332028389
0 0.3824826776981354 0.329662561416626 0.025171374902129173 0.0335618332028389
0 0.305269718170166 0.33553382754325867 0.025171374902129173 0.0335618332028389
0 0.22733406722545624 0.34146007895469666 0.025171374902129173 0.0335618332028389
0 0.7000851035118103 0.38616591691970825 0.025171374902129173 0.0335618332028389
0 0.6220197677612305 0.3924892842769623 0.025171374902129173 0.0335618332028389
0 0.5432011485099792 0.3988736569881439 0.025171374902129173 0.0335618332028389
0 0.46361830830574036 0.4053199291229248 0.025171374902129173 0.0335618332028389
0 0.383260041475296 0.41182902455329895 0.025171374902129173 0.0335618332028389
0 0.3021150231361389 0.418401837348938 0.025171374902129173 0.0335618332028389
0 0.22017158567905426 0.4250393211841583 0.025171374902129173 0.0335618332028389
0 0.7175178527832031 0.4739406406879425 0.025171374902129173 0.0335618332028389
0 0.6354323029518127 0.48104041814804077 0.025171374902129173 0.0335618332028389
0 0.5525127649307251 0.48821231722831726 0.025171374902129173 0.0335618332028389
0 0.468746542930603 0.4954574406147003 0.025171374902129173 0.0335618332028389
0 0.38412052392959595 0.5027769207954407 0.025171374902129173 0.0335618332028389
0 0.29862144589424133 0.5101719498634338 0.025171374902129173 0.0335618332028389
0 0.212235689163208 0.5176436305046082 0.025171374902129173 0.0335618332028389
0 0.7368770837783813 0.571415364742279 0.025171374902129173 0.0335618332028389
0 0.6503349542617798 0.579429566860199 0.025171374902129173 0.0335618332028389
0 0.5628644824028015 0.587529718875885 0.025171374902129173 0.0335618332028389
0 0.4744506776332855 0.595717191696167 0.025171374902129173 0.0335618332028389
0 0.38507816195487976 0.6039934754371643 0.025171374902129173 0.0335618332028389
0 0.2947312593460083 0.6123600006103516 0.025171374902129173 0.0335618332028389
0 0.20339393615722656 0.6208181977272034 0.025171374902129173 0.0335618332028389
0 0.7585008144378662 0.6802920699119568 0.025171374902129173 0.0335618332028389
0 0.6669906377792358 0.689392626285553 0.025171374902129173 0.0335618332028389
0 0.5744408369064331 0.6985965967178345 0.025171374902129173 0.0335618332028389
0 0.4808334708213806 0.7079057097434998 0.025171374902129173 0.0335618332028389
0 0.3861503601074219 0.7173218131065369 0.025171374902129173 0.0335618332028389
0 0.2903728783130646 0.7268467545509338 0.025171374902129173 0.0335618332028389
0 0.19348187744617462 0.7364824414253235 0.025171374902129173 0.0335618332028389