0 0.30817291140556335 0.6473917365074158 0.020117564126849178 0.0268234188357989
0 0.38280045986175537 0.6478804349899292 0.020117564126849178 0.0268234188357989
0 0.4581087827682495 0.648373544216156 0.020117564126849178 0.0268234188357989
0 0.5341072082519531 0.6488711833953857 0.020117564126849178 0.0268234188357989
0 0.610805332660675 0.6493734121322632 0.020117564126849178 0.0268234188357989
0 0.6882127523422241 0.6498802900314331 0.020117564126849178 0.0268234188357989
0 0.7663394212722778 0.6503918766975403 0.020117564126849178 0.0268234188357989
0 0.31887006759643555 0.5604763031005859 0.020117564126849178 0.0268234188357989
0 0.38996651768684387 0.5605658292770386 0.020117564126849178 0.0268234188357989
0 0.46168026328086853 0.5606561899185181 0.020117564126849178 0.0268234188357989
0 0.534019410610199 0.5607472658157349 0.020117564126849178 0.0268234188357989
0 0.6069921851158142 0.5608391761779785 0.020117564126849178 0.0268234188357989
0 0.6806069612503052 0.5609318614006042 0.020117564126849178 0.0268234188357989
0 0.75487220287323 0.5610254406929016 0.020117564126849178 0.0268234188357989
0 0.3285926282405853 0.48147985339164734 0.020117564126849178 0.0268234188357989
0 0.39647695422172546 0.4812394380569458 0.020117564126849178 0.0268234188357989
0 0.4649236500263214 0.4809970259666443 0.020117564126849178 0.0268234188357989
0 0.5339397192001343 0.4807526171207428 0.020117564126849178 0.0268234188357989
0 0.6035323143005371 0.48050615191459656 0.020117564126849178 0.0268234188357989
0 0.6737086176872253 0.48025763034820557 0.020117564126849178 0.0268234188357989
0 0.7444761395454407 0.48000699281692505 0.020117564126849178 0.0268234188357989
0 0.33746790885925293 0.40936726331710815 0.020117564126849178 0.0268234188357989
0 0.4024178087711334 0.4088529050350189 0.020117564126849178 0.0268234188357989
0 0.4678821265697479 0.40833449363708496 0.020117564126849178 0.0268234188357989
0 0.5338670015335083 0.4078119695186615 0.020117564126849178 0.0268234188357989
0 0.600378692150116 0.40728524327278137 0.020117564126849178 0.0268234188357989
0 0.6674234867095947 0.4067543148994446 0.020117564126849178 0.0268234188357989
0 0.7350078821182251 0.40621909499168396 0.020117564126849178 0.0268234188357989
0 0.3456020951271057 0.34327632188796997 0.020117564126849178 0.0268234188357989
0 0.40786072611808777 0.34253373742103577 0.020117564126849178 0.0268234188357989
0 0.4705917239189148 0.3417855501174927 0.020117564126849178 0.0268234188357989
0 0.533800482749939 0.34103167057037354 0.020117564126849178 0.0268234188357989
0 0.5974924564361572 0.3402720093727112 0.020117564126849178 0.0268234188357989
0 0.6616732478141785 0.33950650691986084 0.020117564126849178 0.0268234188357989
0 0.7263485193252563 0.3387351334095001 0.020117564126849178 0.0268234188357989
0 0.3530842661857605 0.28248298168182373 0.020117564126849178 0.0268234188357989
0 0.4128657877445221 0.2815497815608978 0.020117564126849178 0.0268234188357989
0 0.4730825424194336 0.28060978651046753 0.020117564126849178 0.0268234188357989
0 0.5337393283843994 0.2796629071235657 0.020117564126849178 0.0268234188357989
0 0.5948410034179688 0.2787090837955475 0.020117564126849178 0.0268234188357989
0 0.6563923954963684 0.2777482569217682 0.020117564126849178 0.0268234188357989
0 0.7183986306190491 0.2767803370952606 0.020117564126849178 0.0268234188357989
0 0.35998982191085815 0.22637484967708588 0.020117564126849178 0.0268234188357989
0 0.41748374700546265 0.22528208792209625 0.020117564126849178 0.0268234188357989
0 0.4753800332546234 0.22418168187141418 0.020117564126849178 0.0268234188357989
0 0.5336829423904419 0.2230735421180725 0.020117564126849178 0.0268234188357989
0 0.5923967361450195 0.22195759415626526 0.020117564126849178 0.0268234188357989
0 0.6515257358551025 0.22083374857902527 0.020117564126849178 0.0268234188357989
0 0.7110744714736938 0.21970193088054657 0.020117564126849178 0.0268234188357989