0 0.33759286999702454 0.39199885725975037 0.019170891493558884 0.02556118865807851
0 0.33239638805389404 0.44895899295806885 0.019170891493558884 0.02556118865807851
0 0.32688260078430176 0.5093976259231567 0.019170891493558884 0.02556118865807851
0 0.3210214674472809 0.5736433267593384 0.019170891493558884 0.02556118865807851
0 0.314779132604599 0.6420676112174988 0.019170891493558884 0.02556118865807851
0 0.308117151260376 0.7150918245315552 0.019170891493558884 0.02556118865807851
0 0.3009917438030243 0.7931959629058838 0.019170891493558884 0.02556118865807851
0 0.3989383280277252 0.3937135636806488 0.019170891493558884 0.02556118865807851
0 0.39556074142456055 0.4507032632827759 0.019170891493558884 0.02556118865807851
0 0.3919770121574402 0.5111719369888306 0.019170891493558884 0.02556118865807851
0 0.3881675899028778 0.5754480957984924 0.019170891493558884 0.02556118865807851
0 0.3841105103492737 0.6439030766487122 0.019170891493558884 0.02556118865807851
0 0.3797807991504669 0.7169581055641174 0.019170891493558884 0.02556118865807851
0 0.37515005469322205 0.7950929999351501 0.019170891493558884 0.02556118865807851
0 0.4602394104003906 0.39542701840400696 0.019170891493558884 0.02556118865807851
0 0.45867806673049927 0.45244622230529785 0.019170891493558884 0.02556118865807851
0 0.45702144503593445 0.5129448771476746 0.019170891493558884 0.02556118865807851
0 0.45526057481765747 0.5772513747215271 0.019170891493558884 0.02556118865807851
0 0.45338523387908936 0.6457369923591614 0.019170891493558884 0.02556118865807851
0 0.45138394832611084 0.7188227772712708 0.019170891493558884 0.02556118865807851
0 0.44924354553222656 0.796988308429718 0.019170891493558884 0.02556118865807851
0 0.5214962363243103 0.39713922142982483 0.019170891493558884 0.02556118865807851
0 0.521748423576355 0.45418789982795715 0.019170891493558884 0.02556118865807851
0 0.5220160484313965 0.5147164463996887 0.019170891493558884 0.02556118865807851
0 0.5223004817962646 0.5790532827377319 0.019170891493558884 0.02556118865807851
0 0.5226033926010132 0.647569477558136 0.019170891493558884 0.02556118865807851
0 0.5229266285896301 0.7206858992576599 0.019170891493558884 0.02556118865807851
0 0.5232723355293274 0.7988820672035217 0.019170891493558884 0.02556118865807851
0 0.5827087759971619 0.3988502025604248 0.019170891493558884 0.02556118865807851
0 0.5847718715667725 0.4559282958507538 0.019170891493558884 0.02556118865807851
0 0.5869607925415039 0.5164867043495178 0.019170891493558884 0.02556118865807851
0 0.5892873406410217 0.5808537602424622 0.019170891493558884 0.02556118865807851
0 0.5917650461196899 0.6494004130363464 0.019170891493558884 0.02556118865807851
0 0.5944089889526367 0.7225474715232849 0.019170891493558884 0.02556118865807851
0 0.5972365140914917 0.800774097442627 0.019170891493558884 0.02556118865807851
0 0.6438770890235901 0.4005599319934845 0.019170891493558884 0.02556118865807851
0 0.6477484107017517 0.45766735076904297 0.019170891493558884 0.02556118865807851
0 0.6518557667732239 0.5182555913925171 0.019170891493558884 0.02556118865807851
0 0.656221330165863 0.5826528072357178 0.019170891493558884 0.02556118865807851
0 0.6608702540397644 0.6512298583984375 0.019170891493558884 0.02556118865807851
0 0.6658310294151306 0.724407434463501 0.019170891493558884 0.02556118865807851
0 0.6711361408233643 0.8026644587516785 0.019170891493558884 0.02556118865807851
0 0.7050012350082397 0.4022684395313263 0.019170891493558884 0.02556118865807851
0 0.710678219795227 0.45940515398979187 0.019170891493558884 0.02556118865807851
0 0.7167010307312012 0.5200231075286865 0.019170891493558884 0.02556118865807851
0 0.7231023907661438 0.5844504237174988 0.019170891493558884 0.02556118865807851
0 0.7299190759658813 0.653057873249054 0.019170891493558884 0.02556118865807851
0 0.7371928095817566 0.7262658476829529 0.019170891493558884 0.02556118865807851
0 0.7449712753295898 0.804553210735321 0.019170891493558884 0.02556118865807851