0 0.3060528635978699 0.3778817653656006 0.019482836127281192 0.02597711483637492
0 0.3006661832332611 0.4410214424133301 0.019482836127281192 0.02597711483637492
0 0.2949755787849426 0.5077239274978638 0.019482836127281192 0.02597711483637492
0 0.2889545261859894 0.5782995820045471 0.019482836127281192 0.02597711483637492
0 0.2825734317302704 0.6530958414077759 0.019482836127281192 0.02597711483637492
0 0.2757989466190338 0.7325028777122498 0.019482836127281192 0.02597711483637492
0 0.26859357953071594 0.8169606924057007 0.019482836127281192 0.02597711483637492
0 0.36926373839378357 0.3786447048187256 0.019482836127281192 0.02597711483637492
0 0.3656100630760193 0.4418312907218933 0.019482836127281192 0.02597711483637492
0 0.36175015568733215 0.5085848569869995 0.019482836127281192 0.02597711483637492
0 0.3576659858226776 0.5792162418365479 0.019482836127281192 0.02597711483637492
0 0.35333746671676636 0.6540734171867371 0.019482836127281192 0.02597711483637492
0 0.3487420082092285 0.7335472702980042 0.019482836127281192 0.02597711483637492
0 0.3438540995121002 0.8180786371231079 0.019482836127281192 0.02597711483637492
0 0.43252527713775635 0.37940824031829834 0.019482836127281192 0.02597711483637492
0 0.4306073784828186 0.44264182448387146 0.019482836127281192 0.02597711483637492
0 0.42858120799064636 0.5094465017318726 0.019482836127281192 0.02597711483637492
0 0.42643725872039795 0.5801336765289307 0.019482836127281192 0.02597711483637492
0 0.4241649806499481 0.6550518274307251 0.019482836127281192 0.02597711483637492
0 0.4217525124549866 0.7345926761627197 0.019482836127281192 0.02597711483637492
0 0.41918644309043884 0.8191975951194763 0.019482836127281192 0.02597711483637492
0 0.4958374798297882 0.38017240166664124 0.019482836127281192 0.02597711483637492
0 0.4956582188606262 0.44345298409461975 0.019482836127281192 0.02597711483637492
0 0.4954688251018524 0.5103088617324829 0.019482836127281192 0.02597711483637492
0 0.49526843428611755 0.5810518860816956 0.019482836127281192 0.02597711483637492
0 0.49505606293678284 0.6560311913490295 0.019482836127281192 0.02597711483637492
0 0.49483054876327515 0.7356390357017517 0.019482836127281192 0.02597711483637492
0 0.4945906698703766 0.8203176259994507 0.019482836127281192 0.02597711483637492
0 0.5592004060745239 0.3809371888637543 0.019482836127281192 0.02597711483637492
0 0.5607626438140869 0.44426485896110535 0.019482836127281192 0.02597711483637492
0 0.5624130964279175 0.5111719965934753 0.019482836127281192 0.02597711483637492
0 0.564159631729126 0.5819709300994873 0.019482836127281192 0.02597711483637492
0 0.5660107135772705 0.6570113897323608 0.019482836127281192 0.02597711483637492
0 0.567976176738739 0.7366863489151001 0.019482836127281192 0.02597711483637492
0 0.5700669288635254 0.821438729763031 0.019482836127281192 0.02597711483637492
0 0.6226142048835754 0.38170257210731506 0.019482836127281192 0.02597711483637492
0 0.6259206533432007 0.4450773596763611 0.019482836127281192 0.02597711483637492
0 0.6294140815734863 0.5120358467102051 0.019482836127281192 0.02597711483637492
0 0.6331108212471008 0.5828907489776611 0.019482836127281192 0.02597711483637492
0 0.6370291709899902 0.6579924821853638 0.019482836127281192 0.02597711483637492
0 0.6411895751953125 0.7377346158027649 0.019482836127281192 0.02597711483637492
0 0.6456152200698853 0.8225609064102173 0.019482836127281192 0.02597711483637492
0 0.6860788464546204 0.382468581199646 0.019482836127281192 0.02597711483637492
0 0.6911324262619019 0.44589054584503174 0.019482836127281192 0.02597711483637492
0 0.6964718699455261 0.5129004120826721 0.019482836127281192 0.02597711483637492
0 0.7021222114562988 0.5838114023208618 0.019482836127281192 0.02597711483637492
0 0.7081113457679749 0.6589744687080383 0.019482836127281192 0.02597711483637492
0 0.7144707441329956 0.7387838363647461 0.019482836127281192 0.02597711483637492
0 0.7212357521057129 0.8236841559410095 0.019482836127281192 0.02597711483637492