0 0.7319914698600769 0.15604481101036072 0.020049574671106206 0.03364963581164678
0 0.659528911113739 0.15632356703281403 0.020049574671106206 0.03364963581164678
0 0.587223470211029 0.15660172700881958 0.020049574671106206 0.03364963581164678
0 0.5150746703147888 0.1568792760372162 0.020049574671106206 0.03364963581164678
0 0.44308191537857056 0.15715622901916504 0.020049574671106206 0.03364963581164678
0 0.37124478816986084 0.15743257105350494 0.020049574671106206 0.03364963581164678
0 0.2995627224445343 0.1577083319425583 0.020049574671106206 0.03364963581164678
0 0.740436315536499 0.235109344124794 0.020049574671106206 0.03364963581164678
0 0.6651081442832947 0.235309898853302 0.020049574671106206 0.03364963581164678
0 0.5899497270584106 0.23551000654697418 0.020049574671106206 0.03364963581164678
0 0.514960527420044 0.23570965230464935 0.020049574671106206 0.03364963581164678
0 0.44013991951942444 0.2359088659286499 0.020049574671106206 0.03364963581164678
0 0.36548739671707153 0.23610761761665344 0.020049574671106206 0.03364963581164678
0 0.2910023033618927 0.23630592226982117 0.020049574671106206 0.03364963581164678
0 0.7495749592781067 0.32066982984542847 0.020049574671106206 0.03364963581164678
0 0.6711452007293701 0.32077813148498535 0.020049574671106206 0.03364963581164678
0 0.5928995013237 0.32088619470596313 0.020049574671106206 0.03364963581164678
0 0.5148370862007141 0.32099398970603943 0.020049574671106206 0.03364963581164678
0 0.43695735931396484 0.3211015462875366 0.020049574671106206 0.03364963581164678
0 0.3592597246170044 0.3212088346481323 0.020049574671106206 0.03364963581164678
0 0.28174349665641785 0.32131585478782654 0.020049574671106206 0.03364963581164678
0 0.7594966292381287 0.4135611355304718 0.020049574671106206 0.03364963581164678
0 0.6776989102363586 0.41356030106544495 0.020049574671106206 0.03364963581164678
0 0.5961012840270996 0.4135594964027405 0.020049574671106206 0.03364963581164678
0 0.5147030353546143 0.413558691740036 0.020049574671106206 0.03364963581164678
0 0.4335034489631653 0.41355788707733154 0.020049574671106206 0.03364963581164678
0 0.3525017201900482 0.4135570824146271 0.020049574671106206 0.03364963581164678
0 0.27169719338417053 0.4135562479496002 0.020049574671106206 0.03364963581164678
0 0.770306408405304 0.514767587184906 0.020049574671106206 0.03364963581164678
0 0.6848385334014893 0.5146372318267822 0.020049574671106206 0.03364963581164678
0 0.5995890498161316 0.5145072340965271 0.020049574671106206 0.03364963581164678
0 0.5145571231842041 0.5143775939941406 0.020049574671106206 0.03364963581164678
0 0.42974191904067993 0.514248251914978 0.020049574671106206 0.03364963581164678
0 0.345142662525177 0.5141192078590393 0.020049574671106206 0.03364963581164678
0 0.2607584595680237 0.5139905214309692 0.020049574671106206 0.03364963581164678
0 0.782129168510437 0.6254579424858093 0.020049574671106206 0.03364963581164678
0 0.6926462650299072 0.6251732707023621 0.020049574671106206 0.03364963581164678
0 0.6034026741981506 0.6248893737792969 0.020049574671106206 0.03364963581164678
0 0.5143975019454956 0.624606192111969 0.020049574671106206 0.03364963581164678
0 0.42562979459762573 0.624323844909668 0.020049574671106206 0.03364963581164678
0 0.33709853887557983 0.6240421533584595 0.020049574671106206 0.03364963581164678
0 0.24880285561084747 0.6237612962722778 0.020049574671106206 0.03364963581164678
0 0.795114278793335 0.7470308542251587 0.020049574671106206 0.03364963581164678
0 0.7012205719947815 0.7465614080429077 0.020049574671106206 0.03364963581164678
0 0.6075902581214905 0.7460932731628418 0.020049574671106206 0.03364963581164678
0 0.5142223238945007 0.7456264495849609 0.020049574671106206 0.03364963581164678
0 0.4211156368255615 0.7451609373092651 0.020049574671106206 0.03364963581164678
0 0.3282691240310669 0.7446967363357544 0.020049574671106206 0.03364963581164678
0 0.2356816679239273 0.7442338466644287 0.020049574671106206 0.03364963581164678