0 0.30381476879119873 0.647636890411377 0.020349925383925438 0.027133233845233917
0 0.3796921372413635 0.6472533345222473 0.020349925383925438 0.027133233845233917
0 0.4561854600906372 0.6468666791915894 0.020349925383925438 0.027133233845233917
0 0.5333022475242615 0.6464768648147583 0.020349925383925438 0.027133233845233917
0 0.6110501289367676 0.6460838913917542 0.020349925383925438 0.027133233845233917
0 0.6894369721412659 0.6456876993179321 0.020349925383925438 0.027133233845233917
0 0.7684706449508667 0.6452881693840027 0.020349925383925438 0.027133233845233917
0 0.3135853409767151 0.561424195766449 0.020349925383925438 0.027133233845233917
0 0.38602200150489807 0.5607256889343262 0.020349925383925438 0.027133233845233917
0 0.45901963114738464 0.5600218176841736 0.020349925383925438 0.027133233845233917
0 0.5325847864151001 0.5593124032020569 0.020349925383925438 0.027133233845233917
0 0.6067240238189697 0.5585975050926208 0.020349925383925438 0.027133233845233917
0 0.6814441680908203 0.5578770041465759 0.020349925383925438 0.027133233845233917
0 0.756752073764801 0.5571508407592773 0.020349925383925438 0.027133233845233917
0 0.3225024938583374 0.4827415943145752 0.020349925383925438 0.027133233845233917
0 0.3917969763278961 0.48178353905677795 0.020349925383925438 0.027133233845233917
0 0.46160444617271423 0.48081839084625244 0.020349925383925438 0.027133233845233917
0 0.531930685043335 0.4798460602760315 0.020349925383925438 0.027133233845233917
0 0.6027814149856567 0.47886648774147034 0.020349925383925438 0.027133233845233917
0 0.6741625666618347 0.4778795838356018 0.020349925383925438 0.027133233845233917
0 0.7460801601409912 0.47688525915145874 0.020349925383925438 0.027133233845233917
0 0.3306733965873718 0.4106438159942627 0.020349925383925438 0.027133233845233917
0 0.3970869183540344 0.4094712436199188 0.020349925383925438 0.027133233845233917
0 0.46397140622138977 0.4082903563976288 0.020349925383925438 0.027133233845233917
0 0.5313318967819214 0.4071010947227478 0.020349925383925438 0.027133233845233917
0 0.5991734266281128 0.40590330958366394 0.020349925383925438 0.027133233845233917
0 0.6675012707710266 0.4046969711780548 0.020349925383925438 0.027133233845233917
0 0.7363206148147583 0.40348193049430847 0.020349925383925438 0.027133233845233917
0 0.33818796277046204 0.34433743357658386 0.020349925383925438 0.027133233845233917
0 0.40195050835609436 0.3429872989654541 0.020349925383925438 0.027133233845233917
0 0.46614694595336914 0.34162798523902893 0.020349925383925438 0.027133233845233917
0 0.5307816863059998 0.3402593731880188 0.020349925383925438 0.027133233845233917
0 0.5958592891693115 0.33888137340545654 0.020349925383925438 0.027133233845233917
0 0.6613842844963074 0.3374939262866974 0.020349925383925438 0.027133233845233917
0 0.727361261844635 0.3360969126224518 0.020349925383925438 0.027133233845233917
0 0.34512218832969666 0.28315162658691406 0.020349925383925438 0.027133233845233917
0 0.4064372777938843 0.28165435791015625 0.020349925383925438 0.027133233845233917
0 0.46815335750579834 0.2801472842693329 0.020349925383925438 0.027133233845233917
0 0.5302743911743164 0.2786303460597992 0.020349925383925438 0.027133233845233917
0 0.5928044319152832 0.27710339426994324 0.020349925383925438 0.027133233845233917
0 0.6557474136352539 0.2755663990974426 0.020349925383925438 0.027133233845233917
0 0.7191075682640076 0.27401918172836304 0.020349925383925438 0.027133233845233917
0 0.35154083371162415 0.22651523351669312 0.020349925383925438 0.027133233845233917
0 0.4105893671512604 0.22489608824253082 0.020349925383925438 0.027133233845233917
0 0.4700096547603607 0.22326675057411194 0.020349925383925438 0.027133233845233917
0 0.5298051834106445 0.2216271162033081 0.020349925383925438 0.027133233845233917
0 0.5899795889854431 0.21997709572315216 0.020349925383925438 0.027133233845233917
0 0.6505363583564758 0.21831659972667694 0.020349925383925438 0.027133233845233917
0 0.7114793062210083 0.2166455090045929 0.020349925383925438 0.027133233845233917