0 0.695326030254364 0.18588103353977203 0.02531498111784458 0.033753308157126106
0 0.6265863180160522 0.18817377090454102 0.02531498111784458 0.033753308157126106
0 0.5580081343650818 0.1904611438512802 0.02531498111784458 0.033753308157126106
0 0.4895908534526825 0.19274313747882843 0.02531498111784458 0.033753308157126106
0 0.4213339388370514 0.19501978158950806 0.02531498111784458 0.033753308157126106
0 0.3532367944717407 0.19729109108448029 0.02531498111784458 0.033753308157126106
0 0.2852989137172699 0.1995570957660675 0.02531498111784458 0.033753308157126106
0 0.7059190273284912 0.251595139503479 0.02531498111784458 0.033753308157126106
0 0.6338125467300415 0.25391867756843567 0.02531498111784458 0.033753308157126106
0 0.5618836879730225 0.2562365233898163 0.02531498111784458 0.033753308157126106
0 0.49013182520866394 0.25854864716529846 0.02531498111784458 0.033753308157126106
0 0.4185563027858734 0.2608550786972046 0.02531498111784458 0.033753308157126106
0 0.34715649485588074 0.26315587759017944 0.02531498111784458 0.033753308157126106
0 0.27593177556991577 0.26545101404190063 0.02531498111784458 0.033753308157126106
0 0.7176001071929932 0.3240591585636139 0.02531498111784458 0.033753308157126106
0 0.6417800188064575 0.32640793919563293 0.02531498111784458 0.033753308157126106
0 0.566156268119812 0.3287506103515625 0.02531498111784458 0.033753308157126106
0 0.49072813987731934 0.33108723163604736 0.02531498111784458 0.033753308157126106
0 0.4154948592185974 0.3334178328514099 0.02531498111784458 0.033753308157126106
0 0.34045571088790894 0.33574241399765015 0.02531498111784458 0.033753308157126106
0 0.26560989022254944 0.33806100487709045 0.02531498111784458 0.033753308157126106
0 0.7305459976196289 0.40436938405036926 0.02531498111784458 0.033753308157126106
0 0.650609016418457 0.406735360622406 0.02531498111784458 0.033753308157126106
0 0.5708901882171631 0.409094899892807 0.02531498111784458 0.033753308157126106
0 0.4913887679576874 0.41144800186157227 0.02531498111784458 0.033753308157126106
0 0.4121037423610687 0.41379469633102417 0.02531498111784458 0.033753308157126106
0 0.3330342769622803 0.4161349833011627 0.02531498111784458 0.033753308157126106
0 0.2541795074939728 0.4184689521789551 0.02531498111784458 0.033753308157126106
0 0.7449738383293152 0.49387311935424805 0.02531498111784458 0.033753308157126106
0 0.6604472398757935 0.49624499678611755 0.02531498111784458 0.033753308157126106
0 0.5761645436286926 0.4986100494861603 0.02531498111784458 0.033753308157126106
0 0.49212467670440674 0.5009682774543762 0.02531498111784458 0.033753308157126106
0 0.408326655626297 0.5033197402954102 0.02531498111784458 0.033753308157126106
0 0.32476940751075745 0.5056644082069397 0.02531498111784458 0.033753308157126106
0 0.24145187437534332 0.5080023407936096 0.02531498111784458 0.033753308157126106
0 0.7611535787582397 0.5942448377609253 0.02531498111784458 0.033753308157126106
0 0.6714782118797302 0.5966066718101501 0.02531498111784458 0.033753308157126106
0 0.5820773243904114 0.5989612936973572 0.02531498111784458 0.033753308157126106
0 0.49294954538345337 0.6013087034225464 0.02531498111784458 0.033753308157126106
0 0.4040937125682831 0.6036489605903625 0.02531498111784458 0.033753308157126106
0 0.31550857424736023 0.6059821248054504 0.02531498111784458 0.033753308157126106
0 0.22719290852546692 0.6083081364631653 0.02531498111784458 0.033753308157126106
0 0.7794249653816223 0.7075918912887573 0.02531498111784458 0.033753308157126106
0 0.6839329600334167 0.7099212408065796 0.02531498111784458 0.033753308157126106
0 0.5887519717216492 0.7122430205345154 0.02531498111784458 0.033753308157126106
0 0.4938805401325226 0.7145572304725647 0.02531498111784458 0.033753308157126106
0 0.3993171453475952 0.7168639302253723 0.02531498111784458 0.033753308157126106
0 0.3050602972507477 0.7191631197929382 0.02531498111784458 0.033753308157126106
0 0.2111085206270218 0.721454918384552 0.02531498111784458 0.033753308157126106