0 0.7247684597969055 0.262323796749115 0.035898866752783455 0.035898866752783455
0 0.6466748714447021 0.26180538535118103 0.035898866752783455 0.035898866752783455
0 0.5686355233192444 0.2612873613834381 0.035898866752783455 0.035898866752783455
0 0.49065035581588745 0.26076969504356384 0.035898866752783455 0.035898866752783455
0 0.41271933913230896 0.26025235652923584 0.035898866752783455 0.035898866752783455
0 0.33484238386154175 0.2597354054450989 0.035898866752783455 0.035898866752783455
0 0.25701943039894104 0.25921881198883057 0.035898866752783455 0.035898866752783455
0 0.7330326437950134 0.31780654191970825 0.035898866752783455 0.035898866752783455
0 0.6517265439033508 0.31724679470062256 0.035898866752783455 0.035898866752783455
0 0.5704792141914368 0.3166874349117279 0.035898866752783455 0.035898866752783455
0 0.48929062485694885 0.3161284625530243 0.035898866752783455 0.035898866752783455
0 0.4081606864929199 0.3155699074268341 0.035898866752783455 0.035898866752783455
0 0.3270893692970276 0.31501176953315735 0.035898866752783455 0.035898866752783455
0 0.2460765838623047 0.31445401906967163 0.035898866752783455 0.035898866752783455
0 0.742005467414856 0.3780471086502075 0.035898866752783455 0.035898866752783455
0 0.657211184501648 0.3774406313896179 0.035898866752783455 0.035898866752783455
0 0.5724808573722839 0.37683460116386414 0.035898866752783455 0.035898866752783455
0 0.48781439661979675 0.37622904777526855 0.035898866752783455 0.035898866752783455
0 0.40321171283721924 0.3756239414215088 0.035898866752783455 0.035898866752783455
0 0.318672776222229 0.37501928210258484 0.035898866752783455 0.035898866752783455
0 0.2341974824666977 0.3744150698184967 0.035898866752783455 0.035898866752783455
0 0.751782238483429 0.443684846162796 0.035898866752783455 0.035898866752783455
0 0.6631870865821838 0.4430253505706787 0.035898866752783455 0.035898866752783455
0 0.5746617317199707 0.442366361618042 0.035898866752783455 0.035898866752783455
0 0.4862060844898224 0.44170790910720825 0.035898866752783455 0.035898866752783455
0 0.39782005548477173 0.4410499632358551 0.035898866752783455 0.035898866752783455
0 0.30950358510017395 0.44039252400398254 0.035898866752783455 0.035898866752783455
0 0.2212565839290619 0.43973562121391296 0.035898866752783455 0.035898866752783455
0 0.7624760866165161 0.5154791474342346 0.035898866752783455 0.035898866752783455
0 0.6697232723236084 0.5147591233253479 0.035898866752783455 0.035898866752783455
0 0.5770469903945923 0.5140396356582642 0.035898866752783455 0.035898866752783455
0 0.48444709181785583 0.513320803642273 0.035898866752783455 0.035898866752783455
0 0.3919234871864319 0.5126025676727295 0.035898866752783455 0.035898866752783455
0 0.29947611689567566 0.511884868144989 0.035898866752783455 0.035898866752783455
0 0.2071048766374588 0.5111678242683411 0.035898866752783455 0.035898866752783455
0 0.7742222547531128 0.5943387746810913 0.035898866752783455 0.035898866752783455
0 0.6769024133682251 0.5935491919517517 0.035898866752783455 0.035898866752783455
0 0.5796667337417603 0.5927603244781494 0.035898866752783455 0.035898866752783455
0 0.48251521587371826 0.5919721126556396 0.035898866752783455 0.035898866752783455
0 0.3854476511478424 0.5911845564842224 0.035898866752783455 0.035898866752783455
0 0.2884639799594879 0.5903977155685425 0.035898866752783455 0.035898866752783455
0 0.19156409800052643 0.5896115303039551 0.035898866752783455 0.035898866752783455
0 0.7871842384338379 0.6813607215881348 0.035898866752783455 0.035898866752783455
0 0.6848242282867432 0.6804906725883484 0.035898866752783455 0.035898866752783455
0 0.5825574398040771 0.6796214580535889 0.035898866752783455 0.035898866752783455
0 0.48038366436958313 0.6787529587745667 0.035898866752783455 0.035898866752783455
0 0.37830278277397156 0.6778852939605713 0.035898866752783455 0.035898866752783455
0 0.2763146460056305 0.677018404006958 0.035898866752783455 0.035898866752783455
0 0.17441917955875397 0.6761523485183716 0.035898866752783455 0.035898866752783455