0 0.17648351192474365 0.6051503419876099 0.03226789832115173 0.03226789832115173
0 0.26574239134788513 0.6125123500823975 0.03226789832115173 0.03226789832115173
0 0.3566875159740448 0.6200134754180908 0.03226789832115173 0.03226789832115173
0 0.44936704635620117 0.6276576519012451 0.03226789832115173 0.03226789832115173
0 0.5438311696052551 0.6354489922523499 0.03226789832115173 0.03226789832115173
0 0.6401318907737732 0.6433917880058289 0.03226789832115173 0.03226789832115173
0 0.7383232116699219 0.6514905691146851 0.03226789832115173 0.03226789832115173
0 0.1946473866701126 0.5185662508010864 0.03226789832115173 0.03226789832115173
0 0.28160008788108826 0.5249366760253906 0.03226789832115173 0.03226789832115173
0 0.37014955282211304 0.5314240455627441 0.03226789832115173 0.03226789832115173
0 0.46034014225006104 0.5380316972732544 0.03226789832115173 0.03226789832115173
0 0.552217960357666 0.5447629690170288 0.03226789832115173 0.03226789832115173
0 0.6458306908607483 0.5516213178634644 0.03226789832115173 0.03226789832115173
0 0.7412280440330505 0.5586104393005371 0.03226789832115173 0.03226789832115173
0 0.21184110641479492 0.436606764793396 0.03226789832115173 0.03226789832115173
0 0.29660332202911377 0.44207999110221863 0.03226789832115173 0.03226789832115173
0 0.38287973403930664 0.4476509690284729 0.03226789832115173 0.03226789832115173
0 0.47071129083633423 0.4533223509788513 0.03226789832115173 0.03226789832115173
0 0.5601404309272766 0.45909690856933594 0.03226789832115173 0.03226789832115173
0 0.6512112021446228 0.4649774730205536 0.03226789832115173 0.03226789832115173
0 0.7439690828323364 0.47096696496009827 0.03226789832115173 0.03226789832115173
0 0.22814035415649414 0.35891106724739075 0.03226789832115173 0.03226789832115173
0 0.31081926822662354 0.3635708689689636 0.03226789832115173 0.03226789832115173
0 0.39493611454963684 0.36831173300743103 0.03226789832115173 0.03226789832115173
0 0.48052871227264404 0.3731357753276825 0.03226789832115173 0.03226789832115173
0 0.567636251449585 0.3780451714992523 0.03226789832115173 0.03226789832115173
0 0.6562992334365845 0.38304227590560913 0.03226789832115173 0.03226789832115173
0 0.7465597987174988 0.3881293833255768 0.03226789832115173 0.03226789832115173
0 0.24361316859722137 0.2851548194885254 0.03226789832115173 0.03226789832115173
0 0.3243083953857422 0.28907594084739685 0.03226789832115173 0.03226789832115173
0 0.4063708484172821 0.2930634915828705 0.03226789832115173 0.03226789832115173
0 0.48983559012413025 0.2971191704273224 0.03226789832115173 0.03226789832115173
0 0.5747388601303101 0.30124473571777344 0.03226789832115173 0.03226789832115173
0 0.6611181497573853 0.30544203519821167 0.03226789832115173 0.03226789832115173
0 0.749012291431427 0.3097129762172699 0.03226789832115173 0.03226789832115173
0 0.2583208382129669 0.21504585444927216 0.03226789832115173 0.03226789832115173
0 0.3371250033378601 0.21829496324062347 0.03226789832115173 0.03226789832115173
0 0.4172307848930359 0.22159773111343384 0.03226789832115173 0.03226789832115173
0 0.4986707270145416 0.2249554991722107 0.03226789832115173 0.03226789832115173
0 0.5814784169197083 0.22836966812610626 0.03226789832115173 0.03226789832115173
0 0.6656886339187622 0.23184166848659515 0.03226789832115173 0.03226789832115173
0 0.7513372898101807 0.23537296056747437 0.03226789832115173 0.03226789832115173
0 0.2723187804222107 0.14832013845443726 0.03226789832115173 0.03226789832115173
0 0.34931817650794983 0.15095695853233337 0.03226789832115173 0.03226789832115173
0 0.4275582432746887 0.15363626182079315 0.03226789832115173 0.03226789832115173
0 0.5070691704750061 0.15635909140110016 0.03226789832115173 0.03226789832115173
0 0.5878821611404419 0.15912650525569916 0.03226789832115173 0.03226789832115173
0 0.6700294613838196 0.1619396209716797 0.03226789832115173 0.03226789832115173
0 0.7535444498062134 0.16479957103729248 0.03226789832115173 0.03226789832115173