0 0.33083054423332214 0.39028769731521606 0.01925964467227459 0.02567952622969945
0 0.3257785737514496 0.4477117359638214 0.01925964467227459 0.02567952622969945
0 0.3204197585582733 0.5086234211921692 0.01925964467227459 0.02567952622969945
0 0.31472527980804443 0.5733505487442017 0.01925964467227459 0.02567952622969945
0 0.3086625933647156 0.6422631740570068 0.01925964467227459 0.02567952622969945
0 0.302194744348526 0.7157807350158691 0.01925964467227459 0.02567952622969945
0 0.29527977108955383 0.7943809032440186 0.01925964467227459 0.02567952622969945
0 0.39250633120536804 0.39175936579704285 0.01925964467227459 0.02567952622969945
0 0.3892729580402374 0.4492117464542389 0.01925964467227459 0.02567952622969945
0 0.3858432471752167 0.5101525783538818 0.01925964467227459 0.02567952622969945
0 0.3821988105773926 0.5749096274375916 0.01925964467227459 0.02567952622969945
0 0.378318727016449 0.6438528299331665 0.01925964467227459 0.02567952622969945
0 0.374179482460022 0.7174017429351807 0.01925964467227459 0.02567952622969945
0 0.3697541356086731 0.7960337996482849 0.01925964467227459 0.02567952622969945
0 0.4541507661342621 0.39323025941848755 0.01925964467227459 0.02567952622969945
0 0.4527341425418854 0.4507109522819519 0.01925964467227459 0.02567952622969945
0 0.45123153924942017 0.5116809010505676 0.01925964467227459 0.02567952622969945
0 0.449634850025177 0.5764678120613098 0.01925964467227459 0.02567952622969945
0 0.44793495535850525 0.6454415917396545 0.01925964467227459 0.02567952622969945
0 0.44612157344818115 0.7190217971801758 0.01925964467227459 0.02567952622969945
0 0.4441828727722168 0.7976857423782349 0.01925964467227459 0.02567952622969945
0 0.5157639384269714 0.39470043778419495 0.01925964467227459 0.02567952622969945
0 0.5161622166633606 0.4522094130516052 0.01925964467227459 0.02567952622969945
0 0.5165846347808838 0.5132084488868713 0.01925964467227459 0.02567952622969945
0 0.5170334577560425 0.5780251026153564 0.01925964467227459 0.02567952622969945
0 0.5175113081932068 0.647029459476471 0.01925964467227459 0.02567952622969945
0 0.5180210471153259 0.7206408977508545 0.01925964467227459 0.02567952622969945
0 0.5185660123825073 0.7993366718292236 0.01925964467227459 0.02567952622969945
0 0.5773458480834961 0.39616984128952026 0.01925964467227459 0.02567952622969945
0 0.5795571208000183 0.4537070691585541 0.01925964467227459 0.02567952622969945
0 0.5819025039672852 0.5147351026535034 0.01925964467227459 0.02567952622969945
0 0.5843946933746338 0.5795815587043762 0.01925964467227459 0.02567952622969945
0 0.587047815322876 0.6486164331436157 0.01925964467227459 0.02567952622969945
0 0.5898779630661011 0.7222590446472168 0.01925964467227459 0.02567952622969945
0 0.5929036140441895 0.8009865880012512 0.01925964467227459 0.02567952622969945
0 0.6388965845108032 0.3976385295391083 0.01925964467227459 0.02567952622969945
0 0.6429189443588257 0.45520395040512085 0.01925964467227459 0.02567952622969945
0 0.6471852660179138 0.5162609815597534 0.01925964467227459 0.02567952622969945
0 0.6517184972763062 0.5811371803283691 0.01925964467227459 0.02567952622969945
0 0.6565444469451904 0.6502025127410889 0.01925964467227459 0.02567952622969945
0 0.6616923809051514 0.7238761782646179 0.01925964467227459 0.02567952622969945
0 0.6671956777572632 0.8026354312896729 0.01925964467227459 0.02567952622969945
0 0.7004160284996033 0.3991064429283142 0.01925964467227459 0.02567952622969945
0 0.7062476873397827 0.45670005679130554 0.01925964467227459 0.02567952622969945
0 0.7124329805374146 0.5177860260009766 0.01925964467227459 0.02567952622969945
0 0.7190049886703491 0.5826919078826904 0.01925964467227459 0.02567952622969945
0 0.7260013222694397 0.6517876386642456 0.01925964467227459 0.02567952622969945
0 0.7334643006324768 0.7254924178123474 0.01925964467227459 0.02567952622969945
0 0.7414422631263733 0.8042833209037781 0.01925964467227459 0.02567952622969945