0 0.3326161801815033 0.39616072177886963 0.019212305545806885 0.02561640739440918
0 0.32725629210472107 0.45271363854408264 0.019212305545806885 0.02561640739440918
0 0.32156750559806824 0.512736976146698 0.019212305545806885 0.02561640739440918
0 0.3155185580253601 0.5765602588653564 0.019212305545806885 0.02561640739440918
0 0.30907416343688965 0.6445561051368713 0.019212305545806885 0.02561640739440918
0 0.302194207906723 0.7171475291252136 0.019212305545806885 0.02561640739440918
0 0.2948330044746399 0.794816792011261 0.019212305545806885 0.02561640739440918
0 0.3936014473438263 0.3966992497444153 0.019212305545806885 0.02561640739440918
0 0.3900538980960846 0.45331835746765137 0.019212305545806885 0.02561640739440918
0 0.38628846406936646 0.5134150981903076 0.019212305545806885 0.02561640739440918
0 0.3822844326496124 0.5773199796676636 0.019212305545806885 0.02561640739440918
0 0.3780183792114258 0.6454068422317505 0.019212305545806885 0.02561640739440918
0 0.3734636902809143 0.7181001305580139 0.019212305545806885 0.02561640739440918
0 0.3685900568962097 0.7958835959434509 0.019212305545806885 0.02561640739440918
0 0.4546917676925659 0.39723873138427734 0.019212305545806885 0.02561640739440918
0 0.4529629349708557 0.45392414927482605 0.019212305545806885 0.02561640739440918
0 0.4511277973651886 0.5140944123268127 0.019212305545806885 0.02561640739440918
0 0.44917625188827515 0.5780811309814453 0.019212305545806885 0.02561640739440918
0 0.44709691405296326 0.6462593078613281 0.019212305545806885 0.02561640739440918
0 0.4448767304420471 0.719054639339447 0.019212305545806885 0.02561640739440918
0 0.44250091910362244 0.7969526648521423 0.019212305545806885 0.02561640739440918
0 0.515887439250946 0.3977791368961334 0.019212305545806885 0.02561640739440918
0 0.5159836411476135 0.4545309841632843 0.019212305545806885 0.02561640739440918
0 0.5160858035087585 0.5147750377655029 0.019212305545806885 0.02561640739440918
0 0.5161944031715393 0.5788437724113464 0.019212305545806885 0.02561640739440918
0 0.5163101553916931 0.6471133828163147 0.019212305545806885 0.02561640739440918
0 0.5164337158203125 0.7200110554695129 0.019212305545806885 0.02561640739440918
0 0.5165660381317139 0.7980239391326904 0.019212305545806885 0.02561640739440918
0 0.5771886706352234 0.3983204662799835 0.019212305545806885 0.02561640739440918
0 0.5791163444519043 0.4551389217376709 0.019212305545806885 0.02561640739440918
0 0.5811627507209778 0.5154568552970886 0.019212305545806885 0.02561640739440918
0 0.5833392143249512 0.5796077847480774 0.019212305545806885 0.02561640739440918
0 0.5856584906578064 0.647969126701355 0.019212305545806885 0.02561640739440918
0 0.5881351828575134 0.7209694385528564 0.019212305545806885 0.02561640739440918
0 0.5907858610153198 0.79909747838974 0.019212305545806885 0.02561640739440918
0 0.6385958194732666 0.39886271953582764 0.019212305545806885 0.02561640739440918
0 0.6423613429069519 0.45574796199798584 0.019212305545806885 0.02561640739440918
0 0.6463590860366821 0.5161399245262146 0.019212305545806885 0.02561640739440918
0 0.6506110429763794 0.5803732872009277 0.019212305545806885 0.02561640739440918
0 0.6551423668861389 0.6488265991210938 0.019212305545806885 0.02561640739440918
0 0.6599815487861633 0.7219297289848328 0.019212305545806885 0.02561640739440918
0 0.6651609539985657 0.8001732230186462 0.019212305545806885 0.02561640739440918
0 0.70010906457901 0.39940592646598816 0.019212305545806885 0.02561640739440918
0 0.705718994140625 0.45635804533958435 0.019212305545806885 0.02561640739440918
0 0.7116750478744507 0.5168243050575256 0.019212305545806885 0.02561640739440918
0 0.7180103063583374 0.5811402797698975 0.019212305545806885 0.02561640739440918
0 0.7247622013092041 0.6496856808662415 0.019212305545806885 0.02561640739440918
0 0.7319731712341309 0.7228919863700867 0.019212305545806885 0.02561640739440918
0 0.7396917343139648 0.801251232624054 0.019212305545806885 0.02561640739440918