0 0.7071747183799744 0.16411326825618744 0.022816757407660287 0.03411851574977239
0 0.6317598819732666 0.1631748378276825 0.022816757407660287 0.03411851574977239
0 0.5557728409767151 0.1622292846441269 0.022816757407660287 0.03411851574977239
0 0.47920700907707214 0.16127651929855347 0.022816757407660287 0.03411851574977239
0 0.4020557701587677 0.16031648218631744 0.022816757407660287 0.03411851574977239
0 0.32431238889694214 0.15934906899929047 0.022816757407660287 0.03411851574977239
0 0.2459700107574463 0.15837422013282776 0.022816757407660287 0.03411851574977239
0 0.7186159491539001 0.24368871748447418 0.022816757407660287 0.03411851574977239
0 0.6404786705970764 0.24302765727043152 0.022816757407660287 0.03411851574977239
0 0.5617267489433289 0.242361381649971 0.022816757407660287 0.03411851574977239
0 0.48235276341438293 0.24168984591960907 0.022816757407660287 0.03411851574977239
0 0.4023493528366089 0.24101299047470093 0.022816757407660287 0.03411851574977239
0 0.3217090368270874 0.2403307408094406 0.022816757407660287 0.03411851574977239
0 0.24042417109012604 0.23964303731918335 0.022816757407660287 0.03411851574977239
0 0.7309252619743347 0.3293018937110901 0.022816757407660287 0.03411851574977239
0 0.649861752986908 0.32896387577056885 0.022816757407660287 0.03411851574977239
0 0.5681360960006714 0.32862308621406555 0.022816757407660287 0.03411851574977239
0 0.48574012517929077 0.3282795250415802 0.022816757407660287 0.03411851574977239
0 0.4026656150817871 0.32793310284614563 0.022816757407660287 0.03411851574977239
0 0.3189041018486023 0.32758381962776184 0.022816757407660287 0.03411851574977239
0 0.23444704711437225 0.32723167538642883 0.022816757407660287 0.03411851574977239
0 0.7442054152488708 0.42166703939437866 0.022816757407660287 0.03411851574977239
0 0.6599879264831543 0.4217061996459961 0.022816757407660287 0.03411851574977239
0 0.5750552415847778 0.4217456877231598 0.022816757407660287 0.03411851574977239
0 0.4893980920314789 0.42178553342819214 0.022816757407660287 0.03411851574977239
0 0.40300723910331726 0.42182570695877075 0.022816757407660287 0.03411851574977239
0 0.3158731758594513 0.421866238117218 0.022816757407660287 0.03411851574977239
0 0.22798632085323334 0.42190709710121155 0.022816757407660287 0.03411851574977239
0 0.7585758566856384 0.5216156840324402 0.022816757407660287 0.03411851574977239
0 0.6709491610527039 0.5220965147018433 0.022816757407660287 0.03411851574977239
0 0.5825474262237549 0.5225816369056702 0.022816757407660287 0.03411851574977239
0 0.49336037039756775 0.5230710506439209 0.022816757407660287 0.03411851574977239
0 0.40337738394737244 0.5235648155212402 0.022816757407660287 0.03411851574977239
0 0.31258782744407654 0.524062991142273 0.022816757407660287 0.03411851574977239
0 0.22098080813884735 0.5245656967163086 0.022816757407660287 0.03411851574977239
0 0.7741767168045044 0.6301217675209045 0.022816757407660287 0.03411851574977239
0 0.6828532218933105 0.6311215758323669 0.022816757407660287 0.03411851574977239
0 0.590687096118927 0.6321306228637695 0.022816757407660287 0.03411851574977239
0 0.497666597366333 0.6331490278244019 0.022816757407660287 0.03411851574977239
0 0.4037798345088959 0.6341769099235535 0.022816757407660287 0.03411851574977239
0 0.30901461839675903 0.6352143883705139 0.022816757407660287 0.03411851574977239
0 0.2133585810661316 0.6362616419792175 0.022816757407660287 0.03411851574977239
0 0.791172981262207 0.7483334541320801 0.022816757407660287 0.03411851574977239
0 0.6958271265029907 0.7499454617500305 0.022816757407660287 0.03411851574977239
0 0.5995618104934692 0.7515729665756226 0.022816757407660287 0.03411851574977239
0 0.5023636221885681 0.7532163262367249 0.022816757407660287 0.03411851574977239
0 0.40421897172927856 0.754875659942627 0.022816757407660287 0.03411851574977239
0 0.3051139712333679 0.756551206111908 0.022816757407660287 0.03411851574977239
0 0.20503446459770203 0.758243203163147 0.022816757407660287 0.03411851574977239