0 0.23217833042144775 0.20050042867660522 0.036228674153486885 0.036228674153486885
0 0.31138432025909424 0.2024928331375122 0.036228674153486885 0.036228674153486885
0 0.3905707597732544 0.2044847309589386 0.036228674153486885 0.036228674153486885
0 0.4697376787662506 0.2064761370420456 0.036228674153486885 0.036228674153486885
0 0.5488851070404053 0.20846706628799438 0.036228674153486885 0.036228674153486885
0 0.6280129551887512 0.21045748889446259 0.036228674153486885 0.036228674153486885
0 0.7071213722229004 0.21244743466377258 0.036228674153486885 0.036228674153486885
0 0.2219422161579132 0.2571539580821991 0.036228674153486885 0.036228674153486885
0 0.3043459355831146 0.2592194974422455 0.036228674153486885 0.036228674153486885
0 0.38672852516174316 0.2612845003604889 0.036228674153486885 0.036228674153486885
0 0.46908998489379883 0.2633489668369293 0.036228674153486885 0.036228674153486885
0 0.5514302849769592 0.2654128968715668 0.036228674153486885 0.036228674153486885
0 0.6337495446205139 0.26747632026672363 0.036228674153486885 0.036228674153486885
0 0.7160476446151733 0.2695392072200775 0.036228674153486885 0.036228674153486885
0 0.21084506809711456 0.3185730278491974 0.036228674153486885 0.036228674153486885
0 0.2967156171798706 0.3207172155380249 0.036228674153486885 0.036228674153486885
0 0.38256320357322693 0.32286080718040466 0.036228674153486885 0.036228674153486885
0 0.4683878421783447 0.32500386238098145 0.036228674153486885 0.036228674153486885
0 0.5541895031929016 0.3271463215351105 0.036228674153486885 0.036228674153486885
0 0.6399682760238647 0.32928821444511414 0.036228674153486885 0.036228674153486885
0 0.7257241606712341 0.33142951130867004 0.036228674153486885 0.036228674153486885
0 0.19877347350120544 0.38538533449172974 0.036228674153486885 0.036228674153486885
0 0.2884153425693512 0.38761430978775024 0.036228674153486885 0.036228674153486885
0 0.37803220748901367 0.389842689037323 0.036228674153486885 0.036228674153486885
0 0.4676240384578705 0.3920704126358032 0.036228674153486885 0.036228674153486885
0 0.5571908950805664 0.3942975401878357 0.036228674153486885 0.036228674153486885
0 0.646732747554779 0.396524041891098 0.036228674153486885 0.036228674153486885
0 0.7362496256828308 0.3987499177455902 0.036228674153486885 0.036228674153486885
0 0.18559320271015167 0.4583338797092438 0.036228674153486885 0.036228674153486885
0 0.2793528735637665 0.4606545567512512 0.036228674153486885 0.036228674153486885
0 0.3730852007865906 0.46297457814216614 0.036228674153486885 0.036228674153486885
0 0.4667901396751404 0.46529388427734375 0.036228674153486885 0.036228674153486885
0 0.5604677796363831 0.46761253476142883 0.036228674153486885 0.036228674153486885
0 0.6541180610656738 0.469930499792099 0.036228674153486885 0.036228674153486885
0 0.7477409839630127 0.47224780917167664 0.036228674153486885 0.036228674153486885
0 0.17114412784576416 0.5383047461509705 0.036228674153486885 0.036228674153486885
0 0.2694181501865387 0.5407248735427856 0.036228674153486885 0.036228674153486885
0 0.36766210198402405 0.5431442260742188 0.036228674153486885 0.036228674153486885
0 0.4658760130405426 0.5455628633499146 0.036228674153486885 0.036228674153486885
0 0.564059853553772 0.547980785369873 0.036228674153486885 0.036228674153486885
0 0.6622136831283569 0.5503979325294495 0.036228674153486885 0.036228674153486885
0 0.7603375315666199 0.5528143644332886 0.036228674153486885 0.036228674153486885
0 0.15523381531238556 0.6263630986213684 0.036228674153486885 0.036228674153486885
0 0.25847887992858887 0.6288914084434509 0.036228674153486885 0.036228674153486885
0 0.3616907596588135 0.6314189434051514 0.036228674153486885 0.036228674153486885
0 0.4648694694042206 0.633945643901825 0.036228674153486885 0.036228674153486885
0 0.5680150389671326 0.6364715099334717 0.036228674153486885 0.036228674153486885
0 0.671127438545227 0.6389966011047363 0.036228674153486885 0.036228674153486885
0 0.7742067575454712 0.6415208578109741 0.036228674153486885 0.036228674153486885