0 0.22644935548305511 0.19492167234420776 0.035498244067033134 0.035498244067033134
0 0.30454909801483154 0.1968243569135666 0.035498244067033134 0.035498244067033134
0 0.38228341937065125 0.1987181454896927 0.035498244067033134 0.035498244067033134
0 0.45965489745140076 0.20060308277606964 0.035498244067033134 0.035498244067033134
0 0.5366660356521606 0.20247924327850342 0.035498244067033134 0.035498244067033134
0 0.6133193969726562 0.2043467015028 0.035498244067033134 0.035498244067033134
0 0.6896174550056458 0.20620548725128174 0.035498244067033134 0.035498244067033134
0 0.2171185314655304 0.24975694715976715 0.035498244067033134 0.035498244067033134
0 0.2984512150287628 0.25160396099090576 0.035498244067033134 0.035498244067033134
0 0.3793877363204956 0.2534419894218445 0.035498244067033134 0.035498244067033134
0 0.45993101596832275 0.2552711069583893 0.035498244067033134 0.035498244067033134
0 0.5400838851928711 0.25709134340286255 0.035498244067033134 0.035498244067033134
0 0.6198492050170898 0.25890275835990906 0.035498244067033134 0.035498244067033134
0 0.6992297768592834 0.26070547103881836 0.035498244067033134 0.035498244067033134
0 0.206985741853714 0.30930525064468384 0.035498244067033134 0.035498244067033134
0 0.29183053970336914 0.31107985973358154 0.035498244067033134 0.035498244067033134
0 0.3762444257736206 0.3128454387187958 0.035498244067033134 0.035498244067033134
0 0.46023067831993103 0.3146020770072937 0.035498244067033134 0.035498244067033134
0 0.5437925457954407 0.3163498342037201 0.035498244067033134 0.035498244067033134
0 0.626933217048645 0.3180887997150421 0.035498244067033134 0.035498244067033134
0 0.7096558809280396 0.31981900334358215 0.035498244067033134 0.035498244067033134
0 0.1959429234266281 0.37420153617858887 0.035498244067033134 0.035498244067033134
0 0.2846168577671051 0.37588298320770264 0.035498244067033134 0.035498244067033134
0 0.37282031774520874 0.3775555193424225 0.035498244067033134 0.035498244067033134
0 0.4605570435523987 0.3792192041873932 0.035498244067033134 0.035498244067033134
0 0.5478307008743286 0.3808740973472595 0.035498244067033134 0.035498244067033134
0 0.6346449851989746 0.38252028822898865 0.035498244067033134 0.035498244067033134
0 0.721003532409668 0.38415783643722534 0.035498244067033134 0.035498244067033134
0 0.18386174738407135 0.4452000558376312 0.035498244067033134 0.035498244067033134
0 0.27672678232192993 0.44676265120506287 0.035498244067033134 0.035498244067033134
0 0.36907604336738586 0.4483165442943573 0.035498244067033134 0.035498244067033134
0 0.46091383695602417 0.4498618543148041 0.035498244067033134 0.035498244067033134
0 0.5522444248199463 0.4513986110687256 0.035498244067033134 0.035498244067033134
0 0.6430719494819641 0.452926903963089 0.035498244067033134 0.035498244067033134
0 0.7334006428718567 0.45444682240486145 0.035498244067033134 0.035498244067033134
0 0.17058852314949036 0.5232040286064148 0.035498244067033134 0.035498244067033134
0 0.26806044578552246 0.5246155858039856 0.035498244067033134 0.035498244067033134
0 0.36496445536613464 0.5260189175605774 0.035498244067033134 0.035498244067033134
0 0.46130555868148804 0.527414083480835 0.035498244067033134 0.035498244067033134
0 0.5570886135101318 0.5288011431694031 0.035498244067033134 0.035498244067033134
0 0.6523184180259705 0.5301802754402161 0.035498244067033134 0.035498244067033134
0 0.7469998002052307 0.5315514206886292 0.035498244067033134 0.035498244067033134
0 0.15593767166137695 0.6093040704727173 0.035498244067033134 0.035498244067033134
0 0.2584973871707916 0.61052405834198 0.035498244067033134 0.035498244067033134
0 0.36042875051498413 0.6117365956306458 0.035498244067033134 0.035498244067033134
0 0.4617375135421753 0.6129417419433594 0.035498244067033134 0.035498244067033134
0 0.5624294281005859 0.6141395568847656 0.035498244067033134 0.035498244067033134
0 0.6625099778175354 0.6153301000595093 0.035498244067033134 0.035498244067033134
0 0.7619848251342773 0.6165133714675903 0.035498244067033134 0.035498244067033134