0 0.33623766899108887 0.6132684350013733 0.019857386127114296 0.026476514836152393
0 0.41256293654441833 0.6099298596382141 0.019857386127114296 0.026476514836152393
0 0.4884607195854187 0.6066100001335144 0.019857386127114296 0.026476514836152393
0 0.5639345049858093 0.6033086776733398 0.019857386127114296 0.026476514836152393
0 0.6389878988265991 0.6000257730484009 0.019857386127114296 0.026476514836152393
0 0.7136244177818298 0.5967610478401184 0.019857386127114296 0.026476514836152393
0 0.7878474593162537 0.5935144424438477 0.019857386127114296 0.026476514836152393
0 0.3423156142234802 0.5290046334266663 0.019857386127114296 0.026476514836152393
0 0.4148685336112976 0.5260553956031799 0.019857386127114296 0.026476514836152393
0 0.48703503608703613 0.5231218338012695 0.019857386127114296 0.026476514836152393
0 0.5588181614875793 0.5202038884162903 0.019857386127114296 0.026476514836152393
0 0.6302209496498108 0.5173013806343079 0.019857386127114296 0.026476514836152393
0 0.7012463808059692 0.5144142508506775 0.019857386127114296 0.026476514836152393
0 0.7718974947929382 0.5115423202514648 0.019857386127114296 0.026476514836152393
0 0.3478219211101532 0.45266562700271606 0.019857386127114296 0.026476514836152393
0 0.4169578552246094 0.4500490128993988 0.019857386127114296 0.026476514836152393
0 0.4857427477836609 0.44744566082954407 0.019857386127114296 0.026476514836152393
0 0.554179310798645 0.4448554813861847 0.019857386127114296 0.026476514836152393
0 0.6222701072692871 0.4422784149646759 0.019857386127114296 0.026476514836152393
0 0.690017819404602 0.43971434235572815 0.019857386127114296 0.026476514836152393
0 0.7574250102043152 0.4371631443500519 0.019857386127114296 0.026476514836152393
0 0.35283365845680237 0.3831835985183716 0.019857386127114296 0.026476514836152393
0 0.41885995864868164 0.3808531165122986 0.019857386127114296 0.026476514836152393
0 0.48456600308418274 0.3785339593887329 0.019857386127114296 0.026476514836152393
0 0.5499541163444519 0.376226007938385 0.019857386127114296 0.026476514836152393
0 0.6150265336036682 0.3739291727542877 0.019857386127114296 0.026476514836152393
0 0.6797856688499451 0.37164342403411865 0.019857386127114296 0.026476514836152393
0 0.7442337274551392 0.36936864256858826 0.019857386127114296 0.026476514836152393
0 0.357414573431015 0.31967443227767944 0.019857386127114296 0.026476514836152393
0 0.42059892416000366 0.31759166717529297 0.019857386127114296 0.026476514836152393
0 0.48348990082740784 0.3155185580253601 0.019857386127114296 0.026476514836152393
0 0.5460895895957947 0.31345507502555847 0.019857386127114296 0.026476514836152393
0 0.6083999276161194 0.3114010989665985 0.019857386127114296 0.026476514836152393
0 0.6704229712486267 0.30935660004615784 0.019857386127114296 0.026476514836152393
0 0.732160747051239 0.3073215186595917 0.019857386127114296 0.026476514836152393
0 0.36161795258522034 0.26139965653419495 0.019857386127114296 0.026476514836152393
0 0.4221948981285095 0.25953254103660583 0.019857386127114296 0.026476514836152393
0 0.48250213265419006 0.2576737701892853 0.019857386127114296 0.026476514836152393
0 0.5425414443016052 0.2558232247829437 0.019857386127114296 0.026476514836152393
0 0.6023146510124207 0.2539808750152588 0.019857386127114296 0.026476514836152393
0 0.6618234515190125 0.2521466910839081 0.019857386127114296 0.026476514836152393
0 0.7210696339607239 0.2503206133842468 0.019857386127114296 0.026476514836152393
0 0.36548855900764465 0.20773780345916748 0.019857386127114296 0.026476514836152393
0 0.42366480827331543 0.20605944097042084 0.019857386127114296 0.026476514836152393
0 0.48159220814704895 0.20438824594020844 0.019857386127114296 0.026476514836152393
0 0.5392723679542542 0.20272418856620789 0.019857386127114296 0.026476514836152393
0 0.5967069268226624 0.2010672241449356 0.019857386127114296 0.026476514836152393
0 0.6538974046707153 0.19941729307174683 0.019857386127114296 0.026476514836152393
0 0.7108452916145325 0.19777436554431915 0.019857386127114296 0.026476514836152393