0 0.27178677916526794 0.23929858207702637 0.03590065489212672 0.03590065489212672
0 0.35058408975601196 0.2387463003396988 0.03590065489212672 0.03590065489212672
0 0.42922666668891907 0.23819510638713837 0.03590065489212672 0.03590065489212672
0 0.5077149271965027 0.2376450002193451 0.03590065489212672 0.03590065489212672
0 0.5860493183135986 0.23709595203399658 0.03590065489212672 0.03590065489212672
0 0.6642303466796875 0.23654800653457642 0.03590065489212672 0.03590065489212672
0 0.7422584295272827 0.236001119017601 0.03590065489212672 0.03590065489212672
0 0.26101577281951904 0.29477831721305847 0.03590065489212672 0.03590065489212672
0 0.3430134654045105 0.29414692521095276 0.03590065489212672 0.03590065489212672
0 0.42484360933303833 0.2935168445110321 0.03590065489212672 0.03590065489212672
0 0.5065067410469055 0.2928880453109741 0.03590065489212672 0.03590065489212672
0 0.5880032777786255 0.2922605276107788 0.03590065489212672 0.03590065489212672
0 0.669333815574646 0.29163429141044617 0.03590065489212672 0.03590065489212672
0 0.75049889087677 0.2910093367099762 0.03590065489212672 0.03590065489212672
0 0.24933508038520813 0.3549436330795288 0.03590065489212672 0.03590065489212672
0 0.33480411767959595 0.35422149300575256 0.03590065489212672 0.03590065489212672
0 0.4200911819934845 0.3535009026527405 0.03590065489212672 0.03590065489212672
0 0.5051968097686768 0.35278183221817017 0.03590065489212672 0.03590065489212672
0 0.5901215672492981 0.3520642817020416 0.03590065489212672 0.03590065489212672
0 0.6748660802841187 0.35134825110435486 0.03590065489212672 0.03590065489212672
0 0.7594308257102966 0.35063377022743225 0.03590065489212672 0.03590065489212672
0 0.23662438988685608 0.4204142987728119 0.03590065489212672 0.03590065489212672
0 0.32587170600891113 0.41958749294281006 0.03590065489212672 0.03590065489212672
0 0.4149205982685089 0.41876253485679626 0.03590065489212672 0.03590065489212672
0 0.5037717223167419 0.4179393947124481 0.03590065489212672 0.03590065489212672
0 0.5924257636070251 0.417118102312088 0.03590065489212672 0.03590065489212672
0 0.6808834075927734 0.41629859805107117 0.03590065489212672 0.03590065489212672
0 0.7691451907157898 0.41548094153404236 0.03590065489212672 0.03590065489212672
0 0.22274118661880493 0.4919244050979614 0.03590065489212672 0.03590065489212672
0 0.31611624360084534 0.4909762740135193 0.03590065489212672 0.03590065489212672
0 0.409274160861969 0.49003034830093384 0.03590065489212672 0.03590065489212672
0 0.5022156834602356 0.4890865981578827 0.03590065489212672 0.03590065489212672
0 0.5949416160583496 0.48814505338668823 0.03590065489212672 0.03590065489212672
0 0.6874526143074036 0.4872056841850281 0.03590065489212672 0.03590065489212672
0 0.7797494530677795 0.4862684905529022 0.03590065489212672 0.03590065489212672
0 0.2075153887271881 0.5703500509262085 0.03590065489212672 0.03590065489212672
0 0.30541855096817017 0.5692604184150696 0.03590065489212672 0.03590065489212672
0 0.40308302640914917 0.5681734085083008 0.03590065489212672 0.03590065489212672
0 0.5005097389221191 0.5670890808105469 0.03590065489212672 0.03590065489212672
0 0.5976995229721069 0.5660074353218079 0.03590065489212672 0.03590065489212672
0 0.6946532130241394 0.5649283528327942 0.03590065489212672 0.03590065489212672
0 0.791371762752533 0.5638518929481506 0.03590065489212672 0.03590065489212672
0 0.19074232876300812 0.6567453742027283 0.03590065489212672 0.03590065489212672
0 0.2936351001262665 0.6554896235466003 0.03590065489212672 0.03590065489212672
0 0.39626434445381165 0.6542371511459351 0.03590065489212672 0.03590065489212672
0 0.4986310601234436 0.6529878377914429 0.03590065489212672 0.03590065489212672
0 0.6007362604141235 0.6517417430877686 0.03590065489212672 0.03590065489212672
0 0.7025809288024902 0.6504988670349121 0.03590065489212672 0.03590065489212672
0 0.8041660785675049 0.649259090423584 0.03590065489212672 0.03590065489212672