0 0.33498474955558777 0.3867504298686981 0.019258424639701847 0.02567789951960246
0 0.3297601044178009 0.444094181060791 0.019258424639701847 0.02567789951960246
0 0.32420575618743896 0.5050566792488098 0.019258424639701847 0.02567789951960246
0 0.31828945875167847 0.5699915885925293 0.019258424639701847 0.02567789951960246
0 0.3119746744632721 0.6393003463745117 0.019258424639701847 0.02567789951960246
0 0.30521973967552185 0.7134401798248291 0.019258424639701847 0.02567789951960246
0 0.29797694087028503 0.7929344773292542 0.019258424639701847 0.02567789951960246
0 0.3965505063533783 0.38866204023361206 0.019258424639701847 0.02567789951960246
0 0.3932143449783325 0.44597312808036804 0.019258424639701847 0.02567789951960246
0 0.38966798782348633 0.5068949460983276 0.019258424639701847 0.02567789951960246
0 0.385890930891037 0.5717799067497253 0.019258424639701847 0.02567789951960246
0 0.3818598985671997 0.6410276293754578 0.019258424639701847 0.02567789951960246
0 0.3775484263896942 0.7150934338569641 0.019258424639701847 0.02567789951960246
0 0.37292611598968506 0.7944983839988708 0.019258424639701847 0.02567789951960246
0 0.4579268991947174 0.39056774973869324 0.019258424639701847 0.02567789951960246
0 0.4564674198627472 0.44784611463546753 0.019258424639701847 0.02567789951960246
0 0.45491617918014526 0.5087272524833679 0.019258424639701847 0.02567789951960246
0 0.45326417684555054 0.5735621452331543 0.019258424639701847 0.02567789951960246
0 0.4515012800693512 0.6427488327026367 0.019258424639701847 0.02567789951960246
0 0.4496159553527832 0.7167407870292664 0.019258424639701847 0.02567789951960246
0 0.4475949704647064 0.7960564494132996 0.019258424639701847 0.02567789951960246
0 0.5191147327423096 0.3924676179885864 0.019258424639701847 0.02567789951960246
0 0.5195202827453613 0.4497131407260895 0.019258424639701847 0.02567789951960246
0 0.519951343536377 0.5105535387992859 0.019258424639701847 0.02567789951960246
0 0.5204102993011475 0.5753383636474609 0.019258424639701847 0.02567789951960246
0 0.5209000706672668 0.6444640755653381 0.019258424639701847 0.02567789951960246
0 0.5214237570762634 0.7183821201324463 0.019258424639701847 0.02567789951960246
0 0.5219850540161133 0.7976086735725403 0.019258424639701847 0.02567789951960246
0 0.5801149010658264 0.3943616449832916 0.019258424639701847 0.02567789951960246
0 0.5823739171028137 0.45157429575920105 0.019258424639701847 0.02567789951960246
0 0.5847745537757874 0.5123738646507263 0.019258424639701847 0.02567789951960246
0 0.5873305797576904 0.57710862159729 0.019258424639701847 0.02567789951960246
0 0.5900575518608093 0.646173357963562 0.019258424639701847 0.02567789951960246
0 0.5929732322692871 0.7200176119804382 0.019258424639701847 0.02567789951960246
0 0.5960978865623474 0.7991551756858826 0.019258424639701847 0.02567789951960246
0 0.640928328037262 0.3962498903274536 0.019258424639701847 0.02567789951960246
0 0.6450292468070984 0.45342957973480225 0.019258424639701847 0.02567789951960246
0 0.6493868231773376 0.514188289642334 0.019258424639701847 0.02567789951960246
0 0.6540259718894958 0.5788729786872864 0.019258424639701847 0.02567789951960246
0 0.6589749455451965 0.6478767395019531 0.019258424639701847 0.02567789951960246
0 0.6642657518386841 0.7216472029685974 0.019258424639701847 0.02567789951960246
0 0.6699350476264954 0.8006958365440369 0.019258424639701847 0.02567789951960246
0 0.7015557289123535 0.3981323540210724 0.019258424639701847 0.02567789951960246
0 0.707487165927887 0.45527902245521545 0.019258424639701847 0.02567789951960246
0 0.713789165019989 0.5159968137741089 0.019258424639701847 0.02567789951960246
0 0.7204977869987488 0.5806313753128052 0.019258424639701847 0.02567789951960246
0 0.7276535034179688 0.6495741605758667 0.019258424639701847 0.02567789951960246
0 0.7353026866912842 0.7232708930969238 0.019258424639701847 0.02567789951960246
0 0.7434981465339661 0.8022308349609375 0.019258424639701847 0.02567789951960246