0 0.7163375616073608 0.2571133077144623 0.028942594925562542 0.028942594925562542
0 0.6472617983818054 0.2577766180038452 0.028942594925562542 0.028942594925562542
0 0.5784668326377869 0.25843724608421326 0.028942594925562542 0.028942594925562542
0 0.5099510550498962 0.2590952217578888 0.028942594925562542 0.028942594925562542
0 0.4417126178741455 0.25975048542022705 0.028942594925562542 0.028942594925562542
0 0.3737499713897705 0.2604031264781952 0.028942594925562542 0.028942594925562542
0 0.30606141686439514 0.2610531449317932 0.028942594925562542 0.028942594925562542
0 0.7218461036682129 0.3174448013305664 0.028942594925562542 0.028942594925562542
0 0.6505860090255737 0.31800222396850586 0.028942594925562542 0.028942594925562542
0 0.5796246528625488 0.3185573220252991 0.028942594925562542 0.028942594925562542
0 0.5089603066444397 0.31911009550094604 0.028942594925562542 0.028942594925562542
0 0.43859097361564636 0.31966057419776917 0.028942594925562542 0.028942594925562542
0 0.36851489543914795 0.32020875811576843 0.028942594925562542 0.028942594925562542
0 0.29873019456863403 0.32075464725494385 0.028942594925562542 0.028942594925562542
0 0.7277132272720337 0.3817034959793091 0.028942594925562542 0.028942594925562542
0 0.6541261076927185 0.382139652967453 0.028942594925562542 0.028942594925562542
0 0.580857515335083 0.3825739026069641 0.028942594925562542 0.028942594925562542
0 0.5079054832458496 0.3830063045024872 0.028942594925562542 0.028942594925562542
0 0.4352678656578064 0.38343682885169983 0.028942594925562542 0.028942594925562542
0 0.3629426658153534 0.38386547565460205 0.028942594925562542 0.028942594925562542
0 0.2909278869628906 0.3842923045158386 0.028942594925562542 0.028942594925562542
0 0.7339751124382019 0.45028579235076904 0.028942594925562542 0.028942594925562542
0 0.6579038500785828 0.4505828320980072 0.028942594925562542 0.028942594925562542
0 0.5821729898452759 0.4508785307407379 0.028942594925562542 0.028942594925562542
0 0.5067801475524902 0.4511728882789612 0.028942594925562542 0.028942594925562542
0 0.43172314763069153 0.4514659643173218 0.028942594925562542 0.028942594925562542
0 0.3569997251033783 0.4517577290534973 0.028942594925562542 0.028942594925562542
0 0.2826076149940491 0.4520481824874878 0.028942594925562542 0.028942594925562542
0 0.7406729459762573 0.5236432552337646 0.028942594925562542 0.028942594925562542
0 0.6619440913200378 0.5237804055213928 0.028942594925562542 0.028942594925562542
0 0.5835795998573303 0.5239169001579285 0.028942594925562542 0.028942594925562542
0 0.505577027797699 0.5240527987480164 0.028942594925562542 0.028942594925562542
0 0.427933931350708 0.5241880416870117 0.028942594925562542 0.028942594925562542
0 0.3506477177143097 0.5243226885795593 0.028942594925562542 0.028942594925562542
0 0.273716002702713 0.5244567394256592 0.028942594925562542 0.028942594925562542
0 0.7478539943695068 0.6022924780845642 0.028942594925562542 0.028942594925562542
0 0.6662750244140625 0.602245569229126 0.028942594925562542 0.028942594925562542
0 0.5850871801376343 0.6021988391876221 0.028942594925562542 0.028942594925562542
0 0.5042877793312073 0.6021523475646973 0.028942594925562542 0.028942594925562542
0 0.4238739311695099 0.6021060943603516 0.028942594925562542 0.028942594925562542
0 0.3438429832458496 0.602060079574585 0.028942594925562542 0.028942594925562542
0 0.264192134141922 0.6020142436027527 0.028942594925562542 0.028942594925562542
0 0.7555724382400513 0.6868276000022888 0.028942594925562542 0.028942594925562542
0 0.6709292531013489 0.6865682005882263 0.028942594925562542 0.028942594925562542
0 0.5867070555686951 0.6863100528717041 0.028942594925562542 0.028942594925562542
0 0.5029026865959167 0.6860531568527222 0.028942594925562542 0.028942594925562542
0 0.41951313614845276 0.6857975721359253 0.028942594925562542 0.028942594925562542
0 0.33653524518013 0.6855432391166687 0.028942594925562542 0.028942594925562542
0 0.2539660334587097 0.6852901577949524 0.028942594925562542 0.028942594925562542