0 0.29932349920272827 0.6421316862106323 0.020630991086363792 0.027507988115151722
0 0.3763444721698761 0.6413487792015076 0.020630991086363792 0.027507988115151722
0 0.45386654138565063 0.6405607461929321 0.020630991086363792 0.027507988115151722
0 0.5318946242332458 0.639767587184906 0.020630991086363792 0.027507988115151722
0 0.6104336380958557 0.6389692425727844 0.020630991086363792 0.027507988115151722
0 0.6894886493682861 0.6381655931472778 0.020630991086363792 0.027507988115151722
0 0.769064724445343 0.637356698513031 0.020630991086363792 0.027507988115151722
0 0.31032899022102356 0.553678035736084 0.020630991086363792 0.027507988115151722
0 0.38365650177001953 0.5526601076126099 0.020630991086363792 0.027507988115151722
0 0.4574379324913025 0.5516358017921448 0.020630991086363792 0.027507988115151722
0 0.5316774845123291 0.5506052374839783 0.020630991086363792 0.027507988115151722
0 0.6063794493675232 0.5495681762695312 0.020630991086363792 0.027507988115151722
0 0.6815481781959534 0.5485246777534485 0.020630991086363792 0.027507988115151722
0 0.7571879625320435 0.5474746227264404 0.020630991086363792 0.027507988115151722
0 0.3203214108943939 0.4733666181564331 0.020630991086363792 0.027507988115151722
0 0.39029350876808167 0.4721592962741852 0.020630991086363792 0.027507988115151722
0 0.46067866683006287 0.4709448516368866 0.020630991086363792 0.027507988115151722
0 0.5314805507659912 0.4697231948375702 0.020630991086363792 0.027507988115151722
0 0.6027029156684875 0.4684942960739136 0.020630991086363792 0.027507988115151722
0 0.6743494868278503 0.4672580659389496 0.020630991086363792 0.027507988115151722
0 0.7464240789413452 0.46601447463035583 0.020630991086363792 0.027507988115151722
0 0.32943451404571533 0.40012264251708984 0.020630991086363792 0.027507988115151722
0 0.39634478092193604 0.3987625241279602 0.020630991086363792 0.027507988115151722
0 0.46363258361816406 0.39739474654197693 0.020630991086363792 0.027507988115151722
0 0.5313010811805725 0.39601922035217285 0.020630991086363792 0.027507988115151722
0 0.599353551864624 0.3946359157562256 0.020630991086363792 0.027507988115151722
0 0.667793333530426 0.3932447135448456 0.020630991086363792 0.027507988115151722
0 0.7366235852241516 0.39184558391571045 0.020630991086363792 0.027507988115151722
0 0.3377794325351715 0.33305248618125916 0.020630991086363792 0.027507988115151722
0 0.40188461542129517 0.3315691649913788 0.020630991086363792 0.027507988115151722
0 0.4663361608982086 0.33007779717445374 0.020630991086363792 0.027507988115151722
0 0.5311368703842163 0.328578382730484 0.020630991086363792 0.027507988115151722
0 0.5962896347045898 0.32707080245018005 0.020630991086363792 0.027507988115151722
0 0.661797285079956 0.3255550265312195 0.020630991086363792 0.027507988115151722
0 0.7276627421379089 0.32403096556663513 0.020630991086363792 0.027507988115151722
0 0.34544941782951355 0.2714071571826935 0.020630991086363792 0.027507988115151722
0 0.4069752097129822 0.2698246240615845 0.020630991086363792 0.027507988115151722
0 0.4688199460506439 0.26823386549949646 0.020630991086363792 0.027507988115151722
0 0.5309860706329346 0.26663485169410706 0.020630991086363792 0.027507988115151722
0 0.5934761166572571 0.2650274932384491 0.020630991086363792 0.027507988115151722
0 0.6562926173210144 0.2634117603302002 0.020630991086363792 0.027507988115151722
0 0.7194380760192871 0.2617875635623932 0.020630991086363792 0.027507988115151722
0 0.35252314805984497 0.2145540714263916 0.020630991086363792 0.027507988115151722
0 0.4116691052913666 0.21289195120334625 0.020630991086363792 0.027507988115151722
0 0.47110965847969055 0.21122154593467712 0.020630991086363792 0.027507988115151722
0 0.5308470129966736 0.20954281091690063 0.020630991086363792 0.027507988115151722
0 0.5908834338188171 0.20785565674304962 0.020630991086363792 0.027507988115151722
0 0.6512211561203003 0.2061600536108017 0.020630991086363792 0.027507988115151722
0 0.7118624448776245 0.2044558972120285 0.020630991086363792 0.027507988115151722