0 0.7067298293113708 0.35383665561676025 0.029109520216782887 0.029109520216782887
0 0.6428440809249878 0.3545946180820465 0.029109520216782887 0.029109520216782887
0 0.5790148377418518 0.35535192489624023 0.029109520216782887 0.029109520216782887
0 0.5152419805526733 0.35610854625701904 0.029109520216782887 0.029109520216782887
0 0.45152539014816284 0.3568645119667053 0.029109520216782887 0.029109520216782887
0 0.3878650367259979 0.3576197922229767 0.029109520216782887 0.029109520216782887
0 0.3242608606815338 0.3583744466304779 0.029109520216782887 0.029109520216782887
0 0.7151683568954468 0.40536558628082275 0.029109520216782887 0.029109520216782887
0 0.6487134695053101 0.406130313873291 0.029109520216782887 0.029109520216782887
0 0.5823196172714233 0.406894326210022 0.029109520216782887 0.029109520216782887
0 0.5159868001937866 0.4076576232910156 0.029109520216782887 0.029109520216782887
0 0.44971489906311035 0.40842023491859436 0.029109520216782887 0.029109520216782887
0 0.38350382447242737 0.4091821312904358 0.029109520216782887 0.029109520216782887
0 0.3173534870147705 0.4099433422088623 0.029109520216782887 0.029109520216782887
0 0.7243133187294006 0.4612079858779907 0.029109520216782887 0.029109520216782887
0 0.655073881149292 0.46197792887687683 0.029109520216782887 0.029109520216782887
0 0.5859007835388184 0.46274715662002563 0.029109520216782887 0.029109520216782887
0 0.5167939066886902 0.46351563930511475 0.029109520216782887 0.029109520216782887
0 0.4477531611919403 0.46428337693214417 0.029109520216782887 0.029109520216782887
0 0.3787783980369568 0.4650503993034363 0.029109520216782887 0.029109520216782887
0 0.30986955761909485 0.4658166766166687 0.029109520216782887 0.029109520216782887
0 0.734257161617279 0.5219290852546692 0.029109520216782887 0.029109520216782887
0 0.6619897484779358 0.5227022767066956 0.029109520216782887 0.029109520216782887
0 0.5897945165634155 0.5234747529029846 0.029109520216782887 0.029109520216782887
0 0.5176714658737183 0.5242463946342468 0.029109520216782887 0.029109520216782887
0 0.4456203579902649 0.5250173211097717 0.029109520216782887 0.029109520216782887
0 0.37364116311073303 0.5257874131202698 0.029109520216782887 0.029109520216782887
0 0.30173376202583313 0.5265567898750305 0.029109520216782887 0.029109520216782887
0 0.745109498500824 0.5881974697113037 0.029109520216782887 0.029109520216782887
0 0.6695370674133301 0.5889713168144226 0.029109520216782887 0.029109520216782887
0 0.5940436124801636 0.5897443890571594 0.029109520216782887 0.029109520216782887
0 0.5186290144920349 0.5905166268348694 0.029109520216782887 0.029109520216782887
0 0.44329312443733215 0.5912880897521973 0.029109520216782887 0.029109520216782887
0 0.36803582310676575 0.5920587182044983 0.029109520216782887 0.029109520216782887
0 0.29285702109336853 0.5928285717964172 0.029109520216782887 0.029109520216782887
0 0.7570006847381592 0.6608096361160278 0.029109520216782887 0.029109520216782887
0 0.6778064966201782 0.6615808010101318 0.029109520216782887 0.029109520216782887
0 0.5986989736557007 0.6623510718345642 0.029109520216782887 0.029109520216782887
0 0.5196780562400818 0.6631205081939697 0.029109520216782887 0.029109520216782887
0 0.4407435655593872 0.6638890504837036 0.029109520216782887 0.029109520216782887
0 0.361895352602005 0.6646568179130554 0.029109520216782887 0.029109520216782887
0 0.28313329815864563 0.6654237508773804 0.029109520216782887 0.029109520216782887
0 0.770087480545044 0.7407224178314209 0.029109520216782887 0.029109520216782887
0 0.6869068741798401 0.7414863109588623 0.029109520216782887 0.029109520216782887
0 0.6038219332695007 0.7422493100166321 0.029109520216782887 0.029109520216782887
0 0.5208324193954468 0.7430114150047302 0.029109520216782887 0.029109520216782887
0 0.43793830275535583 0.7437726855278015 0.029109520216782887 0.029109520216782887
0 0.3551393151283264 0.7445330619812012 0.029109520216782887 0.029109520216782887
0 0.2724353075027466 0.745292603969574 0.029109520216782887 0.029109520216782887