0 0.7200109958648682 0.2659773528575897 0.03310307860374451 0.03310307860374451
0 0.6458390355110168 0.266847163438797 0.03310307860374451 0.03310307860374451
0 0.5721359252929688 0.26771149039268494 0.03310307860374451 0.03310307860374451
0 0.49889737367630005 0.2685703635215759 0.03310307860374451 0.03310307860374451
0 0.4261189103126526 0.26942381262779236 0.03310307860374451 0.03310307860374451
0 0.35379624366760254 0.2702719569206238 0.03310307860374451 0.03310307860374451
0 0.28192511200904846 0.2711147665977478 0.03310307860374451 0.03310307860374451
0 0.7280507683753967 0.3279062807559967 0.03310307860374451 0.03310307860374451
0 0.650917112827301 0.32860633730888367 0.03310307860374451 0.03310307860374451
0 0.5742903351783752 0.3293018341064453 0.03310307860374451 0.03310307860374451
0 0.49816542863845825 0.32999274134635925 0.03310307860374451 0.03310307860374451
0 0.42253756523132324 0.33067914843559265 0.03310307860374451 0.03310307860374451
0 0.34740182757377625 0.3313611149787903 0.03310307860374451 0.03310307860374451
0 0.27275344729423523 0.33203864097595215 0.03310307860374451 0.03310307860374451
0 0.7367553114891052 0.3949560523033142 0.03310307860374451 0.03310307860374451
0 0.6564136147499084 0.3954548239707947 0.03310307860374451 0.03310307860374451
0 0.5766215920448303 0.39595019817352295 0.03310307860374451 0.03310307860374451
0 0.4973736107349396 0.3964422047138214 0.03310307860374451 0.03310307860374451
0 0.4186640977859497 0.39693084359169006 0.03310307860374451 0.03310307860374451
0 0.34048759937286377 0.3974161744117737 0.03310307860374451 0.03310307860374451
0 0.2628387212753296 0.39789822697639465 0.03310307860374451 0.03310307860374451
0 0.7462106347084045 0.46778926253318787 0.03310307860374451 0.03310307860374451
0 0.6623825430870056 0.46804875135421753 0.03310307860374451 0.03310307860374451
0 0.5791525840759277 0.46830636262893677 0.03310307860374451 0.03310307860374451
0 0.496514230966568 0.46856215596199036 0.03310307860374451 0.03310307860374451
0 0.41446128487586975 0.4688161313533783 0.03310307860374451 0.03310307860374451
0 0.332987517118454 0.469068318605423 0.03310307860374451 0.03310307860374451
0 0.2520868480205536 0.4693187475204468 0.03310307860374451 0.03310307860374451
0 0.7565183639526367 0.5471879243850708 0.03310307860374451 0.03310307860374451
0 0.6688875555992126 0.5471620559692383 0.03310307860374451 0.03310307860374451
0 0.5819099545478821 0.5471363663673401 0.03310307860374451 0.03310307860374451
0 0.49557819962501526 0.5471108555793762 0.03310307860374451 0.03310307860374451
0 0.4098851978778839 0.5470855236053467 0.03310307860374451 0.03310307860374451
0 0.324823796749115 0.5470604300498962 0.03310307860374451 0.03310307860374451
0 0.24038712680339813 0.5470355153083801 0.03310307860374451 0.03310307860374451
0 0.7677990794181824 0.6340816617012024 0.03310307860374451 0.03310307860374451
0 0.6760042309761047 0.6337141990661621 0.03310307860374451 0.03310307860374451
0 0.5849255919456482 0.6333496570587158 0.03310307860374451 0.03310307860374451
0 0.49455487728118896 0.632987916469574 0.03310307860374451 0.03310307860374451
0 0.40488380193710327 0.6326290369033813 0.03310307860374451 0.03310307860374451
0 0.31590431928634644 0.6322728991508484 0.03310307860374451 0.03310307860374451
0 0.22760842740535736 0.6319194436073303 0.03310307860374451 0.03310307860374451
0 0.7801974415779114 0.729584276676178 0.03310307860374451 0.03310307860374451
0 0.6838230490684509 0.7288062572479248 0.03310307860374451 0.03310307860374451
0 0.5882375836372375 0.7280345559120178 0.03310307860374451 0.03310307860374451
0 0.4934313893318176 0.7272692322731018 0.03310307860374451 0.03310307860374451
0 0.3993949890136719 0.7265100479125977 0.03310307860374451 0.03310307860374451
0 0.30611899495124817 0.7257570028305054 0.03310307860374451 0.03310307860374451
0 0.21359427273273468 0.7250100374221802 0.03310307860374451 0.03310307860374451