0 0.2988046407699585 0.6474689841270447 0.020490365102887154 0.027320486803849537
0 0.3742443323135376 0.6466244459152222 0.020490365102887154 0.027320486803849537
0 0.45064887404441833 0.6457690596580505 0.020490365102887154 0.027320486803849537
0 0.528036892414093 0.6449027061462402 0.020490365102887154 0.027320486803849537
0 0.6064275503158569 0.6440251469612122 0.020490365102887154 0.027320486803849537
0 0.6858404278755188 0.6431360840797424 0.020490365102887154 0.027320486803849537
0 0.7662956118583679 0.6422353982925415 0.020490365102887154 0.027320486803849537
0 0.30885788798332214 0.5595418810844421 0.020490365102887154 0.027320486803849537
0 0.38087862730026245 0.5582033395767212 0.020490365102887154 0.027320486803849537
0 0.4537777602672577 0.5568484663963318 0.020490365102887154 0.027320486803849537
0 0.527571439743042 0.55547696352005 0.020490365102887154 0.027320486803849537
0 0.6022762656211853 0.5540885925292969 0.020490365102887154 0.027320486803849537
0 0.6779091954231262 0.5526828765869141 0.020490365102887154 0.027320486803849537
0 0.7544875741004944 0.5512596368789673 0.020490365102887154 0.027320486803849537
0 0.3180296719074249 0.47932419180870056 0.020490365102887154 0.027320486803849537
0 0.38692787289619446 0.47757989168167114 0.020490365102887154 0.027320486803849537
0 0.4566291272640228 0.4758152961730957 0.020490365102887154 0.027320486803849537
0 0.5271475315093994 0.4740299880504608 0.020490365102887154 0.027320486803849537
0 0.5984975099563599 0.4722236096858978 0.020490365102887154 0.027320486803849537
0 0.6706939339637756 0.4703958332538605 0.020490365102887154 0.027320486803849537
0 0.7437519431114197 0.46854621171951294 0.020490365102887154 0.027320486803849537
0 0.3264310359954834 0.4058445990085602 0.020490365102887154 0.027320486803849537
0 0.39246615767478943 0.4037662148475647 0.020490365102887154 0.027320486803849537
0 0.45923829078674316 0.4016646444797516 0.020490365102887154 0.027320486803849537
0 0.5267598032951355 0.3995394706726074 0.020490365102887154 0.027320486803849537
0 0.5950433611869812 0.39739033579826355 0.020490365102887154 0.027320486803849537
0 0.6641020178794861 0.39521679282188416 0.020490365102887154 0.027320486803849537
0 0.7339489459991455 0.3930184245109558 0.020490365102887154 0.027320486803849537
0 0.3341551423072815 0.3382883071899414 0.020490365102887154 0.027320486803849537
0 0.3975556492805481 0.33593446016311646 0.020490365102887154 0.027320486803849537
0 0.46163487434387207 0.3335554003715515 0.020490365102887154 0.027320486803849537
0 0.5264038443565369 0.33115071058273315 0.020490365102887154 0.027320486803849537
0 0.5918737053871155 0.3287200331687927 0.020490365102887154 0.027320486803849537
0 0.65805584192276 0.326262891292572 0.020490365102887154 0.027320486803849537
0 0.7249621152877808 0.32377889752388 0.020490365102887154 0.027320486803849537
0 0.3412807285785675 0.2759668529033661 0.020490365102887154 0.027320486803849537
0 0.40224871039390564 0.27338576316833496 0.020490365102887154 0.027320486803849537
0 0.46384385228157043 0.2707781195640564 0.020490365102887154 0.027320486803849537
0 0.5260758996009827 0.26814350485801697 0.020490365102887154 0.027320486803849537
0 0.5889546871185303 0.26548153162002563 0.020490365102887154 0.027320486803849537
0 0.652490496635437 0.2627917230129242 0.020490365102887154 0.027320486803849537
0 0.7166935801506042 0.2600736618041992 0.020490365102887154 0.027320486803849537
0 0.3478747606277466 0.21829450130462646 0.020490365102887154 0.027320486803849537
0 0.40658998489379883 0.21552610397338867 0.020490365102887154 0.027320486803849537
0 0.4658864140510559 0.2127303034067154 0.020490365102887154 0.027320486803849537
0 0.525772750377655 0.2099066823720932 0.020490365102887154 0.027320486803849537
0 0.586257815361023 0.20705483853816986 0.020490365102887154 0.027320486803849537
0 0.6473507285118103 0.20417433977127075 0.020490365102887154 0.027320486803849537
0 0.709060549736023 0.20126473903656006 0.020490365102887154 0.027320486803849537