0 0.26777946949005127 0.09498365968465805 0.036783124009768166 0.036783124009768166
0 0.3494223654270172 0.09329227358102798 0.036783124009768166 0.036783124009768166
0 0.431203156709671 0.0915980339050293 0.036783124009768166 0.036783124009768166
0 0.5131222009658813 0.0899009257555008 0.036783124009768166 0.036783124009768166
0 0.5951797962188721 0.08820094168186188 0.036783124009768166 0.036783124009768166
0 0.6773763298988342 0.08649808913469315 0.036783124009768166 0.036783124009768166
0 0.7597121596336365 0.08479234576225281 0.036783124009768166 0.036783124009768166
0 0.25816667079925537 0.15346358716487885 0.036783124009768166 0.036783124009768166
0 0.34290653467178345 0.151759073138237 0.036783124009768166 0.036783124009768166
0 0.4277949631214142 0.15005159378051758 0.036783124009768166 0.036783124009768166
0 0.5128323435783386 0.148341104388237 0.036783124009768166 0.036783124009768166
0 0.5980190634727478 0.14662760496139526 0.036783124009768166 0.036783124009768166
0 0.6833555698394775 0.14491111040115356 0.036783124009768166 0.036783124009768166
0 0.7688421607017517 0.14319159090518951 0.036783124009768166 0.036783124009768166
0 0.24779438972473145 0.2165638953447342 0.036783124009768166 0.036783124009768166
0 0.33587542176246643 0.21484945714473724 0.036783124009768166 0.036783124009768166
0 0.42411699891090393 0.2131318747997284 0.036783124009768166 0.036783124009768166
0 0.5125195384025574 0.21141117811203003 0.036783124009768166 0.036783124009768166
0 0.601083517074585 0.20968732237815857 0.036783124009768166 0.036783124009768166
0 0.6898093223571777 0.2079603224992752 0.036783124009768166 0.036783124009768166
0 0.7786974310874939 0.20623016357421875 0.036783124009768166 0.036783124009768166
0 0.2365688979625702 0.2848547101020813 0.036783124009768166 0.036783124009768166
0 0.32826539874076843 0.283134400844574 0.036783124009768166 0.036783124009768166
0 0.4201359152793884 0.2814108431339264 0.036783124009768166 0.036783124009768166
0 0.5121809244155884 0.27968403697013855 0.036783124009768166 0.036783124009768166
0 0.6044009923934937 0.2779539227485657 0.036783124009768166 0.036783124009768166
0 0.6967965364456177 0.27622050046920776 0.036783124009768166 0.036783124009768166
0 0.7893680334091187 0.2744837999343872 0.036783124009768166 0.036783124009768166
0 0.22438043355941772 0.3590039014816284 0.036783124009768166 0.036783124009768166
0 0.32000190019607544 0.3572830557823181 0.036783124009768166 0.036783124009768166
0 0.4158126413822174 0.3555588126182556 0.036783124009768166 0.036783124009768166
0 0.511813223361969 0.35383114218711853 0.036783124009768166 0.036783124009768166
0 0.6080041527748108 0.35210004448890686 0.036783124009768166 0.036783124009768166
0 0.7043860554695129 0.3503655195236206 0.036783124009768166 0.036783124009768166
0 0.8009594678878784 0.3486275374889374 0.036783124009768166 0.036783124009768166
0 0.21109949052333832 0.43979915976524353 0.036783124009768166 0.036783124009768166
0 0.31099697947502136 0.43808457255363464 0.036783124009768166 0.036783124009768166
0 0.4111010730266571 0.4363664388656616 0.036783124009768166 0.036783124009768166
0 0.5114124417304993 0.4346447288990021 0.036783124009768166 0.036783124009768166
0 0.6119316816329956 0.4329195022583008 0.036783124009768166 0.036783124009768166
0 0.7126594185829163 0.4311906397342682 0.036783124009768166 0.036783124009768166
0 0.8135963678359985 0.42945823073387146 0.036783124009768166 0.036783124009768166
0 0.19657233357429504 0.5281758904457092 0.036783124009768166 0.036783124009768166
0 0.30114617943763733 0.5264763236045837 0.036783124009768166 0.036783124009768166
0 0.40594643354415894 0.524773120880127 0.036783124009768166 0.036783124009768166
0 0.5109739303588867 0.5230662226676941 0.036783124009768166 0.036783124009768166
0 0.6162292957305908 0.5213556289672852 0.036783124009768166 0.036783124009768166
0 0.7217133045196533 0.5196412801742554 0.036783124009768166 0.036783124009768166
0 0.8274267315864563 0.5179232358932495 0.036783124009768166 0.036783124009768166