0 0.33746278285980225 0.38562843203544617 0.019306130707263947 0.02574150760968526
0 0.3323349952697754 0.44359996914863586 0.019306130707263947 0.02574150760968526
0 0.3269067704677582 0.5049686431884766 0.019306130707263947 0.02574150760968526
0 0.32115083932876587 0.5700419545173645 0.019306130707263947 0.02574150760968526
0 0.3150365948677063 0.6391659379005432 0.019306130707263947 0.02574150760968526
0 0.3085295557975769 0.712730884552002 0.019306130707263947 0.02574150760968526
0 0.30159059166908264 0.7911789417266846 0.019306130707263947 0.02574150760968526
0 0.3999854028224945 0.3875693082809448 0.019306130707263947 0.02574150760968526
0 0.3966400921344757 0.44554945826530457 0.019306130707263947 0.02574150760968526
0 0.3930988907814026 0.5069243907928467 0.019306130707263947 0.02574150760968526
0 0.38934409618377686 0.5720012187957764 0.019306130707263947 0.02574150760968526
0 0.38535580039024353 0.6411253809928894 0.019306130707263947 0.02574150760968526
0 0.3811114728450775 0.7146864533424377 0.019306130707263947 0.02574150760968526
0 0.3765856921672821 0.7931258082389832 0.019306130707263947 0.02574150760968526
0 0.4624103605747223 0.3895071744918823 0.019306130707263947 0.02574150760968526
0 0.4608418345451355 0.44749581813812256 0.019306130707263947 0.02574150760968526
0 0.459181547164917 0.5088769197463989 0.019306130707263947 0.02574150760968526
0 0.4574211835861206 0.5739572048187256 0.019306130707263947 0.02574150760968526
0 0.4555514454841614 0.6430813670158386 0.019306130707263947 0.02574150760968526
0 0.45356181263923645 0.716638445854187 0.019306130707263947 0.02574150760968526
0 0.45144036412239075 0.7950690984725952 0.019306130707263947 0.02574150760968526
0 0.5247378349304199 0.3914420008659363 0.019306130707263947 0.02574150760968526
0 0.5249404907226562 0.44943904876708984 0.019306130707263947 0.02574150760968526
0 0.5251550078392029 0.5108262300491333 0.019306130707263947 0.02574150760968526
0 0.525382399559021 0.5759097933769226 0.019306130707263947 0.02574150760968526
0 0.5256239175796509 0.6450338959693909 0.019306130707263947 0.02574150760968526
0 0.5258809328079224 0.7185869812965393 0.019306130707263947 0.02574150760968526
0 0.5261549353599548 0.7970086932182312 0.019306130707263947 0.02574150760968526
0 0.5869681239128113 0.3933738172054291 0.019306130707263947 0.02574150760968526
0 0.5889363288879395 0.4513791501522064 0.019306130707263947 0.02574150760968526
0 0.5910195112228394 0.5127723217010498 0.019306130707263947 0.02574150760968526
0 0.5932280421257019 0.5778590440750122 0.019306130707263947 0.02574150760968526
0 0.5955735445022583 0.6469830870628357 0.019306130707263947 0.02574150760968526
0 0.5980691909790039 0.7205319404602051 0.019306130707263947 0.02574150760968526
0 0.6007298827171326 0.7989446520805359 0.019306130707263947 0.02574150760968526
0 0.6491013765335083 0.3953026235103607 0.019306130707263947 0.02574150760968526
0 0.6528295874595642 0.4533161520957947 0.019306130707263947 0.02574150760968526
0 0.6567754149436951 0.5147151947021484 0.019306130707263947 0.02574150760968526
0 0.6609583497047424 0.5798050165176392 0.019306130707263947 0.02574150760968526
0 0.6654005646705627 0.6489287614822388 0.019306130707263947 0.02574150760968526
0 0.6701269149780273 0.7224733829498291 0.019306130707263947 0.02574150760968526
0 0.6751654744148254 0.800877034664154 0.019306130707263947 0.02574150760968526
0 0.7111378908157349 0.3972284197807312 0.019306130707263947 0.02574150760968526
0 0.7166205644607544 0.4552500247955322 0.019306130707263947 0.02574150760968526
0 0.7224228978157043 0.5166548490524292 0.019306130707263947 0.02574150760968526
0 0.728573739528656 0.5817477107048035 0.019306130707263947 0.02574150760968526
0 0.7351053953170776 0.6508710980415344 0.019306130707263947 0.02574150760968526
0 0.7420544624328613 0.7244113683700562 0.019306130707263947 0.02574150760968526
0 0.7494622468948364 0.8028057813644409 0.019306130707263947 0.02574150760968526