0 0.8031182289123535 0.15109331905841827 0.020426097222500376 0.0342815617720286
0 0.7310669422149658 0.15104636549949646 0.020426097222500376 0.0342815617720286
0 0.6591067910194397 0.15099948644638062 0.020426097222500376 0.0342815617720286
0 0.5872375965118408 0.15095266699790955 0.020426097222500376 0.0342815617720286
0 0.5154592394828796 0.15090590715408325 0.020426097222500376 0.0342815617720286
0 0.44377148151397705 0.15085920691490173 0.020426097222500376 0.0342815617720286
0 0.3721742033958435 0.1508125513792038 0.020426097222500376 0.0342815617720286
0 0.8032316565513611 0.23103666305541992 0.020426097222500376 0.0342815617720286
0 0.7283780574798584 0.23093533515930176 0.020426097222500376 0.0342815617720286
0 0.6536228060722351 0.23083414137363434 0.020426097222500376 0.0342815617720286
0 0.5789657831192017 0.23073306679725647 0.020426097222500376 0.0342815617720286
0 0.5044066905975342 0.23063214123249054 0.020426097222500376 0.0342815617720286
0 0.4299453794956207 0.23053134977817535 0.020426097222500376 0.0342815617720286
0 0.355581670999527 0.23043067753314972 0.020426097222500376 0.0342815617720286
0 0.8033543229103088 0.31745445728302 0.020426097222500376 0.0342815617720286
0 0.7254716157913208 0.31728988885879517 0.020426097222500376 0.0342815617720286
0 0.6476953625679016 0.3171255886554718 0.020426097222500376 0.0342815617720286
0 0.5700253844261169 0.31696146726608276 0.020426097222500376 0.0342815617720286
0 0.4924614429473877 0.3167976140975952 0.020426097222500376 0.0342815617720286
0 0.41500332951545715 0.316633939743042 0.020426097222500376 0.0342815617720286
0 0.337650865316391 0.31647053360939026 0.020426097222500376 0.0342815617720286
0 0.8034873008728027 0.41116639971733093 0.020426097222500376 0.0342815617720286
0 0.7223199605941772 0.4109281003475189 0.020426097222500376 0.0342815617720286
0 0.641268253326416 0.41069015860557556 0.020426097222500376 0.0342815617720286
0 0.5603319406509399 0.4104525148868561 0.020426097222500376 0.0342815617720286
0 0.4795108139514923 0.41021522879600525 0.020426097222500376 0.0342815617720286
0 0.39880460500717163 0.40997830033302307 0.020426097222500376 0.0342815617720286
0 0.3182130455970764 0.40974166989326477 0.020426097222500376 0.0342815617720286
0 0.8036320805549622 0.5131367444992065 0.020426097222500376 0.0342815617720286
0 0.7188907861709595 0.5128120183944702 0.020426097222500376 0.0342815617720286
0 0.6342756152153015 0.5124878287315369 0.020426097222500376 0.0342815617720286
0 0.5497862100601196 0.5121641159057617 0.020426097222500376 0.0342815617720286
0 0.46542230248451233 0.5118408203125 0.020426097222500376 0.0342815617720286
0 0.3811836242675781 0.5115180611610413 0.020426097222500376 0.0342815617720286
0 0.29706987738609314 0.5111957788467407 0.020426097222500376 0.0342815617720286
0 0.8037900924682617 0.6245073676109314 0.020426097222500376 0.0342815617720286
0 0.7151457667350769 0.624081015586853 0.020426097222500376 0.0342815617720286
0 0.6266393661499023 0.6236553192138672 0.020426097222500376 0.0342815617720286
0 0.5382705926895142 0.6232302784919739 0.020426097222500376 0.0342815617720286
0 0.4500390589237213 0.6228058934211731 0.020426097222500376 0.0342815617720286
0 0.3619445264339447 0.6223821640014648 0.020426097222500376 0.0342815617720286
0 0.27398666739463806 0.6219590902328491 0.020426097222500376 0.0342815617720286
0 0.8039634823799133 0.7466410398483276 0.020426097222500376 0.0342815617720286
0 0.711039125919342 0.7460944056510925 0.020426097222500376 0.0342815617720286
0 0.6182663440704346 0.745548665523529 0.020426097222500376 0.0342815617720286
0 0.5256447792053223 0.7450038194656372 0.020426097222500376 0.0342815617720286
0 0.4331740140914917 0.7444598078727722 0.020426097222500376 0.0342815617720286
0 0.3408537209033966 0.7439167499542236 0.020426097222500376 0.0342815617720286
0 0.24868351221084595 0.7433745265007019 0.020426097222500376 0.0342815617720286