0 0.6929722428321838 0.1548864096403122 0.022880617420499523 0.034214007357756294
0 0.6169084906578064 0.1544562131166458 0.022880617420499523 0.034214007357756294
0 0.5404069423675537 0.15402352809906006 0.022880617420499523 0.034214007357756294
0 0.4634639322757721 0.15358835458755493 0.022880617420499523 0.034214007357756294
0 0.386075496673584 0.15315066277980804 0.022880617420499523 0.034214007357756294
0 0.30823782086372375 0.1527104377746582 0.022880617420499523 0.034214007357756294
0 0.22994700074195862 0.15226763486862183 0.022880617420499523 0.034214007357756294
0 0.7047736048698425 0.23503892123699188 0.022880617420499523 0.034214007357756294
0 0.6259592771530151 0.23483136296272278 0.022880617420499523 0.034214007357756294
0 0.5466746687889099 0.23462256789207458 0.022880617420499523 0.034214007357756294
0 0.4669156074523926 0.2344125211238861 0.022880617420499523 0.034214007357756294
0 0.3866778314113617 0.23420122265815735 0.022880617420499523 0.034214007357756294
0 0.30595698952674866 0.23398864269256592 0.022880617420499523 0.034214007357756294
0 0.22474873065948486 0.23377478122711182 0.022880617420499523 0.034214007357756294
0 0.7174695134162903 0.3212667405605316 0.022880617420499523 0.034214007357756294
0 0.6356981992721558 0.32131749391555786 0.022880617420499523 0.034214007357756294
0 0.55342036485672 0.32136857509613037 0.022880617420499523 0.034214007357756294
0 0.47063136100769043 0.32141998410224915 0.022880617420499523 0.034214007357756294
0 0.3873263895511627 0.3214717209339142 0.022880617420499523 0.034214007357756294
0 0.30350056290626526 0.3215237557888031 0.022880617420499523 0.034214007357756294
0 0.21914903819561005 0.32157614827156067 0.022880617420499523 0.034214007357756294
0 0.7311655879020691 0.4142877757549286 0.022880617420499523 0.034214007357756294
0 0.646206796169281 0.41463908553123474 0.022880617420499523 0.034214007357756294
0 0.5607009530067444 0.41499269008636475 0.022880617420499523 0.034214007357756294
0 0.47464269399642944 0.4153485596179962 0.022880617420499523 0.034214007357756294
0 0.3880266845226288 0.41570672392845154 0.022880617420499523 0.034214007357756294
0 0.30084747076034546 0.4160672426223755 0.022880617420499523 0.034214007357756294
0 0.21309955418109894 0.4164300858974457 0.022880617420499523 0.034214007357756294
0 0.7459849715232849 0.5149377584457397 0.022880617420499523 0.034214007357756294
0 0.6575801968574524 0.5156398415565491 0.022880617420499523 0.034214007357756294
0 0.5685826539993286 0.5163466334342957 0.022880617420499523 0.034214007357756294
0 0.47898635268211365 0.5170581936836243 0.022880617420499523 0.034214007357756294
0 0.3887852132320404 0.5177745819091797 0.022880617420499523 0.034214007357756294
0 0.2979731261730194 0.5184957981109619 0.022880617420499523 0.034214007357756294
0 0.20654381811618805 0.5192219018936157 0.022880617420499523 0.034214007357756294
0 0.7620716691017151 0.6241953372955322 0.022880617420499523 0.034214007357756294
0 0.669929563999176 0.6253082752227783 0.022880617420499523 0.034214007357756294
0 0.5771430730819702 0.62642902135849 0.022880617420499523 0.034214007357756294
0 0.4837053418159485 0.627557635307312 0.022880617420499523 0.034214007357756294
0 0.38960951566696167 0.6286942362785339 0.022880617420499523 0.034214007357756294
0 0.29484859108924866 0.6298388242721558 0.022880617420499523 0.034214007357756294
0 0.19941550493240356 0.630991518497467 0.022880617420499523 0.034214007357756294
0 0.7795955538749695 0.7432140111923218 0.022880617420499523 0.034214007357756294
0 0.6833863258361816 0.7448102235794067 0.022880617420499523 0.034214007357756294
0 0.5864738821983337 0.7464180588722229 0.022880617420499523 0.034214007357756294
0 0.48885059356689453 0.7480377554893494 0.022880617420499523 0.034214007357756294
0 0.3905085325241089 0.7496693730354309 0.022880617420499523 0.034214007357756294
0 0.2914397716522217 0.7513130307197571 0.022880617420499523 0.034214007357756294
0 0.19163617491722107 0.7529688477516174 0.022880617420499523 0.034214007357756294