0 0.3084625005722046 0.37595418095588684 0.0194813534617424 0.025975137948989868
0 0.30283528566360474 0.4394210875034332 0.0194813534617424 0.025975137948989868
0 0.29688259959220886 0.5065586566925049 0.0194813534617424 0.025975137948989868
0 0.29057541489601135 0.5776947736740112 0.0194813534617424 0.025975137948989868
0 0.2838810682296753 0.6531976461410522 0.0194813534617424 0.025975137948989868
0 0.2767627239227295 0.7334821224212646 0.0194813534617424 0.025975137948989868
0 0.2691788673400879 0.8190172910690308 0.0194813534617424 0.025975137948989868
0 0.37142008543014526 0.37645673751831055 0.0194813534617424 0.025975137948989868
0 0.3675616979598999 0.4399475157260895 0.0194813534617424 0.025975137948989868
0 0.3634801208972931 0.5071109533309937 0.0194813534617424 0.025975137948989868
0 0.35915544629096985 0.5782751441001892 0.0194813534617424 0.025975137948989868
0 0.35456523299217224 0.6538085341453552 0.0194813534617424 0.025975137948989868
0 0.3496842682361603 0.7341263294219971 0.0194813534617424 0.025975137948989868
0 0.34448403120040894 0.8196978569030762 0.0194813534617424 0.025975137948989868
0 0.43439650535583496 0.3769594132900238 0.0194813534617424 0.025975137948989868
0 0.43230804800987244 0.44047415256500244 0.0194813534617424 0.025975137948989868
0 0.4300987720489502 0.5076634287834167 0.0194813534617424 0.025975137948989868
0 0.4277578592300415 0.5788556933403015 0.0194813534617424 0.025975137948989868
0 0.42527318000793457 0.6544196605682373 0.0194813534617424 0.025975137948989868
0 0.4226311147212982 0.7347707152366638 0.0194813534617424 0.025975137948989868
0 0.41981619596481323 0.8203786611557007 0.0194813534617424 0.025975137948989868
0 0.49739181995391846 0.3774622678756714 0.0194813534617424 0.025975137948989868
0 0.4970743656158447 0.44100090861320496 0.0194813534617424 0.025975137948989868
0 0.4967385232448578 0.5082160830497742 0.0194813534617424 0.025975137948989868
0 0.4963826537132263 0.5794364213943481 0.0194813534617424 0.025975137948989868
0 0.49600493907928467 0.6550309658050537 0.0194813534617424 0.025975137948989868
0 0.4956032931804657 0.7354152798652649 0.0194813534617424 0.025975137948989868
0 0.4951753616333008 0.8210597038269043 0.0194813534617424 0.025975137948989868
0 0.5604060292243958 0.3779652714729309 0.0194813534617424 0.025975137948989868
0 0.5618606209754944 0.4415278434753418 0.0194813534617424 0.025975137948989868
0 0.5633993744850159 0.5087689161300659 0.0194813534617424 0.025975137948989868
0 0.5650298595428467 0.5800173878669739 0.0194813534617424 0.025975137948989868
0 0.5667604804039001 0.6556424498558044 0.0194813534617424 0.025975137948989868
0 0.5686007738113403 0.7360601425170898 0.0194813534617424 0.025975137948989868
0 0.5705615282058716 0.821740984916687 0.0194813534617424 0.025975137948989868
0 0.6234391331672668 0.37846842408180237 0.0194813534617424 0.025975137948989868
0 0.6266668438911438 0.44205495715141296 0.0194813534617424 0.025975137948989868
0 0.6300814151763916 0.509321928024292 0.0194813534617424 0.025975137948989868
0 0.6336994767189026 0.5805985331535339 0.0194813534617424 0.025975137948989868
0 0.6375398635864258 0.6562541723251343 0.0194813534617424 0.025975137948989868
0 0.6416236162185669 0.7367051839828491 0.0194813534617424 0.025975137948989868
0 0.6459747552871704 0.8224225044250488 0.0194813534617424 0.025975137948989868
0 0.686491072177887 0.37897175550460815 0.0194813534617424 0.025975137948989868
0 0.691493034362793 0.44258221983909607 0.0194813534617424 0.025975137948989868
0 0.6967845559120178 0.5098751783370972 0.0194813534617424 0.025975137948989868
0 0.702391505241394 0.5811798572540283 0.0194813534617424 0.025975137948989868
0 0.7083430290222168 0.6568660736083984 0.0194813534617424 0.025975137948989868
0 0.7146718502044678 0.7373504638671875 0.0194813534617424 0.025975137948989868
0 0.7214150428771973 0.8231042623519897 0.0194813534617424 0.025975137948989868