0 0.6945818662643433 0.15766757726669312 0.02302863147730629 0.034435336788495384
0 0.6189882159233093 0.15677468478679657 0.02302863147730629 0.034435336788495384
0 0.5427412390708923 0.1558740884065628 0.02302863147730629 0.034435336788495384
0 0.46583250164985657 0.15496566891670227 0.02302863147730629 0.034435336788495384
0 0.3882533013820648 0.1540493220090866 0.02302863147730629 0.034435336788495384
0 0.3099948465824127 0.15312495827674866 0.02302863147730629 0.034435336788495384
0 0.23104816675186157 0.15219247341156006 0.02302863147730629 0.034435336788495384
0 0.7064192295074463 0.23798611760139465 0.02302863147730629 0.034435336788495384
0 0.6281312704086304 0.23741890490055084 0.02302863147730629 0.034435336788495384
0 0.549142062664032 0.23684662580490112 0.02302863147730629 0.034435336788495384
0 0.46944206953048706 0.23626919090747833 0.02302863147730629 0.034435336788495384
0 0.38902172446250916 0.2356865406036377 0.02302863147730629 0.034435336788495384
0 0.3078711926937103 0.23509858548641205 0.02302863147730629 0.034435336788495384
0 0.2259804606437683 0.2345052808523178 0.02302863147730629 0.034435336788495384
0 0.7191452980041504 0.3243344724178314 0.02302863147730629 0.034435336788495384
0 0.6379639506340027 0.3241454064846039 0.02302863147730629 0.034435336788495384
0 0.5560278296470642 0.32395458221435547 0.02302863147730629 0.034435336788495384
0 0.4733264148235321 0.3237619996070862 0.02302863147730629 0.034435336788495384
0 0.38984888792037964 0.32356759905815125 0.02302863147730629 0.034435336788495384
0 0.3055843114852905 0.32337135076522827 0.02302863147730629 0.034435336788495384
0 0.220521479845047 0.32317325472831726 0.02302863147730629 0.034435336788495384
0 0.7328639626502991 0.41741815209388733 0.02302863147730629 0.034435336788495384
0 0.648567259311676 0.41766926646232605 0.02302863147730629 0.034435336788495384
0 0.5634558796882629 0.4179227948188782 0.02302863147730629 0.034435336788495384
0 0.47751814126968384 0.4181787967681885 0.02302863147730629 0.034435336788495384
0 0.39074185490608215 0.41843730211257935 0.02302863147730629 0.034435336788495384
0 0.30311471223831177 0.4186983108520508 0.02302863147730629 0.034435336788495384
0 0.21462410688400269 0.41896191239356995 0.02302863147730629 0.034435336788495384
0 0.7476962208747864 0.5180571675300598 0.02302863147730629 0.034435336788495384
0 0.6600354909896851 0.518822193145752 0.02302863147730629 0.034435336788495384
0 0.5714929699897766 0.5195948481559753 0.02302863147730629 0.034435336788495384
0 0.48205527663230896 0.5203753709793091 0.02302863147730629 0.034435336788495384
0 0.39170876145362854 0.521163821220398 0.02302863147730629 0.034435336788495384
0 0.3004395067691803 0.5219603180885315 0.02302863147730629 0.034435336788495384
0 0.2082333117723465 0.5227649807929993 0.02302863147730629 0.034435336788495384
0 0.7637832164764404 0.6272103190422058 0.02302863147730629 0.034435336788495384
0 0.6724790334701538 0.6285773515701294 0.02302863147730629 0.034435336788495384
0 0.5802171230316162 0.6299586892127991 0.02302863147730629 0.034435336788495384
0 0.4869823157787323 0.6313546299934387 0.02302863147730629 0.034435336788495384
0 0.39275920391082764 0.6327652931213379 0.02302863147730629 0.034435336788495384
0 0.29753196239471436 0.6341910362243652 0.02302863147730629 0.034435336788495384
0 0.2012844681739807 0.6356320977210999 0.02302863147730629 0.034435336788495384
0 0.7812913656234741 0.7460058331489563 0.02302863147730629 0.034435336788495384
0 0.6860277652740479 0.748080849647522 0.02302863147730629 0.034435336788495384
0 0.5897203683853149 0.7501785755157471 0.02302863147730629 0.034435336788495384
0 0.49235180020332336 0.7522994875907898 0.02302863147730629 0.034435336788495384
0 0.39390450716018677 0.7544438242912292 0.02302863147730629 0.034435336788495384
0 0.2943604290485382 0.7566121220588684 0.02302863147730629 0.034435336788495384
0 0.19370116293430328 0.7588046789169312 0.02302863147730629 0.034435336788495384