0 0.24934619665145874 0.18094715476036072 0.03645842025677363 0.03645842025677363
0 0.3275803029537201 0.17980533838272095 0.03645842025677363 0.03645842025677363
0 0.40610867738723755 0.17865923047065735 0.03645842025677363 0.03645842025677363
0 0.4849330186843872 0.17750880122184753 0.03645842025677363 0.03645842025677363
0 0.5640550255775452 0.17635402083396912 0.03645842025677363 0.03645842025677363
0 0.6434763073921204 0.1751948744058609 0.03645842025677363 0.03645842025677363
0 0.723198652267456 0.1740313470363617 0.03645842025677363 0.03645842025677363
0 0.23614634573459625 0.23654261231422424 0.03645842025677363 0.03645842025677363
0 0.317582905292511 0.23546235263347626 0.03645842025677363 0.03645842025677363
0 0.3993384838104248 0.23437786102294922 0.03645842025677363 0.03645842025677363
0 0.48141494393348694 0.23328912258148193 0.03645842025677363 0.03645842025677363
0 0.5638141632080078 0.23219609260559082 0.03645842025677363 0.03645842025677363
0 0.6465380787849426 0.23109877109527588 0.03645842025677363 0.03645842025677363
0 0.7295886278152466 0.22999709844589233 0.03645842025677363 0.03645842025677363
0 0.22181256115436554 0.2969140112400055 0.03645842025677363 0.03645842025677363
0 0.3067249655723572 0.2959103584289551 0.03645842025677363 0.03645842025677363
0 0.39198431372642517 0.29490259289741516 0.03645842025677363 0.03645842025677363
0 0.47759273648262024 0.29389071464538574 0.03645842025677363 0.03645842025677363
0 0.5635524392127991 0.29287466406822205 0.03645842025677363 0.03645842025677363
0 0.6498655676841736 0.29185447096824646 0.03645842025677363 0.03645842025677363
0 0.7365342974662781 0.2908300459384918 0.03645842025677363 0.03645842025677363
0 0.20619218051433563 0.3627043664455414 0.03645842025677363 0.03645842025677363
0 0.29489028453826904 0.3617957532405853 0.03645842025677363 0.03645842025677363
0 0.38396719098091125 0.36088326573371887 0.03645842025677363 0.03645842025677363
0 0.4734252989292145 0.35996684432029724 0.03645842025677363 0.03645842025677363
0 0.5632670521736145 0.3590465188026428 0.03645842025677363 0.03645842025677363
0 0.6534949541091919 0.35812222957611084 0.03645842025677363 0.03645842025677363
0 0.7441114187240601 0.3571939468383789 0.03645842025677363 0.03645842025677363
0 0.18910379707813263 0.4346776306629181 0.03645842025677363 0.03645842025677363
0 0.2819409668445587 0.4338867962360382 0.03645842025677363 0.03645842025677363
0 0.3751932680606842 0.4330924153327942 0.03645842025677363 0.03645842025677363
0 0.4688635468482971 0.43229448795318604 0.03645842025677363 0.03645842025677363
0 0.5629545450210571 0.43149295449256897 0.03645842025677363 0.03645842025677363
0 0.6574692130088806 0.430687814950943 0.03645842025677363 0.03645842025677363
0 0.752410352230072 0.4298790693283081 0.03645842025677363 0.03645842025677363
0 0.17033030092716217 0.5137483477592468 0.03645842025677363 0.03645842025677363
0 0.26771166920661926 0.5131035447120667 0.03645842025677363 0.03645842025677363
0 0.36555007100105286 0.5124557018280029 0.03645842025677363 0.03645842025677363
0 0.4638487696647644 0.5118048191070557 0.03645842025677363 0.03645842025677363
0 0.5626109838485718 0.5111508965492249 0.03645842025677363 0.03645842025677363
0 0.66184002161026 0.5104938745498657 0.03645842025677363 0.03645842025677363
0 0.7615392208099365 0.5098336935043335 0.03645842025677363 0.03645842025677363
0 0.1496094912290573 0.6010208129882812 0.03645842025677363 0.03645842025677363
0 0.2520027756690979 0.6005573868751526 0.03645842025677363 0.03645842025677363
0 0.35490167140960693 0.6000917553901672 0.03645842025677363 0.03645842025677363
0 0.45830997824668884 0.5996237397193909 0.03645842025677363 0.03645842025677363
0 0.5622314214706421 0.599153459072113 0.03645842025677363 0.03645842025677363
0 0.6666699051856995 0.598680853843689 0.03645842025677363 0.03645842025677363
0 0.7716292142868042 0.5982058644294739 0.03645842025677363 0.03645842025677363