0 0.3026987612247467 0.6457205414772034 0.020397564396262172 0.02719675252834956
0 0.3783379793167114 0.6460083723068237 0.020397564396262172 0.02719675252834956
0 0.45460909605026245 0.6462985873222351 0.020397564396262172 0.02719675252834956
0 0.5315200686454773 0.6465912461280823 0.020397564396262172 0.02719675252834956
0 0.6090789437294006 0.6468863487243652 0.020397564396262172 0.02719675252834956
0 0.6872939467430115 0.6471839547157288 0.020397564396262172 0.02719675252834956
0 0.7661734819412231 0.6474841237068176 0.020397564396262172 0.02719675252834956
0 0.31398171186447144 0.5579108595848083 0.020397564396262172 0.02719675252834956
0 0.3858848512172699 0.5578372478485107 0.020397564396262172 0.02719675252834956
0 0.4583585262298584 0.5577630996704102 0.020397564396262172 0.02719675252834956
0 0.5314095616340637 0.5576883554458618 0.020397564396262172 0.02719675252834956
0 0.6050449013710022 0.5576130151748657 0.020397564396262172 0.02719675252834956
0 0.6792715191841125 0.5575370788574219 0.020397564396262172 0.02719675252834956
0 0.7540966272354126 0.5574604868888855 0.020397564396262172 0.02719675252834956
0 0.32419446110725403 0.4784298539161682 0.020397564396262172 0.02719675252834956
0 0.3927132189273834 0.47806066274642944 0.020397564396262172 0.02719675252834956
0 0.4617496430873871 0.47768867015838623 0.020397564396262172 0.02719675252834956
0 0.5313097238540649 0.4773138463497162 0.020397564396262172 0.02719675252834956
0 0.601399302482605 0.4769361615180969 0.020397564396262172 0.02719675252834956
0 0.6720245480537415 0.47655561566352844 0.020397564396262172 0.02719675252834956
0 0.7431915998458862 0.47617214918136597 0.020397564396262172 0.02719675252834956
0 0.33348238468170166 0.4061463177204132 0.020397564396262172 0.02719675252834956
0 0.3989209830760956 0.40553420782089233 0.020397564396262172 0.02719675252834956
0 0.46483147144317627 0.4049176573753357 0.020397564396262172 0.02719675252834956
0 0.531218945980072 0.4042966663837433 0.020397564396262172 0.02719675252834956
0 0.5980886220932007 0.40367117524147034 0.020397564396262172 0.02719675252834956
0 0.6654458045959473 0.40304112434387207 0.020397564396262172 0.02719675252834956
0 0.7332957983016968 0.4024064540863037 0.020397564396262172 0.02719675252834956
0 0.3419657051563263 0.34012487530708313 0.020397564396262172 0.02719675252834956
0 0.40458914637565613 0.33931249380111694 0.020397564396262172 0.02719675252834956
0 0.46764448285102844 0.33849450945854187 0.020397564396262172 0.02719675252834956
0 0.531136155128479 0.33767086267471313 0.020397564396262172 0.02719675252834956
0 0.5950688123703003 0.33684149384498596 0.020397564396262172 0.02719675252834956
0 0.6594468951225281 0.3360063433647156 0.020397564396262172 0.02719675252834956
0 0.7242752313613892 0.3351653516292572 0.020397564396262172 0.02719675252834956
0 0.3497445583343506 0.2795856297016144 0.020397564396262172 0.02719675252834956
0 0.40978506207466125 0.27860769629478455 0.020397564396262172 0.02719675252834956
0 0.4702223539352417 0.27762332558631897 0.020397564396262172 0.02719675252834956
0 0.5310603380203247 0.2766324281692505 0.020397564396262172 0.02719675252834956
0 0.5923030376434326 0.27563491463661194 0.020397564396262172 0.02719675252834956
0 0.6539544463157654 0.27463075518608093 0.020397564396262172 0.02719675252834956
0 0.716018795967102 0.2736198902130127 0.020397564396262172 0.02719675252834956
0 0.3569032549858093 0.22387290000915527 0.020397564396262172 0.02719675252834956
0 0.41456544399261475 0.222757950425148 0.020397564396262172 0.02719675252834956
0 0.47259339690208435 0.22163592278957367 0.020397564396262172 0.02719675252834956
0 0.5309906005859375 0.22050675749778748 0.020397564396262172 0.02719675252834956
0 0.5897605419158936 0.21937039494514465 0.020397564396262172 0.02719675252834956
0 0.648906946182251 0.21822673082351685 0.020397564396262172 0.02719675252834956
0 0.7084332704544067 0.21707573533058167 0.020397564396262172 0.02719675252834956