0 0.25567781925201416 0.17330247163772583 0.03662735472122828 0.03662735472122828
0 0.3349613845348358 0.17133139073848724 0.03662735472122828 0.03662735472122828
0 0.41431671380996704 0.1693585366010666 0.03662735472122828 0.03662735472122828
0 0.4937439560890198 0.16738387942314148 0.03662735472122828 0.03662735472122828
0 0.5732432007789612 0.1654074341058731 0.03662735472122828 0.03662735472122828
0 0.652814507484436 0.16342920064926147 0.03662735472122828 0.03662735472122828
0 0.7324580550193787 0.16144917905330658 0.03662735472122828 0.03662735472122828
0 0.2438642531633377 0.22973160445690155 0.03662735472122828 0.03662735472122828
0 0.326402485370636 0.22770605981349945 0.03662735472122828 0.03662735472122828
0 0.4090185761451721 0.22567860782146454 0.03662735472122828 0.03662735472122828
0 0.4917125701904297 0.22364924848079681 0.03662735472122828 0.03662735472122828
0 0.5744845867156982 0.22161796689033508 0.03662735472122828 0.03662735472122828
0 0.6573348045349121 0.21958476305007935 0.03662735472122828 0.03662735472122828
0 0.7402632236480713 0.2175496518611908 0.03662735472122828 0.03662735472122828
0 0.2310379296541214 0.29099830985069275 0.03662735472122828 0.03662735472122828
0 0.31710952520370483 0.2889159917831421 0.03662735472122828 0.03662735472122828
0 0.40326574444770813 0.28683164715766907 0.03662735472122828 0.03662735472122828
0 0.4895067512989044 0.2847452461719513 0.03662735472122828 0.03662735472122828
0 0.5758326053619385 0.28265678882598877 0.03662735472122828 0.03662735472122828
0 0.6622434854507446 0.2805662751197815 0.03662735472122828 0.03662735472122828
0 0.7487395405769348 0.27847370505332947 0.03662735472122828 0.03662735472122828
0 0.2170627862215042 0.3577524721622467 0.03662735472122828 0.03662735472122828
0 0.3069837689399719 0.3556111454963684 0.03662735472122828 0.03662735472122828
0 0.3969971537590027 0.3534676134586334 0.03662735472122828 0.03662735472122828
0 0.48710304498672485 0.35132187604904175 0.03662735472122828 0.03662735472122828
0 0.5773016214370728 0.3491739332675934 0.03662735472122828 0.03662735472122828
0 0.6675930023193359 0.34702378511428833 0.03662735472122828 0.03662735472122828
0 0.7579773664474487 0.3448714315891266 0.03662735472122828 0.03662735472122828
0 0.20177723467350006 0.43076592683792114 0.03662735472122828 0.03662735472122828
0 0.2959080636501312 0.4285634160041809 0.03662735472122828 0.03662735472122828
0 0.3901401460170746 0.42635849118232727 0.03662735472122828 0.03662735472122828
0 0.4844736158847809 0.4241512417793274 0.03662735472122828 0.03662735472122828
0 0.5789086818695068 0.4219415783882141 0.03662735472122828 0.03662735472122828
0 0.673445463180542 0.4197295606136322 0.03662735472122828 0.03662735472122828
0 0.7680841684341431 0.4175151288509369 0.03662735472122828 0.03662735472122828
0 0.18498791754245758 0.5109623670578003 0.03662735472122828 0.03662735472122828
0 0.28374212980270386 0.5086966753005981 0.03662735472122828 0.03662735472122828
0 0.3826077878475189 0.5064284205436707 0.03662735472122828 0.03662735472122828
0 0.4815850555896759 0.5041576027870178 0.03662735472122828 0.03662735472122828
0 0.5806741714477539 0.5018841624259949 0.03662735472122828 0.03662735472122828
0 0.6798753142356873 0.49960821866989136 0.03662735472122828 0.03662735472122828
0 0.7791886925697327 0.4973297119140625 0.03662735472122828 0.03662735472122828
0 0.16646145284175873 0.5994565486907959 0.03662735472122828 0.03662735472122828
0 0.2703166604042053 0.5971260666847229 0.03662735472122828 0.03662735472122828
0 0.37429511547088623 0.5947928428649902 0.03662735472122828 0.03662735472122828
0 0.47839710116386414 0.5924567580223083 0.03662735472122828 0.03662735472122828
0 0.5826228260993958 0.5901179909706116 0.03662735472122828 0.03662735472122828
0 0.686972439289093 0.5877763628959656 0.03662735472122828 0.03662735472122828
0 0.7914462089538574 0.5854319930076599 0.03662735472122828 0.03662735472122828