0 0.6952806711196899 0.1823640763759613 0.02527129277586937 0.03369505703449249
0 0.6268424391746521 0.18443609774112701 0.02527129277586937 0.03369505703449249
0 0.5584483742713928 0.18650679290294647 0.02527129277586937 0.03369505703449249
0 0.4900985658168793 0.18857614696025848 0.02527129277586937 0.03369505703449249
0 0.4217928647994995 0.19064415991306305 0.02527129277586937 0.03369505703449249
0 0.3535313010215759 0.19271083176136017 0.02527129277586937 0.03369505703449249
0 0.28531381487846375 0.19477617740631104 0.02527129277586937 0.03369505703449249
0 0.7054089903831482 0.2488519251346588 0.02527129277586937 0.03369505703449249
0 0.6336457133293152 0.2510019838809967 0.02527129277586937 0.03369505703449249
0 0.5619310736656189 0.2531505823135376 0.02527129277586937 0.03369505703449249
0 0.49026504158973694 0.2552977204322815 0.02527129277586937 0.03369505703449249
0 0.41864755749702454 0.2574433982372284 0.02527129277586937 0.03369505703449249
0 0.3470785617828369 0.2595876157283783 0.02527129277586937 0.03369505703449249
0 0.2755580246448517 0.2617304027080536 0.02527129277586937 0.03369505703449249
0 0.7165709137916565 0.3221251964569092 0.02527129277586937 0.03369505703449249
0 0.6411430835723877 0.32435882091522217 0.02527129277586937 0.03369505703449249
0 0.5657689571380615 0.3265908360481262 0.02527129277586937 0.03369505703449249
0 0.490448534488678 0.3288212716579437 0.02527129277586937 0.03369505703449249
0 0.4151817262172699 0.3310501277446747 0.02527129277586937 0.03369505703449249
0 0.3399684727191925 0.3332773745059967 0.02527129277586937 0.03369505703449249
0 0.264808714389801 0.33550307154655457 0.02527129277586937 0.03369505703449249
0 0.7289332151412964 0.4032784700393677 0.02527129277586937 0.03369505703449249
0 0.6494463682174683 0.4056016802787781 0.02527129277586937 0.03369505703449249
0 0.5700192451477051 0.4079231321811676 0.02527129277586937 0.03369505703449249
0 0.4906516969203949 0.41024285554885864 0.02527129277586937 0.03369505703449249
0 0.41134369373321533 0.4125608503818512 0.02527129277586937 0.03369505703449249
0 0.3320951461791992 0.4148770868778229 0.02527129277586937 0.03369505703449249
0 0.2529059946537018 0.41719159483909607 0.02527129277586937 0.03369505703449249
0 0.7427005171775818 0.49365511536598206 0.02527129277586937 0.03369505703449249
0 0.6586930751800537 0.4960744380950928 0.02527129277586937 0.03369505703449249
0 0.5747522115707397 0.4984918236732483 0.02527129277586937 0.03369505703449249
0 0.4908779561519623 0.500907301902771 0.02527129277586937 0.03369505703449249
0 0.4070701599121094 0.5033208727836609 0.02527129277586937 0.03369505703449249
0 0.32332879304885864 0.505732536315918 0.02527129277586937 0.03369505703449249
0 0.23965372145175934 0.5081422328948975 0.02527129277586937 0.03369505703449249
0 0.7581267952919006 0.5949223041534424 0.02527129277586937 0.03369505703449249
0 0.6690534949302673 0.5974447131156921 0.02527129277586937 0.03369505703449249
0 0.5800550580024719 0.5999650359153748 0.02527129277586937 0.03369505703449249
0 0.49113142490386963 0.6024832129478455 0.02527129277586937 0.03369505703449249
0 0.4022825360298157 0.6049992442131042 0.02527129277586937 0.03369505703449249
0 0.3135082721710205 0.6075131893157959 0.02527129277586937 0.03369505703449249
0 0.22480854392051697 0.6100250482559204 0.02527129277586937 0.03369505703449249
0 0.7755312323570251 0.7091747522354126 0.02527129277586937 0.03369505703449249
0 0.6807417869567871 0.7118076682090759 0.02527129277586937 0.03369505703449249
0 0.5860372185707092 0.7144381999969482 0.02527129277586937 0.03369505703449249
0 0.4914173483848572 0.7170664072036743 0.02527129277586937 0.03369505703449249
0 0.3968820869922638 0.7196922898292542 0.02527129277586937 0.03369505703449249
0 0.3024313151836395 0.722315788269043 0.02527129277586937 0.03369505703449249
0 0.20806489884853363 0.7249369621276855 0.02527129277586937 0.03369505703449249