0 0.2343156933784485 0.6576956510543823 0.033653942247231804 0.033653942247231804
0 0.3325110077857971 0.6580803990364075 0.033653942247231804 0.033653942247231804
0 0.4304054081439972 0.6584639549255371 0.033653942247231804 0.033653942247231804
0 0.5280002355575562 0.6588463187217712 0.033653942247231804 0.033653942247231804
0 0.6252968907356262 0.6592274904251099 0.033653942247231804 0.033653942247231804
0 0.7222967147827148 0.6596075296401978 0.033653942247231804 0.033653942247231804
0 0.8190010786056519 0.6599864363670349 0.033653942247231804 0.033653942247231804
0 0.24464258551597595 0.5660175085067749 0.033653942247231804 0.033653942247231804
0 0.3395123779773712 0.5665252208709717 0.033653942247231804 0.033653942247231804
0 0.4341011941432953 0.5670313835144043 0.033653942247231804 0.033653942247231804
0 0.5284103155136108 0.5675361156463623 0.033653942247231804 0.033653942247231804
0 0.6224409341812134 0.5680393576622009 0.033653942247231804 0.033653942247231804
0 0.7161943316459656 0.5685410499572754 0.033653942247231804 0.033653942247231804
0 0.8096717000007629 0.5690413117408752 0.033653942247231804 0.033653942247231804
0 0.2542949616909027 0.48032739758491516 0.033653942247231804 0.033653942247231804
0 0.34605708718299866 0.4809414744377136 0.033653942247231804 0.033653942247231804
0 0.43755626678466797 0.4815538227558136 0.033653942247231804 0.033653942247231804
0 0.5287936925888062 0.4821643829345703 0.033653942247231804 0.033653942247231804
0 0.6197704672813416 0.48277321457862854 0.033653942247231804 0.033653942247231804
0 0.7104876637458801 0.4833803176879883 0.033653942247231804 0.033653942247231804
0 0.8009464740753174 0.48398569226264954 0.033653942247231804 0.033653942247231804
0 0.26333683729171753 0.40005725622177124 0.033653942247231804 0.033653942247231804
0 0.3521884083747864 0.40076348185539246 0.033653942247231804 0.033653942247231804
0 0.4407934248447418 0.4014677405357361 0.033653942247231804 0.033653942247231804
0 0.5291529297828674 0.4021700322628021 0.033653942247231804 0.033653942247231804
0 0.6172679662704468 0.40287038683891296 0.033653942247231804 0.033653942247231804
0 0.7051394581794739 0.4035688042640686 0.033653942247231804 0.033653942247231804
0 0.7927685379981995 0.40426531434059143 0.033653942247231804 0.033653942247231804
0 0.27182433009147644 0.32470864057540894 0.033653942247231804 0.033653942247231804
0 0.3579443097114563 0.3254947066307068 0.033653942247231804 0.033653942247231804
0 0.4438326358795166 0.3262786567211151 0.033653942247231804 0.033653942247231804
0 0.5294902324676514 0.3270605206489563 0.033653942247231804 0.033653942247231804
0 0.614918053150177 0.32784026861190796 0.033653942247231804 0.033653942247231804
0 0.7001169919967651 0.3286179304122925 0.033653942247231804 0.033653942247231804
0 0.7850880026817322 0.32939350605010986 0.033653942247231804 0.033653942247231804
0 0.279806911945343 0.2538423538208008 0.033653942247231804 0.033653942247231804
0 0.3633582592010498 0.25469768047332764 0.033653942247231804 0.033653942247231804
0 0.44669151306152344 0.2555507719516754 0.033653942247231804 0.033653942247231804
0 0.5298075675964355 0.2564016282558441 0.033653942247231804 0.033653942247231804
0 0.6127071976661682 0.2572503089904785 0.033653942247231804 0.033653942247231804
0 0.6953913569450378 0.25809675455093384 0.033653942247231804 0.033653942247231804
0 0.7778607606887817 0.25894099473953247 0.033653942247231804 0.033653942247231804
0 0.2873283624649048 0.18706999719142914 0.033653942247231804 0.033653942247231804
0 0.3684598505496979 0.1879853904247284 0.033653942247231804 0.033653942247231804
0 0.4493856728076935 0.1888984590768814 0.033653942247231804 0.033653942247231804
0 0.5301066040992737 0.18980921804904938 0.033653942247231804 0.033653942247231804
0 0.6106234788894653 0.1907176673412323 0.033653942247231804 0.033653942247231804
0 0.6909369826316833 0.19162382185459137 0.033653942247231804 0.033653942247231804
0 0.7710479497909546 0.19252769649028778 0.033653942247231804 0.033653942247231804