0 0.2990855872631073 0.19419938325881958 0.018684365786612034 0.03321665028731028
0 0.29316627979278564 0.27448487281799316 0.018684365786612034 0.03321665028731028
0 0.28680217266082764 0.3608028292655945 0.018684365786612034 0.03321665028731028
0 0.27994123101234436 0.45385977625846863 0.018684365786612034 0.03321665028731028
0 0.272522896528244 0.5544769167900085 0.018684365786612034 0.03321665028731028
0 0.26447632908821106 0.6636146306991577 0.018684365786612034 0.03321665028731028
0 0.25571826100349426 0.7824029922485352 0.018684365786612034 0.03321665028731028
0 0.3584359586238861 0.19453200697898865 0.018684365786612034 0.03321665028731028
0 0.35466745495796204 0.2747909724712372 0.018684365786612034 0.03321665028731028
0 0.350615918636322 0.3610774576663971 0.018684365786612034 0.03321665028731028
0 0.34624823927879333 0.4540969729423523 0.018684365786612034 0.03321665028731028
0 0.3415259122848511 0.5546695590019226 0.018684365786612034 0.03321665028731028
0 0.3364039361476898 0.6637541055679321 0.018684365786612034 0.03321665028731028
0 0.3308292627334595 0.7824790477752686 0.018684365786612034 0.03321665028731028
0 0.4177313446998596 0.19486430287361145 0.018684365786612034 0.03321665028731028
0 0.4161095917224884 0.2750967741012573 0.018684365786612034 0.03321665028731028
0 0.41436609625816345 0.36135178804397583 0.018684365786612034 0.03321665028731028
0 0.41248664259910583 0.4543339014053345 0.018684365786612034 0.03321665028731028
0 0.410454660654068 0.5548619627952576 0.018684365786612034 0.03321665028731028
0 0.4082508087158203 0.663893461227417 0.018684365786612034 0.03321665028731028
0 0.4058522880077362 0.7825549840927124 0.018684365786612034 0.03321665028731028
0 0.476971834897995 0.19519630074501038 0.018684365786612034 0.03321665028731028
0 0.4774928092956543 0.275402307510376 0.018684365786612034 0.03321665028731028
0 0.47805285453796387 0.36162588000297546 0.018684365786612034 0.03321665028731028
0 0.4786565899848938 0.45457059144973755 0.018684365786612034 0.03321665028731028
0 0.4793092608451843 0.5550541877746582 0.018684365786612034 0.03321665028731028
0 0.48001712560653687 0.6640326976776123 0.018684365786612034 0.03321665028731028
0 0.4807874858379364 0.7826309204101562 0.018684365786612034 0.03321665028731028
0 0.536157488822937 0.19552800059318542 0.018684365786612034 0.03321665028731028
0 0.5388171672821045 0.27570754289627075 0.018684365786612034 0.03321665028731028
0 0.5416762828826904 0.3618996739387512 0.018684365786612034 0.03321665028731028
0 0.544758141040802 0.45480701327323914 0.018684365786612034 0.03321665028731028
0 0.5480898022651672 0.5552461743354797 0.018684365786612034 0.03321665028731028
0 0.5517030358314514 0.6641717553138733 0.018684365786612034 0.03321665028731028
0 0.5556349754333496 0.7827066779136658 0.018684365786612034 0.03321665028731028
0 0.5952884554862976 0.1958593726158142 0.018684365786612034 0.03321665028731028
0 0.6000827550888062 0.27601248025894165 0.018684365786612034 0.03321665028731028
0 0.6052364110946655 0.3621731996536255 0.018684365786612034 0.03321665028731028
0 0.6107913851737976 0.455043226480484 0.018684365786612034 0.03321665028731028
0 0.6167964935302734 0.5554379820823669 0.018684365786612034 0.03321665028731028
0 0.6233086585998535 0.6643106341362 0.018684365786612034 0.03321665028731028
0 0.6303949356079102 0.7827823758125305 0.018684365786612034 0.03321665028731028
0 0.6543647646903992 0.1961904615163803 0.018684365786612034 0.03321665028731028
0 0.6612896919250488 0.27631711959838867 0.018684365786612034 0.03321665028731028
0 0.6687334179878235 0.36244645714759827 0.018684365786612034 0.03321665028731028
0 0.6767565011978149 0.4552791714668274 0.018684365786612034 0.03321665028731028
0 0.6854293346405029 0.555629551410675 0.018684365786612034 0.03321665028731028
0 0.6948340535163879 0.6644493937492371 0.018684365786612034 0.03321665028731028
0 0.7050675749778748 0.7828580141067505 0.018684365786612034 0.03321665028731028