0 0.6717373728752136 0.2026178389787674 0.025573110207915306 0.034097480277220406
0 0.6041355133056641 0.2075129598379135 0.025573110207915306 0.034097480277220406
0 0.5368702411651611 0.2123837172985077 0.025573110207915306 0.034097480277220406
0 0.4699390232563019 0.21723029017448425 0.025573110207915306 0.034097480277220406
0 0.40333935618400574 0.22205284237861633 0.025573110207915306 0.034097480277220406
0 0.3370687663555145 0.22685156762599945 0.025573110207915306 0.034097480277220406
0 0.27112486958503723 0.23162664473056793 0.025573110207915306 0.034097480277220406
0 0.6831986308097839 0.26458093523979187 0.025573110207915306 0.034097480277220406
0 0.6120312809944153 0.26956936717033386 0.025573110207915306 0.034097480277220406
0 0.5412366390228271 0.27453166246414185 0.025573110207915306 0.034097480277220406
0 0.4708119034767151 0.27946802973747253 0.025573110207915306 0.034097480277220406
0 0.4007541239261627 0.28437867760658264 0.025573110207915306 0.034097480277220406
0 0.33106040954589844 0.2892638146877289 0.025573110207915306 0.034097480277220406
0 0.2617280185222626 0.2941236197948456 0.025573110207915306 0.034097480277220406
0 0.6959283947944641 0.3334018290042877 0.025573110207915306 0.034097480277220406
0 0.6207984089851379 0.3384748697280884 0.025573110207915306 0.034097480277220406
0 0.5460836291313171 0.34351983666419983 0.025573110207915306 0.034097480277220406
0 0.47178056836128235 0.34853702783584595 0.025573110207915306 0.034097480277220406
0 0.39788588881492615 0.35352665185928345 0.025573110207915306 0.034097480277220406
0 0.32439619302749634 0.35848891735076904 0.025573110207915306 0.034097480277220406
0 0.2513082027435303 0.36342403292655945 0.025573110207915306 0.034097480277220406
0 0.7101495862007141 0.41028574109077454 0.025573110207915306 0.034097480277220406
0 0.6305897235870361 0.41542959213256836 0.025573110207915306 0.034097480277220406
0 0.5514951348304749 0.420543372631073 0.025573110207915306 0.034097480277220406
0 0.47286176681518555 0.42562732100486755 0.025573110207915306 0.034097480277220406
0 0.3946855366230011 0.4306817054748535 0.025573110207915306 0.034097480277220406
0 0.3169625401496887 0.4357067942619324 0.025573110207915306 0.034097480277220406
0 0.23968879878520966 0.4407028555870056 0.025573110207915306 0.034097480277220406
0 0.7261406183242798 0.4967377781867981 0.025573110207915306 0.034097480277220406
0 0.6415957808494568 0.5019314289093018 0.025573110207915306 0.034097480277220406
0 0.5575759410858154 0.5070928931236267 0.025573110207915306 0.034097480277220406
0 0.4740762412548065 0.5122223496437073 0.025573110207915306 0.034097480277220406
0 0.39109182357788086 0.5173201560974121 0.025573110207915306 0.034097480277220406
0 0.3086179792881012 0.5223866105079651 0.025573110207915306 0.034097480277220406
0 0.22664998471736908 0.5274220108985901 0.025573110207915306 0.034097480277220406
0 0.7442537546157837 0.594662606716156 0.025573110207915306 0.034097480277220406
0 0.6540575623512268 0.5998746156692505 0.025573110207915306 0.034097480277220406
0 0.5644583702087402 0.60505211353302 0.025573110207915306 0.034097480277220406
0 0.4754502773284912 0.6101953983306885 0.025573110207915306 0.034097480277220406
0 0.38702747225761414 0.6153049468994141 0.025573110207915306 0.034097480277220406
0 0.2991841733455658 0.6203809380531311 0.025573110207915306 0.034097480277220406
0 0.21191471815109253 0.6254238486289978 0.025573110207915306 0.034097480277220406
0 0.7649414539337158 0.7065063118934631 0.025573110207915306 0.034097480277220406
0 0.6682842969894409 0.7116897106170654 0.025573110207915306 0.034097480277220406
0 0.5723121166229248 0.7168363928794861 0.025573110207915306 0.034097480277220406
0 0.4770175516605377 0.7219467163085938 0.025573110207915306 0.034097480277220406
0 0.3823935389518738 0.7270210981369019 0.025573110207915306 0.034097480277220406
0 0.2884329855442047 0.732059895992279 0.025573110207915306 0.034097480277220406
0 0.195128932595253 0.737063467502594 0.025573110207915306 0.034097480277220406