0 0.29327479004859924 0.6476110219955444 0.020959571003913883 0.027946094671885174
0 0.37102359533309937 0.6462275385856628 0.020959571003913883 0.027946094671885174
0 0.44948920607566833 0.6448313593864441 0.020959571003913883 0.027946094671885174
0 0.5286816358566284 0.6434221863746643 0.020959571003913883 0.027946094671885174
0 0.6086109280586243 0.6419999003410339 0.020959571003913883 0.027946094671885174
0 0.689287543296814 0.6405643224716187 0.020959571003913883 0.027946094671885174
0 0.7707219123840332 0.6391152739524841 0.020959571003913883 0.027946094671885174
0 0.30383121967315674 0.5571785569190979 0.020959571003913883 0.027946094671885174
0 0.3779161870479584 0.5554659366607666 0.020959571003913883 0.027946094671885174
0 0.4526514708995819 0.5537382960319519 0.020959571003913883 0.027946094671885174
0 0.528045654296875 0.5519953966140747 0.020959571003913883 0.027946094671885174
0 0.6041074991226196 0.5502370595932007 0.020959571003913883 0.027946094671885174
0 0.6808459162712097 0.5484631061553955 0.020959571003913883 0.027946094671885174
0 0.7582699656486511 0.5466732978820801 0.020959571003913883 0.027946094671885174
0 0.3134301006793976 0.4749492406845093 0.020959571003913883 0.027946094671885174
0 0.3841809630393982 0.472971647977829 0.020959571003913883 0.027946094671885174
0 0.4555244743824005 0.4709774851799011 0.020959571003913883 0.027946094671885174
0 0.5274680852890015 0.4689665734767914 0.020959571003913883 0.027946094671885174
0 0.6000194549560547 0.46693864464759827 0.020959571003913883 0.027946094671885174
0 0.6731862425804138 0.46489354968070984 0.020959571003913883 0.027946094671885174
0 0.746976375579834 0.4628310203552246 0.020959571003913883 0.027946094671885174
0 0.32219603657722473 0.39985525608062744 0.020959571003913883 0.027946094671885174
0 0.38989996910095215 0.39766424894332886 0.020959571003913883 0.027946094671885174
0 0.45814621448516846 0.3954557180404663 0.020959571003913883 0.027946094671885174
0 0.5269412994384766 0.3932294249534607 0.020959571003913883 0.027946094671885174
0 0.5962918996810913 0.3909851312637329 0.020959571003913883 0.027946094671885174
0 0.6662047505378723 0.38872265815734863 0.020959571003913883 0.027946094671885174
0 0.7366867065429688 0.38644173741340637 0.020959571003913883 0.027946094671885174
0 0.3302329480648041 0.33100655674934387 0.020959571003913883 0.027946094671885174
0 0.39514151215553284 0.3286438286304474 0.020959571003913883 0.027946094671885174
0 0.46054819226264954 0.3262629806995392 0.020959571003913883 0.027946094671885174
0 0.5264587998390198 0.32386377453804016 0.020959571003913883 0.027946094671885174
0 0.5928791165351868 0.321446031332016 0.020959571003913883 0.027946094671885174
0 0.6598150730133057 0.3190095126628876 0.020959571003913883 0.027946094671885174
0 0.7272728085517883 0.3165540099143982 0.020959571003913883 0.027946094671885174
0 0.33762815594673157 0.2676551043987274 0.020959571003913883 0.027946094671885174
0 0.39996302127838135 0.2651546001434326 0.020959571003913883 0.027946094671885174
0 0.4627569913864136 0.2626356780529022 0.020959571003913883 0.027946094671885174
0 0.5260152220726013 0.2600981295108795 0.020959571003913883 0.027946094671885174
0 0.58974289894104 0.2575417459011078 0.020959571003913883 0.027946094671885174
0 0.6539451479911804 0.2549663484096527 0.020959571003913883 0.027946094671885174
0 0.718627393245697 0.2523716688156128 0.020959571003913883 0.027946094671885174
0 0.3444555699825287 0.20916780829429626 0.020959571003913883 0.027946094671885174
0 0.40441301465034485 0.2065572887659073 0.020959571003913883 0.027946094671885174
0 0.4647950232028961 0.20392829179763794 0.020959571003913883 0.027946094671885174
0 0.525606095790863 0.2012806087732315 0.020959571003913883 0.027946094671885174
0 0.5868508815765381 0.19861404597759247 0.020959571003913883 0.027946094671885174
0 0.6485339403152466 0.1959283947944641 0.020959571003913883 0.027946094671885174
0 0.7106600999832153 0.19322344660758972 0.020959571003913883 0.027946094671885174