0 0.6952399015426636 0.1536107063293457 0.02294944173966845 0.0343169222275416
0 0.6188143491744995 0.15320226550102234 0.02294944173966845 0.0343169222275416
0 0.5419721603393555 0.1527915894985199 0.02294944173966845 0.0343169222275416
0 0.464709997177124 0.15237866342067719 0.02294944173966845 0.0343169222275416
0 0.3870244026184082 0.151963472366333 0.02294944173966845 0.0343169222275416
0 0.30891185998916626 0.15154601633548737 0.02294944173966845 0.0343169222275416
0 0.23036886751651764 0.15112625062465668 0.02294944173966845 0.0343169222275416
0 0.7071304321289062 0.2341407984495163 0.02294944173966845 0.0343169222275416
0 0.6279470920562744 0.23394429683685303 0.02294944173966845 0.0343169222275416
0 0.5483162999153137 0.2337466925382614 0.02294944173966845 0.0343169222275416
0 0.4682343304157257 0.23354797065258026 0.02294944173966845 0.0343169222275416
0 0.3876973092556 0.23334811627864838 0.02294944173966845 0.0343169222275416
0 0.30670130252838135 0.23314711451530457 0.02294944173966845 0.0343169222275416
0 0.22524242103099823 0.23294498026371002 0.02294944173966845 0.0343169222275416
0 0.7199198007583618 0.3207583725452423 0.02294944173966845 0.0343169222275416
0 0.6377722024917603 0.32080769538879395 0.02294944173966845 0.0343169222275416
0 0.555142879486084 0.32085731625556946 0.02294944173966845 0.0343169222275416
0 0.472027450799942 0.32090723514556885 0.02294944173966845 0.0343169222275416
0 0.3884216547012329 0.3209574222564697 0.02294944173966845 0.0343169222275416
0 0.30432116985321045 0.32100793719291687 0.02294944173966845 0.0343169222275416
0 0.21972155570983887 0.3210587203502655 0.02294944173966845 0.0343169222275416
0 0.7337138652801514 0.41418081521987915 0.02294944173966845 0.0343169222275416
0 0.6483715772628784 0.41451603174209595 0.02294944173966845 0.0343169222275416
0 0.5625090003013611 0.4148532748222351 0.02294944173966845 0.0343169222275416
0 0.47612127661705017 0.415192574262619 0.02294944173966845 0.0343169222275416
0 0.38920363783836365 0.41553395986557007 0.02294944173966845 0.0343169222275416
0 0.30175116658210754 0.41587746143341064 0.02294944173966845 0.0343169222275416
0 0.2137589156627655 0.41622307896614075 0.02294944173966845 0.0343169222275416
0 0.74863600730896 0.5152428150177002 0.02294944173966845 0.0343169222275416
0 0.65984046459198 0.5159115195274353 0.02294944173966845 0.0343169222275416
0 0.5704813003540039 0.5165844559669495 0.02294944173966845 0.0343169222275416
0 0.4805530905723572 0.5172617435455322 0.02294944173966845 0.0343169222275416
0 0.39005038142204285 0.517943263053894 0.02294944173966845 0.0343169222275416
0 0.2989676296710968 0.5186291933059692 0.02294944173966845 0.0343169222275416
0 0.20729929208755493 0.5193195343017578 0.02294944173966845 0.0343169222275416
0 0.7648303508758545 0.624921441078186 0.02294944173966845 0.0343169222275416
0 0.6722904443740845 0.6259806156158447 0.02294944173966845 0.0343169222275416
0 0.5791378617286682 0.6270467638969421 0.02294944173966845 0.0343169222275416
0 0.4853665232658386 0.6281200051307678 0.02294944173966845 0.0343169222275416
0 0.39097025990486145 0.6292003989219666 0.02294944173966845 0.0343169222275416
0 0.2959428131580353 0.6302880048751831 0.02294944173966845 0.0343169222275416
0 0.20027783513069153 0.631382942199707 0.02294944173966845 0.0343169222275416
0 0.7824669480323792 0.7443676590919495 0.02294944173966845 0.0343169222275416
0 0.6858529448509216 0.7458858489990234 0.02294944173966845 0.0343169222275416
0 0.5885706543922424 0.7474145293235779 0.02294944173966845 0.0343169222275416
0 0.49061307311058044 0.7489538192749023 0.02294944173966845 0.0343169222275416
0 0.39197322726249695 0.7505037784576416 0.02294944173966845 0.0343169222275416
0 0.2926439344882965 0.7520646452903748 0.02294944173966845 0.0343169222275416
0 0.19261790812015533 0.7536364197731018 0.02294944173966845 0.0343169222275416