0 0.7132667899131775 0.1805184781551361 0.025087958201766014 0.03345061093568802
0 0.6447258591651917 0.17912878096103668 0.025087958201766014 0.03345061093568802
0 0.5763602256774902 0.1777426302433014 0.025087958201766014 0.03345061093568802
0 0.5081692337989807 0.17636002600193024 0.025087958201766014 0.03345061093568802
0 0.44015219807624817 0.17498095333576202 0.025087958201766014 0.03345061093568802
0 0.3723084032535553 0.17360539734363556 0.025087958201766014 0.03345061093568802
0 0.30463728308677673 0.17223332822322845 0.025087958201766014 0.03345061093568802
0 0.7220250964164734 0.246333047747612 0.025087958201766014 0.03345061093568802
0 0.6501683592796326 0.2447880357503891 0.025087958201766014 0.03345061093568802
0 0.5785042643547058 0.2432471513748169 0.025087958201766014 0.03345061093568802
0 0.5070319771766663 0.24171039462089539 0.025087958201766014 0.03345061093568802
0 0.435750812292099 0.24017775058746338 0.025087958201766014 0.03345061093568802
0 0.3646599352359772 0.23864920437335968 0.025087958201766014 0.03345061093568802
0 0.2937586009502411 0.2371247261762619 0.025087958201766014 0.03345061093568802
0 0.7316717505455017 0.3188236653804779 0.025087958201766014 0.03345061093568802
0 0.6561621427536011 0.3170981705188751 0.025087958201766014 0.03345061093568802
0 0.5808650851249695 0.31537753343582153 0.025087958201766014 0.03345061093568802
0 0.5057798624038696 0.31366175413131714 0.025087958201766014 0.03345061093568802
0 0.43090546131134033 0.31195077300071716 0.025087958201766014 0.03345061093568802
0 0.35624104738235474 0.3102445900440216 0.025087958201766014 0.03345061093568802
0 0.2817857265472412 0.30854320526123047 0.025087958201766014 0.03345061093568802
0 0.7423492670059204 0.39906033873558044 0.025087958201766014 0.03345061093568802
0 0.66279536485672 0.39712363481521606 0.025087958201766014 0.03345061093568802
0 0.5834774971008301 0.3951926529407501 0.025087958201766014 0.03345061093568802
0 0.50439453125 0.3932673931121826 0.025087958201766014 0.03345061093568802
0 0.42554542422294617 0.39134785532951355 0.025087958201766014 0.03345061093568802
0 0.3469291925430298 0.38943395018577576 0.025087958201766014 0.03345061093568802
0 0.2685447633266449 0.3875257074832916 0.025087958201766014 0.03345061093568802
0 0.7542321085929871 0.48835480213165283 0.025087958201766014 0.03345061093568802
0 0.6701763272285461 0.48616883158683777 0.025087958201766014 0.03345061093568802
0 0.5863838791847229 0.4839897155761719 0.025087958201766014 0.03345061093568802
0 0.502853512763977 0.4818173944950104 0.025087958201766014 0.03345061093568802
0 0.41958409547805786 0.47965189814567566 0.025087958201766014 0.03345061093568802
0 0.33657434582710266 0.47749313712120056 0.025087958201766014 0.03345061093568802
0 0.25382304191589355 0.4753410816192627 0.025087958201766014 0.03345061093568802
0 0.7675366401672363 0.5883325338363647 0.025087958201766014 0.03345061093568802
0 0.6784388422966003 0.5858497619628906 0.025087958201766014 0.03345061093568802
0 0.5896368026733398 0.5833752751350403 0.025087958201766014 0.03345061093568802
0 0.5011290907859802 0.5809089541435242 0.025087958201766014 0.03345061093568802
0 0.4129142761230469 0.5784507989883423 0.025087958201766014 0.03345061093568802
0 0.324990838766098 0.5760007500648499 0.025087958201766014 0.03345061093568802
0 0.23735740780830383 0.5735588073730469 0.025087958201766014 0.03345061093568802
0 0.7825342416763306 0.7010326981544495 0.025087958201766014 0.03345061093568802
0 0.6877508759498596 0.6981929540634155 0.025087958201766014 0.03345061093568802
0 0.5933021903038025 0.6953632831573486 0.025087958201766014 0.03345061093568802
0 0.49918636679649353 0.6925435662269592 0.025087958201766014 0.03345061093568802
0 0.40540164709091187 0.6897337436676025 0.025087958201766014 0.03345061093568802
0 0.3119462728500366 0.6869337558746338 0.025087958201766014 0.03345061093568802
0 0.2188185155391693 0.6841436624526978 0.025087958201766014 0.03345061093568802