0 0.6451159715652466 0.23990577459335327 0.01509744068607688 0.026839894553025562
0 0.5947892069816589 0.2391214370727539 0.01509744068607688 0.026839894553025562
0 0.5444275736808777 0.23833656311035156 0.01509744068607688 0.026839894553025562
0 0.49403101205825806 0.23755113780498505 0.01509744068607688 0.026839894553025562
0 0.44359952211380005 0.23676517605781555 0.01509744068607688 0.026839894553025562
0 0.3931330740451813 0.23597866296768188 0.01509744068607688 0.026839894553025562
0 0.34263157844543457 0.23519159853458405 0.01509744068607688 0.026839894553025562
0 0.6496384739875793 0.3043183982372284 0.01509744068607688 0.026839894553025562
0 0.597460925579071 0.3035283088684082 0.01509744068607688 0.026839894553025562
0 0.5452458262443542 0.30273768305778503 0.01509744068607688 0.026839894553025562
0 0.4929932653903961 0.3019464612007141 0.01509744068607688 0.026839894553025562
0 0.4407031238079071 0.3011546730995178 0.01509744068607688 0.026839894553025562
0 0.3883753716945648 0.30036231875419617 0.01509744068607688 0.026839894553025562
0 0.3360099494457245 0.29956939816474915 0.01509744068607688 0.026839894553025562
0 0.654506504535675 0.3736521899700165 0.01509744068607688 0.026839894553025562
0 0.6003367900848389 0.3728577792644501 0.01509744068607688 0.026839894553025562
0 0.5461267232894897 0.3720627427101135 0.01509744068607688 0.026839894553025562
0 0.49187615513801575 0.3712671399116516 0.01509744068607688 0.026839894553025562
0 0.43758508563041687 0.37047094106674194 0.01509744068607688 0.026839894553025562
0 0.3832534849643707 0.3696741461753845 0.01509744068607688 0.026839894553025562
0 0.32888129353523254 0.36887678503990173 0.01509744068607688 0.026839894553025562
0 0.6597612500190735 0.4484935402870178 0.01509744068607688 0.026839894553025562
0 0.6034412384033203 0.4476965665817261 0.01509744068607688 0.026839894553025562
0 0.5470775961875916 0.4468989670276642 0.01509744068607688 0.026839894553025562
0 0.49067017436027527 0.44610077142715454 0.01509744068607688 0.026839894553025562
0 0.43421900272369385 0.44530194997787476 0.01509744068607688 0.026839894553025562
0 0.37772396206855774 0.44450250267982483 0.01509744068607688 0.026839894553025562
0 0.32118508219718933 0.44370242953300476 0.01509744068607688 0.026839894553025562
0 0.6654506921768188 0.5295258164405823 0.01509744068607688 0.026839894553025562
0 0.6068026423454285 0.5287286043167114 0.01509744068607688 0.026839894553025562
0 0.5481072068214417 0.527930736541748 0.01509744068607688 0.026839894553025562
0 0.4893643260002136 0.5271322131156921 0.01509744068607688 0.026839894553025562
0 0.4305739998817444 0.5263330340385437 0.01509744068607688 0.026839894553025562
0 0.3717361390590668 0.5255331993103027 0.01509744068607688 0.026839894553025562
0 0.3128506541252136 0.5247327089309692 0.01509744068607688 0.026839894553025562
0 0.6716310381889343 0.6175503730773926 0.01509744068607688 0.026839894553025562
0 0.6104541420936584 0.6167557835578918 0.01509744068607688 0.026839894553025562
0 0.5492256879806519 0.6159605383872986 0.01509744068607688 0.026839894553025562
0 0.48794567584991455 0.6151646375656128 0.01509744068607688 0.026839894553025562
0 0.4266139566898346 0.6143680214881897 0.01509744068607688 0.026839894553025562
0 0.3652305006980896 0.6135708093643188 0.01509744068607688 0.026839894553025562
0 0.3037952184677124 0.6127728223800659 0.01509744068607688 0.026839894553025562
0 0.6783687472343445 0.7135130763053894 0.01509744068607688 0.026839894553025562
0 0.6144351363182068 0.7127248644828796 0.01509744068607688 0.026839894553025562
0 0.5504451990127563 0.7119359970092773 0.01509744068607688 0.026839894553025562
0 0.4863989055156708 0.7111464142799377 0.01509744068607688 0.026839894553025562
0 0.4222961664199829 0.7103561162948608 0.01509744068607688 0.026839894553025562
0 0.3581368923187256 0.7095651626586914 0.01509744068607688 0.026839894553025562
0 0.29392102360725403 0.7087734937667847 0.01509744068607688 0.026839894553025562