0 0.26933804154396057 0.2418442666530609 0.033976721266905464 0.033976721266905464
0 0.34210070967674255 0.2406330555677414 0.033976721266905464 0.033976721266905464
0 0.41497161984443665 0.2394200563430786 0.033976721266905464 0.033976721266905464
0 0.4879510998725891 0.23820523917675018 0.033976721266905464 0.033976721266905464
0 0.5610393285751343 0.2369886189699173 0.033976721266905464 0.033976721266905464
0 0.6342365145683289 0.23577018082141876 0.033976721266905464 0.033976721266905464
0 0.7075430154800415 0.23454992473125458 0.033976721266905464 0.033976721266905464
0 0.2583669126033783 0.2926802337169647 0.033976721266905464 0.033976721266905464
0 0.3341881334781647 0.2914573550224304 0.033976721266905464 0.033976721266905464
0 0.4101269543170929 0.2902325987815857 0.033976721266905464 0.033976721266905464
0 0.48618364334106445 0.28900593519210815 0.033976721266905464 0.033976721266905464
0 0.5623584985733032 0.2877773642539978 0.033976721266905464 0.033976721266905464
0 0.6386517286300659 0.28654688596725464 0.033976721266905464 0.033976721266905464
0 0.7150636911392212 0.2853144705295563 0.033976721266905464 0.033976721266905464
0 0.2464309185743332 0.3479868471622467 0.033976721266905464 0.033976721266905464
0 0.32557913661003113 0.34675490856170654 0.033976721266905464 0.033976721266905464
0 0.40485554933547974 0.3455209732055664 0.033976721266905464 0.033976721266905464
0 0.4842604100704193 0.3442850410938263 0.033976721266905464 0.033976721266905464
0 0.5637940764427185 0.3430470824241638 0.033976721266905464 0.033976721266905464
0 0.6434568166732788 0.34180712699890137 0.033976721266905464 0.033976721266905464
0 0.7232489585876465 0.34056517481803894 0.033976721266905464 0.033976721266905464
0 0.2333969622850418 0.40838098526000977 0.033976721266905464 0.033976721266905464
0 0.3161775767803192 0.4071434438228607 0.033976721266905464 0.033976721266905464
0 0.39909839630126953 0.40590378642082214 0.033976721266905464 0.033976721266905464
0 0.4821597933769226 0.40466204285621643 0.033976721266905464 0.033976721266905464
0 0.5653621554374695 0.4034181833267212 0.033976721266905464 0.033976721266905464
0 0.6487057209014893 0.4021722376346588 0.033976721266905464 0.033976721266905464
0 0.7321910262107849 0.4009241461753845 0.033976721266905464 0.033976721266905464
0 0.2191062569618225 0.4745984375476837 0.033976721266905464 0.033976721266905464
0 0.3058686852455139 0.4733599126338959 0.033976721266905464 0.033976721266905464
0 0.3927851617336273 0.47211921215057373 0.033976721266905464 0.033976721266905464
0 0.47985610365867615 0.4708762764930725 0.033976721266905464 0.033976721266905464
0 0.5670819282531738 0.4696311354637146 0.033976721266905464 0.033976721266905464
0 0.6544630527496338 0.4683837592601776 0.033976721266905464 0.033976721266905464
0 0.7419998645782471 0.46713417768478394 0.033976721266905464 0.033976721266905464
0 0.20336779952049255 0.5475241541862488 0.033976721266905464 0.033976721266905464
0 0.2945144474506378 0.5462908148765564 0.033976721266905464 0.033976721266905464
0 0.38583114743232727 0.5450551509857178 0.033976721266905464 0.033976721266905464
0 0.4773183763027191 0.5438172221183777 0.033976721266905464 0.033976721266905464
0 0.568976640701294 0.5425769090652466 0.033976721266905464 0.033976721266905464
0 0.6608063578605652 0.541334331035614 0.033976721266905464 0.033976721266905464
0 0.7528080344200134 0.5400894284248352 0.033976721266905464 0.033976721266905464
0 0.1859498769044876 0.628231942653656 0.033976721266905464 0.033976721266905464
0 0.28194740414619446 0.6270119547843933 0.033976721266905464 0.033976721266905464
0 0.3781335949897766 0.6257895827293396 0.033976721266905464 0.033976721266905464
0 0.47450903058052063 0.6245647668838501 0.033976721266905464 0.033976721266905464
0 0.5710743069648743 0.6233375668525696 0.033976721266905464 0.033976721266905464
0 0.6678298711776733 0.6221079230308533 0.033976721266905464 0.033976721266905464
0 0.7647764086723328 0.620875895023346 0.033976721266905464 0.033976721266905464