0 0.7293466329574585 0.18476520478725433 0.025173358619213104 0.033564478158950806
0 0.6625630259513855 0.1822824627161026 0.025173358619213104 0.033564478158950806
0 0.5955314636230469 0.17979051172733307 0.025173358619213104 0.033564478158950806
0 0.5282506346702576 0.17728929221630096 0.025173358619213104 0.033564478158950806
0 0.46071919798851013 0.1747787594795227 0.025173358619213104 0.033564478158950806
0 0.39293569326400757 0.17225883901119232 0.025173358619213104 0.033564478158950806
0 0.32489868998527527 0.16972951591014862 0.025173358619213104 0.033564478158950806
0 0.740319013595581 0.24791966378688812 0.025173358619213104 0.033564478158950806
0 0.6702594757080078 0.2454371154308319 0.025173358619213104 0.033564478158950806
0 0.5999270081520081 0.2429448962211609 0.025173358619213104 0.033564478158950806
0 0.5293200612068176 0.24044294655323029 0.025173358619213104 0.033564478158950806
0 0.4584370255470276 0.23793120682239532 0.025173358619213104 0.033564478158950806
0 0.38727623224258423 0.23540963232517242 0.025173358619213104 0.033564478158950806
0 0.3158360719680786 0.2328781634569168 0.025173358619213104 0.033564478158950806
0 0.7524287104606628 0.3176206946372986 0.025173358619213104 0.033564478158950806
0 0.6787553429603577 0.31515172123908997 0.025173358619213104 0.033564478158950806
0 0.6047800779342651 0.3126726448535919 0.025173358619213104 0.033564478158950806
0 0.5305010080337524 0.31018340587615967 0.025173358619213104 0.033564478158950806
0 0.45591628551483154 0.30768391489982605 0.025173358619213104 0.033564478158950806
0 0.381024032831192 0.3051740825176239 0.025173358619213104 0.033564478158950806
0 0.30582234263420105 0.3026539087295532 0.025173358619213104 0.033564478158950806
0 0.7658624053001404 0.3949418365955353 0.025173358619213104 0.033564478158950806
0 0.6881821155548096 0.39250439405441284 0.025173358619213104 0.033564478158950806
0 0.6101660132408142 0.39005643129348755 0.025173358619213104 0.033564478158950806
0 0.5318118929862976 0.38759782910346985 0.025173358619213104 0.033564478158950806
0 0.45311760902404785 0.38512858748435974 0.025173358619213104 0.033564478158950806
0 0.37408092617988586 0.3826485872268677 0.025173358619213104 0.033564478158950806
0 0.2946995496749878 0.3801577687263489 0.025173358619213104 0.033564478158950806
0 0.7808495759963989 0.4812049865722656 0.025173358619213104 0.033564478158950806
0 0.6987015008926392 0.47882309556007385 0.025173358619213104 0.033564478158950806
0 0.6161776185035706 0.47643035650253296 0.025173358619213104 0.033564478158950806
0 0.5332754254341125 0.474026620388031 0.025173358619213104 0.033564478158950806
0 0.449992299079895 0.4716118276119232 0.025173358619213104 0.033564478158950806
0 0.36632558703422546 0.4691859483718872 0.025173358619213104 0.033564478158950806
0 0.2822726368904114 0.46674883365631104 0.025173358619213104 0.033564478158950806
0 0.7976763844490051 0.5780564546585083 0.025173358619213104 0.033564478158950806
0 0.7105152010917664 0.5757626891136169 0.025173358619213104 0.033564478158950806
0 0.6229307651519775 0.5734577178955078 0.025173358619213104 0.033564478158950806
0 0.5349199175834656 0.5711415410041809 0.025173358619213104 0.033564478158950806
0 0.4464796185493469 0.5688140988349915 0.025173358619213104 0.033564478158950806
0 0.3576066792011261 0.5664752125740051 0.025173358619213104 0.033564478158950806
0 0.2682979106903076 0.5641249418258667 0.025173358619213104 0.033564478158950806
0 0.8167036771774292 0.6875733137130737 0.025173358619213104 0.033564478158950806
0 0.7238777875900269 0.685411810874939 0.025173358619213104 0.033564478158950806
0 0.6305715441703796 0.6832391023635864 0.025173358619213104 0.033564478158950806
0 0.5367811322212219 0.6810551285743713 0.025173358619213104 0.033564478158950806
0 0.44250279664993286 0.6788598299026489 0.025173358619213104 0.033564478158950806
0 0.3477327227592468 0.6766530275344849 0.025173358619213104 0.033564478158950806
0 0.2524670362472534 0.6744347214698792 0.025173358619213104 0.033564478158950806