0 0.6455748677253723 0.24567009508609772 0.01508690742775798 0.02682116876045863
0 0.5955541729927063 0.24455562233924866 0.01508690742775798 0.02682116876045863
0 0.5453896522521973 0.24343794584274292 0.01508690742775798 0.02682116876045863
0 0.49508076906204224 0.2423170655965805 0.01508690742775798 0.02682116876045863
0 0.4446268677711487 0.24119293689727783 0.01508690742775798 0.02682116876045863
0 0.39402732253074646 0.2400655746459961 0.01508690742775798 0.02682116876045863
0 0.34328150749206543 0.2389349490404129 0.01508690742775798 0.02682116876045863
0 0.6501986384391785 0.3098909556865692 0.01508690742775798 0.02682116876045863
0 0.5983829498291016 0.3088318407535553 0.01508690742775798 0.02682116876045863
0 0.546413004398346 0.3077695369720459 0.01508690742775798 0.02682116876045863
0 0.49428802728652954 0.3067040741443634 0.01508690742775798 0.02682116876045863
0 0.4420073628425598 0.3056354224681854 0.01508690742775798 0.02682116876045863
0 0.38957035541534424 0.30456358194351196 0.01508690742775798 0.02682116876045863
0 0.33697623014450073 0.303488552570343 0.01508690742775798 0.02682116876045863
0 0.6551674604415894 0.3789040148258209 0.01508690742775798 0.02682116876045863
0 0.6014232039451599 0.3779117166996002 0.01508690742775798 0.02682116876045863
0 0.547512948513031 0.37691637873649597 0.01508690742775798 0.02682116876045863
0 0.4934358596801758 0.3759179413318634 0.01508690742775798 0.02682116876045863
0 0.43919119238853455 0.3749164342880249 0.01508690742775798 0.02682116876045863
0 0.3847782015800476 0.3739117980003357 0.01508690742775798 0.02682116876045863
0 0.3301960527896881 0.37290406227111816 0.01508690742775798 0.02682116876045863
0 0.660521388053894 0.45326635241508484 0.01508690742775798 0.02682116876045863
0 0.604699432849884 0.45235469937324524 0.01508690742775798 0.02682116876045863
0 0.548698365688324 0.45144012570381165 0.01508690742775798 0.02682116876045863
0 0.49251729249954224 0.45052260160446167 0.01508690742775798 0.02682116876045863
0 0.4361553192138672 0.4496020972728729 0.01508690742775798 0.02682116876045863
0 0.379611611366272 0.4486786723136902 0.01508690742775798 0.02682116876045863
0 0.3228852152824402 0.4477522373199463 0.01508690742775798 0.02682116876045863
0 0.6663070321083069 0.533625066280365 0.01508690742775798 0.02682116876045863
0 0.6082403063774109 0.5328105688095093 0.01508690742775798 0.02682116876045863
0 0.5499797463417053 0.5319933295249939 0.01508690742775798 0.02682116876045863
0 0.4915243089199066 0.5311732888221741 0.01508690742775798 0.02682116876045863
0 0.432873010635376 0.5303505659103394 0.01508690742775798 0.02682116876045863
0 0.374024897813797 0.529525101184845 0.01508690742775798 0.02682116876045863
0 0.3149789273738861 0.5286968350410461 0.01508690742775798 0.02682116876045863
0 0.6725788116455078 0.6207359433174133 0.01508690742775798 0.02682116876045863
0 0.6120792627334595 0.6200384497642517 0.01508690742775798 0.02682116876045863
0 0.5513691902160645 0.6193385124206543 0.01508690742775798 0.02682116876045863
0 0.490447461605072 0.6186361312866211 0.01508690742775798 0.02682116876045863
0 0.42931297421455383 0.6179313063621521 0.01508690742775798 0.02682116876045863
0 0.36796465516090393 0.6172240376472473 0.01508690742775798 0.02682116876045863
0 0.3064013421535492 0.616514265537262 0.01508690742775798 0.02682116876045863
0 0.6794006824493408 0.7154873013496399 0.01508690742775798 0.02682116876045863
0 0.616255521774292 0.7149309515953064 0.01508690742775798 0.02682116876045863
0 0.5528808832168579 0.7143725752830505 0.01508690742775798 0.02682116876045863
0 0.48927563428878784 0.7138121724128723 0.01508690742775798 0.02682116876045863
0 0.42543843388557434 0.7132497429847717 0.01508690742775798 0.02682116876045863
0 0.3613680303096771 0.7126852869987488 0.01508690742775798 0.02682116876045863
0 0.2970631420612335 0.7121187448501587 0.01508690742775798 0.02682116876045863