0 0.2913917005062103 0.6458007097244263 0.020818581804633144 0.02775810907284419
0 0.3687019646167755 0.6447093486785889 0.020818581804633144 0.02775810907284419
0 0.4466284513473511 0.6436092853546143 0.020818581804633144 0.02775810907284419
0 0.5251785516738892 0.6425004601478577 0.020818581804633144 0.02775810907284419
0 0.6043597459793091 0.6413827538490295 0.020818581804633144 0.02775810907284419
0 0.6841797232627869 0.6402559876441956 0.020818581804633144 0.02775810907284419
0 0.7646462917327881 0.6391201019287109 0.020818581804633144 0.02775810907284419
0 0.3030582368373871 0.5557101964950562 0.020818581804633144 0.02775810907284419
0 0.37657463550567627 0.5543331503868103 0.020818581804633144 0.02775810907284419
0 0.4506478011608124 0.5529457330703735 0.020818581804633144 0.02775810907284419
0 0.5252841114997864 0.5515477061271667 0.020818581804633144 0.02775810907284419
0 0.6004899740219116 0.5501390099525452 0.020818581804633144 0.02775810907284419
0 0.6762719750404358 0.548719584941864 0.020818581804633144 0.02775810907284419
0 0.7526367902755737 0.5472891926765442 0.020818581804633144 0.02775810907284419
0 0.31362518668174744 0.47411075234413147 0.020818581804633144 0.02775810907284419
0 0.3837026357650757 0.4725055992603302 0.020818581804633144 0.02775810907284419
0 0.4542856216430664 0.47088882327079773 0.020818581804633144 0.02775810907284419
0 0.5253796577453613 0.4692603647708893 0.020818581804633144 0.02775810907284419
0 0.5969902873039246 0.4676200747489929 0.020818581804633144 0.02775810907284419
0 0.6691231727600098 0.4659678339958191 0.020818581804633144 0.02775810907284419
0 0.7417840361595154 0.46430349349975586 0.020818581804633144 0.02775810907284419
0 0.3232410252094269 0.39985600113868713 0.020818581804633144 0.02775810907284419
0 0.3901868462562561 0.39806848764419556 0.020818581804633144 0.02775810907284419
0 0.45759373903274536 0.39626866579055786 0.020818581804633144 0.02775810907284419
0 0.5254665017127991 0.3944564163684845 0.020818581804633144 0.02775810907284419
0 0.5938099026679993 0.3926315903663635 0.020818581804633144 0.02775810907284419
0 0.6626289486885071 0.3907940685749054 0.020818581804633144 0.02775810907284419
0 0.7319285869598389 0.38894370198249817 0.020818581804633144 0.02775810907284419
0 0.3320286273956299 0.33199700713157654 0.020818581804633144 0.02775810907284419
0 0.3961107134819031 0.33006390929222107 0.020818581804633144 0.02775810907284419
0 0.46061503887176514 0.32811808586120605 0.020818581804633144 0.02775810907284419
0 0.5255457758903503 0.32615938782691956 0.020818581804633144 0.02775810907284419
0 0.590907096862793 0.3241877257823944 0.020818581804633144 0.02775810907284419
0 0.6567034125328064 0.3222029209136963 0.020818581804633144 0.02775810907284419
0 0.7229390144348145 0.32020485401153564 0.020818581804633144 0.02775810907284419
0 0.3400905728340149 0.2697415351867676 0.020818581804633144 0.02775810907284419
0 0.40154388546943665 0.26769256591796875 0.020818581804633144 0.02775810907284419
0 0.46338528394699097 0.26563066244125366 0.020818581804633144 0.02775810907284419
0 0.5256184339523315 0.2635556757450104 0.020818581804633144 0.02775810907284419
0 0.5882470607757568 0.26146751642227173 0.020818581804633144 0.02775810907284419
0 0.6512749791145325 0.2593660354614258 0.020818581804633144 0.02775810907284419
0 0.7147060036659241 0.257251113653183 0.020818581804633144 0.02775810907284419
0 0.34751319885253906 0.21242305636405945 0.020818581804633144 0.02775810907284419
0 0.40654489398002625 0.2102823406457901 0.020818581804633144 0.02775810907284419
0 0.46593451499938965 0.2081286460161209 0.020818581804633144 0.02775810907284419
0 0.5256853103637695 0.20596183836460114 0.020818581804633144 0.02775810907284419
0 0.5858005285263062 0.2037818282842636 0.020818581804633144 0.02775810907284419
0 0.6462836265563965 0.2015884667634964 0.020818581804633144 0.02775810907284419
0 0.707137942314148 0.19938164949417114 0.020818581804633144 0.02775810907284419