0 0.4431811273097992 0.1804547905921936 0.013149609323590994 0.023377083241939545
0 0.41479936242103577 0.21764732897281647 0.013149609323590994 0.023377083241939545
0 0.38473835587501526 0.25704047083854675 0.013149609323590994 0.023377083241939545
0 0.3528444468975067 0.2988354563713074 0.013149609323590994 0.023377083241939545
0 0.3189447820186615 0.34325888752937317 0.013149609323590994 0.023377083241939545
0 0.28284400701522827 0.39056673645973206 0.013149609323590994 0.023377083241939545
0 0.24432054162025452 0.44104936718940735 0.013149609323590994 0.023377083241939545
0 0.4762970209121704 0.21009017527103424 0.013149609323590994 0.023377083241939545
0 0.44824355840682983 0.24899865686893463 0.013149609323590994 0.023377083241939545
0 0.418491393327713 0.2902631461620331 0.013149609323590994 0.023377083241939545
0 0.38688141107559204 0.3341043293476105 0.013149609323590994 0.023377083241939545
0 0.3532339632511139 0.38077133893966675 0.013149609323590994 0.023377083241939545
0 0.3173455595970154 0.43054646253585815 0.013149609323590994 0.023377083241939545
0 0.27898454666137695 0.4837509095668793 0.013149609323590994 0.023377083241939545
0 0.510907769203186 0.24106334149837494 0.013149609323590994 0.023377083241939545
0 0.48324283957481384 0.2818077802658081 0.013149609323590994 0.023377083241939545
0 0.45386257767677307 0.325078547000885 0.013149609323590994 0.023377083241939545
0 0.4226023256778717 0.37111809849739075 0.013149609323590994 0.023377083241939545
0 0.3892756700515747 0.42020103335380554 0.013149609323590994 0.023377083241939545
0 0.35367071628570557 0.4726393520832062 0.013149609323590994 0.023377083241939545
0 0.31554561853408813 0.5287894010543823 0.013149609323590994 0.023377083241939545
0 0.5471169948577881 0.27346694469451904 0.013149609323590994 0.023377083241939545
0 0.5199083089828491 0.3161787986755371 0.013149609323590994 0.023377083241939545
0 0.49097108840942383 0.3616039752960205 0.013149609323590994 0.023377083241939545
0 0.4601353108882904 0.41000956296920776 0.013149609323590994 0.023377083241939545
0 0.42720770835876465 0.4616987705230713 0.013149609323590994 0.023377083241939545
0 0.3919680118560791 0.5170175433158875 0.013149609323590994 0.023377083241939545
0 0.3541638255119324 0.5763620138168335 0.013149609323590994 0.023377083241939545
0 0.5850380659103394 0.30740246176719666 0.013149609323590994 0.023377083241939545
0 0.5583617687225342 0.3522259593009949 0.013149609323590994 0.023377083241939545
0 0.5299481749534607 0.39996862411499023 0.013149609323590994 0.023377083241939545
0 0.4996218681335449 0.4509252607822418 0.013149609323590994 0.023377083241939545
0 0.46718287467956543 0.5054317116737366 0.013149609323590994 0.023377083241939545
0 0.4324025511741638 0.5638722777366638 0.013149609323590994 0.023377083241939545
0 0.3950178623199463 0.6266888380050659 0.013149609323590994 0.023377083241939545
0 0.6247951984405518 0.34298115968704224 0.013149609323590994 0.023377083241939545
0 0.598737359046936 0.3900749385356903 0.013149609323590994 0.023377083241939545
0 0.5709386467933655 0.44031500816345215 0.013149609323590994 0.023377083241939545
0 0.5412185788154602 0.4940274953842163 0.013149609323590994 0.023377083241939545
0 0.5093708038330078 0.5515853762626648 0.013149609323590994 0.023377083241939545
0 0.47515830397605896 0.613416850566864 0.013149609323590994 0.023377083241939545
0 0.43830767273902893 0.6800162196159363 0.013149609323590994 0.023377083241939545
0 0.6665251851081848 0.3803252875804901 0.013149609323590994 0.023377083241939545
0 0.6411828994750977 0.4298643171787262 0.013149609323590994 0.023377083241939545
0 0.6141026020050049 0.48280069231987 0.013149609323590994 0.023377083241939545
0 0.5850992202758789 0.5394963622093201 0.013149609323590994 0.023377083241939545
0 0.553960382938385 0.600366473197937 0.013149609323590994 0.023377083241939545
0 0.5204411149024963 0.6658896803855896 0.013149609323590994 0.023377083241939545
0 0.4842577576637268 0.7366207838058472 0.013149609323590994 0.023377083241939545