0 0.6946831345558167 0.15715532004833221 0.0229091194147865 0.03425662716229757
0 0.6194219589233398 0.15655504167079926 0.0229091194147865 0.03425662716229757
0 0.5435243248939514 0.15594971179962158 0.0229091194147865 0.03425662716229757
0 0.4669821560382843 0.15533922612667084 0.0229091194147865 0.03425662716229757
0 0.3897872269153595 0.15472352504730225 0.0229091194147865 0.03425662716229757
0 0.31193116307258606 0.15410256385803223 0.0229091194147865 0.03425662716229757
0 0.23340539634227753 0.1534762680530548 0.0229091194147865 0.03425662716229757
0 0.7062734961509705 0.23669372498989105 0.0229091194147865 0.03425662716229757
0 0.6282868981361389 0.23641854524612427 0.0229091194147865 0.03425662716229757
0 0.5496165156364441 0.23614095151424408 0.0229091194147865 0.03425662716229757
0 0.4702531397342682 0.2358609139919281 0.0229091194147865 0.03425662716229757
0 0.39018765091896057 0.23557840287685394 0.0229091194147865 0.03425662716229757
0 0.3094106614589691 0.23529337346553802 0.0229091194147865 0.03425662716229757
0 0.22791269421577454 0.23500581085681915 0.0229091194147865 0.03425662716229757
0 0.7187474966049194 0.32229673862457275 0.0229091194147865 0.03425662716229757
0 0.637830913066864 0.3223990201950073 0.0229091194147865 0.03425662716229757
0 0.5561773777008057 0.3225022554397583 0.0229091194147865 0.03425662716229757
0 0.4737769067287445 0.3226064145565033 0.0229091194147865 0.03425662716229757
0 0.3906191289424896 0.3227115571498871 0.0229091194147865 0.03425662716229757
0 0.30669355392456055 0.3228176534175873 0.0229091194147865 0.03425662716229757
0 0.22198952734470367 0.32292473316192627 0.0229091194147865 0.03425662716229757
0 0.7322103381156921 0.4146853983402252 0.0229091194147865 0.03425662716229757
0 0.6481350064277649 0.4152272343635559 0.0229091194147865 0.03425662716229757
0 0.5632633566856384 0.4157741665840149 0.0229091194147865 0.03425662716229757
0 0.47758403420448303 0.4163263440132141 0.0229091194147865 0.03425662716229757
0 0.3910854756832123 0.41688376665115356 0.0229091194147865 0.03425662716229757
0 0.30375590920448303 0.4174465537071228 0.0229091194147865 0.03425662716229757
0 0.21558323502540588 0.4180147647857666 0.0229091194147865 0.03425662716229757
0 0.7467844486236572 0.5146999359130859 0.0229091194147865 0.03425662716229757
0 0.6592937707901001 0.5157551765441895 0.0229091194147865 0.03425662716229757
0 0.5709398984909058 0.5168207883834839 0.0229091194147865 0.03425662716229757
0 0.4817100465297699 0.5178970098495483 0.0229091194147865 0.03425662716229757
0 0.3915911018848419 0.5189839005470276 0.0229091194147865 0.03425662716229757
0 0.30056968331336975 0.5200817584991455 0.0229091194147865 0.03425662716229757
0 0.2086322158575058 0.5211905837059021 0.0229091194147865 0.03425662716229757
0 0.7626132369041443 0.6233250498771667 0.0229091194147865 0.03425662716229757
0 0.6714181303977966 0.6249822378158569 0.0229091194147865 0.03425662716229757
0 0.5792841911315918 0.6266564726829529 0.0229091194147865 0.03425662716229757
0 0.4861968159675598 0.6283479928970337 0.0229091194147865 0.03425662716229757
0 0.3921411335468292 0.630057156085968 0.0229091194147865 0.03425662716229757
0 0.2971020042896271 0.6317841410636902 0.0229091194147865 0.03425662716229757
0 0.2010638564825058 0.6335293650627136 0.0229091194147865 0.03425662716229757
0 0.7798661589622498 0.741722822189331 0.0229091194147865 0.03425662716229757
0 0.6846391558647156 0.7440887093544006 0.0229091194147865 0.03425662716229757
0 0.5883872509002686 0.7464800477027893 0.0229091194147865 0.03425662716229757
0 0.49109378457069397 0.7488971948623657 0.0229091194147865 0.03425662716229757
0 0.39274173974990845 0.7513406872749329 0.0229091194147865 0.03425662716229757
0 0.29331380128860474 0.7538109421730042 0.0229091194147865 0.03425662716229757
0 0.192792147397995 0.7563083171844482 0.0229091194147865 0.03425662716229757