0 0.7084452509880066 0.16402165591716766 0.02284465152770281 0.034160226583480835
0 0.6328858137130737 0.16272594034671783 0.02284465152770281 0.034160226583480835
0 0.5567060708999634 0.1614195704460144 0.02284465152770281 0.034160226583480835
0 0.4798983335494995 0.16010244190692902 0.02284465152770281 0.034160226583480835
0 0.40245479345321655 0.15877440571784973 0.02284465152770281 0.034160226583480835
0 0.32436755299568176 0.157435342669487 0.02284465152770281 0.034160226583480835
0 0.24562852084636688 0.1560850888490677 0.02284465152770281 0.034160226583480835
0 0.7198696732521057 0.24404112994670868 0.02284465152770281 0.034160226583480835
0 0.6416282653808594 0.24303753674030304 0.02284465152770281 0.034160226583480835
0 0.5627211928367615 0.24202539026737213 0.02284465152770281 0.034160226583480835
0 0.4831399619579315 0.24100461602210999 0.02284465152770281 0.034160226583480835
0 0.4028758406639099 0.23997506499290466 0.02284465152770281 0.034160226583480835
0 0.3219200670719147 0.238936647772789 0.02284465152770281 0.034160226583480835
0 0.24026359617710114 0.23788924515247345 0.02284465152770281 0.034160226583480835
0 0.7321469783782959 0.3300342559814453 0.02284465152770281 0.034160226583480835
0 0.6510262489318848 0.3293709456920624 0.02284465152770281 0.034160226583480835
0 0.5691893696784973 0.32870176434516907 0.02284465152770281 0.034160226583480835
0 0.4866268038749695 0.3280266523361206 0.02284465152770281 0.034160226583480835
0 0.40332889556884766 0.3273455500602722 0.02284465152770281 0.034160226583480835
0 0.3192857801914215 0.32665830850601196 0.02284465152770281 0.034160226583480835
0 0.2344873696565628 0.32596492767333984 0.02284465152770281 0.034160226583480835
0 0.7453763484954834 0.4226958751678467 0.02284465152770281 0.034160226583480835
0 0.6611563563346863 0.42242980003356934 0.02284465152770281 0.034160226583480835
0 0.5761637091636658 0.4221612811088562 0.02284465152770281 0.034160226583480835
0 0.49038776755332947 0.4218902885913849 0.02284465152770281 0.034160226583480835
0 0.40381771326065063 0.421616792678833 0.02284465152770281 0.034160226583480835
0 0.31644245982170105 0.4213407337665558 0.02284465152770281 0.034160226583480835
0 0.228250652551651 0.4210621118545532 0.02284465152770281 0.034160226583480835
0 0.7596730589866638 0.522832989692688 0.02284465152770281 0.034160226583480835
0 0.6721075177192688 0.5230318903923035 0.02284465152770281 0.034160226583480835
0 0.5837060213088989 0.523232638835907 0.02284465152770281 0.034160226583480835
0 0.49445652961730957 0.5234353542327881 0.02284465152770281 0.034160226583480835
0 0.404346764087677 0.523639976978302 0.02284465152770281 0.034160226583480835
0 0.3133642077445984 0.5238466262817383 0.02284465152770281 0.034160226583480835
0 0.2214961051940918 0.5240552425384521 0.02284465152770281 0.034160226583480835
0 0.7751715779304504 0.631388247013092 0.02284465152770281 0.034160226583480835
0 0.6839839220046997 0.6321330666542053 0.02284465152770281 0.034160226583480835
0 0.5918887853622437 0.632885217666626 0.02284465152770281 0.034160226583480835
0 0.4988724887371063 0.6336449384689331 0.02284465152770281 0.034160226583480835
0 0.40492114424705505 0.6344122886657715 0.02284465152770281 0.034160226583480835
0 0.3100206255912781 0.6351874470710754 0.02284465152770281 0.034160226583480835
0 0.21415643393993378 0.635970413684845 0.02284465152770281 0.034160226583480835
0 0.7920301556587219 0.7494697570800781 0.02284465152770281 0.034160226583480835
0 0.6969079375267029 0.7508578896522522 0.02284465152770281 0.034160226583480835
0 0.6007970571517944 0.7522603869438171 0.02284465152770281 0.034160226583480835
0 0.503682017326355 0.7536775469779968 0.02284465152770281 0.034160226583480835
0 0.40554702281951904 0.7551096081733704 0.02284465152770281 0.034160226583480835
0 0.3063758909702301 0.7565568089485168 0.02284465152770281 0.034160226583480835
0 0.20615215599536896 0.7580193281173706 0.02284465152770281 0.034160226583480835