0 0.7066692113876343 0.16017991304397583 0.02290472312209507 0.03425005326668421
0 0.6308139562606812 0.15976926684379578 0.02290472312209507 0.03425005326668421
0 0.554545521736145 0.15935638546943665 0.02290472312209507 0.03425005326668421
0 0.47786056995391846 0.15894123911857605 0.02290472312209507 0.03425005326668421
0 0.4007556438446045 0.158523827791214 0.02290472312209507 0.03425005326668421
0 0.32322728633880615 0.15810412168502808 0.02290472312209507 0.03425005326668421
0 0.2452719807624817 0.15768210589885712 0.02290472312209507 0.03425005326668421
0 0.7181482315063477 0.24013134837150574 0.02290472312209507 0.03425005326668421
0 0.6395079493522644 0.239930659532547 0.02290472312209507 0.03425005326668421
0 0.5604233741760254 0.23972883820533752 0.02290472312209507 0.03425005326668421
0 0.48089075088500977 0.23952586948871613 0.02290472312209507 0.03425005326668421
0 0.4009062349796295 0.2393217533826828 0.02290472312209507 0.03425005326668421
0 0.32046598196029663 0.23911647498607635 0.02290472312209507 0.03425005326668421
0 0.23956604301929474 0.2389100193977356 0.02290472312209507 0.03425005326668421
0 0.7305102944374084 0.3262328803539276 0.02290472312209507 0.03425005326668421
0 0.6488727331161499 0.32627636194229126 0.02290472312209507 0.03425005326668421
0 0.5667560696601868 0.326320081949234 0.02290472312209507 0.03425005326668421
0 0.48415607213974 0.32636404037475586 0.02290472312209507 0.03425005326668421
0 0.4010685384273529 0.3264082968235016 0.02290472312209507 0.03425005326668421
0 0.3174891173839569 0.3264527916908264 0.02290472312209507 0.03425005326668421
0 0.23341338336467743 0.32649755477905273 0.02290472312209507 0.03425005326668421
0 0.7438613176345825 0.41922256350517273 0.02290472312209507 0.03425005326668421
0 0.658988893032074 0.41955074667930603 0.02290472312209507 0.03425005326668421
0 0.5735983848571777 0.4198808968067169 0.02290472312209507 0.03425005326668421
0 0.48768502473831177 0.42021310329437256 0.02290472312209507 0.03425005326668421
0 0.40124401450157166 0.42054733633995056 0.02290472312209507 0.03425005326668421
0 0.3142704367637634 0.4208836257457733 0.02290472312209507 0.03425005326668421
0 0.22675937414169312 0.4212219715118408 0.02290472312209507 0.03425005326668421
0 0.758324921131134 0.519961416721344 0.02290472312209507 0.03425005326668421
0 0.6699507832527161 0.5206226706504822 0.02290472312209507 0.03425005326668421
0 0.5810145735740662 0.5212880969047546 0.02290472312209507 0.03425005326668421
0 0.49151086807250977 0.5219577550888062 0.02290472312209507 0.03425005326668421
0 0.4014342725276947 0.5226317644119263 0.02290472312209507 0.03425005326668421
0 0.3107792139053345 0.5233100652694702 0.02290472312209507 0.03425005326668421
0 0.21954013407230377 0.5239927172660828 0.02290472312209507 0.03425005326668421
0 0.7740462422370911 0.6294601559638977 0.02290472312209507 0.03425005326668421
0 0.6818690299987793 0.630512535572052 0.02290472312209507 0.03425005326668421
0 0.5890799164772034 0.6315718293190002 0.02290472312209507 0.03425005326668421
0 0.49567273259162903 0.6326382160186768 0.02290472312209507 0.03425005326668421
0 0.40164127945899963 0.6337116956710815 0.02290472312209507 0.03425005326668421
0 0.30697932839393616 0.6347924470901489 0.02290472312209507 0.03425005326668421
0 0.21168048679828644 0.6358804106712341 0.02290472312209507 0.03425005326668421
0 0.7911967635154724 0.7489133477210999 0.02290472312209507 0.03425005326668421
0 0.6948745250701904 0.7504269480705261 0.02290472312209507 0.03425005326668421
0 0.5978835821151733 0.7519509792327881 0.02290472312209507 0.03425005326668421
0 0.5002169013023376 0.7534856796264648 0.02290472312209507 0.03425005326668421
0 0.4018673896789551 0.7550311088562012 0.02290472312209507 0.03425005326668421
0 0.30282795429229736 0.7565873861312866 0.02290472312209507 0.03425005326668421
0 0.20309121906757355 0.758154571056366 0.02290472312209507 0.03425005326668421