0 0.694290041923523 0.15500853955745697 0.022900036179150148 0.03424304475386938
0 0.6185959577560425 0.15409380197525024 0.022900036179150148 0.03424304475386938
0 0.5422868728637695 0.1531716287136078 0.022900036179150148 0.03424304475386938
0 0.46535542607307434 0.15224194526672363 0.022900036179150148 0.03424304475386938
0 0.38779380917549133 0.15130463242530823 0.022900036179150148 0.03424304475386938
0 0.3095943331718445 0.1503596156835556 0.022900036179150148 0.03424304475386938
0 0.23074905574321747 0.1494068056344986 0.022900036179150148 0.03424304475386938
0 0.7059526443481445 0.23505084216594696 0.022900036179150148 0.03424304475386938
0 0.6275567412376404 0.2344384491443634 0.022900036179150148 0.03424304475386938
0 0.5485007166862488 0.23382090032100677 0.022900036179150148 0.03424304475386938
0 0.468776136636734 0.2331981211900711 0.022900036179150148 0.03424304475386938
0 0.38837459683418274 0.23257006704807281 0.022900036179150148 0.03424304475386938
0 0.307287335395813 0.23193664848804474 0.022900036179150148 0.03424304475386938
0 0.22550562024116516 0.2312978059053421 0.022900036179150148 0.03424304475386938
0 0.7184910178184509 0.3211038410663605 0.022900036179150148 0.03424304475386938
0 0.6371933817863464 0.3208427429199219 0.022900036179150148 0.03424304475386938
0 0.5551851987838745 0.3205793499946594 0.022900036179150148 0.03424304475386938
0 0.4724571406841278 0.3203136622905731 0.022900036179150148 0.03424304475386938
0 0.3889997601509094 0.3200456202030182 0.022900036179150148 0.03424304475386938
0 0.3048033118247986 0.31977522373199463 0.022900036179150148 0.03424304475386938
0 0.21985793113708496 0.31950241327285767 0.022900036179150148 0.03424304475386938
0 0.7320077419281006 0.41387099027633667 0.022900036179150148 0.03424304475386938
0 0.6475852727890015 0.41401907801628113 0.022900036179150148 0.03424304475386938
0 0.5623959302902222 0.41416850686073303 0.022900036179150148 0.03424304475386938
0 0.476429283618927 0.41431930661201477 0.022900036179150148 0.03424304475386938
0 0.389674574136734 0.41447147727012634 0.022900036179150148 0.03424304475386938
0 0.30212098360061646 0.41462504863739014 0.022900036179150148 0.03424304475386938
0 0.21375735104084015 0.41478005051612854 0.022900036179150148 0.03424304475386938
0 0.74662184715271 0.5141699314117432 0.022900036179150148 0.03424304475386938
0 0.6588248610496521 0.5147960782051086 0.022900036179150148 0.03424304475386938
0 0.5701977014541626 0.5154280662536621 0.022900036179150148 0.03424304475386938
0 0.48072850704193115 0.5160660743713379 0.022900036179150148 0.03424304475386938
0 0.39040523767471313 0.5167101621627808 0.022900036179150148 0.03424304475386938
0 0.2992156445980072 0.5173604488372803 0.022900036179150148 0.03424304475386938
0 0.20714715123176575 0.5180169939994812 0.022900036179150148 0.03424304475386938
0 0.7624727487564087 0.6229568719863892 0.022900036179150148 0.03424304475386938
0 0.6710203289985657 0.6241432428359985 0.022900036179150148 0.03424304475386938
0 0.5786661505699158 0.6253412961959839 0.022900036179150148 0.03424304475386938
0 0.48539695143699646 0.6265512704849243 0.022900036179150148 0.03424304475386938
0 0.391198992729187 0.6277732849121094 0.022900036179150148 0.03424304475386938
0 0.2960582971572876 0.6290075182914734 0.022900036179150148 0.03424304475386938
0 0.19996067881584167 0.6302541494369507 0.022900036179150148 0.03424304475386938
0 0.7797242403030396 0.7413567304611206 0.022900036179150148 0.03424304475386938
0 0.6842989325523376 0.7432024478912354 0.022900036179150148 0.03424304475386938
0 0.5878906846046448 0.7450671195983887 0.022900036179150148 0.03424304475386938
0 0.490484356880188 0.746951162815094 0.022900036179150148 0.03424304475386938
0 0.39206430315971375 0.7488547563552856 0.022900036179150148 0.03424304475386938
0 0.2926146388053894 0.750778317451477 0.022900036179150148 0.03424304475386938
0 0.19211912155151367 0.7527220845222473 0.022900036179150148 0.03424304475386938