0 0.7258152365684509 0.83143550157547 0.01984272338449955 0.026456964512666065
0 0.7174791693687439 0.7449373006820679 0.01984272338449955 0.026456964512666065
0 0.7096753120422363 0.6639620065689087 0.01984272338449955 0.026456964512666065
0 0.7023543119430542 0.5879970192909241 0.01984272338449955 0.026456964512666065
0 0.6954727172851562 0.5165912508964539 0.01984272338449955 0.026456964512666065
0 0.6889921426773071 0.44934624433517456 0.01984272338449955 0.026456964512666065
0 0.6828784346580505 0.3859086334705353 0.01984272338449955 0.026456964512666065
0 0.6493282318115234 0.8304682374000549 0.01984272338449955 0.026456964512666065
0 0.6435120105743408 0.7439652681350708 0.01984272338449955 0.026456964512666065
0 0.638067364692688 0.6629877686500549 0.01984272338449955 0.026456964512666065
0 0.6329596638679504 0.5870226621627808 0.01984272338449955 0.026456964512666065
0 0.628158688545227 0.5156185626983643 0.01984272338449955 0.026456964512666065
0 0.6236375570297241 0.44837671518325806 0.01984272338449955 0.026456964512666065
0 0.6193724870681763 0.3849434554576874 0.01984272338449955 0.026456964512666065
0 0.5727740526199341 0.8295000791549683 0.01984272338449955 0.026456964512666065
0 0.5694820880889893 0.7429923415184021 0.01984272338449955 0.026456964512666065
0 0.5664005279541016 0.6620126962661743 0.01984272338449955 0.026456964512666065
0 0.5635097622871399 0.5860475301742554 0.01984272338449955 0.026456964512666065
0 0.5607926249504089 0.5146451592445374 0.01984272338449955 0.026456964512666065
0 0.558233916759491 0.44740647077560425 0.01984272338449955 0.026456964512666065
0 0.5558202266693115 0.3839775621891022 0.01984272338449955 0.026456964512666065
0 0.4961526095867157 0.8285311460494995 0.01984272338449955 0.026456964512666065
0 0.49538928270339966 0.7420186400413513 0.01984272338449955 0.026456964512666065
0 0.4946747422218323 0.6610367894172668 0.01984272338449955 0.026456964512666065
0 0.494004487991333 0.5850716233253479 0.01984272338449955 0.026456964512666065
0 0.4933744966983795 0.5136709809303284 0.01984272338449955 0.026456964512666065
0 0.49278125166893005 0.44643548130989075 0.01984272338449955 0.026456964512666065
0 0.4922216534614563 0.38301095366477966 0.01984272338449955 0.026456964512666065
0 0.4194638431072235 0.8275613188743591 0.01984272338449955 0.026456964512666065
0 0.42123350501060486 0.7410441040992737 0.01984272338449955 0.026456964512666065
0 0.42288997769355774 0.6600601077079773 0.01984272338449955 0.026456964512666065
0 0.4244438111782074 0.5840949416160583 0.01984272338449955 0.026456964512666065
0 0.425904244184494 0.5126960277557373 0.01984272338449955 0.026456964512666065
0 0.42727944254875183 0.44546374678611755 0.01984272338449955 0.026456964512666065
0 0.42857667803764343 0.38204365968704224 0.01984272338449955 0.026456964512666065
0 0.34270763397216797 0.8265906572341919 0.01984272338449955 0.026456964512666065
0 0.3470146954059601 0.740068793296814 0.01984272338449955 0.026456964512666065
0 0.3510461449623108 0.6590826511383057 0.01984272338449955 0.026456964512666065
0 0.3548276722431183 0.5831174850463867 0.01984272338449955 0.026456964512666065
0 0.35838180780410767 0.5117203593254089 0.01984272338449955 0.026456964512666065
0 0.3617284595966339 0.44449129700660706 0.01984272338449955 0.026456964512666065
0 0.36488527059555054 0.3810756802558899 0.01984272338449955 0.026456964512666065
0 0.2658839523792267 0.8256191611289978 0.01984272338449955 0.026456964512666065
0 0.27273276448249817 0.7390925884246826 0.01984272338449955 0.026456964512666065
0 0.27914318442344666 0.6581043601036072 0.01984272338449955 0.026456964512666065
0 0.2851560115814209 0.5821391940116882 0.01984272338449955 0.026456964512666065
0 0.2908071279525757 0.5107439160346985 0.01984272338449955 0.026456964512666065
0 0.2961282432079315 0.44351813197135925 0.01984272338449955 0.026456964512666065
0 0.3011474013328552 0.38010695576667786 0.01984272338449955 0.026456964512666065