0 0.6944789290428162 0.15325504541397095 0.02309951027855277 0.03454132378101349
0 0.6188241839408875 0.15265657007694244 0.02309951027855277 0.03454132378101349
0 0.5425339937210083 0.1520530730485916 0.02309951027855277 0.03454132378101349
0 0.4656003713607788 0.1514444798231125 0.02309951027855277 0.03454132378101349
0 0.38801515102386475 0.1508307307958603 0.02309951027855277 0.03454132378101349
0 0.30977001786231995 0.15021176636219025 0.02309951027855277 0.03454132378101349
0 0.23085647821426392 0.14958752691745758 0.02309951027855277 0.03454132378101349
0 0.7062757015228271 0.23370446264743805 0.02309951027855277 0.03454132378101349
0 0.6279074549674988 0.2334328442811966 0.02309951027855277 0.03454132378101349
0 0.5488568544387817 0.23315884172916412 0.02309951027855277 0.03454132378101349
0 0.4691150188446045 0.23288245499134064 0.02309951027855277 0.03454132378101349
0 0.38867273926734924 0.23260363936424255 0.02309951027855277 0.03454132378101349
0 0.3075207769870758 0.23232236504554749 0.02309951027855277 0.03454132378101349
0 0.22564972937107086 0.23203860223293304 0.02309951027855277 0.03454132378101349
0 0.7189632654190063 0.320229172706604 0.02309951027855277 0.03454132378101349
0 0.6376797556877136 0.3203365206718445 0.02309951027855277 0.03454132378101349
0 0.5556615591049194 0.32044482231140137 0.02309951027855277 0.03454132378101349
0 0.4728986620903015 0.32055413722991943 0.02309951027855277 0.03454132378101349
0 0.38938087224960327 0.3206644356250763 0.02309951027855277 0.03454132378101349
0 0.3050978183746338 0.32077571749687195 0.02309951027855277 0.03454132378101349
0 0.22003892064094543 0.32088807225227356 0.02309951027855277 0.03454132378101349
0 0.732646644115448 0.41354432702064514 0.02309951027855277 0.03454132378101349
0 0.6482226252555847 0.4140922725200653 0.02309951027855277 0.03454132378101349
0 0.5630053281784058 0.41464537382125854 0.02309951027855277 0.03454132378101349
0 0.4769834578037262 0.41520369052886963 0.02309951027855277 0.03454132378101349
0 0.3901456296443939 0.4157673120498657 0.02309951027855277 0.03454132378101349
0 0.30248016119003296 0.416336327791214 0.02309951027855277 0.03454132378101349
0 0.21397511661052704 0.4169107675552368 0.02309951027855277 0.03454132378101349
0 0.747447669506073 0.5144819617271423 0.02309951027855277 0.03454132378101349
0 0.6596308350563049 0.5155437588691711 0.02309951027855277 0.03454132378101349
0 0.5709547996520996 0.5166159868240356 0.02309951027855277 0.03454132378101349
0 0.4814068675041199 0.5176987648010254 0.02309951027855277 0.03454132378101349
0 0.39097410440444946 0.5187922716140747 0.02309951027855277 0.03454132378101349
0 0.2996433675289154 0.5198965668678284 0.02309951027855277 0.03454132378101349
0 0.20740117132663727 0.5210119485855103 0.02309951027855277 0.03454132378101349
0 0.7635092735290527 0.6240158081054688 0.02309951027855277 0.03454132378101349
0 0.6720156073570251 0.6256791353225708 0.02309951027855277 0.03454132378101349
0 0.5795882344245911 0.6273594498634338 0.02309951027855277 0.03454132378101349
0 0.48621276021003723 0.629056990146637 0.02309951027855277 0.03454132378101349
0 0.3918745815753937 0.630772054195404 0.02309951027855277 0.03454132378101349
0 0.2965587079524994 0.632504940032959 0.02309951027855277 0.03454132378101349
0 0.20024985074996948 0.6342558264732361 0.02309951027855277 0.03454132378101349
0 0.7809995412826538 0.7432928085327148 0.02309951027855277 0.03454132378101349
0 0.6855077743530273 0.7456631064414978 0.02309951027855277 0.03454132378101349
0 0.5889977812767029 0.7480587363243103 0.02309951027855277 0.03454132378101349
0 0.49145302176475525 0.7504799962043762 0.02309951027855277 0.03454132378101349
0 0.3928568959236145 0.7529273629188538 0.02309951027855277 0.03454132378101349
0 0.2931922376155853 0.7554013133049011 0.02309951027855277 0.03454132378101349
0 0.1924416422843933 0.7579021453857422 0.02309951027855277 0.03454132378101349