0 0.7572739720344543 0.19117854535579681 0.036461504797140755 0.036461504797140755
0 0.6790517568588257 0.19241228699684143 0.036461504797140755 0.036461504797140755
0 0.6008917689323425 0.19364506006240845 0.036461504797140755 0.036461504797140755
0 0.5227940082550049 0.19487683475017548 0.036461504797140755 0.036461504797140755
0 0.4447583556175232 0.1961076408624649 0.036461504797140755 0.036461504797140755
0 0.3667847216129303 0.19733746349811554 0.036461504797140755 0.036461504797140755
0 0.2888730764389038 0.19856631755828857 0.036461504797140755 0.036461504797140755
0 0.7695613503456116 0.24499987065792084 0.036461504797140755 0.036461504797140755
0 0.6879971623420715 0.24626390635967255 0.036461504797140755 0.036461504797140755
0 0.6065006852149963 0.2475268840789795 0.036461504797140755 0.036461504797140755
0 0.5250717401504517 0.24878883361816406 0.036461504797140755 0.036461504797140755
0 0.4437103867530823 0.2500497102737427 0.036461504797140755 0.036461504797140755
0 0.36241647601127625 0.2513095736503601 0.036461504797140755 0.036461504797140755
0 0.281189888715744 0.2525683641433716 0.036461504797140755 0.036461504797140755
0 0.7829442024230957 0.3036198019981384 0.036461504797140755 0.036461504797140755
0 0.6977397799491882 0.3049147427082062 0.036461504797140755 0.036461504797140755
0 0.6126091480255127 0.3062085509300232 0.036461504797140755 0.036461504797140755
0 0.5275523066520691 0.3075012266635895 0.036461504797140755 0.036461504797140755
0 0.44256916642189026 0.3087927997112274 0.036461504797140755 0.036461504797140755
0 0.35765960812568665 0.310083270072937 0.036461504797140755 0.036461504797140755
0 0.2728234827518463 0.3113726079463959 0.036461504797140755 0.036461504797140755
0 0.7975759506225586 0.3677099943161011 0.036461504797140755 0.036461504797140755
0 0.7083911299705505 0.3690362274646759 0.036461504797140755 0.036461504797140755
0 0.6192871928215027 0.3703612685203552 0.036461504797140755 0.036461504797140755
0 0.5302640795707703 0.37168511748313904 0.036461504797140755 0.036461504797140755
0 0.44132164120674133 0.37300774455070496 0.036461504797140755 0.036461504797140755
0 0.3524598181247711 0.37432917952537537 0.036461504797140755 0.036461504797140755
0 0.26367849111557007 0.37564942240715027 0.036461504797140755 0.036461504797140755
0 0.8136398792266846 0.43807363510131836 0.036461504797140755 0.036461504797140755
0 0.720084547996521 0.4394312798976898 0.036461504797140755 0.036461504797140755
0 0.6266182661056519 0.4407876133918762 0.036461504797140755 0.036461504797140755
0 0.5332408547401428 0.44214263558387756 0.036461504797140755 0.036461504797140755
0 0.4399522542953491 0.4434964060783386 0.036461504797140755 0.036461504797140755
0 0.3467522859573364 0.4448488652706146 0.036461504797140755 0.036461504797140755
0 0.2536408603191376 0.44620004296302795 0.036461504797140755 0.036461504797140755
0 0.8313571810722351 0.5156792998313904 0.036461504797140755 0.036461504797140755
0 0.7329809069633484 0.5170679092407227 0.036461504797140755 0.036461504797140755
0 0.6347030997276306 0.5184550881385803 0.036461504797140755 0.036461504797140755
0 0.5365235805511475 0.5198409557342529 0.036461504797140755 0.036461504797140755
0 0.4384421706199646 0.5212253928184509 0.036461504797140755 0.036461504797140755
0 0.34045878052711487 0.5226084589958191 0.036461504797140755 0.036461504797140755
0 0.24257323145866394 0.5239901542663574 0.036461504797140755 0.036461504797140755
0 0.8509969115257263 0.6017056107521057 0.036461504797140755 0.036461504797140755
0 0.7472758889198303 0.6031241416931152 0.036461504797140755 0.036461504797140755
0 0.6436643004417419 0.6045411229133606 0.036461504797140755 0.036461504797140755
0 0.5401619076728821 0.6059566736221313 0.036461504797140755 0.036461504797140755
0 0.43676862120628357 0.6073706746101379 0.036461504797140755 0.036461504797140755
0 0.3334842026233673 0.6087832450866699 0.036461504797140755 0.036461504797140755
0 0.23030850291252136 0.6101942658424377 0.036461504797140755 0.036461504797140755