0 0.21403320133686066 0.6265056729316711 0.030664823949337006 0.030664823949337006
0 0.2995169162750244 0.6338249444961548 0.030664823949337006 0.030664823949337006
0 0.3864386975765228 0.6412672996520996 0.030664823949337006 0.030664823949337006
0 0.4748351275920868 0.6488358974456787 0.030664823949337006 0.030664823949337006
0 0.5647441148757935 0.6565340161323547 0.030664823949337006 0.030664823949337006
0 0.6562047004699707 0.6643649935722351 0.030664823949337006 0.030664823949337006
0 0.749257504940033 0.6723322868347168 0.030664823949337006 0.030664823949337006
0 0.22956503927707672 0.5416571497917175 0.030664823949337006 0.030664823949337006
0 0.3130151033401489 0.5481016039848328 0.030664823949337006 0.030664823949337006
0 0.39783328771591187 0.55465167760849 0.030664823949337006 0.030664823949337006
0 0.48405346274375916 0.5613100528717041 0.030664823949337006 0.030664823949337006
0 0.5717107057571411 0.5680793523788452 0.030664823949337006 0.030664823949337006
0 0.6608412861824036 0.5749624967575073 0.030664823949337006 0.030664823949337006
0 0.7514825463294983 0.5819622278213501 0.030664823949337006 0.030664823949337006
0 0.24433736503124237 0.460957795381546 0.030664823949337006 0.030664823949337006
0 0.3258480131626129 0.46660345792770386 0.030664823949337006 0.030664823949337006
0 0.40866175293922424 0.472339391708374 0.030664823949337006 0.030664823949337006
0 0.49281013011932373 0.47816774249076843 0.030664823949337006 0.030664823949337006
0 0.578325629234314 0.48409080505371094 0.030664823949337006 0.030664823949337006
0 0.6652417778968811 0.4901108741760254 0.030664823949337006 0.030664823949337006
0 0.7535934448242188 0.4962303638458252 0.030664823949337006 0.030664823949337006
0 0.25840455293655396 0.38411054015159607 0.030664823949337006 0.030664823949337006
0 0.3380635976791382 0.38902565836906433 0.030664823949337006 0.030664823949337006
0 0.41896528005599976 0.39401745796203613 0.030664823949337006 0.030664823949337006
0 0.5011389255523682 0.3990877568721771 0.030664823949337006 0.030664823949337006
0 0.5846146941184998 0.40423837304115295 0.030664823949337006 0.030664823949337006
0 0.6694238781929016 0.4094712734222412 0.030664823949337006 0.030664823949337006
0 0.7555986642837524 0.4147884249687195 0.030664823949337006 0.030664823949337006
0 0.2718158960342407 0.3108459711074829 0.030664823949337006 0.030664823949337006
0 0.34970536828041077 0.31509193778038025 0.030664823949337006 0.030664823949337006
0 0.4287811517715454 0.3194026052951813 0.030664823949337006 0.030664823949337006
0 0.5090704560279846 0.3237794041633606 0.030664823949337006 0.030664823949337006
0 0.5906015634536743 0.32822391390800476 0.030664823949337006 0.030664823949337006
0 0.6734033823013306 0.33273768424987793 0.030664823949337006 0.030664823949337006
0 0.7575059533119202 0.3373223543167114 0.030664823949337006 0.030664823949337006
0 0.28461623191833496 0.24091924726963043 0.030664823949337006 0.030664823949337006
0 0.36081284284591675 0.24455145001411438 0.030664823949337006 0.030664823949337006
0 0.43814313411712646 0.2482376992702484 0.030664823949337006 0.030664823949337006
0 0.5166325569152832 0.25197920203208923 0.030664823949337006 0.030664823949337006
0 0.5963073968887329 0.2557772099971771 0.030664823949337006 0.030664823949337006
0 0.6771947145462036 0.25963300466537476 0.030664823949337006 0.030664823949337006
0 0.7593224048614502 0.2635479271411896 0.030664823949337006 0.030664823949337006
0 0.2968463897705078 0.1741073876619339 0.030664823949337006 0.030664823949337006
0 0.3714219927787781 0.177175834774971 0.030664823949337006 0.030664823949337006
0 0.4470820426940918 0.1802888959646225 0.030664823949337006 0.030664823949337006
0 0.5238503813743591 0.18344755470752716 0.030664823949337006 0.030664823949337006
0 0.6017515659332275 0.18665282428264618 0.030664823949337006 0.030664823949337006
0 0.6808108687400818 0.18990574777126312 0.030664823949337006 0.030664823949337006
0 0.761054277420044 0.19320739805698395 0.030664823949337006 0.030664823949337006