0 0.7303519248962402 0.1512478142976761 0.020325390125314393 0.03411254286766052
0 0.6578619480133057 0.15148130059242249 0.020325390125314393 0.03411254286766052
0 0.5856184363365173 0.1517140120267868 0.020325390125314393 0.03411254286766052
0 0.5136200785636902 0.15194591879844666 0.020325390125314393 0.03411254286766052
0 0.4418656826019287 0.15217705070972443 0.020325390125314393 0.03411254286766052
0 0.37035396695137024 0.15240739285945892 0.020325390125314393 0.03411254286766052
0 0.29908373951911926 0.15263694524765015 0.020325390125314393 0.03411254286766052
0 0.7388863563537598 0.23111939430236816 0.020325390125314393 0.03411254286766052
0 0.6634985208511353 0.2312207669019699 0.020325390125314393 0.03411254286766052
0 0.5883771777153015 0.231321781873703 0.020325390125314393 0.03411254286766052
0 0.5135208964347839 0.23142243921756744 0.020325390125314393 0.03411254286766052
0 0.4389282763004303 0.23152273893356323 0.020325390125314393 0.03411254286766052
0 0.364597886800766 0.23162268102169037 0.020325390125314393 0.03411254286766052
0 0.29052841663360596 0.23172229528427124 0.020325390125314393 0.03411254286766052
0 0.7481290102005005 0.31761884689331055 0.020325390125314393 0.03411254286766052
0 0.6696019768714905 0.3175649344921112 0.020325390125314393 0.03411254286766052
0 0.5913640260696411 0.3175112009048462 0.020325390125314393 0.03411254286766052
0 0.5134135484695435 0.3174576759338379 0.020325390125314393 0.03411254286766052
0 0.4357489049434662 0.3174043595790863 0.020325390125314393 0.03411254286766052
0 0.35836854577064514 0.31735125184059143 0.020325390125314393 0.03411254286766052
0 0.28127092123031616 0.3172983229160309 0.020325390125314393 0.03411254286766052
0 0.758171796798706 0.4116068482398987 0.020325390125314393 0.03411254286766052
0 0.6762328147888184 0.41136983036994934 0.020325390125314393 0.03411254286766052
0 0.5946084856987 0.41113370656967163 0.020325390125314393 0.03411254286766052
0 0.5132969617843628 0.41089850664138794 0.020325390125314393 0.03411254286766052
0 0.43229639530181885 0.4106642007827759 0.020325390125314393 0.03411254286766052
0 0.35160502791404724 0.41043078899383545 0.020325390125314393 0.03411254286766052
0 0.2712211608886719 0.41019827127456665 0.020325390125314393 0.03411254286766052
0 0.769123375415802 0.5140998959541321 0.020325390125314393 0.03411254286766052
0 0.6834625005722046 0.513646125793457 0.020325390125314393 0.03411254286766052
0 0.5981453657150269 0.51319420337677 0.020325390125314393 0.03411254286766052
0 0.5131698250770569 0.5127440690994263 0.020325390125314393 0.03411254286766052
0 0.4285339415073395 0.5122957229614258 0.020325390125314393 0.03411254286766052
0 0.3442355990409851 0.5118491649627686 0.020325390125314393 0.03411254286766052
0 0.2602728307247162 0.5114043951034546 0.020325390125314393 0.03411254286766052
0 0.7811129093170166 0.6263070702552795 0.020325390125314393 0.03411254286766052
0 0.6913759708404541 0.6255956292152405 0.020325390125314393 0.03411254286766052
0 0.602016031742096 0.6248871684074402 0.020325390125314393 0.03411254286766052
0 0.5130307674407959 0.6241816878318787 0.020325390125314393 0.03411254286766052
0 0.4244178831577301 0.6234791278839111 0.020325390125314393 0.03411254286766052
0 0.33617499470710754 0.6227795481681824 0.020325390125314393 0.03411254286766052
0 0.24829979240894318 0.6220828294754028 0.020325390125314393 0.03411254286766052
0 0.7942953705787659 0.7496782541275024 0.020325390125314393 0.03411254286766052
0 0.7000749707221985 0.7486588358879089 0.020325390125314393 0.03411254286766052
0 0.6062701344490051 0.7476439476013184 0.020325390125314393 0.03411254286766052
0 0.5128780007362366 0.7466334700584412 0.020325390125314393 0.03411254286766052
0 0.4198959171772003 0.7456274628639221 0.020325390125314393 0.03411254286766052
0 0.32732120156288147 0.7446259260177612 0.020325390125314393 0.03411254286766052
0 0.23515115678310394 0.7436286807060242 0.020325390125314393 0.03411254286766052