0 0.30365079641342163 0.37631699442863464 0.019710477441549305 0.026280636588732403
0 0.2984897196292877 0.4396553337574005 0.019710477441549305 0.026280636588732403
0 0.29303082823753357 0.5066481828689575 0.019710477441549305 0.026280636588732403
0 0.2872476279735565 0.5776211619377136 0.019710477441549305 0.026280636588732403
0 0.28111031651496887 0.6529399752616882 0.019710477441549305 0.026280636588732403
0 0.2745853364467621 0.7330162525177002 0.019710477441549305 0.026280636588732403
0 0.2676347494125366 0.8183154463768005 0.019710477441549305 0.026280636588732403
0 0.3671959340572357 0.37733930349349976 0.019710477441549305 0.026280636588732403
0 0.36381447315216064 0.44074708223342896 0.019710477441549305 0.026280636588732403
0 0.3602377772331238 0.5078157782554626 0.019710477441549305 0.026280636588732403
0 0.3564484417438507 0.5788719058036804 0.019710477441549305 0.026280636588732403
0 0.3524269461631775 0.6542819142341614 0.019710477441549305 0.026280636588732403
0 0.34815120697021484 0.7344586253166199 0.019710477441549305 0.026280636588732403
0 0.3435963988304138 0.819868803024292 0.019710477441549305 0.026280636588732403
0 0.43082064390182495 0.37836289405822754 0.019710477441549305 0.026280636588732403
0 0.42922335863113403 0.4418402314186096 0.019710477441549305 0.026280636588732403
0 0.4275337755680084 0.5089849233627319 0.019710477441549305 0.026280636588732403
0 0.4257436990737915 0.5801243185997009 0.019710477441549305 0.026280636588732403
0 0.4238438308238983 0.6556257605552673 0.019710477441549305 0.026280636588732403
0 0.42182379961013794 0.7359031438827515 0.019710477441549305 0.026280636588732403
0 0.41967183351516724 0.8214244246482849 0.019710477441549305 0.026280636588732403
0 0.49452510476112366 0.379387766122818 0.019710477441549305 0.026280636588732403
0 0.4947165250778198 0.4429347813129425 0.019710477441549305 0.026280636588732403
0 0.4949190020561218 0.5101556777954102 0.019710477441549305 0.026280636588732403
0 0.49513354897499084 0.5813784599304199 0.019710477441549305 0.026280636588732403
0 0.49536123871803284 0.6569714546203613 0.019710477441549305 0.026280636588732403
0 0.4956033527851105 0.7373496890068054 0.019710477441549305 0.026280636588732403
0 0.49586132168769836 0.8229824304580688 0.019710477441549305 0.026280636588732403
0 0.5583094954490662 0.3804139196872711 0.019710477441549305 0.026280636588732403
0 0.5602941513061523 0.44403076171875 0.019710477441549305 0.026280636588732403
0 0.5623936653137207 0.5113279223442078 0.019710477441549305 0.026280636588732403
0 0.5646182298660278 0.5826342701911926 0.019710477441549305 0.026280636588732403
0 0.5669793486595154 0.6583190560340881 0.019710477441549305 0.026280636588732403
0 0.5694901347160339 0.7387983798980713 0.019710477441549305 0.026280636588732403
0 0.5721650719642639 0.824542760848999 0.019710477441549305 0.026280636588732403
0 0.6221739053726196 0.3814413547515869 0.019710477441549305 0.026280636588732403
0 0.6259564161300659 0.4451281428337097 0.019710477441549305 0.026280636588732403
0 0.6299578547477722 0.5125017166137695 0.019710477441549305 0.026280636588732403
0 0.6341978907585144 0.5838918089866638 0.019710477441549305 0.026280636588732403
0 0.638698399066925 0.6596686244010925 0.019710477441549305 0.026280636588732403
0 0.6434842944145203 0.7402492165565491 0.019710477441549305 0.026280636588732403
0 0.6485834717750549 0.8261054158210754 0.019710477441549305 0.026280636588732403
0 0.686118483543396 0.38247010111808777 0.019710477441549305 0.026280636588732403
0 0.6917033791542053 0.44622695446014404 0.019710477441549305 0.026280636588732403
0 0.6976118087768555 0.5136771202087402 0.019710477441549305 0.026280636588732403
0 0.7038727402687073 0.5851510763168335 0.019710477441549305 0.026280636588732403
0 0.7105185985565186 0.661020040512085 0.019710477441549305 0.026280636588732403
0 0.717586100101471 0.741702139377594 0.019710477441549305 0.026280636588732403
0 0.7251166105270386 0.8276703953742981 0.019710477441549305 0.026280636588732403