0 0.3411712944507599 0.3899294435977936 0.019313612952828407 0.025751483937104542
0 0.33575427532196045 0.44659924507141113 0.019313612952828407 0.025751483937104542
0 0.3299948573112488 0.5068506598472595 0.019313612952828407 0.025751483937104542
0 0.3238595426082611 0.5710344314575195 0.019313612952828407 0.025751483937104542
0 0.3173103332519531 0.6395483613014221 0.019313612952828407 0.025751483937104542
0 0.31030380725860596 0.7128461003303528 0.019313612952828407 0.025751483937104542
0 0.30279040336608887 0.7914467453956604 0.019313612952828407 0.025751483937104542
0 0.4021109342575073 0.3919341564178467 0.019313612952828407 0.025751483937104542
0 0.3985586166381836 0.4486979842185974 0.019313612952828407 0.025751483937104542
0 0.3947816491127014 0.5090515613555908 0.019313612952828407 0.025751483937104542
0 0.3907580077648163 0.5733464956283569 0.019313612952828407 0.025751483937104542
0 0.3864627778530121 0.6419819593429565 0.019313612952828407 0.025751483937104542
0 0.3818674087524414 0.7154127359390259 0.019313612952828407 0.025751483937104542
0 0.3769393861293793 0.7941597104072571 0.019313612952828407 0.025751483937104542
0 0.46311864256858826 0.39394110441207886 0.019313612952828407 0.025751483937104542
0 0.4614352881908417 0.4507991671562195 0.019313612952828407 0.025751483937104542
0 0.4596453905105591 0.5112550854682922 0.019313612952828407 0.025751483937104542
0 0.45773857831954956 0.5756614804267883 0.019313612952828407 0.025751483937104542
0 0.45570293068885803 0.6444185972213745 0.019313612952828407 0.025751483937104542
0 0.45352494716644287 0.7179827690124512 0.019313612952828407 0.025751483937104542
0 0.45118919014930725 0.7968763709068298 0.019313612952828407 0.025751483937104542
0 0.5241945385932922 0.3959502875804901 0.019313612952828407 0.025751483937104542
0 0.5243843793869019 0.45290276408195496 0.019313612952828407 0.025751483937104542
0 0.5245862603187561 0.513461172580719 0.019313612952828407 0.025751483937104542
0 0.5248013138771057 0.5779792070388794 0.019313612952828407 0.025751483937104542
0 0.5250309109687805 0.6468583345413208 0.019313612952828407 0.025751483937104542
0 0.5252766013145447 0.7205561399459839 0.019313612952828407 0.025751483937104542
0 0.5255400538444519 0.7995967268943787 0.019313612952828407 0.025751483937104542
0 0.5853387713432312 0.39796173572540283 0.019313612952828407 0.025751483937104542
0 0.5874060988426208 0.4550088047981262 0.019313612952828407 0.025751483937104542
0 0.589604377746582 0.5156699419021606 0.019313612952828407 0.025751483937104542
0 0.5919464826583862 0.5802998542785645 0.019313612952828407 0.025751483937104542
0 0.5944469571113586 0.6493011713027954 0.019313612952828407 0.025751483937104542
0 0.5971225500106812 0.7231329083442688 0.019313612952828407 0.025751483937104542
0 0.5999922156333923 0.8023207783699036 0.019313612952828407 0.025751483937104542
0 0.6465514302253723 0.39997541904449463 0.019313612952828407 0.025751483937104542
0 0.650500476360321 0.4571172595024109 0.019313612952828407 0.025751483937104542
0 0.6546998023986816 0.5178813338279724 0.019313612952828407 0.025751483937104542
0 0.6591741442680359 0.582623302936554 0.019313612952828407 0.025751483937104542
0 0.6639512181282043 0.6517471075057983 0.019313612952828407 0.025751483937104542
0 0.6690629720687866 0.7257130742073059 0.019313612952828407 0.025751483937104542
0 0.6745458245277405 0.8050485253334045 0.019313612952828407 0.025751483937104542
0 0.7078325748443604 0.4019913673400879 0.019313612952828407 0.025751483937104542
0 0.713667631149292 0.45922812819480896 0.019313612952828407 0.025751483937104542
0 0.7198728322982788 0.5200953483581543 0.019313612952828407 0.025751483937104542
0 0.7264844179153442 0.5849496722221375 0.019313612952828407 0.025751483937104542
0 0.7335438132286072 0.6541961431503296 0.019313612952828407 0.025751483937104542
0 0.7410981059074402 0.7282966375350952 0.019313612952828407 0.025751483937104542
0 0.7492010593414307 0.8077800273895264 0.019313612952828407 0.025751483937104542