0 0.7358222603797913 0.19700759649276733 0.0364837720990181 0.0364837720990181
0 0.6569870114326477 0.1997700333595276 0.0364837720990181 0.0364837720990181
0 0.5780949592590332 0.20253445208072662 0.0364837720990181 0.0364837720990181
0 0.49914610385894775 0.20530085265636444 0.0364837720990181 0.0364837720990181
0 0.4201403856277466 0.20806924998760223 0.0364837720990181 0.0364837720990181
0 0.3410777449607849 0.21083964407444 0.0364837720990181 0.0364837720990181
0 0.2619580924510956 0.21361204981803894 0.0364837720990181 0.0364837720990181
0 0.7462983727455139 0.25128820538520813 0.0364837720990181 0.0364837720990181
0 0.66420978307724 0.25418511033058167 0.0364837720990181 0.0364837720990181
0 0.5820596814155579 0.2570841610431671 0.0364837720990181 0.0364837720990181
0 0.49984800815582275 0.25998541712760925 0.0364837720990181 0.0364837720990181
0 0.4175746440887451 0.2628888487815857 0.0364837720990181 0.0364837720990181
0 0.3352394998073578 0.26579442620277405 0.0364837720990181 0.0364837720990181
0 0.25284257531166077 0.2687022089958191 0.0364837720990181 0.0364837720990181
0 0.7576770782470703 0.31024566292762756 0.0364837720990181 0.0364837720990181
0 0.672055184841156 0.31329044699668884 0.0364837720990181 0.0364837720990181
0 0.5863662958145142 0.31633761525154114 0.0364837720990181 0.0364837720990181
0 0.5006104111671448 0.31938716769218445 0.0364837720990181 0.0364837720990181
0 0.4147874414920807 0.3224391043186188 0.0364837720990181 0.0364837720990181
0 0.32889726758003235 0.3254934251308441 0.0364837720990181 0.0364837720990181
0 0.2429398149251938 0.32855015993118286 0.0364837720990181 0.0364837720990181
0 0.7700803279876709 0.37451159954071045 0.0364837720990181 0.0364837720990181
0 0.6806071996688843 0.37771978974342346 0.0364837720990181 0.0364837720990181
0 0.591060996055603 0.3809305727481842 0.0364837720990181 0.0364837720990181
0 0.5014415979385376 0.38414397835731506 0.0364837720990181 0.0364837720990181
0 0.41174888610839844 0.3873600363731384 0.0364837720990181 0.0364837720990181
0 0.32198280096054077 0.3905787169933319 0.0364837720990181 0.0364837720990181
0 0.23214323818683624 0.3938000202178955 0.0364837720990181 0.0364837720990181
0 0.7836529612541199 0.4448368549346924 0.0364837720990181 0.0364837720990181
0 0.6899659633636475 0.4482263922691345 0.0364837720990181 0.0364837720990181
0 0.5961987376213074 0.45161885023117065 0.0364837720990181 0.0364837720990181
0 0.5023512244224548 0.4550141990184784 0.0364837720990181 0.0364837720990181
0 0.40842336416244507 0.4584124684333801 0.0364837720990181 0.0364837720990181
0 0.31441500782966614 0.46181365847587585 0.0364837720990181 0.0364837720990181
0 0.22032608091831207 0.4652177393436432 0.0364837720990181 0.0364837720990181
0 0.7985686659812927 0.5221207141876221 0.0364837720990181 0.0364837720990181
0 0.7002511024475098 0.5257127285003662 0.0364837720990181 0.0364837720990181
0 0.6018452644348145 0.5293079614639282 0.0364837720990181 0.0364837720990181
0 0.5033509731292725 0.5329064130783081 0.0364837720990181 0.0364837720990181
0 0.4047681987285614 0.5365081429481506 0.0364837720990181 0.0364837720990181
0 0.3060967028141022 0.540113091468811 0.0364837720990181 0.0364837720990181
0 0.20733647048473358 0.5437212586402893 0.0364837720990181 0.0364837720990181
0 0.8150370717048645 0.6074497103691101 0.0364837720990181 0.0364837720990181
0 0.7116074562072754 0.6112691164016724 0.0364837720990181 0.0364837720990181
0 0.6080801486968994 0.6150920391082764 0.0364837720990181 0.0364837720990181
0 0.5044549703598022 0.6189186573028564 0.0364837720990181 0.0364837720990181
0 0.40073177218437195 0.622748851776123 0.0364837720990181 0.0364837720990181
0 0.29691043496131897 0.626582682132721 0.0364837720990181 0.0364837720990181
0 0.19299080967903137 0.6304201483726501 0.0364837720990181 0.0364837720990181