0 0.7189015746116638 0.27204883098602295 0.032937911649545036 0.032937911649545036
0 0.6474618315696716 0.2714769244194031 0.032937911649545036 0.032937911649545036
0 0.5761581659317017 0.27090609073638916 0.032937911649545036 0.032937911649545036
0 0.5049901008605957 0.2703363597393036 0.032937911649545036 0.032937911649545036
0 0.4339573085308075 0.269767701625824 0.032937911649545036 0.032937911649545036
0 0.363059401512146 0.2692001461982727 0.032937911649545036 0.032937911649545036
0 0.2922959625720978 0.2686336636543274 0.032937911649545036 0.032937911649545036
0 0.726774275302887 0.3294754922389984 0.032937911649545036 0.032937911649545036
0 0.6523391604423523 0.32882264256477356 0.032937911649545036 0.032937911649545036
0 0.5780516266822815 0.32817110419273376 0.032937911649545036 0.032937911649545036
0 0.5039113759994507 0.32752084732055664 0.032937911649545036 0.032937911649545036
0 0.4299178719520569 0.3268718719482422 0.032937911649545036 0.032937911649545036
0 0.35607072710990906 0.3262242078781128 0.032937911649545036 0.032937911649545036
0 0.282369464635849 0.3255777955055237 0.032937911649545036 0.032937911649545036
0 0.7353349924087524 0.39192014932632446 0.032937911649545036 0.032937911649545036
0 0.6576421856880188 0.3911741077899933 0.032937911649545036 0.032937911649545036
0 0.5801102519035339 0.39042961597442627 0.032937911649545036 0.032937911649545036
0 0.5027386546134949 0.3896866738796234 0.032937911649545036 0.032937911649545036
0 0.4255269169807434 0.38894525170326233 0.032937911649545036 0.032937911649545036
0 0.34847453236579895 0.3882053792476654 0.032937911649545036 0.032937911649545036
0 0.2715809643268585 0.38746699690818787 0.032937911649545036 0.032937911649545036
0 0.7446778416633606 0.4600706100463867 0.032937911649545036 0.032937911649545036
0 0.6634292602539062 0.4592166841030121 0.032937911649545036 0.032937911649545036
0 0.5823565721511841 0.4583646059036255 0.032937911649545036 0.032937911649545036
0 0.5014591813087463 0.45751437544822693 0.032937911649545036 0.032937911649545036
0 0.42073649168014526 0.4566659927368164 0.032937911649545036 0.032937911649545036
0 0.3401879668235779 0.45581942796707153 0.032937911649545036 0.032937911649545036
0 0.2598130702972412 0.4549746811389923 0.032937911649545036 0.032937911649545036
0 0.7549152970314026 0.5347462892532349 0.032937911649545036 0.032937911649545036
0 0.669769823551178 0.5337668061256409 0.032937911649545036 0.032937911649545036
0 0.5848174691200256 0.5327894687652588 0.032937911649545036 0.032937911649545036
0 0.500057578086853 0.5318143963813782 0.032937911649545036 0.032937911649545036
0 0.41548946499824524 0.5308414697647095 0.032937911649545036 0.032937911649545036
0 0.33111247420310974 0.5298708081245422 0.032937911649545036 0.032937911649545036
0 0.24692602455615997 0.5289022922515869 0.032937911649545036 0.032937911649545036
0 0.7661822438240051 0.6169315576553345 0.032937911649545036 0.032937911649545036
0 0.6767472624778748 0.6158048510551453 0.032937911649545036 0.032937911649545036
0 0.5875252485275269 0.614680826663971 0.032937911649545036 0.032937911649545036
0 0.4985155165195465 0.6135594844818115 0.032937911649545036 0.032937911649545036
0 0.40971729159355164 0.6124407649040222 0.032937911649545036 0.032937911649545036
0 0.32112976908683777 0.6113247275352478 0.032937911649545036 0.032937911649545036
0 0.2327522486448288 0.6102113723754883 0.032937911649545036 0.032937911649545036
0 0.7786422371864319 0.7078191041946411 0.032937911649545036 0.032937911649545036
0 0.6844625473022461 0.7065187096595764 0.032937911649545036 0.032937911649545036
0 0.5905190706253052 0.7052215933799744 0.032937911649545036 0.032937911649545036
0 0.49681082367897034 0.7039276957511902 0.032937911649545036 0.032937911649545036
0 0.4033369719982147 0.7026370763778687 0.032937911649545036 0.032937911649545036
0 0.3100966215133667 0.701349675655365 0.032937911649545036 0.032937911649545036
0 0.21708890795707703 0.7000654935836792 0.032937911649545036 0.032937911649545036