0 0.6991739869117737 0.14015841484069824 0.026348583400249485 0.03513144453366598
0 0.6306394934654236 0.13915005326271057 0.026348583400249485 0.03513144453366598
0 0.5614615082740784 0.1381322145462036 0.026348583400249485 0.03513144453366598
0 0.4916309416294098 0.137104794383049 0.026348583400249485 0.03513144453366598
0 0.4211384654045105 0.13606761395931244 0.026348583400249485 0.03513144453366598
0 0.349974662065506 0.13502056896686554 0.026348583400249485 0.03513144453366598
0 0.27812984585762024 0.13396349549293518 0.026348583400249485 0.03513144453366598
0 0.7113581299781799 0.20338116586208344 0.026348583400249485 0.03513144453366598
0 0.6394791603088379 0.2026328146457672 0.026348583400249485 0.03513144453366598
0 0.5668914914131165 0.20187710225582123 0.026348583400249485 0.03513144453366598
0 0.4935847520828247 0.20111387968063354 0.026348583400249485 0.03513144453366598
0 0.4195481538772583 0.2003430724143982 0.026348583400249485 0.03513144453366598
0 0.3447706997394562 0.19956456124782562 0.026348583400249485 0.03513144453366598
0 0.26924124360084534 0.1987782120704651 0.026348583400249485 0.03513144453366598
0 0.7248095273971558 0.27317923307418823 0.026348583400249485 0.03513144453366598
0 0.6492428779602051 0.2727520167827606 0.026348583400249485 0.03513144453366598
0 0.5728920698165894 0.27232035994529724 0.026348583400249485 0.03513144453366598
0 0.4957449436187744 0.2718842327594757 0.026348583400249485 0.03513144453366598
0 0.41778892278671265 0.27144351601600647 0.026348583400249485 0.03513144453366598
0 0.33901122212409973 0.27099815011024475 0.026348583400249485 0.03513144453366598
0 0.25939878821372986 0.2705480754375458 0.026348583400249485 0.03513144453366598
0 0.7397366166114807 0.3506346344947815 0.026348583400249485 0.03513144453366598
0 0.660083532333374 0.35060569643974304 0.026348583400249485 0.03513144453366598
0 0.5795581936836243 0.3505764305591583 0.026348583400249485 0.03513144453366598
0 0.49814605712890625 0.35054683685302734 0.026348583400249485 0.03513144453366598
0 0.4158324599266052 0.3505169153213501 0.026348583400249485 0.03513144453366598
0 0.3326023519039154 0.3504866659641266 0.026348583400249485 0.03513144453366598
0 0.24844031035900116 0.3504560589790344 0.026348583400249485 0.03513144453366598
0 0.7563963532447815 0.43708062171936035 0.026348583400249485 0.03513144453366598
0 0.6721898317337036 0.4375482499599457 0.026348583400249485 0.03513144453366598
0 0.5870069861412048 0.43802130222320557 0.026348583400249485 0.03513144453366598
0 0.5008307099342346 0.4384998381137848 0.026348583400249485 0.03513144453366598
0 0.41364356875419617 0.4389840364456177 0.026348583400249485 0.03513144453366598
0 0.3254275918006897 0.4394739270210266 0.026348583400249485 0.03513144453366598
0 0.23616452515125275 0.43996962904930115 0.026348583400249485 0.03513144453366598
0 0.7751089930534363 0.5341789722442627 0.026348583400249485 0.03513144453366598
0 0.6857970356941223 0.5352699756622314 0.026348583400249485 0.03513144453366598
0 0.5953850150108337 0.5363743901252747 0.026348583400249485 0.03513144453366598
0 0.503852367401123 0.5374924540519714 0.026348583400249485 0.03513144453366598
0 0.41117820143699646 0.5386245250701904 0.026348583400249485 0.03513144453366598
0 0.31734099984169006 0.5397707223892212 0.026348583400249485 0.03513144453366598
0 0.22231873869895935 0.5409314632415771 0.026348583400249485 0.03513144453366598
0 0.7962788939476013 0.6440280079841614 0.026348583400249485 0.03513144453366598
0 0.7012028098106384 0.6459078788757324 0.026348583400249485 0.03513144453366598
0 0.6048776507377625 0.6478124856948853 0.026348583400249485 0.03513144453366598
0 0.5072786808013916 0.6497423052787781 0.026348583400249485 0.03513144453366598
0 0.4083804786205292 0.6516978144645691 0.026348583400249485 0.03513144453366598
0 0.30815690755844116 0.6536794900894165 0.026348583400249485 0.03513144453366598
0 0.20658116042613983 0.6556879281997681 0.026348583400249485 0.03513144453366598