0 0.3163764774799347 0.22994932532310486 0.018082335591316223 0.03214637438456217
0 0.31059685349464417 0.30816125869750977 0.018082335591316223 0.03214637438456217
0 0.3043958842754364 0.39207541942596436 0.018082335591316223 0.03214637438456217
0 0.2977256774902344 0.48233896493911743 0.018082335591316223 0.03214637438456217
0 0.2905309498310089 0.5797009468078613 0.018082335591316223 0.03214637438456217
0 0.2827472686767578 0.6850329041481018 0.018082335591316223 0.03214637438456217
0 0.2742992043495178 0.7993552684783936 0.018082335591316223 0.03214637438456217
0 0.37357184290885925 0.23097418248653412 0.018082335591316223 0.03214637438456217
0 0.3698081076145172 0.30913427472114563 0.018082335591316223 0.03214637438456217
0 0.36577028036117554 0.39298614859580994 0.018082335591316223 0.03214637438456217
0 0.36142730712890625 0.4831750988960266 0.018082335591316223 0.03214637438456217
0 0.3567432463169098 0.5804476737976074 0.018082335591316223 0.03214637438456217
0 0.35167622566223145 0.6856724619865417 0.018082335591316223 0.03214637438456217
0 0.346177339553833 0.7998663783073425 0.018082335591316223 0.03214637438456217
0 0.4306432008743286 0.2319968044757843 0.018082335591316223 0.03214637438456217
0 0.4288864731788635 0.3101050853729248 0.018082335591316223 0.03214637438456217
0 0.4270019829273224 0.3938947916030884 0.018082335591316223 0.03214637438456217
0 0.4249752163887024 0.4840092062950134 0.018082335591316223 0.03214637438456217
0 0.42278948426246643 0.5811924934387207 0.018082335591316223 0.03214637438456217
0 0.42042529582977295 0.6863104104995728 0.018082335591316223 0.03214637438456217
0 0.41785985231399536 0.8003760576248169 0.018082335591316223 0.03214637438456217
0 0.4875909984111786 0.2330172061920166 0.018082335591316223 0.03214637438456217
0 0.4878324568271637 0.3110737204551697 0.018082335591316223 0.03214637438456217
0 0.48809143900871277 0.3948013186454773 0.018082335591316223 0.03214637438456217
0 0.48836997151374817 0.4848412871360779 0.018082335591316223 0.03214637438456217
0 0.488670289516449 0.581935465335846 0.018082335591316223 0.03214637438456217
0 0.48899513483047485 0.6869466304779053 0.018082335591316223 0.03214637438456217
0 0.48934757709503174 0.8008843064308167 0.018082335591316223 0.03214637438456217
0 0.5444155931472778 0.2340354174375534 0.018082335591316223 0.03214637438456217
0 0.5466464757919312 0.31204020977020264 0.018082335591316223 0.03214637438456217
0 0.5490391850471497 0.3957057297229767 0.018082335591316223 0.03214637438456217
0 0.5516120791435242 0.48567137122154236 0.018082335591316223 0.03214637438456217
0 0.55438631772995 0.5826765894889832 0.018082335591316223 0.03214637438456217
0 0.5573864579200745 0.6875812411308289 0.018082335591316223 0.03214637438456217
0 0.5606412887573242 0.8013912439346313 0.018082335591316223 0.03214637438456217
0 0.6011174321174622 0.23505142331123352 0.018082335591316223 0.03214637438456217
0 0.6053289175033569 0.3130045235157013 0.018082335591316223 0.03214637438456217
0 0.6098456978797913 0.39660805463790894 0.018082335591316223 0.03214637438456217
0 0.6147021055221558 0.48649945855140686 0.018082335591316223 0.03214637438456217
0 0.6199381351470947 0.5834158658981323 0.018082335591316223 0.03214637438456217
0 0.6255999207496643 0.6882141828536987 0.018082335591316223 0.03214637438456217
0 0.6317417621612549 0.8018968105316162 0.018082335591316223 0.03214637438456217
0 0.6576968431472778 0.23606522381305695 0.018082335591316223 0.03214637438456217
0 0.6638802886009216 0.31396669149398804 0.018082335591316223 0.03214637438456217
0 0.6705114245414734 0.39750829339027405 0.018082335591316223 0.03214637438456217
0 0.6776406764984131 0.4873255789279938 0.018082335591316223 0.03214637438456217
0 0.685326337814331 0.5841532945632935 0.018082335591316223 0.03214637438456217
0 0.6936362981796265 0.6888455152511597 0.018082335591316223 0.03214637438456217
0 0.7026497721672058 0.8024010062217712 0.018082335591316223 0.03214637438456217