0 0.7204355597496033 0.13064251840114594 0.02250941220360498 0.03365893413623174
0 0.6455961465835571 0.12706317007541656 0.02250941220360498 0.03365893413623174
0 0.5705114006996155 0.12347207963466644 0.02250941220360498 0.03365893413623174
0 0.49518004059791565 0.11986920237541199 0.02250941220360498 0.03365893413623174
0 0.41960084438323975 0.11625446379184723 0.02250941220360498 0.03365893413623174
0 0.34377264976501465 0.11262781918048859 0.02250941220360498 0.03365893413623174
0 0.2676941454410553 0.10898920893669128 0.02250941220360498 0.03365893413623174
0 0.7302752137184143 0.20784254372119904 0.02250941220360498 0.03365893413623174
0 0.6526613831520081 0.20426076650619507 0.02250941220360498 0.03365893413623174
0 0.5747835636138916 0.20066681504249573 0.02250941220360498 0.03365893413623174
0 0.4966404438018799 0.19706061482429504 0.02250941220360498 0.03365893413623174
0 0.4182305634021759 0.19344210624694824 0.02250941220360498 0.03365893413623174
0 0.339552640914917 0.18981121480464935 0.02250941220360498 0.03365893413623174
0 0.2606052756309509 0.186167910695076 0.02250941220360498 0.03365893413623174
0 0.7408759593963623 0.2910134792327881 0.02250941220360498 0.03365893413623174
0 0.660274088382721 0.28743964433670044 0.02250941220360498 0.03365893413623174
0 0.579387366771698 0.283853143453598 0.02250941220360498 0.03365893413623174
0 0.49821439385414124 0.28025397658348083 0.02250941220360498 0.03365893413623174
0 0.4167535603046417 0.2766420543193817 0.02250941220360498 0.03365893413623174
0 0.3350033760070801 0.2730172872543335 0.02250941220360498 0.03365893413623174
0 0.25296229124069214 0.2693796157836914 0.02250941220360498 0.03365893413623174
0 0.7523295283317566 0.38087597489356995 0.02250941220360498 0.03365893413623174
0 0.6685003042221069 0.3773229420185089 0.02250941220360498 0.03365893413623174
0 0.5843629240989685 0.37375685572624207 0.02250941220360498 0.03365893413623174
0 0.4999156594276428 0.37017765641212463 0.02250941220360498 0.03365893413623174
0 0.41515684127807617 0.36658522486686707 0.02250941220360498 0.03365893413623174
0 0.3300847113132477 0.362979531288147 0.02250941220360498 0.03365893413623174
0 0.24469752609729767 0.3593604862689972 0.02250941220360498 0.03365893413623174
0 0.7647432684898376 0.47827133536338806 0.02250941220360498 0.03365893413623174
0 0.6774174571037292 0.47475531697273254 0.02250941220360498 0.03365893413623174
0 0.5897571444511414 0.4712258279323578 0.02250941220360498 0.03365893413623174
0 0.5017603635787964 0.46768277883529663 0.02250941220360498 0.03365893413623174
0 0.4134252369403839 0.4641261100769043 0.02250941220360498 0.03365893413623174
0 0.32474973797798157 0.4605557322502136 0.02250941220360498 0.03365893413623174
0 0.23573194444179535 0.45697155594825745 0.02250941220360498 0.03365893413623174
0 0.7782431244850159 0.5841882824897766 0.02250941220360498 0.03365893413623174
0 0.6871163845062256 0.5807294845581055 0.02250941220360498 0.03365893413623174
0 0.5956252217292786 0.5772568583488464 0.02250941220360498 0.03365893413623174
0 0.5037674903869629 0.57377028465271 0.02250941220360498 0.03365893413623174
0 0.4115409255027771 0.570269763469696 0.02250941220360498 0.03365893413623174
0 0.3189433217048645 0.5667551159858704 0.02250941220360498 0.03365893413623174
0 0.22597242891788483 0.5632263422012329 0.02250941220360498 0.03365893413623174
0 0.7929781675338745 0.6997963190078735 0.02250941220360498 0.03365893413623174
0 0.6977046132087708 0.6964201927185059 0.02250941220360498 0.03365893413623174
0 0.602032482624054 0.6930299997329712 0.02250941220360498 0.03365893413623174
0 0.5059593915939331 0.6896255612373352 0.02250941220360498 0.03365893413623174
0 0.4094827473163605 0.6862068176269531 0.02250941220360498 0.03365893413623174
0 0.3126000165939331 0.6827737092971802 0.02250941220360498 0.03365893413623174
0 0.21530865132808685 0.6793261170387268 0.02250941220360498 0.03365893413623174