0 0.7290279269218445 0.1495528668165207 0.03712150454521179 0.03712150454521179
0 0.6497328877449036 0.15253998339176178 0.03712150454521179 0.03712150454521179
0 0.5705157518386841 0.15552417933940887 0.03712150454521179 0.03712150454521179
0 0.49137642979621887 0.15850543975830078 0.03712150454521179 0.03712150454521179
0 0.412314772605896 0.1614837646484375 0.03712150454521179 0.03712150454521179
0 0.3333306312561035 0.16445918381214142 0.03712150454521179 0.03712150454521179
0 0.25442394614219666 0.16743168234825134 0.03712150454521179 0.03712150454521179
0 0.7409880757331848 0.20232856273651123 0.03712150454521179 0.03712150454521179
0 0.658266007900238 0.20541749894618988 0.03712150454521179 0.03712150454521179
0 0.5756287574768066 0.20850327610969543 0.03712150454521179 0.03712150454521179
0 0.4930761158466339 0.2115858942270279 0.03712150454521179 0.03712150454521179
0 0.4106079936027527 0.21466535329818726 0.03712150454521179 0.03712150454521179
0 0.328224241733551 0.21774165332317352 0.03712150454521179 0.03712150454521179
0 0.24592474102973938 0.22081482410430908 0.03712150454521179 0.03712150454521179
0 0.7540273070335388 0.25986576080322266 0.03712150454521179 0.03712150454521179
0 0.6675686240196228 0.26306313276290894 0.03712150454521179 0.03712150454521179
0 0.5812025666236877 0.26625707745552063 0.03712150454521179 0.03712150454521179
0 0.49492892622947693 0.2694476246833801 0.03712150454521179 0.03712150454521179
0 0.4087475836277008 0.2726347744464874 0.03712150454521179 0.03712150454521179
0 0.32265838980674744 0.27581846714019775 0.03712150454521179 0.03712150454521179
0 0.2366611808538437 0.27899879217147827 0.03712150454521179 0.03712150454521179
0 0.7682985067367554 0.32283923029899597 0.03712150454521179 0.03712150454521179
0 0.6777496933937073 0.3261522352695465 0.03712150454521179 0.03712150454521179
0 0.5873023867607117 0.32946154475212097 0.03712150454521179 0.03712150454521179
0 0.4969564974308014 0.33276715874671936 0.03712150454521179 0.03712150454521179
0 0.40671178698539734 0.3360690474510193 0.03712150454521179 0.03712150454521179
0 0.3165681064128876 0.33936724066734314 0.03712150454521179 0.03712150454521179
0 0.22652530670166016 0.3426617383956909 0.03712150454521179 0.03712150454521179
0 0.7839849591255188 0.3920576572418213 0.03712150454521179 0.03712150454521179
0 0.6889397501945496 0.39549410343170166 0.03712150454521179 0.03712150454521179
0 0.5940064191818237 0.3989264965057373 0.03712150454521179 0.03712150454521179
0 0.4991847574710846 0.4023548662662506 0.03712150454521179 0.03712150454521179
0 0.4044745862483978 0.4057791829109192 0.03712150454521179 0.03712150454521179
0 0.3098756670951843 0.40919947624206543 0.03712150454521179 0.03712150454521179
0 0.21538782119750977 0.4126157760620117 0.03712150454521179 0.03712150454521179
0 0.8013081550598145 0.46849849820137024 0.03712150454521179 0.03712150454521179
0 0.7012966871261597 0.472066730260849 0.03712150454521179 0.03712150454521179
0 0.6014090776443481 0.47563058137893677 0.03712150454521179 0.03712150454521179
0 0.5016450881958008 0.47918999195098877 0.03712150454521179 0.03712150454521179
0 0.40200451016426086 0.4827450215816498 0.03712150454521179 0.03712150454521179
0 0.3024870753288269 0.4862956404685974 0.03712150454521179 0.03712150454521179
0 0.2030925303697586 0.48984187841415405 0.03712150454521179 0.03712150454521179
0 0.820538341999054 0.5533542633056641 0.03712150454521179 0.03712150454521179
0 0.7150130867958069 0.5570633411407471 0.03712150454521179 0.03712150454521179
0 0.6096256375312805 0.5607675909996033 0.03712150454521179 0.03712150454521179
0 0.5043757557868958 0.5644669532775879 0.03712150454521179 0.03712150454521179
0 0.3992632329463959 0.5681615471839905 0.03712150454521179 0.03712150454521179
0 0.2942877411842346 0.5718512535095215 0.03712150454521179 0.03712150454521179
0 0.1894490122795105 0.5755361914634705 0.03712150454521179 0.03712150454521179