0 0.7184476256370544 0.2539532780647278 0.03354425231615702 0.03354425231615702
0 0.6442911028862 0.2505967915058136 0.03354425231615702 0.03354425231615702
0 0.5681617259979248 0.24715101718902588 0.03354425231615702 0.03354425231615702
0 0.4899795651435852 0.24361231923103333 0.03354425231615702 0.03354425231615702
0 0.40966057777404785 0.2399769127368927 0.03354425231615702 0.03354425231615702
0 0.32711589336395264 0.23624075949192047 0.03354425231615702 0.03354425231615702
0 0.2422516793012619 0.23239962756633759 0.03354425231615702 0.03354425231615702
0 0.7310587763786316 0.31944721937179565 0.03354425231615702 0.03354425231615702
0 0.6547912955284119 0.316873699426651 0.03354425231615702 0.03354425231615702
0 0.5764314532279968 0.3142295777797699 0.03354425231615702 0.03354425231615702
0 0.4958919286727905 0.31151190400123596 0.03354425231615702 0.03354425231615702
0 0.41308048367500305 0.3087175786495209 0.03354425231615702 0.03354425231615702
0 0.32789966464042664 0.305843323469162 0.03354425231615702 0.03354425231615702
0 0.2402462661266327 0.30288559198379517 0.03354425231615702 0.03354425231615702
0 0.7444595694541931 0.3890420198440552 0.03354425231615702 0.03354425231615702
0 0.6659581065177917 0.3873584568500519 0.03354425231615702 0.03354425231615702
0 0.5852336287498474 0.38562721014022827 0.03354425231615702 0.03354425231615702
0 0.5021904110908508 0.3838462233543396 0.03354425231615702 0.03354425231615702
0 0.4167270362377167 0.38201335072517395 0.03354425231615702 0.03354425231615702
0 0.32873615622520447 0.3801262378692627 0.03354425231615702 0.03354425231615702
0 0.2381039708852768 0.3781825006008148 0.03354425231615702 0.03354425231615702
0 0.7587265968322754 0.46313539147377014 0.03354425231615702 0.03354425231615702
0 0.6778571009635925 0.46246495842933655 0.03354425231615702 0.03354425231615702
0 0.594621479511261 0.46177491545677185 0.03354425231615702 0.03354425231615702
0 0.5089141726493835 0.4610643982887268 0.03354425231615702 0.03354425231615702
0 0.4206234812736511 0.460332453250885 0.03354425231615702 0.03354425231615702
0 0.32963085174560547 0.45957809686660767 0.03354425231615702 0.03354425231615702
0 0.2358102947473526 0.4588003158569336 0.03354425231615702 0.03354425231615702
0 0.7739465832710266 0.5421779751777649 0.03354425231615702 0.03354425231615702
0 0.6905628442764282 0.5426631569862366 0.03354425231615702 0.03354425231615702
0 0.6046553254127502 0.5431630611419678 0.03354425231615702 0.03354425231615702
0 0.5161077380180359 0.5436782836914062 0.03354425231615702 0.03354425231615702
0 0.424796462059021 0.5442095994949341 0.03354425231615702 0.03354425231615702
0 0.33059003949165344 0.5447577834129333 0.03354425231615702 0.03354425231615702
0 0.23334860801696777 0.5453236103057861 0.03354425231615702 0.03354425231615702
0 0.7902184128761292 0.6266828775405884 0.03354425231615702 0.03354425231615702
0 0.7041600942611694 0.628489077091217 0.03354425231615702 0.03354425231615702
0 0.6154043078422546 0.6303518414497375 0.03354425231615702 0.03354425231615702
0 0.5238221883773804 0.6322739720344543 0.03354425231615702 0.03354425231615702
0 0.4292764663696289 0.6342583298683167 0.03354425231615702 0.03354425231615702
0 0.331620991230011 0.636307954788208 0.03354425231615702 0.03354425231615702
0 0.23069971799850464 0.6384260654449463 0.03354425231615702 0.03354425231615702
0 0.8076549172401428 0.7172364592552185 0.03354425231615702 0.03354425231615702
0 0.7187462449073792 0.7205564975738525 0.03354425231615702 0.03354425231615702
0 0.6269477605819702 0.72398442029953 0.03354425231615702 0.03354425231615702
0 0.532116174697876 0.727525532245636 0.03354425231615702 0.03354425231615702
0 0.4340986907482147 0.7311856746673584 0.03354425231615702 0.03354425231615702
0 0.3327319920063019 0.7349708676338196 0.03354425231615702 0.03354425231615702
0 0.22784146666526794 0.7388876676559448 0.03354425231615702 0.03354425231615702