0 0.7443461418151855 0.1747141182422638 0.03327054033676783 0.03327054033676783
0 0.6676933765411377 0.17507898807525635 0.03327054033676783 0.03327054033676783
0 0.5914545655250549 0.17544187605381012 0.03327054033676783 0.03327054033676783
0 0.5156264901161194 0.1758028268814087 0.03327054033676783 0.03327054033676783
0 0.4402056932449341 0.17616182565689087 0.03327054033676783 0.03327054033676783
0 0.3651890158653259 0.17651890218257904 0.03327054033676783 0.03327054033676783
0 0.2905731797218323 0.1768740713596344 0.03327054033676783 0.03327054033676783
0 0.7512277960777283 0.23737989366054535 0.03327054033676783 0.03327054033676783
0 0.6717903017997742 0.23758210241794586 0.03327054033676783 0.03327054033676783
0 0.5927973389625549 0.23778319358825684 0.03327054033676783 0.03327054033676783
0 0.5142451524734497 0.23798315227031708 0.03327054033676783 0.03327054033676783
0 0.4361300468444824 0.23818200826644897 0.03327054033676783 0.03327054033676783
0 0.3584483861923218 0.23837976157665253 0.03327054033676783 0.03327054033676783
0 0.28119656443595886 0.23857641220092773 0.03327054033676783 0.03327054033676783
0 0.7586259841918945 0.30475008487701416 0.03327054033676783 0.03327054033676783
0 0.6761939525604248 0.3047637641429901 0.03327054033676783 0.03327054033676783
0 0.5942403674125671 0.3047773838043213 0.03327054033676783 0.03327054033676783
0 0.5127610564231873 0.3047909438610077 0.03327054033676783 0.03327054033676783
0 0.43175196647644043 0.30480441451072693 0.03327054033676783 0.03327054033676783
0 0.35120898485183716 0.304817795753479 0.03327054033676783 0.03327054033676783
0 0.2711281478404999 0.3048311173915863 0.03327054033676783 0.03327054033676783
0 0.7666012644767761 0.3773750960826874 0.03327054033676783 0.03327054033676783
0 0.6809400320053101 0.37716972827911377 0.03327054033676783 0.03327054033676783
0 0.595795214176178 0.37696558237075806 0.03327054033676783 0.03327054033676783
0 0.5111622214317322 0.3767626881599426 0.03327054033676783 0.03327054033676783
0 0.42703646421432495 0.3765610158443451 0.03327054033676783 0.03327054033676783
0 0.3434133529663086 0.37636053562164307 0.03327054033676783 0.03327054033676783
0 0.26028844714164734 0.37616124749183655 0.03327054033676783 0.03327054033676783
0 0.7752238512039185 0.45589467883110046 0.03327054033676783 0.03327054033676783
0 0.6860700845718384 0.45543399453163147 0.03327054033676783 0.03327054033676783
0 0.5974754691123962 0.4549761712551117 0.03327054033676783 0.03327054033676783
0 0.5094348788261414 0.4545212388038635 0.03327054033676783 0.03327054033676783
0 0.4219430088996887 0.4540691077709198 0.03327054033676783 0.03327054033676783
0 0.3349948525428772 0.4536198079586029 0.03327054033676783 0.03327054033676783
0 0.2485852837562561 0.45317330956459045 0.03327054033676783 0.03327054033676783
0 0.784575879573822 0.5410568714141846 0.03327054033676783 0.03327054033676783
0 0.6916326880455017 0.5402975082397461 0.03327054033676783 0.03327054033676783
0 0.5992969870567322 0.5395431518554688 0.03327054033676783 0.03327054033676783
0 0.5075628161430359 0.538793683052063 0.03327054033676783 0.03327054033676783
0 0.4164242744445801 0.5380491018295288 0.03327054033676783 0.03327054033676783
0 0.3258756697177887 0.5373092889785767 0.03327054033676783 0.03327054033676783
0 0.23591122031211853 0.5365743041038513 0.03327054033676783 0.03327054033676783
0 0.7947540283203125 0.6337417960166931 0.03327054033676783 0.03327054033676783
0 0.6976850032806396 0.632631778717041 0.03327054033676783 0.03327054033676783
0 0.6012782454490662 0.6315293312072754 0.03327054033676783 0.03327054033676783
0 0.5055270195007324 0.6304343342781067 0.03327054033676783 0.03327054033676783
0 0.4104246497154236 0.6293468475341797 0.03327054033676783 0.03327054033676783
0 0.31596454977989197 0.6282666325569153 0.03327054033676783 0.03327054033676783
0 0.22214022278785706 0.6271936893463135 0.03327054033676783 0.03327054033676783