0 0.7002484202384949 0.12645485997200012 0.022358559739465517 0.03343336035807928
0 0.6255760788917542 0.12506453692913055 0.022358559739465517 0.03343336035807928
0 0.5504512190818787 0.12366579473018646 0.022358559739465517 0.03343336035807928
0 0.47486966848373413 0.12225855141878128 0.022358559739465517 0.03343336035807928
0 0.3988272547721863 0.12084271758794785 0.022358559739465517 0.03343336035807928
0 0.32231977581977844 0.11941823363304138 0.022358559739465517 0.03343336035807928
0 0.2453428953886032 0.11798501014709473 0.022358559739465517 0.03343336035807928
0 0.7111800312995911 0.20409968495368958 0.022358559739465517 0.03343336035807928
0 0.6338539123535156 0.20290233194828033 0.022358559739465517 0.03343336035807928
0 0.5560422539710999 0.2016974687576294 0.022358559739465517 0.03343336035807928
0 0.47774046659469604 0.2004850208759308 0.022358559739465517 0.03343336035807928
0 0.39894384145736694 0.19926489889621735 0.022358559739465517 0.03343336035807928
0 0.31964772939682007 0.1980370432138443 0.022358559739465517 0.03343336035807928
0 0.2398473620414734 0.19680139422416687 0.022358559739465517 0.03343336035807928
0 0.7229254245758057 0.2875244915485382 0.022358559739465517 0.03343336035807928
0 0.6427499651908875 0.286553293466568 0.022358559739465517 0.03343336035807928
0 0.5620521903038025 0.2855757474899292 0.022358559739465517 0.03343336035807928
0 0.4808270335197449 0.2845918536186218 0.022358559739465517 0.03343336035807928
0 0.399069219827652 0.2836014926433563 0.022358559739465517 0.03343336035807928
0 0.31677353382110596 0.2826046049594879 0.022358559739465517 0.03343336035807928
0 0.23393464088439941 0.2816011309623718 0.022358559739465517 0.03343336035807928
0 0.7355789542198181 0.37739962339401245 0.022358559739465517 0.03343336035807928
0 0.6523361802101135 0.37669387459754944 0.022358559739465517 0.03343336035807928
0 0.5685300230979919 0.3759833574295044 0.022358559739465517 0.03343336035807928
0 0.48415470123291016 0.37526798248291016 0.022358559739465517 0.03343336035807928
0 0.39920443296432495 0.3745477795600891 0.022358559739465517 0.03343336035807928
0 0.3136732876300812 0.3738226294517517 0.022358559739465517 0.03343336035807928
0 0.22755533456802368 0.37309250235557556 0.022358559739465517 0.03343336035807928
0 0.7492501735687256 0.4745032787322998 0.022358559739465517 0.03343336035807928
0 0.6626960635185242 0.4741097688674927 0.022358559739465517 0.03343336035807928
0 0.5755324363708496 0.4737134873867035 0.022358559739465517 0.03343336035807928
0 0.4877528250217438 0.4733143746852875 0.022358559739465517 0.03343336035807928
0 0.39935067296028137 0.472912460565567 0.022358559739465517 0.03343336035807928
0 0.31031927466392517 0.47250768542289734 0.022358559739465517 0.03343336035807928
0 0.22065195441246033 0.47210001945495605 0.022358559739465517 0.03343336035807928
0 0.7640669941902161 0.5797440409660339 0.022358559739465517 0.03343336035807928
0 0.6739273071289062 0.5797187685966492 0.022358559739465517 0.03343336035807928
0 0.5831260085105896 0.5796933174133301 0.022358559739465517 0.03343336035807928
0 0.4916558265686035 0.5796676874160767 0.022358559739465517 0.03343336035807928
0 0.3995093107223511 0.5796418786048889 0.022358559739465517 0.03343336035807928
0 0.30667898058891296 0.5796158313751221 0.022358559739465517 0.03343336035807928
0 0.21315716207027435 0.5795896649360657 0.022358559739465517 0.03343336035807928
0 0.7801797986030579 0.6941894888877869 0.022358559739465517 0.03343336035807928
0 0.6861445903778076 0.6945999264717102 0.022358559739465517 0.03343336035807928
0 0.5913888216018677 0.6950135231018066 0.022358559739465517 0.03343336035807928
0 0.4959041178226471 0.695430338382721 0.022358559739465517 0.03343336035807928
0 0.39968207478523254 0.6958503127098083 0.022358559739465517 0.03343336035807928
0 0.30271413922309875 0.6962735652923584 0.022358559739465517 0.03343336035807928
0 0.20499154925346375 0.6967000961303711 0.022358559739465517 0.03343336035807928