0 0.7024236917495728 0.3367117643356323 0.030939129491647083 0.030939129491647083
0 0.6341748237609863 0.33746933937072754 0.030939129491647083 0.030939129491647083
0 0.5659801959991455 0.338226318359375 0.030939129491647083 0.030939129491647083
0 0.4978398084640503 0.3389826714992523 0.030939129491647083 0.030939129491647083
0 0.42975351214408875 0.3397384583950043 0.030939129491647083 0.030939129491647083
0 0.36172130703926086 0.3404936194419861 0.030939129491647083 0.030939129491647083
0 0.2937431335449219 0.34124821424484253 0.030939129491647083 0.030939129491647083
0 0.7107756733894348 0.39339679479599 0.030939129491647083 0.030939129491647083
0 0.6398239731788635 0.3941608965396881 0.030939129491647083 0.030939129491647083
0 0.5689308643341064 0.3949243724346161 0.030939129491647083 0.030939129491647083
0 0.4980963468551636 0.3956872224807739 0.030939129491647083 0.030939129491647083
0 0.42732033133506775 0.39644941687583923 0.030939129491647083 0.030939129491647083
0 0.3566027581691742 0.3972110152244568 0.030939129491647083 0.030939129491647083
0 0.28594350814819336 0.3979719579219818 0.030939129491647083 0.030939129491647083
0 0.7198158502578735 0.45475253462791443 0.030939129491647083 0.030939129491647083
0 0.6459383368492126 0.45552170276641846 0.030939129491647083 0.030939129491647083
0 0.5721244215965271 0.45629018545150757 0.030939129491647083 0.030939129491647083
0 0.49837401509284973 0.45705804228782654 0.030939129491647083 0.030939129491647083
0 0.4246870279312134 0.4578252136707306 0.030939129491647083 0.030939129491647083
0 0.3510633409023285 0.4585917294025421 0.030939129491647083 0.030939129491647083
0 0.2775028944015503 0.4593575894832611 0.030939129491647083 0.030939129491647083
0 0.7296329140663147 0.5213810801506042 0.030939129491647083 0.030939129491647083
0 0.6525779962539673 0.522153377532959 0.030939129491647083 0.030939129491647083
0 0.5755922198295593 0.5229249596595764 0.030939129491647083 0.030939129491647083
0 0.49867552518844604 0.5236958265304565 0.030939129491647083 0.030939129491647083
0 0.4218277931213379 0.5244660377502441 0.030939129491647083 0.030939129491647083
0 0.3450489342212677 0.5252355933189392 0.030939129491647083 0.030939129491647083
0 0.2683388888835907 0.5260043740272522 0.030939129491647083 0.030939129491647083
0 0.7403315305709839 0.5939926505088806 0.030939129491647083 0.030939129491647083
0 0.6598135232925415 0.5947655439376831 0.030939129491647083 0.030939129491647083
0 0.5793710947036743 0.5955376625061035 0.030939129491647083 0.030939129491647083
0 0.4990040361881256 0.5963091254234314 0.030939129491647083 0.030939129491647083
0 0.4187122881412506 0.5970798134803772 0.030939129491647083 0.030939129491647083
0 0.33849573135375977 0.5978497862815857 0.030939129491647083 0.030939129491647083
0 0.2583542466163635 0.5986190438270569 0.030939129491647083 0.030939129491647083
0 0.7520359754562378 0.6734309792518616 0.030939129491647083 0.030939129491647083
0 0.6677290201187134 0.6742011904716492 0.030939129491647083 0.030939129491647083
0 0.5835049152374268 0.6749706268310547 0.030939129491647083 0.030939129491647083
0 0.49936342239379883 0.6757392883300781 0.030939129491647083 0.030939129491647083
0 0.4153044521808624 0.6765071749687195 0.030939129491647083 0.030939129491647083
0 0.3313279151916504 0.6772743463516235 0.030939129491647083 0.030939129491647083
0 0.24743366241455078 0.6780407428741455 0.030939129491647083 0.030939129491647083
0 0.7648951411247253 0.7607064247131348 0.030939129491647083 0.030939129491647083
0 0.676425039768219 0.7614695429801941 0.030939129491647083 0.030939129491647083
0 0.588046133518219 0.7622319459915161 0.030939129491647083 0.030939129491647083
0 0.49975818395614624 0.762993574142456 0.030939129491647083 0.030939129491647083
0 0.41156113147735596 0.7637543678283691 0.030939129491647083 0.030939129491647083
0 0.32345476746559143 0.7645143866539001 0.030939129491647083 0.030939129491647083
0 0.2354390025138855 0.7652736306190491 0.030939129491647083 0.030939129491647083