0 0.29213035106658936 0.6475101113319397 0.02086601220071316 0.027821349600950878
0 0.3694586157798767 0.6460838913917542 0.02086601220071316 0.027821349600950878
0 0.4475831687450409 0.6446430087089539 0.02086601220071316 0.027821349600950878
0 0.5265164375305176 0.6431871652603149 0.02086601220071316 0.027821349600950878
0 0.606270968914032 0.6417162418365479 0.02086601220071316 0.027821349600950878
0 0.6868597269058228 0.6402298808097839 0.02086601220071316 0.027821349600950878
0 0.7682957649230957 0.6387279033660889 0.02086601220071316 0.027821349600950878
0 0.3023037612438202 0.5584693551063538 0.02086601220071316 0.027821349600950878
0 0.37611672282218933 0.5566737651824951 0.02086601220071316 0.027821349600950878
0 0.450654536485672 0.5548605918884277 0.02086601220071316 0.027821349600950878
0 0.5259280204772949 0.5530295372009277 0.02086601220071316 0.027821349600950878
0 0.6019480228424072 0.5511803030967712 0.02086601220071316 0.027821349600950878
0 0.6787257790565491 0.5493126511573792 0.02086601220071316 0.027821349600950878
0 0.7562726736068726 0.5474262237548828 0.02086601220071316 0.027821349600950878
0 0.3115846812725067 0.47724026441574097 0.02086601220071316 0.027821349600950878
0 0.38218796253204346 0.4751444458961487 0.02086601220071316 0.027821349600950878
0 0.453453928232193 0.47302892804145813 0.02086601220071316 0.027821349600950878
0 0.5253919363021851 0.4708934724330902 0.02086601220071316 0.027821349600950878
0 0.5980115532875061 0.46873778104782104 0.02086601220071316 0.027821349600950878
0 0.6713224649429321 0.46656155586242676 0.02086601220071316 0.027821349600950878
0 0.7453346848487854 0.46436452865600586 0.02086601220071316 0.027821349600950878
0 0.3200855553150177 0.4028381109237671 0.02086601220071316 0.027821349600950878
0 0.387746661901474 0.4004978835582733 0.02086601220071316 0.027821349600950878
0 0.4560159146785736 0.39813661575317383 0.02086601220071316 0.027821349600950878
0 0.5249015092849731 0.39575403928756714 0.02086601220071316 0.027821349600950878
0 0.5944119095802307 0.393349826335907 0.02086601220071316 0.027821349600950878
0 0.664555549621582 0.39092373847961426 0.02086601220071316 0.027821349600950878
0 0.7353411912918091 0.3884754180908203 0.02086601220071316 0.027821349600950878
0 0.32790079712867737 0.33443692326545715 0.02086601220071316 0.027821349600950878
0 0.39285510778427124 0.3318978548049927 0.02086601220071316 0.027821349600950878
0 0.45836949348449707 0.32933688163757324 0.02086601220071316 0.027821349600950878
0 0.5244511961936951 0.32675373554229736 0.02086601220071316 0.027821349600950878
0 0.5911076068878174 0.32414811849594116 0.02086601220071316 0.027821349600950878
0 0.6583463549613953 0.32151976227760315 0.02086601220071316 0.027821349600950878
0 0.7261750102043152 0.3188683092594147 0.02086601220071316 0.027821349600950878
0 0.3351100981235504 0.2713388502597809 0.02086601220071316 0.027821349600950878
0 0.3975658416748047 0.2686382830142975 0.02086601220071316 0.027821349600950878
0 0.4605390727519989 0.2659153342247009 0.02086601220071316 0.027821349600950878
0 0.5240362286567688 0.2631697654724121 0.02086601220071316 0.027821349600950878
0 0.5880638360977173 0.2604012191295624 0.02086601220071316 0.027821349600950878
0 0.6526286005973816 0.25760945677757263 0.02086601220071316 0.027821349600950878
0 0.7177373766899109 0.254794180393219 0.02086601220071316 0.027821349600950878
0 0.341781347990036 0.21295014023780823 0.02086601220071316 0.027821349600950878
0 0.40192362666130066 0.21011888980865479 0.02086601220071316 0.027821349600950878
0 0.4625454246997833 0.20726506412029266 0.02086601220071316 0.027821349600950878
0 0.5236525535583496 0.20438840985298157 0.02086601220071316 0.027821349600950878
0 0.5852508544921875 0.20148861408233643 0.02086601220071316 0.027821349600950878
0 0.6473462581634521 0.19856542348861694 0.02086601220071316 0.027821349600950878
0 0.7099447846412659 0.19561855494976044 0.02086601220071316 0.027821349600950878