0 0.7662707567214966 0.1495722383260727 0.0366256907582283 0.0366256907582283
0 0.6863282322883606 0.15177249908447266 0.0366256907582283 0.0366256907582283
0 0.606578528881073 0.1539674699306488 0.0366256907582283 0.0366256907582283
0 0.527021050453186 0.15615713596343994 0.0366256907582283 0.0366256907582283
0 0.4476550817489624 0.15834154188632965 0.0366256907582283 0.0366256907582283
0 0.3684799075126648 0.16052070260047913 0.0366256907582283 0.0366256907582283
0 0.2894948422908783 0.16269461810588837 0.0366256907582283 0.0366256907582283
0 0.7777925729751587 0.20503924787044525 0.0366256907582283 0.0366256907582283
0 0.6945400238037109 0.20726047456264496 0.0366256907582283 0.0366256907582283
0 0.6114965677261353 0.20947609841823578 0.0366256907582283 0.0366256907582283
0 0.5286614894866943 0.2116861790418625 0.0366256907582283 0.0366256907582283
0 0.44603395462036133 0.21389071643352509 0.0366256907582283 0.0366256907582283
0 0.3636132478713989 0.21608974039554596 0.0366256907582283 0.0366256907582283
0 0.28139856457710266 0.2182832658290863 0.0366256907582283 0.0366256907582283
0 0.7903065085411072 0.2652823030948639 0.0366256907582283 0.0366256907582283
0 0.7034579515457153 0.2675199806690216 0.0366256907582283 0.0366256907582283
0 0.6168369650840759 0.26975181698799133 0.0366256907582283 0.0366256907582283
0 0.5304425954818726 0.27197781205177307 0.0366256907582283 0.0366256907582283
0 0.44427400827407837 0.2741979956626892 0.0366256907582283 0.0366256907582283
0 0.35833030939102173 0.27641236782073975 0.0366256907582283 0.0366256907582283
0 0.272610604763031 0.27862098813056946 0.0366256907582283 0.0366256907582283
0 0.8039464354515076 0.3309459686279297 0.0366256907582283 0.0366256907582283
0 0.7131772041320801 0.33319419622421265 0.0366256907582283 0.0366256907582283
0 0.622656524181366 0.33543625473976135 0.0366256907582283 0.0366256907582283
0 0.5323833227157593 0.3376722037792206 0.0366256907582283 0.0366256907582283
0 0.44235655665397644 0.33990204334259033 0.0366256907582283 0.0366256907582283
0 0.35257524251937866 0.342125803232193 0.0366256907582283 0.0366256907582283
0 0.26303836703300476 0.34434348344802856 0.0366256907582283 0.0366256907582283
0 0.8188714385032654 0.40279632806777954 0.0366256907582283 0.0366256907582283
0 0.7238109111785889 0.405047208070755 0.0366256907582283 0.0366256907582283
0 0.6290228366851807 0.40729162096977234 0.0366256907582283 0.0366256907582283
0 0.53450608253479 0.4095296263694763 0.0366256907582283 0.0366256907582283
0 0.4402594566345215 0.41176122426986694 0.0366256907582283 0.0366256907582283
0 0.3462817966938019 0.4139864444732666 0.0366256907582283 0.0366256907582283
0 0.2525719702243805 0.4162053167819977 0.0366256907582283 0.0366256907582283
0 0.8352721929550171 0.481751024723053 0.0366256907582283 0.0366256907582283
0 0.7354944348335266 0.48399409651756287 0.0366256907582283 0.0366256907582283
0 0.6360167860984802 0.48623040318489075 0.0366256907582283 0.0366256907582283
0 0.5368378162384033 0.4884600341320038 0.0366256907582283 0.0366256907582283
0 0.4379562735557556 0.4906829595565796 0.0366256907582283 0.0366256907582283
0 0.3393707573413849 0.49289920926094055 0.0366256907582283 0.0366256907582283
0 0.24107995629310608 0.49510887265205383 0.0366256907582283 0.0366256907582283
0 0.85337895154953 0.5689184665679932 0.0366256907582283 0.0366256907582283
0 0.7483913898468018 0.571139931678772 0.0366256907582283 0.0366256907582283
0 0.6437358856201172 0.5733543038368225 0.0366256907582283 0.0366256907582283
0 0.5394109487533569 0.5755617618560791 0.0366256907582283 0.0366256907582283
0 0.43541499972343445 0.577762246131897 0.0366256907582283 0.0366256907582283
0 0.33174648880958557 0.5799557566642761 0.0366256907582283 0.0366256907582283
0 0.22840385138988495 0.5821424126625061 0.0366256907582283 0.0366256907582283