0 0.3061322867870331 0.3763870894908905 0.019753368571400642 0.026337824761867523
0 0.3006182610988617 0.43990880250930786 0.019753368571400642 0.026337824761867523
0 0.29477494955062866 0.50722336769104 0.019753368571400642 0.026337824761867523
0 0.2885720431804657 0.5786808729171753 0.019753368571400642 0.026337824761867523
0 0.2819752097129822 0.6546759605407715 0.019753368571400642 0.026337824761867523
0 0.27494576573371887 0.7356550097465515 0.019753368571400642 0.026337824761867523
0 0.26743966341018677 0.8221249580383301 0.019753368571400642 0.026337824761867523
0 0.36957085132598877 0.3773735463619232 0.019753368571400642 0.026337824761867523
0 0.36589598655700684 0.44092127680778503 0.019753368571400642 0.026337824761867523
0 0.3620016872882843 0.5082632303237915 0.019753368571400642 0.026337824761867523
0 0.3578677177429199 0.5797496438026428 0.019753368571400642 0.026337824761867523
0 0.3534712791442871 0.655775249004364 0.019753368571400642 0.026337824761867523
0 0.34878650307655334 0.7367866635322571 0.019753368571400642 0.026337824761867523
0 0.34378406405448914 0.8232908248901367 0.019753368571400642 0.026337824761867523
0 0.4330044090747833 0.37835991382598877 0.019753368571400642 0.026337824761867523
0 0.43116840720176697 0.44193363189697266 0.019753368571400642 0.026337824761867523
0 0.42922279238700867 0.5093029737472534 0.019753368571400642 0.026337824761867523
0 0.4271574318408966 0.5808182954788208 0.019753368571400642 0.026337824761867523
0 0.4249609410762787 0.6568744778633118 0.019753368571400642 0.026337824761867523
0 0.42262041568756104 0.7379181385040283 0.019753368571400642 0.026337824761867523
0 0.4201211929321289 0.8244565725326538 0.019753368571400642 0.026337824761867523
0 0.49643293023109436 0.37934619188308716 0.019753368571400642 0.026337824761867523
0 0.4964354932308197 0.4429459273815155 0.019753368571400642 0.026337824761867523
0 0.49643823504447937 0.5103426575660706 0.019753368571400642 0.026337824761867523
0 0.49644115567207336 0.581886887550354 0.019753368571400642 0.026337824761867523
0 0.4964442253112793 0.65797358751297 0.019753368571400642 0.026337824761867523
0 0.49644753336906433 0.7390495538711548 0.019753368571400642 0.026337824761867523
0 0.4964510500431061 0.8256222605705261 0.019753368571400642 0.026337824761867523
0 0.5598564147949219 0.3803323805332184 0.019753368571400642 0.026337824761867523
0 0.5616973042488098 0.4439581036567688 0.019753368571400642 0.026337824761867523
0 0.5636480450630188 0.5113822221755981 0.019753368571400642 0.026337824761867523
0 0.5657188892364502 0.5829553604125977 0.019753368571400642 0.026337824761867523
0 0.5679211616516113 0.6590725779533386 0.019753368571400642 0.026337824761867523
0 0.5702678561210632 0.7401808500289917 0.019753368571400642 0.026337824761867523
0 0.5727736353874207 0.8267877697944641 0.019753368571400642 0.026337824761867523
0 0.6232749223709106 0.38131850957870483 0.019753368571400642 0.026337824761867523
0 0.6269537806510925 0.4449702501296997 0.019753368571400642 0.026337824761867523
0 0.630852222442627 0.512421727180481 0.019753368571400642 0.026337824761867523
0 0.6349906325340271 0.5840237140655518 0.019753368571400642 0.026337824761867523
0 0.6393917202949524 0.6601715087890625 0.019753368571400642 0.026337824761867523
0 0.6440813541412354 0.7413120865821838 0.019753368571400642 0.026337824761867523
0 0.6490889191627502 0.8279532194137573 0.019753368571400642 0.026337824761867523
0 0.6866883635520935 0.3823045790195465 0.019753368571400642 0.026337824761867523
0 0.6922049522399902 0.44598227739334106 0.019753368571400642 0.026337824761867523
0 0.6980507969856262 0.513461172580719 0.019753368571400642 0.026337824761867523
0 0.7042563557624817 0.5850920081138611 0.019753368571400642 0.026337824761867523
0 0.7108559012413025 0.6612703204154968 0.019753368571400642 0.026337824761867523
0 0.7178880572319031 0.7424432039260864 0.019753368571400642 0.026337824761867523
0 0.725396990776062 0.8291184902191162 0.019753368571400642 0.026337824761867523