0 0.3089045584201813 0.6469429731369019 0.020492643117904667 0.02732352415720622
0 0.38487324118614197 0.6476745009422302 0.020492643117904667 0.02732352415720622
0 0.46151044964790344 0.6484124064445496 0.020492643117904667 0.02732352415720622
0 0.5388250946998596 0.6491568088531494 0.020492643117904667 0.02732352415720622
0 0.6168261170387268 0.6499078869819641 0.020492643117904667 0.02732352415720622
0 0.6955228447914124 0.6506656408309937 0.020492643117904667 0.02732352415720622
0 0.7749244570732117 0.6514301896095276 0.020492643117904667 0.02732352415720622
0 0.3201943039894104 0.5596455931663513 0.020492643117904667 0.02732352415720622
0 0.3924729824066162 0.5599774718284607 0.020492643117904667 0.02732352415720622
0 0.46535632014274597 0.5603121519088745 0.020492643117904667 0.02732352415720622
0 0.5388519167900085 0.560649573802948 0.020492643117904667 0.02732352415720622
0 0.6129675507545471 0.5609899163246155 0.020492643117904667 0.02732352415720622
0 0.6877111196517944 0.5613330602645874 0.020492643117904667 0.02732352415720622
0 0.7630905508995056 0.5616791844367981 0.020492643117904667 0.02732352415720622
0 0.3304295837879181 0.48050177097320557 0.020492643117904667 0.02732352415720622
0 0.39936012029647827 0.4805038571357727 0.020492643117904667 0.02732352415720622
0 0.4688401222229004 0.48050597310066223 0.020492643117904667 0.02732352415720622
0 0.5388762354850769 0.48050811886787415 0.020492643117904667 0.02732352415720622
0 0.6094751954078674 0.48051029443740845 0.020492643117904667 0.02732352415720622
0 0.6806437373161316 0.48051244020462036 0.020492643117904667 0.02732352415720622
0 0.7523887753486633 0.48051464557647705 0.020492643117904667 0.02732352415720622
0 0.33975157141685486 0.4084201157093048 0.020492643117904667 0.02732352415720622
0 0.40563035011291504 0.40814876556396484 0.020492643117904667 0.02732352415720622
0 0.47201070189476013 0.4078753590583801 0.020492643117904667 0.02732352415720622
0 0.5388984084129333 0.4075998365879059 0.020492643117904667 0.02732352415720622
0 0.6062992215156555 0.4073222279548645 0.020492643117904667 0.02732352415720622
0 0.6742191314697266 0.4070424735546112 0.020492643117904667 0.02732352415720622
0 0.742664098739624 0.406760573387146 0.020492643117904667 0.02732352415720622
0 0.3482772409915924 0.34249573945999146 0.020492643117904667 0.02732352415720622
0 0.41136303544044495 0.3419967591762543 0.020492643117904667 0.02732352415720622
0 0.4749084711074829 0.3414941132068634 0.020492643117904667 0.02732352415720622
0 0.5389186143875122 0.34098780155181885 0.020492643117904667 0.02732352415720622
0 0.6033985018730164 0.34047776460647583 0.020492643117904667 0.02732352415720622
0 0.6683533787727356 0.33996400237083435 0.020492643117904667 0.02732352415720622
0 0.7337885499000549 0.33944639563560486 0.020492643117904667 0.02732352415720622
0 0.35610446333885193 0.2819720506668091 0.020492643117904667 0.02732352415720622
0 0.4166244566440582 0.2812829315662384 0.020492643117904667 0.02732352415720622
0 0.477567195892334 0.28058895468711853 0.020492643117904667 0.02732352415720622
0 0.5389371514320374 0.27989014983177185 0.020492643117904667 0.02732352415720622
0 0.6007387638092041 0.2791863977909088 0.020492643117904667 0.02732352415720622
0 0.6629766821861267 0.2784776985645294 0.020492643117904667 0.02732352415720622
0 0.7256555557250977 0.2777639627456665 0.020492643117904667 0.02732352415720622
0 0.3633157014846802 0.22621150314807892 0.020492643117904667 0.02732352415720622
0 0.42147040367126465 0.22536316514015198 0.020492643117904667 0.02732352415720622
0 0.48001527786254883 0.2245091199874878 0.020492643117904667 0.02732352415720622
0 0.5389541983604431 0.22364932298660278 0.020492643117904667 0.02732352415720622
0 0.5982912182807922 0.22278372943401337 0.020492643117904667 0.02732352415720622
0 0.6580303311347961 0.22191226482391357 0.020492643117904667 0.02732352415720622
0 0.7181756496429443 0.22103488445281982 0.020492643117904667 0.02732352415720622