0 0.6682459115982056 0.1746482253074646 0.025399694219231606 0.03386625895897547
0 0.5998395681381226 0.1798173040151596 0.025399694219231606 0.03386625895897547
0 0.531673789024353 0.18496821820735931 0.025399694219231606 0.03386625895897547
0 0.4637472331523895 0.1901010423898697 0.025399694219231606 0.03386625895897547
0 0.39605867862701416 0.1952158808708191 0.025399694219231606 0.03386625895897547
0 0.32860690355300903 0.20031283795833588 0.025399694219231606 0.03386625895897547
0 0.2613905966281891 0.205391988158226 0.025399694219231606 0.03386625895897547
0 0.6783695220947266 0.2382497787475586 0.025399694219231606 0.03386625895897547
0 0.606532633304596 0.2435590624809265 0.025399694219231606 0.03386625895897547
0 0.534960925579071 0.24884876608848572 0.025399694219231606 0.03386625895897547
0 0.46365290880203247 0.25411897897720337 0.025399694219231606 0.03386625895897547
0 0.3926071524620056 0.25936979055404663 0.025399694219231606 0.03386625895897547
0 0.3218221664428711 0.26460134983062744 0.025399694219231606 0.03386625895897547
0 0.2512965500354767 0.26981374621391296 0.025399694219231606 0.03386625895897547
0 0.6895580291748047 0.30854174494743347 0.025399694219231606 0.03386625895897547
0 0.6139283776283264 0.3139929473400116 0.025399694219231606 0.03386625895897547
0 0.538592517375946 0.31942296028137207 0.025399694219231606 0.03386625895897547
0 0.4635487496852875 0.3248319625854492 0.025399694219231606 0.03386625895897547
0 0.3887953460216522 0.3302200138568878 0.025399694219231606 0.03386625895897547
0 0.31433066725730896 0.3355872631072998 0.025399694219231606 0.03386625895897547
0 0.2401529848575592 0.34093379974365234 0.025399694219231606 0.03386625895897547
0 0.7019888162612915 0.3866383731365204 0.025399694219231606 0.03386625895897547
0 0.622143566608429 0.39223119616508484 0.025399694219231606 0.03386625895897547
0 0.5426256656646729 0.39780110120773315 0.025399694219231606 0.03386625895897547
0 0.46343305706977844 0.4033482074737549 0.025399694219231606 0.03386625895897547
0 0.38456377387046814 0.40887266397476196 0.025399694219231606 0.03386625895897547
0 0.3060157895088196 0.41437461972236633 0.025399694219231606 0.03386625895897547
0 0.22778721153736115 0.41985419392585754 0.025399694219231606 0.03386625895897547
0 0.7158809304237366 0.4739159941673279 0.025399694219231606 0.03386625895897547
0 0.6313225030899048 0.47964707016944885 0.025399694219231606 0.03386625895897547
0 0.5471309423446655 0.4853532612323761 0.025399694219231606 0.03386625895897547
0 0.46330389380455017 0.49103477597236633 0.025399694219231606 0.03386625895897547
0 0.3798390328884125 0.4966917335987091 0.025399694219231606 0.03386625895897547
0 0.2967340052127838 0.5023242831230164 0.025399694219231606 0.03386625895897547
0 0.21398647129535675 0.5079326629638672 0.025399694219231606 0.03386625895897547
0 0.7315082550048828 0.5720946192741394 0.025399694219231606 0.03386625895897547
0 0.6416451930999756 0.577955961227417 0.025399694219231606 0.03386625895897547
0 0.5521962642669678 0.5837903618812561 0.025399694219231606 0.03386625895897547
0 0.46315866708755493 0.5895978808403015 0.025399694219231606 0.03386625895897547
0 0.37452957034111023 0.5953788161277771 0.025399694219231606 0.03386625895897547
0 0.2863061726093292 0.6011332273483276 0.025399694219231606 0.03386625895897547
0 0.19848564267158508 0.606861412525177 0.025399694219231606 0.03386625895897547
0 0.7492173910140991 0.6833525896072388 0.025399694219231606 0.03386625895897547
0 0.653339684009552 0.6893293857574463 0.025399694219231606 0.03386625895897547
0 0.5579330921173096 0.6952767968177795 0.025399694219231606 0.03386625895897547
0 0.4629942774772644 0.7011950612068176 0.025399694219231606 0.03386625895897547
0 0.36851972341537476 0.7070844173431396 0.025399694219231606 0.03386625895897547
0 0.2745060622692108 0.7129449844360352 0.025399694219231606 0.03386625895897547
0 0.18094994127750397 0.718777060508728 0.025399694219231606 0.03386625895897547