0 0.6899694204330444 0.15372838079929352 0.022822331249093015 0.03412685046593348
0 0.6143136620521545 0.1542339026927948 0.022822331249093015 0.03412685046593348
0 0.5382513403892517 0.15474215149879456 0.022822331249093015 0.03412685046593348
0 0.46177923679351807 0.15525312721729279 0.022822331249093015 0.03412685046593348
0 0.3848939538002014 0.15576685965061188 0.022822331249093015 0.03412685046593348
0 0.3075921833515167 0.15628337860107422 0.022822331249093015 0.03412685046593348
0 0.22987054288387299 0.156802698969841 0.022822331249093015 0.03412685046593348
0 0.7022817730903625 0.2335159331560135 0.022822331249093015 0.03412685046593348
0 0.6238572001457214 0.2342619001865387 0.022822331249093015 0.03412685046593348
0 0.5449954867362976 0.235012024641037 0.022822331249093015 0.03412685046593348
0 0.46569308638572693 0.23576633632183075 0.022822331249093015 0.03412685046593348
0 0.38594624400138855 0.23652487993240356 0.022822331249093015 0.03412685046593348
0 0.30575117468833923 0.237287700176239 0.022822331249093015 0.03412685046593348
0 0.2251041680574417 0.2380547970533371 0.022822331249093015 0.03412685046593348
0 0.7155389189720154 0.3194255828857422 0.022822331249093015 0.03412685046593348
0 0.6341351270675659 0.3204481601715088 0.022822331249093015 0.03412685046593348
0 0.552260160446167 0.32147666811943054 0.022822331249093015 0.03412685046593348
0 0.4699098765850067 0.32251113653182983 0.022822331249093015 0.03412685046593348
0 0.38708019256591797 0.32355162501335144 0.022822331249093015 0.03412685046593348
0 0.3037668466567993 0.32459819316864014 0.022822331249093015 0.03412685046593348
0 0.21996565163135529 0.3256509006023407 0.022822331249093015 0.03412685046593348
0 0.7298538088798523 0.4121900796890259 0.022822331249093015 0.03412685046593348
0 0.6452355980873108 0.41353195905685425 0.022822331249093015 0.03412685046593348
0 0.5601078867912292 0.41488194465637207 0.022822331249093015 0.03412685046593348
0 0.4744661748409271 0.4162400960922241 0.022822331249093015 0.03412685046593348
0 0.3883056938648224 0.4176064431667328 0.022822331249093015 0.03412685046593348
0 0.30162179470062256 0.4189811050891876 0.022822331249093015 0.03412685046593348
0 0.21440961956977844 0.4203641712665558 0.022822331249093015 0.03412685046593348
0 0.745358407497406 0.5126639008522034 0.022822331249093015 0.03412685046593348
0 0.6572614908218384 0.5143758654594421 0.022822331249093015 0.03412685046593348
0 0.5686119794845581 0.5160985589027405 0.022822331249093015 0.03412685046593348
0 0.4794046878814697 0.5178321003913879 0.022822331249093015 0.03412685046593348
0 0.389634370803833 0.5195765495300293 0.022822331249093015 0.03412685046593348
0 0.2992956340312958 0.5213320851325989 0.022822331249093015 0.03412685046593348
0 0.20838305354118347 0.5230987071990967 0.022822331249093015 0.03412685046593348
0 0.7622073888778687 0.6218498349189758 0.022822331249093015 0.03412685046593348
0 0.6703335046768188 0.6239924430847168 0.022822331249093015 0.03412685046593348
0 0.5778582692146301 0.62614905834198 0.022822331249093015 0.03412685046593348
0 0.4847756624221802 0.6283198595046997 0.022822331249093015 0.03412685046593348
0 0.39107975363731384 0.6305049657821655 0.022822331249093015 0.03412685046593348
0 0.29676443338394165 0.632704496383667 0.022822331249093015 0.03412685046593348
0 0.20182353258132935 0.6349186301231384 0.022822331249093015 0.03412685046593348
0 0.7805835604667664 0.740932285785675 0.022822331249093015 0.03412685046593348
0 0.684594452381134 0.7435784935951233 0.022822331249093015 0.03412685046593348
0 0.5879483222961426 0.7462427616119385 0.022822331249093015 0.03412685046593348
0 0.49063846468925476 0.7489253878593445 0.022822331249093015 0.03412685046593348
0 0.39265796542167664 0.7516264915466309 0.022822331249093015 0.03412685046593348
0 0.2939998507499695 0.7543462514877319 0.022822331249093015 0.03412685046593348
0 0.1946570724248886 0.7570849061012268 0.022822331249093015 0.03412685046593348