0 0.2935863733291626 0.6470856070518494 0.020678242668509483 0.02757099022467931
0 0.3704535663127899 0.6459543704986572 0.020678242668509483 0.02757099022467931
0 0.44800305366516113 0.644813060760498 0.020678242668509483 0.02757099022467931
0 0.5262439846992493 0.6436615586280823 0.020678242668509483 0.02757099022467931
0 0.6051856279373169 0.6424997448921204 0.020678242668509483 0.02757099022467931
0 0.6848374009132385 0.6413275003433228 0.020678242668509483 0.02757099022467931
0 0.7652090191841125 0.6401446461677551 0.020678242668509483 0.02757099022467931
0 0.30397865176200867 0.5575727820396423 0.020678242668509483 0.02757099022467931
0 0.37729811668395996 0.5561173558235168 0.020678242668509483 0.02757099022467931
0 0.45123785734176636 0.5546495914459229 0.020678242668509483 0.02757099022467931
0 0.5258057713508606 0.5531693696975708 0.020678242668509483 0.02757099022467931
0 0.6010099053382874 0.5516765117645264 0.020678242668509483 0.02757099022467931
0 0.6768584251403809 0.5501708388328552 0.020678242668509483 0.02757099022467931
0 0.7533596754074097 0.5486522316932678 0.020678242668509483 0.02757099022467931
0 0.31344687938690186 0.4760192632675171 0.020678242668509483 0.02757099022467931
0 0.3835316300392151 0.4743005931377411 0.020678242668509483 0.02757099022467931
0 0.4541827142238617 0.4725680351257324 0.020678242668509483 0.02757099022467931
0 0.5254070162773132 0.47082144021987915 0.020678242668509483 0.02757099022467931
0 0.5972115397453308 0.46906059980392456 0.020678242668509483 0.02757099022467931
0 0.6696034073829651 0.4672853648662567 0.020678242668509483 0.02757099022467931
0 0.7425898909568787 0.4654955565929413 0.020678242668509483 0.02757099022467931
0 0.32210907340049744 0.4014086127281189 0.020678242668509483 0.02757099022467931
0 0.38923242688179016 0.39947599172592163 0.020678242668509483 0.02757099022467931
0 0.45687490701675415 0.39752840995788574 0.020678242668509483 0.02757099022467931
0 0.5250425934791565 0.3955657184123993 0.020678242668509483 0.02757099022467931
0 0.5937415957450867 0.39358773827552795 0.020678242668509483 0.02757099022467931
0 0.6629781126976013 0.391594260931015 0.020678242668509483 0.02757099022467931
0 0.7327585816383362 0.38958510756492615 0.020678242668509483 0.02757099022467931
0 0.33006390929222107 0.33289048075675964 0.020678242668509483 0.02757099022467931
0 0.39446598291397095 0.3307839334011078 0.020678242668509483 0.02757099022467931
0 0.45934563875198364 0.3286617398262024 0.020678242668509483 0.02757099022467931
0 0.5247082710266113 0.3265237808227539 0.020678242668509483 0.02757099022467931
0 0.590559184551239 0.3243698179721832 0.020678242668509483 0.02757099022467931
0 0.6569039821624756 0.3221997320652008 0.020678242668509483 0.02757099022467931
0 0.7237482070922852 0.32001328468322754 0.020678242668509483 0.02757099022467931
0 0.337394654750824 0.26974785327911377 0.020678242668509483 0.02757099022467931
0 0.39928749203681946 0.2675001621246338 0.020678242668509483 0.02757099022467931
0 0.46162116527557373 0.26523643732070923 0.020678242668509483 0.02757099022467931
0 0.5244004130363464 0.26295652985572815 0.020678242668509483 0.02757099022467931
0 0.587630033493042 0.2606602609157562 0.020678242668509483 0.02757099022467931
0 0.6513149738311768 0.2583474814891815 0.020678242668509483 0.02757099022467931
0 0.7154600024223328 0.2560179829597473 0.020678242668509483 0.02757099022467931
0 0.34417200088500977 0.21137204766273499 0.020678242668509483 0.02757099022467931
0 0.4037437438964844 0.20901015400886536 0.020678242668509483 0.02757099022467931
0 0.46372371912002563 0.2066320776939392 0.020678242668509483 0.02757099022467931
0 0.5241160988807678 0.20423763990402222 0.020678242668509483 0.02757099022467931
0 0.58492511510849 0.20182669162750244 0.020678242668509483 0.02757099022467931
0 0.6461551785469055 0.19939903914928436 0.020678242668509483 0.02757099022467931
0 0.7078105807304382 0.19695453345775604 0.020678242668509483 0.02757099022467931