0 0.7297384142875671 0.2668459415435791 0.03476867824792862 0.03476867824792862
0 0.6526364088058472 0.2662542462348938 0.03476867824792862 0.03476867824792862
0 0.5757169127464294 0.2656639516353607 0.03476867824792862 0.03476867824792862
0 0.4989793002605438 0.26507502794265747 0.03476867824792862 0.03476867824792862
0 0.4224228262901306 0.26448750495910645 0.03476867824792862 0.03476867824792862
0 0.34604692459106445 0.26390138268470764 0.03476867824792862 0.03476867824792862
0 0.2698509097099304 0.26331663131713867 0.03476867824792862 0.03476867824792862
0 0.7381270527839661 0.33133262395858765 0.03476867824792862 0.03476867824792862
0 0.6579721570014954 0.3306381404399872 0.03476867824792862 0.03476867824792862
0 0.5780145525932312 0.3299453854560852 0.03476867824792862 0.03476867824792862
0 0.49825331568717957 0.3292543292045593 0.03476867824792862 0.03476867824792862
0 0.4186878502368927 0.32856494188308716 0.03476867824792862 0.03476867824792862
0 0.3393173813819885 0.3278772830963135 0.03476867824792862 0.03476867824792862
0 0.2601412534713745 0.3271912932395935 0.03476867824792862 0.03476867824792862
0 0.7472057938575745 0.40112462639808655 0.03476867824792862 0.03476867824792862
0 0.6637463569641113 0.4003121554851532 0.03476867824792862 0.03476867824792862
0 0.5805006623268127 0.3995017409324646 0.03476867824792862 0.03476867824792862
0 0.49746784567832947 0.39869341254234314 0.03476867824792862 0.03476867824792862
0 0.4146471619606018 0.39788714051246643 0.03476867824792862 0.03476867824792862
0 0.3320377767086029 0.3970829248428345 0.03476867824792862 0.03476867824792862
0 0.2496388554573059 0.39628076553344727 0.03476867824792862 0.03476867824792862
0 0.7570635080337524 0.47690480947494507 0.03476867824792862 0.03476867824792862
0 0.670015275478363 0.47595617175102234 0.03476867824792862 0.03476867824792862
0 0.5831995010375977 0.47501009702682495 0.03476867824792862 0.03476867824792862
0 0.4966152608394623 0.47406652569770813 0.03476867824792862 0.03476867824792862
0 0.4102616310119629 0.47312548756599426 0.03476867824792862 0.03476867824792862
0 0.32413768768310547 0.4721869230270386 0.03476867824792862 0.03476867824792862
0 0.23824255168437958 0.47125089168548584 0.03476867824792862 0.03476867824792862
0 0.7678049206733704 0.5594783425331116 0.03476867824792862 0.03476867824792862
0 0.6768454313278198 0.558371901512146 0.03476867824792862 0.03476867824792862
0 0.5861396193504333 0.5572685599327087 0.03476867824792862 0.03476867824792862
0 0.4956865608692169 0.5561683177947998 0.03476867824792862 0.03476867824792862
0 0.4054851531982422 0.5550710558891296 0.03476867824792862 0.03476867824792862
0 0.3155343532562256 0.5539769530296326 0.03476867824792862 0.03476867824792862
0 0.22583310306072235 0.5528858304023743 0.03476867824792862 0.03476867824792862
0 0.7795544862747192 0.6498015522956848 0.03476867824792862 0.03476867824792862
0 0.6843156218528748 0.6485112309455872 0.03476867824792862 0.03476867824792862
0 0.5893548727035522 0.6472246050834656 0.03476867824792862 0.03476867824792862
0 0.4946710765361786 0.6459417939186096 0.03476867824792862 0.03476867824792862
0 0.4002629816532135 0.6446626782417297 0.03476867824792862 0.03476867824792862
0 0.30612942576408386 0.6433873176574707 0.03476867824792862 0.03476867824792862
0 0.2122691571712494 0.642115592956543 0.03476867824792862 0.03476867824792862
0 0.7924610376358032 0.7490192651748657 0.03476867824792862 0.03476867824792862
0 0.6925203204154968 0.7475132346153259 0.03476867824792862 0.03476867824792862
0 0.5928857922554016 0.7460117936134338 0.03476867824792862 0.03476867824792862
0 0.49355605244636536 0.7445150017738342 0.03476867824792862 0.03476867824792862
0 0.3945297300815582 0.7430227398872375 0.03476867824792862 0.03476867824792862
0 0.295805424451828 0.7415350675582886 0.03476867824792862 0.03476867824792862
0 0.19738173484802246 0.7400519251823425 0.03476867824792862 0.03476867824792862