0 0.2934591770172119 0.651935875415802 0.02058619260787964 0.027448256810506184
0 0.36952146887779236 0.6502178907394409 0.02058619260787964 0.027448256810506184
0 0.4464740753173828 0.6484797596931458 0.02058619260787964 0.027448256810506184
0 0.5243327021598816 0.6467211842536926 0.02058619260787964 0.027448256810506184
0 0.6031134128570557 0.6449417471885681 0.02058619260787964 0.027448256810506184
0 0.6828327178955078 0.6431411504745483 0.02058619260787964 0.027448256810506184
0 0.7635074853897095 0.6413189768791199 0.02058619260787964 0.027448256810506184
0 0.3034924864768982 0.5633718371391296 0.02058619260787964 0.027448256810506184
0 0.3761524260044098 0.5612400770187378 0.02058619260787964 0.027448256810506184
0 0.4496239423751831 0.5590844750404358 0.02058619260787964 0.027448256810506184
0 0.5239207148551941 0.5569047331809998 0.02058619260787964 0.027448256810506184
0 0.5990567207336426 0.5547003149986267 0.02058619260787964 0.027448256810506184
0 0.6750463247299194 0.552470862865448 0.02058619260787964 0.027448256810506184
0 0.7519040703773499 0.5502158999443054 0.02058619260787964 0.027448256810506184
0 0.31265774369239807 0.4824698567390442 0.02058619260787964 0.027448256810506184
0 0.38220661878585815 0.4800010025501251 0.02058619260787964 0.027448256810506184
0 0.4524983763694763 0.47750580310821533 0.02058619260787964 0.027448256810506184
0 0.52354496717453 0.4749837815761566 0.02058619260787964 0.027448256810506184
0 0.5953586101531982 0.47243455052375793 0.02058619260787964 0.027448256810506184
0 0.6679518222808838 0.4698576331138611 0.02058619260787964 0.027448256810506184
0 0.7413373589515686 0.46725261211395264 0.02058619260787964 0.027448256810506184
0 0.32106298208236694 0.4082767963409424 0.02058619260787964 0.027448256810506184
0 0.38775622844696045 0.4055331349372864 0.02058619260787964 0.027448256810506184
0 0.45513200759887695 0.40276139974594116 0.02058619260787964 0.027448256810506184
0 0.5232008695602417 0.3999611437320709 0.02058619260787964 0.027448256810506184
0 0.5919735431671143 0.39713191986083984 0.02058619260787964 0.027448256810506184
0 0.6614609956741333 0.3942733108997345 0.02058619260787964 0.027448256810506184
0 0.7316744327545166 0.3913848400115967 0.02058619260787964 0.027448256810506184
0 0.32879894971847534 0.33999139070510864 0.02058619260787964 0.027448256810506184
0 0.3928617835044861 0.3370237648487091 0.02058619260787964 0.027448256810506184
0 0.457553893327713 0.3340269923210144 0.02058619260787964 0.027448256810506184
0 0.5228845477104187 0.3310006260871887 0.02058619260787964 0.027448256810506184
0 0.5888633131980896 0.32794424891471863 0.02058619260787964 0.027448256810506184
0 0.6554998159408569 0.3248574137687683 0.02058619260787964 0.027448256810506184
0 0.7228040099143982 0.32173964381217957 0.02058619260787964 0.027448256810506184
0 0.33594250679016113 0.27693504095077515 0.02058619260787964 0.027448256810506184
0 0.3975745439529419 0.273785263299942 0.02058619260787964 0.027448256810506184
0 0.45978856086730957 0.27060574293136597 0.02058619260787964 0.027448256810506184
0 0.5225928425788879 0.2673960328102112 0.02058619260787964 0.027448256810506184
0 0.5859957933425903 0.2641557455062866 0.02058619260787964 0.027448256810506184
0 0.650006115436554 0.26088443398475647 0.02058619260787964 0.027448256810506184
0 0.7146324515342712 0.2575816214084625 0.02058619260787964 0.027448256810506184
0 0.34255921840667725 0.21852926909923553 0.02058619260787964 0.027448256810506184
0 0.40193814039230347 0.21523188054561615 0.02058619260787964 0.027448256810506184
0 0.4618569016456604 0.21190449595451355 0.02058619260787964 0.027448256810506184
0 0.5223228931427002 0.2085467278957367 0.02058619260787964 0.027448256810506184
0 0.5833436846733093 0.20515815913677216 0.02058619260787964 0.027448256810506184
0 0.6449268460273743 0.2017383575439453 0.02058619260787964 0.027448256810506184
0 0.7070803046226501 0.19828689098358154 0.02058619260787964 0.027448256810506184