0 0.2360491007566452 0.6542723178863525 0.03357381373643875 0.03357381373643875
0 0.3344089388847351 0.6547545194625854 0.03357381373643875 0.03357381373643875
0 0.4322824478149414 0.6552343368530273 0.03357381373643875 0.03357381373643875
0 0.5296732187271118 0.6557117700576782 0.03357381373643875 0.03357381373643875
0 0.6265848278999329 0.6561868786811829 0.03357381373643875 0.03357381373643875
0 0.7230207920074463 0.6566596031188965 0.03357381373643875 0.03357381373643875
0 0.8189845681190491 0.6571300625801086 0.03357381373643875 0.03357381373643875
0 0.24576587975025177 0.5613207221031189 0.03357381373643875 0.03357381373643875
0 0.3407272398471832 0.562008798122406 0.03357381373643875 0.03357381373643875
0 0.4352351725101471 0.5626936554908752 0.03357381373643875 0.03357381373643875
0 0.5292928814888 0.5633751749992371 0.03357381373643875 0.03357381373643875
0 0.6229035258293152 0.5640535354614258 0.03357381373643875 0.03357381373643875
0 0.7160704135894775 0.5647286176681519 0.03357381373643875 0.03357381373643875
0 0.8087965846061707 0.5654005408287048 0.03357381373643875 0.03357381373643875
0 0.25483641028404236 0.4745510220527649 0.03357381373643875 0.03357381373643875
0 0.34662631154060364 0.4754170775413513 0.03357381373643875 0.03357381373643875
0 0.4379923939704895 0.4762791395187378 0.03357381373643875 0.03357381373643875
0 0.528937578201294 0.4771372377872467 0.03357381373643875 0.03357381373643875
0 0.6194648146629333 0.47799137234687805 0.03357381373643875 0.03357381373643875
0 0.7095769643783569 0.4788416028022766 0.03357381373643875 0.03357381373643875
0 0.7992768287658691 0.47968795895576477 0.03357381373643875 0.03357381373643875
0 0.2633230984210968 0.39336642622947693 0.03357381373643875 0.03357381373643875
0 0.3521465063095093 0.39438650012016296 0.03357381373643875 0.03357381373643875
0 0.44057294726371765 0.3954020142555237 0.03357381373643875 0.03357381373643875
0 0.528605043888092 0.39641299843788147 0.03357381373643875 0.03357381373643875
0 0.6162455081939697 0.3974194824695587 0.03357381373643875 0.03357381373643875
0 0.7034968733787537 0.3984214961528778 0.03357381373643875 0.03357381373643875
0 0.790361762046814 0.39941906929016113 0.03357381373643875 0.03357381373643875
0 0.27128058671951294 0.3172444701194763 0.03357381373643875 0.03357381373643875
0 0.35732322931289673 0.31839796900749207 0.03357381373643875 0.03357381373643875
0 0.44299328327178955 0.31954649090766907 0.03357381373643875 0.03357381373643875
0 0.5282931327819824 0.3206900358200073 0.03357381373643875 0.03357381373643875
0 0.6132251620292664 0.3218286633491516 0.03357381373643875 0.03357381373643875
0 0.6977918148040771 0.3229624032974243 0.03357381373643875 0.03357381373643875
0 0.781995415687561 0.32409125566482544 0.03357381373643875 0.03357381373643875
0 0.2787568271160126 0.24572589993476868 0.03357381373643875 0.03357381373643875
0 0.36218756437301636 0.24699510633945465 0.03357381373643875 0.03357381373643875
0 0.44526785612106323 0.24825899302959442 0.03357381373643875 0.03357381373643875
0 0.5279999375343323 0.24951758980751038 0.03357381373643875 0.03357381373643875
0 0.6103860139846802 0.2507708966732025 0.03357381373643875 0.03357381373643875
0 0.6924282312393188 0.2520189881324768 0.03357381373643875 0.03357381373643875
0 0.7741286754608154 0.25326189398765564 0.03357381373643875 0.03357381373643875
0 0.2857942283153534 0.17840541899204254 0.03357381373643875 0.03357381373643875
0 0.36676692962646484 0.17977498471736908 0.03357381373643875 0.03357381373643875
0 0.447409451007843 0.18113896250724792 0.03357381373643875 0.03357381373643875
0 0.5277238488197327 0.18249738216400146 0.03357381373643875 0.03357381373643875
0 0.6077120900154114 0.18385030329227448 0.03357381373643875 0.03357381373643875
0 0.6873762607574463 0.18519772589206696 0.03357381373643875 0.03357381373643875
0 0.7667181491851807 0.18653970956802368 0.03357381373643875 0.03357381373643875