0 0.2595868408679962 0.6151060461997986 0.028398071726163227 0.028398071726163227
0 0.35076969861984253 0.6124544739723206 0.028398071726163227 0.028398071726163227
0 0.43858522176742554 0.6099008321762085 0.028398071726163227 0.028398071726163227
0 0.5232165455818176 0.6074397563934326 0.028398071726163227 0.028398071726163227
0 0.604833722114563 0.6050663590431213 0.028398071726163227 0.028398071726163227
0 0.6835950016975403 0.602776050567627 0.028398071726163227 0.028398071726163227
0 0.7596477270126343 0.6005644202232361 0.028398071726163227 0.028398071726163227
0 0.25898170471191406 0.5270043015480042 0.028398071726163227 0.028398071726163227
0 0.3483794629573822 0.5260297060012817 0.028398071726163227 0.028398071726163227
0 0.43453964591026306 0.5250904560089111 0.028398071726163227 0.028398071726163227
0 0.5176349878311157 0.52418452501297 0.028398071726163227 0.028398071726163227
0 0.5978261828422546 0.5233103036880493 0.028398071726163227 0.028398071726163227
0 0.6752628684043884 0.5224661231040955 0.028398071726163227 0.028398071726163227
0 0.7500845193862915 0.5216504335403442 0.028398071726163227 0.028398071726163227
0 0.2584003806114197 0.44236937165260315 0.028398071726163227 0.028398071726163227
0 0.34608158469200134 0.4429442584514618 0.028398071726163227 0.028398071726163227
0 0.430647611618042 0.44349873065948486 0.028398071726163227 0.028398071726163227
0 0.5122616291046143 0.4440338611602783 0.028398071726163227 0.028398071726163227
0 0.5910754799842834 0.44455060362815857 0.028398071726163227 0.028398071726163227
0 0.6672309637069702 0.4450499415397644 0.028398071726163227 0.028398071726163227
0 0.7408602237701416 0.4455326795578003 0.028398071726163227 0.028398071726163227
0 0.2578414976596832 0.36100053787231445 0.028398071726163227 0.028398071726163227
0 0.34387078881263733 0.3630082309246063 0.028398071726163227 0.028398071726163227
0 0.4269005358219147 0.3649459183216095 0.028398071726163227 0.028398071726163227
0 0.5070849657058716 0.3668172061443329 0.028398071726163227 0.028398071726163227
0 0.5845677852630615 0.3686254620552063 0.028398071726163227 0.028398071726163227
0 0.6594833135604858 0.37037378549575806 0.028398071726163227 0.028398071726163227
0 0.7319570779800415 0.37206512689590454 0.028398071726163227 0.028398071726163227
0 0.25730377435684204 0.28271231055259705 0.028398071726163227 0.028398071726163227
0 0.34174224734306335 0.2860458791255951 0.028398071726163227 0.028398071726163227
0 0.423290491104126 0.28926533460617065 0.028398071726163227 0.028398071726163227
0 0.5020943284034729 0.29237642884254456 0.028398071726163227 0.028398071726163227
0 0.5782901048660278 0.29538455605506897 0.028398071726163227 0.028398071726163227
0 0.652005136013031 0.2982947528362274 0.028398071726163227 0.028398071726163227
0 0.7233585715293884 0.30111172795295715 0.028398071726163227 0.028398071726163227
0 0.2567860186100006 0.207333043217659 0.028398071726163227 0.028398071726163227
0 0.3396914601325989 0.21189428865909576 0.028398071726163227 0.028398071726163227
0 0.41981005668640137 0.21630223095417023 0.028398071726163227 0.028398071726163227
0 0.4972800016403198 0.22056443989276886 0.028398071726163227 0.028398071726163227
0 0.5722305178642273 0.22468803822994232 0.028398071726163227 0.028398071726163227
0 0.644782543182373 0.22867967188358307 0.028398071726163227 0.028398071726163227
0 0.7150493860244751 0.23254558444023132 0.028398071726163227 0.028398071726163227
0 0.256287157535553 0.13470350205898285 0.028398071726163227 0.028398071726163227
0 0.33771419525146484 0.14040227234363556 0.028398071726163227 0.028398071726163227
0 0.4164523780345917 0.14591285586357117 0.028398071726163227 0.028398071726163227
0 0.4926327168941498 0.1512444168329239 0.028398071726163227 0.028398071726163227
0 0.5663778781890869 0.15640555322170258 0.028398071726163227 0.028398071726163227
0 0.6378027200698853 0.1614043116569519 0.028398071726163227 0.028398071726163227
0 0.7070151567459106 0.16624823212623596 0.028398071726163227 0.028398071726163227