0 0.20770485699176788 0.7029473781585693 0.029557642837365467 0.029557642837365467
0 0.29023778438568115 0.7126719951629639 0.029557642837365467 0.029557642837365467
0 0.37396010756492615 0.7225367426872253 0.029557642837365467 0.029557642837365467
0 0.4588976502418518 0.7325447201728821 0.029557642837365467 0.029557642837365467
0 0.5450771450996399 0.7426989674568176 0.029557642837365467 0.029557642837365467
0 0.6325259804725647 0.7530028223991394 0.029557642837365467 0.029557642837365467
0 0.7212724089622498 0.7634595632553101 0.029557642837365467 0.029557642837365467
0 0.2251826375722885 0.6192920804023743 0.029557642837365467 0.029557642837365467
0 0.3056451082229614 0.6281757950782776 0.029557642837365467 0.029557642837365467
0 0.3872360587120056 0.6371841430664062 0.029557642837365467 0.029557642837365467
0 0.469979465007782 0.6463197469711304 0.029557642837365467 0.029557642837365467
0 0.553899884223938 0.6555852890014648 0.029557642837365467 0.029557642837365467
0 0.6390225887298584 0.6649835705757141 0.029557642837365467 0.029557642837365467
0 0.7253736257553101 0.6745175123214722 0.029557642837365467 0.029557642837365467
0 0.24176207184791565 0.5399366021156311 0.029557642837365467 0.029557642837365467
0 0.3202551007270813 0.548052191734314 0.029557642837365467 0.029557642837365467
0 0.39982032775878906 0.5562785863876343 0.029557642837365467 0.029557642837365467
0 0.480479896068573 0.5646181702613831 0.029557642837365467 0.029557642837365467
0 0.5622565150260925 0.5730732679367065 0.029557642837365467 0.029557642837365467
0 0.6451736092567444 0.581646203994751 0.029557642837365467 0.029557642837365467
0 0.7292551398277283 0.5903396010398865 0.029557642837365467 0.029557642837365467
0 0.2575106620788574 0.4645577371120453 0.029557642837365467 0.029557642837365467
0 0.33412811160087585 0.47197020053863525 0.029557642837365467 0.029557642837365467
0 0.41176557540893555 0.4794813096523285 0.029557642837365467 0.029557642837365467
0 0.4904435873031616 0.48709309101104736 0.029557642837365467 0.029557642837365467
0 0.5701831579208374 0.4948076009750366 0.029557642837365467 0.029557642837365467
0 0.6510059237480164 0.502626895904541 0.029557642837365467 0.029557642837365467
0 0.7329341769218445 0.5105531215667725 0.029557642837365467 0.029557642837365467
0 0.27248936891555786 0.3928639590740204 0.029557642837365467 0.029557642837365467
0 0.347318559885025 0.3996316194534302 0.029557642837365467 0.029557642837365467
0 0.42311930656433105 0.4064871668815613 0.029557642837365467 0.029557642837365467
0 0.4999106228351593 0.4134322702884674 0.029557642837365467 0.029557642837365467
0 0.5777120590209961 0.4204687774181366 0.029557642837365467 0.029557642837365467
0 0.6565437316894531 0.42759841680526733 0.029557642837365467 0.029557642837365467
0 0.7364261746406555 0.4348231256008148 0.029557642837365467 0.029557642837365467
0 0.2867532968521118 0.32459139823913574 0.029557642837365467 0.029557642837365467
0 0.3598755896091461 0.33076679706573486 0.029557642837365467 0.029557642837365467
0 0.4339243173599243 0.3370204567909241 0.029557642837365467 0.029557642837365467
0 0.5089172124862671 0.343353807926178 0.029557642837365467 0.029557642837365467
0 0.5848724842071533 0.3497684597969055 0.029557642837365467 0.029557642837365467
0 0.6618086695671082 0.35626596212387085 0.029557642837365467 0.029557642837365467
0 0.739745020866394 0.3628479242324829 0.029557642837365467 0.029557642837365467
0 0.30035239458084106 0.2595009207725525 0.029557642837365467 0.029557642837365467
0 0.37184375524520874 0.2651313841342926 0.029557642837365467 0.029557642837365467
0 0.44421952962875366 0.27083152532577515 0.029557642837365467 0.029557642837365467
0 0.5174962282180786 0.2766025960445404 0.029557642837365467 0.029557642837365467
0 0.5916907787322998 0.2824459373950958 0.029557642837365467 0.029557642837365467
0 0.6668205261230469 0.28836295008659363 0.029557642837365467 0.029557642837365467
0 0.7429032921791077 0.29435503482818604 0.029557642837365467 0.029557642837365467