0 0.7066742181777954 0.1639367640018463 0.022927677848686774 0.03428437809149424
0 0.6309501528739929 0.16321399807929993 0.022927677848686774 0.03428437809149424
0 0.5547279119491577 0.1624864637851715 0.022927677848686774 0.03428437809149424
0 0.47800254821777344 0.16175413131713867 0.022927677848686774 0.03428437809149424
0 0.40076902508735657 0.16101695597171783 0.022927677848686774 0.03428437809149424
0 0.3230223059654236 0.16027486324310303 0.022927677848686774 0.03428437809149424
0 0.2447572648525238 0.15952783823013306 0.022927677848686774 0.03428437809149424
0 0.7182468175888062 0.2433595210313797 0.022927677848686774 0.03428437809149424
0 0.6397526264190674 0.24288000166416168 0.022927677848686774 0.03428437809149424
0 0.5607227683067322 0.24239720404148102 0.022927677848686774 0.03428437809149424
0 0.4811517894268036 0.2419111132621765 0.022927677848686774 0.03428437809149424
0 0.40103405714035034 0.2414216697216034 0.022927677848686774 0.03428437809149424
0 0.32036393880844116 0.24092885851860046 0.022927677848686774 0.03428437809149424
0 0.2391357272863388 0.24043264985084534 0.022927677848686774 0.03428437809149424
0 0.7307080626487732 0.32888123393058777 0.022927677848686774 0.03428437809149424
0 0.6492334008216858 0.3286852538585663 0.022927677848686774 0.03428437809149424
0 0.5671812295913696 0.32848790287971497 0.022927677848686774 0.03428437809149424
0 0.48454543948173523 0.32828912138938904 0.022927677848686774 0.03428437809149424
0 0.4013197422027588 0.3280889391899109 0.022927677848686774 0.03428437809149424
0 0.31749778985977173 0.32788732647895813 0.022927677848686774 0.03428437809149424
0 0.2330731898546219 0.3276842534542084 0.022927677848686774 0.03428437809149424
0 0.7441644668579102 0.42123252153396606 0.022927677848686774 0.03428437809149424
0 0.6594740748405457 0.421367883682251 0.022927677848686774 0.03428437809149424
0 0.5741592645645142 0.42150425910949707 0.022927677848686774 0.03428437809149424
0 0.48821312189102173 0.42164164781570435 0.022927677848686774 0.03428437809149424
0 0.4016285836696625 0.4217800498008728 0.022927677848686774 0.03428437809149424
0 0.31439849734306335 0.42191949486732483 0.022927677848686774 0.03428437809149424
0 0.22651563584804535 0.4220599830150604 0.022927677848686774 0.03428437809149424
0 0.7587401270866394 0.52126544713974 0.022927677848686774 0.03428437809149424
0 0.6705698370933533 0.5217892527580261 0.022927677848686774 0.03428437809149424
0 0.5817221999168396 0.5223170518875122 0.022927677848686774 0.03428437809149424
0 0.4921894073486328 0.5228489637374878 0.022927677848686774 0.03428437809149424
0 0.4019635021686554 0.5233849287033081 0.022927677848686774 0.03428437809149424
0 0.3110364079475403 0.5239251255989075 0.022927677848686774 0.03428437809149424
0 0.21939988434314728 0.5244694948196411 0.022927677848686774 0.03428437809149424
0 0.7745807766914368 0.6299800872802734 0.022927677848686774 0.03428437809149424
0 0.6826323866844177 0.6309608221054077 0.022927677848686774 0.03428437809149424
0 0.5899467468261719 0.6319493651390076 0.022927677848686774 0.03428437809149424
0 0.4965149760246277 0.6329458951950073 0.022927677848686774 0.03428437809149424
0 0.4023279845714569 0.6339504718780518 0.022927677848686774 0.03428437809149424
0 0.30737659335136414 0.6349632143974304 0.022927677848686774 0.03428437809149424
0 0.21165145933628082 0.6359842419624329 0.022927677848686774 0.03428437809149424
0 0.7918586134910583 0.7485578656196594 0.022927677848686774 0.03428437809149424
0 0.6957939267158508 0.7500783205032349 0.022927677848686774 0.03428437809149424
0 0.5989237427711487 0.7516114711761475 0.022927677848686774 0.03428437809149424
0 0.5012379288673401 0.7531576156616211 0.022927677848686774 0.03428437809149424
0 0.40272605419158936 0.7547167539596558 0.022927677848686774 0.03428437809149424
0 0.3033776879310608 0.7562891840934753 0.022927677848686774 0.03428437809149424
0 0.20318207144737244 0.7578749656677246 0.022927677848686774 0.03428437809149424