0 0.6928126215934753 0.15465793013572693 0.023086646928762396 0.034522088865439095
0 0.6179724931716919 0.1541420817375183 0.023086646928762396 0.034522088865439095
0 0.5423361659049988 0.15362074971199036 0.023086646928762396 0.034522088865439095
0 0.46589094400405884 0.1530938446521759 0.023086646928762396 0.034522088865439095
0 0.3886237144470215 0.1525612771511078 0.023086646928762396 0.034522088865439095
0 0.3105211853981018 0.15202294290065765 0.023086646928762396 0.034522088865439095
0 0.23156973719596863 0.15147875249385834 0.023086646928762396 0.034522088865439095
0 0.7052636742591858 0.2340790331363678 0.023086646928762396 0.034522088865439095
0 0.6277302503585815 0.23397988080978394 0.023086646928762396 0.034522088865439095
0 0.5493414402008057 0.23387962579727173 0.023086646928762396 0.034522088865439095
0 0.47008296847343445 0.23377825319766998 0.023086646928762396 0.034522088865439095
0 0.3899402618408203 0.2336757481098175 0.023086646928762396 0.034522088865439095
0 0.3088985085487366 0.2335720956325531 0.023086646928762396 0.034522088865439095
0 0.22694243490695953 0.23346728086471558 0.023086646928762396 0.034522088865439095
0 0.7186634540557861 0.3195514678955078 0.023086646928762396 0.034522088865439095
0 0.6382357478141785 0.3199353814125061 0.023086646928762396 0.034522088865439095
0 0.5568865537643433 0.3203237056732178 0.023086646928762396 0.034522088865439095
0 0.4745998978614807 0.3207165002822876 0.023086646928762396 0.034522088865439095
0 0.39135944843292236 0.32111385464668274 0.023086646928762396 0.034522088865439095
0 0.3071485757827759 0.321515828371048 0.023086646928762396 0.034522088865439095
0 0.22195015847682953 0.32192254066467285 0.023086646928762396 0.034522088865439095
0 0.7331246137619019 0.4117942452430725 0.023086646928762396 0.034522088865439095
0 0.649578332901001 0.4127398431301117 0.023086646928762396 0.034522088865439095
0 0.5650364756584167 0.4136967062950134 0.023086646928762396 0.034522088865439095
0 0.4794810712337494 0.4146650433540344 0.023086646928762396 0.034522088865439095
0 0.3928937613964081 0.4156450629234314 0.023086646928762396 0.034522088865439095
0 0.30525580048561096 0.41663697361946106 0.023086646928762396 0.034522088865439095
0 0.21654796600341797 0.4176409840583801 0.023086646928762396 0.034522088865439095
0 0.7487784624099731 0.5116448998451233 0.023086646928762396 0.034522088865439095
0 0.6618621945381165 0.5132457613945007 0.023086646928762396 0.034522088865439095
0 0.5738669037818909 0.5148664116859436 0.023086646928762396 0.034522088865439095
0 0.48477235436439514 0.5165073871612549 0.023086646928762396 0.034522088865439095
0 0.39455780386924744 0.5181689262390137 0.023086646928762396 0.034522088865439095
0 0.3032020032405853 0.5198515057563782 0.023086646928762396 0.034522088865439095
0 0.2106831967830658 0.5215555429458618 0.023086646928762396 0.034522088865439095
0 0.7657788991928101 0.6200852394104004 0.023086646928762396 0.034522088865439095
0 0.6752095818519592 0.6224532723426819 0.023086646928762396 0.034522088865439095
0 0.5834668278694153 0.6248520016670227 0.023086646928762396 0.034522088865439095
0 0.4905277192592621 0.6272820234298706 0.023086646928762396 0.034522088865439095
0 0.39636874198913574 0.6297439336776733 0.023086646928762396 0.034522088865439095
0 0.30096569657325745 0.6322383880615234 0.023086646928762396 0.034522088865439095
0 0.20429377257823944 0.6347659826278687 0.023086646928762396 0.034522088865439095
0 0.784307599067688 0.7382733225822449 0.023086646928762396 0.034522088865439095
0 0.6897647976875305 0.7415436506271362 0.023086646928762396 0.034522088865439095
0 0.593941330909729 0.7448582053184509 0.023086646928762396 0.034522088865439095
0 0.49681103229522705 0.7482180595397949 0.023086646928762396 0.034522088865439095
0 0.3983469605445862 0.7516239881515503 0.023086646928762396 0.034522088865439095
0 0.2985214293003082 0.7550770044326782 0.023086646928762396 0.034522088865439095
0 0.19730600714683533 0.7585781216621399 0.023086646928762396 0.034522088865439095