0 0.7070824503898621 0.18631666898727417 0.024614941328763962 0.03281992177168528
0 0.6405280828475952 0.18765053153038025 0.024614941328763962 0.03281992177168528
0 0.5738980174064636 0.1889859139919281 0.024614941328763962 0.03281992177168528
0 0.5071921348571777 0.19032281637191772 0.024614941328763962 0.03281992177168528
0 0.4404102563858032 0.19166122376918793 0.024614941328763962 0.03281992177168528
0 0.3735522925853729 0.1930011808872223 0.024614941328763962 0.03281992177168528
0 0.3066180944442749 0.19434264302253723 0.024614941328763962 0.03281992177168528
0 0.7182320952415466 0.24916449189186096 0.024614941328763962 0.03281992177168528
0 0.6484792828559875 0.25060003995895386 0.024614941328763962 0.03281992177168528
0 0.578643262386322 0.25203728675842285 0.024614941328763962 0.03281992177168528
0 0.5087239742279053 0.25347626209259033 0.024614941328763962 0.03281992177168528
0 0.4387211799621582 0.2549169361591339 0.024614941328763962 0.03281992177168528
0 0.36863479018211365 0.25635936856269836 0.024614941328763962 0.03281992177168528
0 0.29846465587615967 0.2578034996986389 0.024614941328763962 0.03281992177168528
0 0.7305092811584473 0.3183678388595581 0.024614941328763962 0.03281992177168528
0 0.6572350263595581 0.31991931796073914 0.024614941328763962 0.03281992177168528
0 0.5838690400123596 0.32147276401519775 0.024614941328763962 0.03281992177168528
0 0.5104110240936279 0.3230281472206116 0.024614941328763962 0.03281992177168528
0 0.43686091899871826 0.3245854675769806 0.024614941328763962 0.03281992177168528
0 0.3632184863090515 0.3261447548866272 0.024614941328763962 0.03281992177168528
0 0.28948354721069336 0.3277060091495514 0.024614941328763962 0.03281992177168528
0 0.7440941333770752 0.394942045211792 0.024614941328763962 0.03281992177168528
0 0.666923999786377 0.39662671089172363 0.024614941328763962 0.03281992177168528
0 0.5896520614624023 0.39831358194351196 0.024614941328763962 0.03281992177168528
0 0.512278139591217 0.40000268816947937 0.024614941328763962 0.03281992177168528
0 0.43480196595191956 0.40169402956962585 0.024614941328763962 0.03281992177168528
0 0.35722336173057556 0.4033876061439514 0.024614941328763962 0.03281992177168528
0 0.27954208850860596 0.40508341789245605 0.024614941328763962 0.03281992177168528
0 0.7592072486877441 0.480131059885025 0.024614941328763962 0.03281992177168528
0 0.6777037978172302 0.4819698631763458 0.024614941328763962 0.03281992177168528
0 0.5960866808891296 0.48381122946739197 0.024614941328763962 0.03281992177168528
0 0.5143557190895081 0.48565518856048584 0.024614941328763962 0.03281992177168528
0 0.43251073360443115 0.48750171065330505 0.024614941328763962 0.03281992177168528
0 0.35055139660835266 0.4893507957458496 0.024614941328763962 0.03281992177168528
0 0.26847749948501587 0.4912024736404419 0.024614941328763962 0.03281992177168528
0 0.7761220335960388 0.5754752159118652 0.024614941328763962 0.03281992177168528
0 0.6897695064544678 0.5774940848350525 0.024614941328763962 0.03281992177168528
0 0.6032894253730774 0.5795159339904785 0.024614941328763962 0.03281992177168528
0 0.5166815519332886 0.5815407633781433 0.024614941328763962 0.03281992177168528
0 0.42994555830955505 0.5835685729980469 0.024614941328763962 0.03281992177168528
0 0.34308114647865295 0.5855993628501892 0.024614941328763962 0.03281992177168528
0 0.2560880780220032 0.5876331925392151 0.024614941328763962 0.03281992177168528
0 0.7951809763908386 0.6829055547714233 0.024614941328763962 0.03281992177168528
0 0.7033659219741821 0.6851367354393005 0.024614941328763962 0.03281992177168528
0 0.611406683921814 0.6873714923858643 0.024614941328763962 0.03281992177168528
0 0.5193029046058655 0.689609706401825 0.024614941328763962 0.03281992177168528
0 0.42705419659614563 0.6918514966964722 0.024614941328763962 0.03281992177168528
0 0.33466023206710815 0.6940968036651611 0.024614941328763962 0.03281992177168528
0 0.24212069809436798 0.6963456273078918 0.024614941328763962 0.03281992177168528