0 0.3335827589035034 0.38823482394218445 0.019210802391171455 0.025614403188228607
0 0.3281514346599579 0.4455641806125641 0.019210802391171455 0.025614403188228607
0 0.3223840892314911 0.5064404606819153 0.019210802391171455 0.025614403188228607
0 0.3162485361099243 0.571203351020813 0.019210802391171455 0.025614403188228607
0 0.3097083270549774 0.6402373909950256 0.019210802391171455 0.025614403188228607
0 0.30272209644317627 0.7139794230461121 0.019210802391171455 0.025614403188228607
0 0.2952426075935364 0.7929280400276184 0.019210802391171455 0.025614403188228607
0 0.3953467905521393 0.38964003324508667 0.019210802391171455 0.025614403188228607
0 0.391774982213974 0.4469119906425476 0.019210802391171455 0.025614403188228607
0 0.3879826068878174 0.507720947265625 0.019210802391171455 0.025614403188228607
0 0.38394856452941895 0.5724050998687744 0.019210802391171455 0.025614403188228607
0 0.37964898347854614 0.6413469910621643 0.019210802391171455 0.025614403188228607
0 0.37505674362182617 0.7149813175201416 0.019210802391171455 0.025614403188228607
0 0.370140939950943 0.7938041090965271 0.019210802391171455 0.025614403188228607
0 0.45690298080444336 0.391040563583374 0.019210802391171455 0.025614403188228607
0 0.45517805218696594 0.44825512170791626 0.019210802391171455 0.025614403188228607
0 0.45334678888320923 0.5089969038963318 0.019210802391171455 0.025614403188228607
0 0.4513990581035614 0.5736023783683777 0.019210802391171455 0.025614403188228607
0 0.4493233561515808 0.6424523591995239 0.019210802391171455 0.025614403188228607
0 0.44710665941238403 0.7159793376922607 0.019210802391171455 0.025614403188228607
0 0.4447340667247772 0.7946766018867493 0.019210802391171455 0.025614403188228607
0 0.5182523727416992 0.39243635535240173 0.019210802391171455 0.025614403188228607
0 0.5183617472648621 0.4495936334133148 0.019210802391171455 0.025614403188228607
0 0.5184778571128845 0.5102682709693909 0.019210802391171455 0.025614403188228607
0 0.5186013579368591 0.5747953057289124 0.019210802391171455 0.025614403188228607
0 0.5187329649925232 0.6435535550117493 0.019210802391171455 0.025614403188228607
0 0.5188735127449036 0.7169734239578247 0.019210802391171455 0.025614403188228607
0 0.5190238952636719 0.7955455780029297 0.019210802391171455 0.025614403188228607
0 0.5793960094451904 0.3938274681568146 0.019210802391171455 0.025614403188228607
0 0.5813272595405579 0.4509274959564209 0.019210802391171455 0.025614403188228607
0 0.5833771228790283 0.511535108089447 0.019210802391171455 0.025614403188228607
0 0.5855569243431091 0.5759837627410889 0.019210802391171455 0.025614403188228607
0 0.5878793597221375 0.6446505784988403 0.019210802391171455 0.025614403188228607
0 0.5903589725494385 0.7179636359214783 0.019210802391171455 0.025614403188228607
0 0.5930122137069702 0.7964109778404236 0.019210802391171455 0.025614403188228607
0 0.640334963798523 0.39521393179893494 0.019210802391171455 0.025614403188228607
0 0.6440756916999817 0.4522567689418793 0.019210802391171455 0.025614403188228607
0 0.6480457782745361 0.512797474861145 0.019210802391171455 0.025614403188228607
0 0.6522669792175293 0.5771679282188416 0.019210802391171455 0.025614403188228607
0 0.6567639708518982 0.6457434296607971 0.019210802391171455 0.025614403188228607
0 0.6615646481513977 0.7189499139785767 0.019210802391171455 0.025614403188228607
0 0.6667008399963379 0.7972729206085205 0.019210802391171455 0.025614403188228607
0 0.7010701894760132 0.3965957462787628 0.019210802391171455 0.025614403188228607
0 0.7066081166267395 0.45358148217201233 0.019210802391171455 0.025614403188228607
0 0.7124850153923035 0.5140553712844849 0.019210802391171455 0.025614403188228607
0 0.7187329530715942 0.5783477425575256 0.019210802391171455 0.025614403188228607
0 0.7253883481025696 0.6468321681022644 0.019210802391171455 0.025614403188228607
0 0.7324922680854797 0.7199323773384094 0.019210802391171455 0.025614403188228607
0 0.7400916814804077 0.7981313467025757 0.019210802391171455 0.025614403188228607