0 0.7562329769134521 0.2621340751647949 0.03552752981583277 0.03552752981583277
0 0.6787936687469482 0.25960755348205566 0.03552752981583277 0.03552752981583277
0 0.5991218686103821 0.2570081651210785 0.03552752981583277 0.03552752981583277
0 0.5171195864677429 0.2543327808380127 0.03552752981583277 0.03552752981583277
0 0.4326830208301544 0.2515779435634613 0.03552752981583277 0.03552752981583277
0 0.34570223093032837 0.24874012172222137 0.03552752981583277 0.03552752981583277
0 0.256060391664505 0.2458154857158661 0.03552752981583277 0.03552752981583277
0 0.7712666988372803 0.3316285014152527 0.03552752981583277 0.03552752981583277
0 0.6915860176086426 0.3300405740737915 0.03552752981583277 0.03552752981583277
0 0.6095340847969055 0.32840535044670105 0.03552752981583277 0.03552752981583277
0 0.5250034928321838 0.3267207443714142 0.03552752981583277 0.03552752981583277
0 0.43788012862205505 0.32498449087142944 0.03552752981583277 0.03552752981583277
0 0.34804287552833557 0.32319411635398865 0.03552752981583277 0.03552752981583277
0 0.25536295771598816 0.32134711742401123 0.03552752981583277 0.03552752981583277
0 0.7872728705406189 0.4056183993816376 0.03552752981583277 0.03552752981583277
0 0.7052183747291565 0.40509873628616333 0.03552752981583277 0.03552752981583277
0 0.6206405758857727 0.4045630991458893 0.03552752981583277 0.03552752981583277
0 0.5334212779998779 0.40401071310043335 0.03552752981583277 0.03552752981583277
0 0.4434347450733185 0.40344080328941345 0.03552752981583277 0.03552752981583277
0 0.3505471646785736 0.40285253524780273 0.03552752981583277 0.03552752981583277
0 0.2546159625053406 0.4022449851036072 0.03552752981583277 0.03552752981583277
0 0.8043490648269653 0.4845544993877411 0.03552752981583277 0.03552752981583277
0 0.7197763323783875 0.48525309562683105 0.03552752981583277 0.03552752981583277
0 0.6325131058692932 0.48597389459609985 0.03552752981583277 0.03552752981583277
0 0.5424290895462036 0.4867180287837982 0.03552752981583277 0.03552752981583277
0 0.4493850767612457 0.4874866008758545 0.03552752981583277 0.03552752981583277
0 0.35323283076286316 0.4882808327674866 0.03552752981583277 0.03552752981583277
0 0.2538139522075653 0.4891020655632019 0.03552752981583277 0.03552752981583277
0 0.8226062655448914 0.5689499378204346 0.03552752981583277 0.03552752981583277
0 0.735357403755188 0.5710408687591553 0.03552752981583277 0.03552752981583277
0 0.6452338695526123 0.5732007622718811 0.03552752981583277 0.03552752981583277
0 0.5520911812782288 0.5754329562187195 0.03552752981583277 0.03552752981583277
0 0.4557749629020691 0.5777412056922913 0.03552752981583277 0.03552752981583277
0 0.35612034797668457 0.5801295042037964 0.03552752981583277 0.03552752981583277
0 0.25295060873031616 0.5826020240783691 0.03552752981583277 0.03552752981583277
0 0.8421713709831238 0.6593914031982422 0.03552752981583277 0.03552752981583277
0 0.7520735263824463 0.663077712059021 0.03552752981583277 0.03552752981583277
0 0.6588970422744751 0.6668899655342102 0.03552752981583277 0.03552752981583277
0 0.5624815225601196 0.6708347201347351 0.03552752981583277 0.03552752981583277
0 0.46265503764152527 0.674919068813324 0.03552752981583277 0.03552752981583277
0 0.3592333197593689 0.6791505217552185 0.03552752981583277 0.03552752981583277
0 0.2520185708999634 0.6835371255874634 0.03552752981583277 0.03552752981583277
0 0.863190233707428 0.7565526366233826 0.03552752981583277 0.03552752981583277
0 0.7700532674789429 0.7620720267295837 0.03552752981583277 0.03552752981583277
0 0.6736114621162415 0.7677872776985168 0.03552752981583277 0.03552752981583277
0 0.5736857652664185 0.7737089991569519 0.03552752981583277 0.03552752981583277
0 0.47008392214775085 0.7798485159873962 0.03552752981583277 0.03552752981583277
0 0.36259928345680237 0.7862181663513184 0.03552752981583277 0.03552752981583277
0 0.25100940465927124 0.7928311228752136 0.03552752981583277 0.03552752981583277