0 0.6945679187774658 0.15528616309165955 0.022966525331139565 0.03434246778488159
0 0.6191361546516418 0.1546884924173355 0.022966525331139565 0.03434246778488159
0 0.5430666208267212 0.15408575534820557 0.022966525331139565 0.03434246778488159
0 0.46635109186172485 0.15347790718078613 0.022966525331139565 0.03434246778488159
0 0.388981431722641 0.15286488831043243 0.022966525331139565 0.03434246778488159
0 0.3109491765499115 0.1522465944290161 0.022966525331139565 0.03434246778488159
0 0.2322457730770111 0.15162301063537598 0.022966525331139565 0.03434246778488159
0 0.7062328457832336 0.2353220134973526 0.022966525331139565 0.03434246778488159
0 0.6281054615974426 0.23505179584026337 0.022966525331139565 0.03434246778488159
0 0.5492933392524719 0.23477919399738312 0.022966525331139565 0.03434246778488159
0 0.4697874188423157 0.23450419306755066 0.022966525331139565 0.03434246778488159
0 0.3895784914493561 0.2342267632484436 0.022966525331139565 0.03434246778488159
0 0.3086572289466858 0.23394685983657837 0.022966525331139565 0.03434246778488159
0 0.22701404988765717 0.23366446793079376 0.022966525331139565 0.03434246778488159
0 0.7187753319740295 0.3213791251182556 0.022966525331139565 0.03434246778488159
0 0.6377525925636292 0.3214883506298065 0.022966525331139565 0.03434246778488159
0 0.5559927821159363 0.3215985894203186 0.022966525331139565 0.03434246778488159
0 0.4734857678413391 0.3217098116874695 0.022966525331139565 0.03434246778488159
0 0.3902212977409363 0.32182204723358154 0.022966525331139565 0.03434246778488159
0 0.3061888515949249 0.3219353258609772 0.022966525331139565 0.03434246778488159
0 0.22137780487537384 0.32204964756965637 0.022966525331139565 0.03434246778488159
0 0.7322983145713806 0.4141635596752167 0.022966525331139565 0.03434246778488159
0 0.6481574177742004 0.41471368074417114 0.022966525331139565 0.03434246778488159
0 0.5632209181785583 0.41526904702186584 0.022966525331139565 0.03434246778488159
0 0.47747737169265747 0.4158296585083008 0.022966525331139565 0.03434246778488159
0 0.39091530442237854 0.4163956344127655 0.022966525331139565 0.03434246778488159
0 0.30352291464805603 0.4169670343399048 0.022966525331139565 0.03434246778488159
0 0.2152882218360901 0.4175439178943634 0.022966525331139565 0.03434246778488159
0 0.7469214200973511 0.5144962072372437 0.022966525331139565 0.03434246778488159
0 0.6594128608703613 0.5155602693557739 0.022966525331139565 0.03434246778488159
0 0.5710428357124329 0.5166348218917847 0.022966525331139565 0.03434246778488159
0 0.48179852962493896 0.5177199840545654 0.022966525331139565 0.03434246778488159
0 0.3916669189929962 0.5188159942626953 0.022966525331139565 0.03434246778488159
0 0.3006346821784973 0.5199229121208191 0.022966525331139565 0.03434246778488159
0 0.20868830382823944 0.5210409164428711 0.022966525331139565 0.03434246778488159
0 0.7627846002578735 0.6233372092247009 0.022966525331139565 0.03434246778488159
0 0.6716276407241821 0.6250025033950806 0.022966525331139565 0.03434246778488159
0 0.5795348882675171 0.626684844493866 0.022966525331139565 0.03434246778488159
0 0.48649176955223083 0.6283845901489258 0.022966525331139565 0.03434246778488159
0 0.39248356223106384 0.6301019191741943 0.022966525331139565 0.03434246778488159
0 0.29749512672424316 0.6318371891975403 0.022966525331139565 0.03434246778488159
0 0.20151109993457794 0.6335906386375427 0.022966525331139565 0.03434246778488159
0 0.7800525426864624 0.7418168783187866 0.022966525331139565 0.03434246778488159
0 0.6849299073219299 0.7441882491111755 0.022966525331139565 0.03434246778488159
0 0.5887870192527771 0.7465850710868835 0.022966525331139565 0.03434246778488159
0 0.4916073679924011 0.7490077614784241 0.022966525331139565 0.03434246778488159
0 0.39337411522865295 0.7514566779136658 0.022966525331139565 0.03434246778488159
0 0.29406997561454773 0.7539322972297668 0.022966525331139565 0.03434246778488159
0 0.1936774104833603 0.7564350962638855 0.022966525331139565 0.03434246778488159