0 0.2790323793888092 0.3143165707588196 0.03068963686625163 0.03068963686625163
0 0.27197039127349854 0.37055978178977966 0.03068963686625163 0.03068963686625163
0 0.2644328474998474 0.4305906295776367 0.03068963686625163 0.03068963686625163
0 0.25637000799179077 0.4948049783706665 0.03068963686625163 0.03068963686625163
0 0.2477249801158905 0.5636559724807739 0.03068963686625163 0.03068963686625163
0 0.23843234777450562 0.6376646161079407 0.03068963686625163 0.03068963686625163
0 0.22841651737689972 0.7174330353736877 0.03068963686625163 0.03068963686625163
0 0.34963279962539673 0.31242653727531433 0.03068963686625163 0.03068963686625163
0 0.3448573648929596 0.36876437067985535 0.03068963686625163 0.03068963686625163
0 0.3397594094276428 0.4289071261882782 0.03068963686625163 0.03068963686625163
0 0.33430513739585876 0.4932536482810974 0.03068963686625163 0.03068963686625163
0 0.3284558355808258 0.5622606873512268 0.03068963686625163 0.03068963686625163
0 0.32216694951057434 0.6364535689353943 0.03068963686625163 0.03068963686625163
0 0.31538698077201843 0.7164397239685059 0.03068963686625163 0.03068963686625163
0 0.4206143617630005 0.3105263113975525 0.03068963686625163 0.03068963686625163
0 0.41815072298049927 0.36695897579193115 0.03068963686625163 0.03068963686625163
0 0.41552022099494934 0.4272139072418213 0.03068963686625163 0.03068963686625163
0 0.41270530223846436 0.49169304966926575 0.03068963686625163 0.03068963686625163
0 0.4096858501434326 0.5608567595481873 0.03068963686625163 0.03068963686625163
0 0.40643879771232605 0.6352347135543823 0.03068963686625163 0.03068963686625163
0 0.4029373526573181 0.7154397964477539 0.03068963686625163 0.03068963686625163
0 0.4919801950454712 0.3086157739162445 0.03068963686625163 0.03068963686625163
0 0.49185386300086975 0.36514344811439514 0.03068963686625163 0.03068963686625163
0 0.49171897768974304 0.4255109131336212 0.03068963686625163 0.03068963686625163
0 0.49157461524009705 0.49012309312820435 0.03068963686625163 0.03068963686625163
0 0.4914197325706482 0.5594440698623657 0.03068963686625163 0.03068963686625163
0 0.4912531077861786 0.6340080499649048 0.03068963686625163 0.03068963686625163
0 0.4910734295845032 0.7144331932067871 0.03068963686625163 0.03068963686625163
0 0.5637333989143372 0.306694895029068 0.03068963686625163 0.03068963686625163
0 0.5659703016281128 0.3633177578449249 0.03068963686625163 0.03068963686625163
0 0.5683595538139343 0.4237980246543884 0.03068963686625163 0.03068963686625163
0 0.5709173679351807 0.4885437488555908 0.03068963686625163 0.03068963686625163
0 0.5736621022224426 0.5580226182937622 0.03068963686625163 0.03068963686625163
0 0.5766151547431946 0.6327734589576721 0.03068963686625163 0.03068963686625163
0 0.579801082611084 0.7134198546409607 0.03068963686625163 0.03068963686625163
0 0.6358771324157715 0.3047635555267334 0.03068963686625163 0.03068963686625163
0 0.6405034065246582 0.36148181557655334 0.03068963686625163 0.03068963686625163
0 0.6454457640647888 0.42207521200180054 0.03068963686625163 0.03068963686625163
0 0.6507377624511719 0.48695486783981323 0.03068963686625163 0.03068963686625163
0 0.6564177870750427 0.5565923452377319 0.03068963686625163 0.03068963686625163
0 0.662530243396759 0.6315308213233948 0.03068963686625163 0.03068963686625163
0 0.6691263914108276 0.7123996615409851 0.03068963686625163 0.03068963686625163
0 0.7084146738052368 0.30282166600227356 0.03068963686625163 0.03068963686625163
0 0.7154568433761597 0.35963550209999084 0.03068963686625163 0.03068963686625163
0 0.7229815721511841 0.4203423261642456 0.03068963686625163 0.03068963686625163
0 0.7310401797294617 0.4853564202785492 0.03068963686625163 0.03068963686625163
0 0.7396916151046753 0.5551530718803406 0.03068963686625163 0.03068963686625163
0 0.7490037679672241 0.6302801370620728 0.03068963686625163 0.03068963686625163
0 0.7590553164482117 0.7113725543022156 0.03068963686625163 0.03068963686625163