0 0.7197465896606445 0.18855680525302887 0.02541526034474373 0.03388701379299164
0 0.6495131254196167 0.19059613347053528 0.02541526034474373 0.03388701379299164
0 0.5802050232887268 0.19260860979557037 0.02541526034474373 0.03388701379299164
0 0.5118042230606079 0.19459474086761475 0.02541526034474373 0.03388701379299164
0 0.4442928731441498 0.19655504822731018 0.02541526034474373 0.03388701379299164
0 0.3776538074016571 0.19849000871181488 0.02541526034474373 0.03388701379299164
0 0.3118702471256256 0.20040014386177063 0.02541526034474373 0.03388701379299164
0 0.728155255317688 0.2529597878456116 0.02541526034474373 0.03388701379299164
0 0.6543225646018982 0.25465330481529236 0.02541526034474373 0.03388701379299164
0 0.5815113186836243 0.2563233971595764 0.02541526034474373 0.03388701379299164
0 0.50970059633255 0.25797054171562195 0.02541526034474373 0.03388701379299164
0 0.4388698637485504 0.25959521532058716 0.02541526034474373 0.03388701379299164
0 0.3689991533756256 0.26119786500930786 0.02541526034474373 0.03388701379299164
0 0.300069123506546 0.2627789378166199 0.02541526034474373 0.03388701379299164
0 0.7374633550643921 0.32425156235694885 0.02541526034474373 0.03388701379299164
0 0.6596426367759705 0.32551202178001404 0.02541526034474373 0.03388701379299164
0 0.5829553604125977 0.326754093170166 0.02541526034474373 0.03388701379299164
0 0.5073769092559814 0.3279782235622406 0.02541526034474373 0.03388701379299164
0 0.43288344144821167 0.32918480038642883 0.02541526034474373 0.03388701379299164
0 0.3594517409801483 0.330374151468277 0.02541526034474373 0.03388701379299164
0 0.2870592772960663 0.33154669404029846 0.02541526034474373 0.03388701379299164
0 0.7478232979774475 0.4035997986793518 0.02541526034474373 0.03388701379299164
0 0.6655592322349548 0.4043162167072296 0.02541526034474373 0.03388701379299164
0 0.584559977054596 0.405021607875824 0.02541526034474373 0.03388701379299164
0 0.50479656457901 0.4057162404060364 0.02541526034474373 0.03388701379299164
0 0.4262409806251526 0.4064003527164459 0.02541526034474373 0.03388701379299164
0 0.34886592626571655 0.4070741832256317 0.02541526034474373 0.03388701379299164
0 0.2726450264453888 0.40773797035217285 0.02541526034474373 0.03388701379299164
0 0.7594241499900818 0.4924519956111908 0.02541526034474373 0.03388701379299164
0 0.6721787452697754 0.49248170852661133 0.02541526034474373 0.03388701379299164
0 0.5863537192344666 0.49251097440719604 0.02541526034474373 0.03388701379299164
0 0.5019147396087646 0.49253973364830017 0.02541526034474373 0.03388701379299164
0 0.41882842779159546 0.49256807565689087 0.02541526034474373 0.03388701379299164
0 0.3370625972747803 0.49259594082832336 0.02541526034474373 0.03388701379299164
0 0.2565859854221344 0.49262335896492004 0.02541526034474373 0.03388701379299164
0 0.7725030183792114 0.5926243662834167 0.02541526034474373 0.03388701379299164
0 0.6796342134475708 0.5917819738388062 0.02541526034474373 0.03388701379299164
0 0.5883720517158508 0.590954065322876 0.02541526034474373 0.03388701379299164
0 0.498675137758255 0.5901404023170471 0.02541526034474373 0.03388701379299164
0 0.4105035960674286 0.5893405675888062 0.02541526034474373 0.03388701379299164
0 0.3238188326358795 0.5885542631149292 0.02541526034474373 0.03388701379299164
0 0.23858356475830078 0.5877810716629028 0.02541526034474373 0.03388701379299164
0 0.7873615622520447 0.7064275741577148 0.02541526034474373 0.03388701379299164
0 0.6880947351455688 0.7044684290885925 0.02541526034474373 0.03388701379299164
0 0.5906599164009094 0.7025454640388489 0.02541526034474373 0.03388701379299164
0 0.495006799697876 0.7006576061248779 0.02541526034474373 0.03388701379299164
0 0.4010870158672333 0.6988040208816528 0.02541526034474373 0.03388701379299164
0 0.3088538646697998 0.6969836950302124 0.02541526034474373 0.03388701379299164
0 0.21826229989528656 0.6951957941055298 0.02541526034474373 0.03388701379299164