0 0.7103641033172607 0.21735405921936035 0.028685445586840313 0.028685445586840313
0 0.6438597440719604 0.22727413475513458 0.028685445586840313 0.028685445586840313
0 0.5757622122764587 0.2374318391084671 0.028685445586840313 0.028685445586840313
0 0.5060136318206787 0.24783584475517273 0.028685445586840313 0.028685445586840313
0 0.43455320596694946 0.25849518179893494 0.028685445586840313 0.028685445586840313
0 0.36131706833839417 0.269419401884079 0.028685445586840313 0.028685445586840313
0 0.28623825311660767 0.28061848878860474 0.028685445586840313 0.028685445586840313
0 0.7336012125015259 0.2747313380241394 0.028685445586840313 0.028685445586840313
0 0.6657065153121948 0.2855970561504364 0.028685445586840313 0.028685445586840313
0 0.596143901348114 0.2967296838760376 0.028685445586840313 0.028685445586840313
0 0.5248512625694275 0.30813920497894287 0.028685445586840313 0.028685445586840313
0 0.45176318287849426 0.3198360502719879 0.028685445586840313 0.028685445586840313
0 0.3768109977245331 0.3318312168121338 0.028685445586840313 0.028685445586840313
0 0.29992246627807617 0.3441362977027893 0.028685445586840313 0.028685445586840313
0 0.7580224275588989 0.33503225445747375 0.028685445586840313 0.028685445586840313
0 0.6886802911758423 0.34692880511283875 0.028685445586840313 0.028685445586840313
0 0.6175903081893921 0.35912519693374634 0.028685445586840313 0.028685445586840313
0 0.5446855425834656 0.37163296341896057 0.028685445586840313 0.028685445586840313
0 0.46989548206329346 0.38446417450904846 0.028685445586840313 0.028685445586840313
0 0.3931461572647095 0.39763152599334717 0.028685445586840313 0.028685445586840313
0 0.31435948610305786 0.41114839911460876 0.028685445586840313 0.028685445586840313
0 0.7837204933166504 0.3984861671924591 0.028685445586840313 0.028685445586840313
0 0.712870717048645 0.41150838136672974 0.028685445586840313 0.028685445586840313
0 0.64018714427948 0.4248676598072052 0.028685445586840313 0.028685445586840313
0 0.565597653388977 0.438577264547348 0.028685445586840313 0.028685445586840313
0 0.4890262484550476 0.45265111327171326 0.028685445586840313 0.028685445586840313
0 0.4103929102420807 0.4671039581298828 0.028685445586840313 0.028685445586840313
0 0.32961317896842957 0.4819512963294983 0.028685445586840313 0.028685445586840313
0 0.8107983469963074 0.46534696221351624 0.028685445586840313 0.028685445586840313
0 0.7383769750595093 0.47960081696510315 0.028685445586840313 0.028685445586840313
0 0.6640294790267944 0.49423375725746155 0.028685445586840313 0.028685445586840313
0 0.5876779556274414 0.5092611312866211 0.028685445586840313 0.028685445586840313
0 0.5092402696609497 0.5246990919113159 0.028685445586840313 0.028685445586840313
0 0.4286297857761383 0.5405647158622742 0.028685445586840313 0.028685445586840313
0 0.3457548916339874 0.556876003742218 0.028685445586840313 0.028685445586840313
0 0.8393701314926147 0.5358965992927551 0.028685445586840313 0.028685445586840313
0 0.7653094530105591 0.5515007376670837 0.028685445586840313 0.028685445586840313
0 0.6892232298851013 0.5675315856933594 0.028685445586840313 0.028685445586840313
0 0.6110271215438843 0.5840070247650146 0.028685445586840313 0.028685445586840313
0 0.5306322574615479 0.6009457111358643 0.028685445586840313 0.028685445586840313
0 0.4479445517063141 0.6183674931526184 0.028685445586840313 0.028685445586840313
0 0.3628644645214081 0.6362932920455933 0.028685445586840313 0.028685445586840313
0 0.8695629835128784 0.6104490160942078 0.028685445586840313 0.028685445586840313
0 0.7937911748886108 0.6275366544723511 0.028685445586840313 0.028685445586840313
0 0.7158865928649902 0.6451051831245422 0.028685445586840313 0.028685445586840313
0 0.6357578039169312 0.6631753444671631 0.028685445586840313 0.028685445586840313
0 0.5533083081245422 0.6817688941955566 0.028685445586840313 0.028685445586840313
0 0.46843570470809937 0.7009088397026062 0.028685445586840313 0.028685445586840313
0 0.3810316324234009 0.7206196784973145 0.028685445586840313 0.028685445586840313