0 0.2613506615161896 0.23411768674850464 0.034562110900878906 0.034562110900878906
0 0.3376159965991974 0.23734606802463531 0.034562110900878906 0.034562110900878906
0 0.4138143062591553 0.24057161808013916 0.034562110900878906 0.034562110900878906
0 0.4899456799030304 0.24379432201385498 0.034562110900878906 0.034562110900878906
0 0.5660101771354675 0.24701420962810516 0.034562110900878906 0.034562110900878906
0 0.6420079469680786 0.2502312660217285 0.034562110900878906 0.034562110900878906
0 0.7179389595985413 0.25344550609588623 0.034562110900878906 0.034562110900878906
0 0.2502796947956085 0.28829535841941833 0.034562110900878906 0.034562110900878906
0 0.3295585811138153 0.29162633419036865 0.034562110900878906 0.034562110900878906
0 0.40876504778862 0.2949542701244354 0.034562110900878906 0.034562110900878906
0 0.48789918422698975 0.29827916622161865 0.034562110900878906 0.034562110900878906
0 0.5669611096382141 0.30160102248191833 0.034562110900878906 0.034562110900878906
0 0.6459508538246155 0.3049198389053345 0.034562110900878906 0.034562110900878906
0 0.7248685956001282 0.30823564529418945 0.034562110900878906 0.034562110900878906
0 0.23829898238182068 0.3469250500202179 0.034562110900878906 0.034562110900878906
0 0.32083937525749207 0.35036492347717285 0.034562110900878906 0.034562110900878906
0 0.40330126881599426 0.35380151867866516 0.034562110900878906 0.034562110900878906
0 0.4856847822666168 0.3572348654270172 0.034562110900878906 0.034562110900878906
0 0.5679900050163269 0.3606649339199066 0.034562110900878906 0.034562110900878906
0 0.6502170562744141 0.36409175395965576 0.034562110900878906 0.034562110900878906
0 0.7323660254478455 0.36751532554626465 0.034562110900878906 0.034562110900878906
0 0.22529156506061554 0.41057905554771423 0.034562110900878906 0.034562110900878906
0 0.3113733232021332 0.414134681224823 0.034562110900878906 0.034562110900878906
0 0.39736974239349365 0.4176867604255676 0.034562110900878906 0.034562110900878906
0 0.48328089714050293 0.4212353229522705 0.034562110900878906 0.034562110900878906
0 0.5691068768501282 0.42478036880493164 0.034562110900878906 0.034562110900878906
0 0.6548479199409485 0.428321897983551 0.034562110900878906 0.034562110900878906
0 0.7405040860176086 0.43185994029045105 0.034562110900878906 0.034562110900878906
0 0.21111956238746643 0.47993212938308716 0.034562110900878906 0.034562110900878906
0 0.3010602295398712 0.4836108684539795 0.034562110900878906 0.034562110900878906
0 0.3909076750278473 0.4872858226299286 0.034562110900878906 0.034562110900878906
0 0.480662077665329 0.4909569323062897 0.034562110900878906 0.034562110900878906
0 0.5703235864639282 0.4946242868900299 0.034562110900878906 0.034562110900878906
0 0.6598923206329346 0.49828779697418213 0.034562110900878906 0.034562110900878906
0 0.7493684887886047 0.5019475817680359 0.034562110900878906 0.034562110900878906
0 0.19561925530433655 0.5557854771614075 0.034562110900878906 0.034562110900878906
0 0.28978100419044495 0.5595954060554504 0.034562110900878906 0.034562110900878906
0 0.3838406205177307 0.5634011626243591 0.034562110900878906 0.034562110900878906
0 0.4777982532978058 0.5672028064727783 0.034562110900878906 0.034562110900878906
0 0.5716540813446045 0.5710002779960632 0.034562110900878906 0.034562110900878906
0 0.6654082536697388 0.5747936964035034 0.034562110900878906 0.034562110900878906
0 0.7590609788894653 0.5785830020904541 0.034562110900878906 0.034562110900878906
0 0.178594708442688 0.6390979886054993 0.034562110900878906 0.034562110900878906
0 0.27739325165748596 0.6430476307868958 0.034562110900878906 0.034562110900878906
0 0.37607938051223755 0.6469928622245789 0.034562110900878906 0.034562110900878906
0 0.4746532738208771 0.650933563709259 0.034562110900878906 0.034562110900878906
0 0.5731151103973389 0.654869794845581 0.034562110900878906 0.034562110900878906
0 0.6714650988578796 0.6588014960289001 0.034562110900878906 0.034562110900878906
0 0.7697033882141113 0.6627287864685059 0.034562110900878906 0.034562110900878906