0 0.727530837059021 0.17760418355464935 0.025081133469939235 0.03344151129325231
0 0.6606778502464294 0.17510485649108887 0.025081133469939235 0.03344151129325231
0 0.5936124324798584 0.17259760200977325 0.025081133469939235 0.03344151129325231
0 0.5263335704803467 0.17008236050605774 0.025081133469939235 0.03344151129325231
0 0.45884034037590027 0.16755911707878113 0.025081133469939235 0.03344151129325231
0 0.3911316394805908 0.16502781212329865 0.025081133469939235 0.03344151129325231
0 0.32320642471313477 0.1624884009361267 0.025081133469939235 0.03344151129325231
0 0.7382720112800598 0.24162988364696503 0.025081133469939235 0.03344151129325231
0 0.6681588292121887 0.23911453783512115 0.025081133469939235 0.03344151129325231
0 0.5978118777275085 0.23659080266952515 0.025081133469939235 0.03344151129325231
0 0.5272301435470581 0.23405864834785461 0.025081133469939235 0.03344151129325231
0 0.45641234517097473 0.23151803016662598 0.025081133469939235 0.03344151129325231
0 0.3853573203086853 0.22896888852119446 0.025081133469939235 0.03344151129325231
0 0.3140638768672943 0.22641120851039886 0.025081133469939235 0.03344151129325231
0 0.7501189112663269 0.3122466504573822 0.025081133469939235 0.03344151129325231
0 0.6764112710952759 0.30972516536712646 0.025081133469939235 0.03344151129325231
0 0.6024452447891235 0.3071948289871216 0.025081133469939235 0.03344151129325231
0 0.52821946144104 0.30465561151504517 0.025081133469939235 0.03344151129325231
0 0.4537326395511627 0.30210745334625244 0.025081133469939235 0.03344151129325231
0 0.37898334860801697 0.299550324678421 0.025081133469939235 0.03344151129325231
0 0.30397018790245056 0.29698416590690613 0.025081133469939235 0.03344151129325231
0 0.763251543045044 0.3905274569988251 0.025081133469939235 0.03344151129325231
0 0.6855610013008118 0.3880132734775543 0.025081133469939235 0.03344151129325231
0 0.607583224773407 0.385489821434021 0.025081133469939235 0.03344151129325231
0 0.529316782951355 0.38295701146125793 0.025081133469939235 0.03344151129325231
0 0.4507599472999573 0.38041478395462036 0.025081133469939235 0.03344151129325231
0 0.3719111680984497 0.3778631091117859 0.025081133469939235 0.03344151129325231
0 0.29276877641677856 0.37530195713043213 0.025081133469939235 0.03344151129325231
0 0.7778912782669067 0.47779160737991333 0.025081133469939235 0.03344151129325231
0 0.6957627534866333 0.4753030836582184 0.025081133469939235 0.03344151129325231
0 0.6133131980895996 0.47280487418174744 0.025081133469939235 0.03344151129325231
0 0.5305407643318176 0.47029685974121094 0.025081133469939235 0.03344151129325231
0 0.4474434554576874 0.4677790105342865 0.025081133469939235 0.03344151129325231
0 0.3640194237232208 0.46525126695632935 0.025081133469939235 0.03344151129325231
0 0.28026673197746277 0.4627135396003723 0.025081133469939235 0.03344151129325231
0 0.7943132519721985 0.5756795406341553 0.025081133469939235 0.03344151129325231
0 0.7072091102600098 0.5732418298721313 0.025081133469939235 0.03344151129325231
0 0.6197436451911926 0.5707939863204956 0.025081133469939235 0.03344151129325231
0 0.5319146513938904 0.568336009979248 0.025081133469939235 0.03344151129325231
0 0.4437198340892792 0.5658678412437439 0.025081133469939235 0.03344151129325231
0 0.35515689849853516 0.5633893013000488 0.025081133469939235 0.03344151129325231
0 0.2662235498428345 0.5609003901481628 0.025081133469939235 0.03344151129325231
0 0.8128640651702881 0.6862570643424988 0.025081133469939235 0.03344151129325231
0 0.7201425433158875 0.6839047074317932 0.025081133469939235 0.03344151129325231
0 0.6270114183425903 0.6815419793128967 0.025081133469939235 0.03344151129325231
0 0.5334678888320923 0.6791688203811646 0.025081133469939235 0.03344151129325231
0 0.43950924277305603 0.6767851114273071 0.025081133469939235 0.03344151129325231
0 0.3451327383518219 0.6743907928466797 0.025081133469939235 0.03344151129325231
0 0.25033554434776306 0.6719858050346375 0.025081133469939235 0.03344151129325231