0 0.6943421363830566 0.155208021402359 0.02297101131019493 0.03434917579094569
0 0.6186971068382263 0.15460966527462006 0.02297101131019493 0.03434917579094569
0 0.5424129962921143 0.1540062576532364 0.02297101131019493 0.03434917579094569
0 0.46548160910606384 0.15339773893356323 0.02297101131019493 0.03434917579094569
0 0.3878946900367737 0.15278401970863342 0.02297101131019493 0.03434917579094569
0 0.30964380502700806 0.15216505527496338 0.02297101131019493 0.03434917579094569
0 0.2307204157114029 0.15154077112674713 0.02297101131019493 0.03434917579094569
0 0.705978512763977 0.2351781725883484 0.02297101131019493 0.03434917579094569
0 0.6276207566261292 0.2349066585302353 0.02297101131019493 0.03434917579094569
0 0.5485766530036926 0.23463277518749237 0.02297101131019493 0.03434917579094569
0 0.468837171792984 0.23435647785663605 0.02297101131019493 0.03434917579094569
0 0.3883930742740631 0.23407775163650513 0.02297101131019493 0.03434917579094569
0 0.3072350025177002 0.23379653692245483 0.02297101131019493 0.03434917579094569
0 0.22535336017608643 0.23351281881332397 0.02297101131019493 0.03434917579094569
0 0.7184932827949524 0.32118552923202515 0.02297101131019493 0.03434917579094569
0 0.637221097946167 0.3212929666042328 0.02297101131019493 0.03434917579094569
0 0.5552098751068115 0.3214013874530792 0.02297101131019493 0.03434917579094569
0 0.47244954109191895 0.32151082158088684 0.02297101131019493 0.03434917579094569
0 0.3889298141002655 0.32162123918533325 0.02297101131019493 0.03434917579094569
0 0.30464014410972595 0.32173267006874084 0.02297101131019493 0.03434917579094569
0 0.2195698767900467 0.321845144033432 0.02297101131019493 0.03434917579094569
0 0.7319899797439575 0.41394054889678955 0.02297101131019493 0.03434917579094569
0 0.6475781202316284 0.4144885540008545 0.02297101131019493 0.03434917579094569
0 0.5623683929443359 0.4150417447090149 0.02297101131019493 0.03434917579094569
0 0.4763493537902832 0.4156002104282379 0.02297101131019493 0.03434917579094569
0 0.3895094394683838 0.41616398096084595 0.02297101131019493 0.03434917579094569
0 0.30183684825897217 0.41673317551612854 0.02297101131019493 0.03434917579094569
0 0.21331952512264252 0.4173078238964081 0.02297101131019493 0.03434917579094569
0 0.7465887665748596 0.5142697691917419 0.02297101131019493 0.03434917579094569
0 0.6587851047515869 0.5153315663337708 0.02297101131019493 0.03434917579094569
0 0.5701172351837158 0.51640385389328 0.02297101131019493 0.03434917579094569
0 0.48057234287261963 0.5174867510795593 0.02297101131019493 0.03434917579094569
0 0.39013734459877014 0.5185803771018982 0.02297101131019493 0.03434917579094569
0 0.29879891872406006 0.5196849703788757 0.02297101131019493 0.03434917579094569
0 0.20654341578483582 0.5208005905151367 0.02297101131019493 0.03434917579094569
0 0.7624303698539734 0.6231403350830078 0.02297101131019493 0.03434917579094569
0 0.6709510087966919 0.6248035430908203 0.02297101131019493 0.03434917579094569
0 0.5785325169563293 0.6264838576316833 0.02297101131019493 0.03434917579094569
0 0.4851604104042053 0.628181517124176 0.02297101131019493 0.03434917579094569
0 0.39081981778144836 0.6298967599868774 0.02297101131019493 0.03434917579094569
0 0.2954955995082855 0.6316298842430115 0.02297101131019493 0.03434917579094569
0 0.19917230308055878 0.6333811283111572 0.02297101131019493 0.03434917579094569
0 0.779680609703064 0.7416915893554688 0.02297101131019493 0.03434917579094569
0 0.6842044591903687 0.7440615892410278 0.02297101131019493 0.03434917579094569
0 0.5877041220664978 0.746457040309906 0.02297101131019493 0.03434917579094569
0 0.49016302824020386 0.7488783001899719 0.02297101131019493 0.03434917579094569
0 0.391564279794693 0.7513258457183838 0.02297101131019493 0.03434917579094569
0 0.29189056158065796 0.753800094127655 0.02297101131019493 0.03434917579094569
0 0.19112418591976166 0.7563014030456543 0.02297101131019493 0.03434917579094569