0 0.7005746364593506 0.12875360250473022 0.02236482615893086 0.03344273070494334
0 0.6258338689804077 0.12772949039936066 0.02236482615893086 0.03344273070494334
0 0.5506788492202759 0.12669970095157623 0.02236482615893086 0.03344273070494334
0 0.47510600090026855 0.12566420435905457 0.02236482615893086 0.03344273070494334
0 0.39911189675331116 0.12462291866540909 0.02236482615893086 0.03344273070494334
0 0.32269302010536194 0.12357581406831741 0.02236482615893086 0.03344273070494334
0 0.245845764875412 0.12252284586429596 0.02236482615893086 0.03344273070494334
0 0.711297869682312 0.20633693039417267 0.02236482615893086 0.03344273070494334
0 0.6338915824890137 0.20549805462360382 0.02236482615893086 0.03344273070494334
0 0.5560406446456909 0.20465436577796936 0.02236482615893086 0.03344273070494334
0 0.4777413010597229 0.2038058191537857 0.02236482615893086 0.03344273070494334
0 0.39898958802223206 0.20295235514640808 0.02236482615893086 0.03344273070494334
0 0.319781631231308 0.2020939588546753 0.02236482615893086 0.03344273070494334
0 0.24011339247226715 0.20123057067394257 0.02236482615893086 0.03344273070494334
0 0.7228213548660278 0.2897101640701294 0.02236482615893086 0.03344273070494334
0 0.642552375793457 0.28908759355545044 0.02236482615893086 0.03344273070494334
0 0.5618050694465637 0.288461297750473 0.02236482615893086 0.03344273070494334
0 0.4805750548839569 0.28783127665519714 0.02236482615893086 0.03344273070494334
0 0.39885807037353516 0.287197470664978 0.02236482615893086 0.03344273070494334
0 0.3166496753692627 0.2865598499774933 0.02236482615893086 0.03344273070494334
0 0.23394547402858734 0.28591838479042053 0.02236482615893086 0.03344273070494334
0 0.7352381944656372 0.37954652309417725 0.02236482615893086 0.03344273070494334
0 0.6518866419792175 0.3791770339012146 0.02236482615893086 0.03344273070494334
0 0.5680190324783325 0.3788052201271057 0.02236482615893086 0.03344273070494334
0 0.483630508184433 0.37843114137649536 0.02236482615893086 0.03344273070494334
0 0.39871618151664734 0.3780547082424164 0.02236482615893086 0.03344273070494334
0 0.313271164894104 0.3776759207248688 0.02236482615893086 0.03344273070494334
0 0.22729042172431946 0.37729474902153015 0.02236482615893086 0.03344273070494334
0 0.7486563324928284 0.476627916097641 0.02236482615893086 0.03344273070494334
0 0.661976158618927 0.476555198431015 0.02236482615893086 0.03344273070494334
0 0.5747374296188354 0.4764820337295532 0.02236482615893086 0.03344273070494334
0 0.4869347810745239 0.4764083921909332 0.02236482615893086 0.03344273070494334
0 0.3985627293586731 0.47633427381515503 0.02236482615893086 0.03344273070494334
0 0.30961573123931885 0.47625967860221863 0.02236482615893086 0.03344273070494334
0 0.2200881540775299 0.476184606552124 0.02236482615893086 0.03344273070494334
0 0.7632021307945251 0.581867516040802 0.02236482615893086 0.03344273070494334
0 0.6729162931442261 0.5821439623832703 0.02236482615893086 0.03344273070494334
0 0.5820241570472717 0.5824222564697266 0.02236482615893086 0.03344273070494334
0 0.49051952362060547 0.5827023983001709 0.02236482615893086 0.03344273070494334
0 0.39839622378349304 0.5829845070838928 0.02236482615893086 0.03344273070494334
0 0.30564793944358826 0.5832684636116028 0.02236482615893086 0.03344273070494334
0 0.21226827800273895 0.5835543870925903 0.02236482615893086 0.03344273070494334
0 0.7790238857269287 0.6963388323783875 0.02236482615893086 0.03344273070494334
0 0.6848195195198059 0.6970274448394775 0.02236482615893086 0.03344273070494334
0 0.5899545550346375 0.6977208256721497 0.02236482615893086 0.03344273070494334
0 0.494422048330307 0.6984190940856934 0.02236482615893086 0.03344273070494334
0 0.3982148766517639 0.6991223096847534 0.02236482615893086 0.03344273070494334
0 0.30132588744163513 0.6998304724693298 0.02236482615893086 0.03344273070494334
0 0.20374780893325806 0.7005437016487122 0.02236482615893086 0.03344273070494334