0 0.6944490075111389 0.15525422990322113 0.022966525331139565 0.03434246778488159
0 0.6186782121658325 0.15463323891162872 0.022966525331139565 0.03434246778488159
0 0.5423110127449036 0.15400736033916473 0.022966525331139565 0.03434246778488159
0 0.4653402268886566 0.1533765345811844 0.022966525331139565 0.03434246778488159
0 0.3877587616443634 0.1527407020330429 0.022966525331139565 0.03434246778488159
0 0.30955925583839417 0.15209980309009552 0.022966525331139565 0.03434246778488159
0 0.23073436319828033 0.15145377814769745 0.022966525331139565 0.03434246778488159
0 0.7063594460487366 0.23531091213226318 0.022966525331139565 0.03434246778488159
0 0.6278519034385681 0.23499248921871185 0.022966525331139565 0.03434246778488159
0 0.5487035512924194 0.2346714586019516 0.022966525331139565 0.03434246778488159
0 0.4689065217971802 0.23434782028198242 0.022966525331139565 0.03434246778488159
0 0.38845282793045044 0.23402149975299835 0.022966525331139565 0.03434246778488159
0 0.3073342740535736 0.2336924821138382 0.022966525331139565 0.03434246778488159
0 0.2255426049232483 0.23336075246334076 0.022966525331139565 0.03434246778488159
0 0.7191750407218933 0.32145190238952637 0.022966525331139565 0.03434246778488159
0 0.6377257108688354 0.3214848041534424 0.022966525331139565 0.03434246778488159
0 0.5555860996246338 0.3215180039405823 0.022966525331139565 0.03434246778488159
0 0.4727473556995392 0.32155147194862366 0.022966525331139565 0.03434246778488159
0 0.3892005383968353 0.3215852379798889 0.022966525331139565 0.03434246778488159
0 0.3049365282058716 0.32161930203437805 0.022966525331139565 0.03434246778488159
0 0.21994607150554657 0.32165366411209106 0.022966525331139565 0.03434246778488159
0 0.7330030798912048 0.414398193359375 0.022966525331139565 0.03434246778488159
0 0.6483829617500305 0.4148401916027069 0.022966525331139565 0.03434246778488159
0 0.5630171298980713 0.4152860641479492 0.022966525331139565 0.03434246778488159
0 0.47689563035964966 0.4157359004020691 0.022966525331139565 0.03434246778488159
0 0.3900083899497986 0.4161897301673889 0.022966525331139565 0.03434246778488159
0 0.3023451566696167 0.41664761304855347 0.022966525331139565 0.03434246778488159
0 0.21389548480510712 0.4171096086502075 0.022966525331139565 0.03434246778488159
0 0.7479685544967651 0.51498943567276 0.022966525331139565 0.03434246778488159
0 0.659920871257782 0.5159092545509338 0.022966525331139565 0.03434246778488159
0 0.5710650086402893 0.516837477684021 0.022966525331139565 0.03434246778488159
0 0.4813898205757141 0.517774224281311 0.022966525331139565 0.03434246778488159
0 0.3908838927745819 0.5187197327613831 0.022966525331139565 0.03434246778488159
0 0.2995356619358063 0.5196740031242371 0.022966525331139565 0.03434246778488159
0 0.2073332816362381 0.5206371545791626 0.022966525331139565 0.03434246778488159
0 0.7642176747322083 0.6242092847824097 0.022966525331139565 0.03434246778488159
0 0.6724531054496765 0.6256891489028931 0.022966525331139565 0.03434246778488159
0 0.579809844493866 0.627183198928833 0.022966525331139565 0.03434246778488159
0 0.4862750768661499 0.6286916732788086 0.022966525331139565 0.03434246778488159
0 0.3918359577655792 0.6302146911621094 0.022966525331139565 0.03434246778488159
0 0.29647931456565857 0.6317524909973145 0.022966525331139565 0.03434246778488159
0 0.2001917064189911 0.6333053112030029 0.022966525331139565 0.03434246778488159
0 0.7819231748580933 0.7432177066802979 0.022966525331139565 0.03434246778488159
0 0.6861141920089722 0.7453568577766418 0.022966525331139565 0.03434246778488159
0 0.5893462300300598 0.747517466545105 0.022966525331139565 0.03434246778488159
0 0.4916047751903534 0.7496997714042664 0.022966525331139565 0.03434246778488159
0 0.3928751051425934 0.7519041895866394 0.022966525331139565 0.03434246778488159
0 0.2931421101093292 0.7541309595108032 0.022966525331139565 0.03434246778488159
0 0.19239045679569244 0.7563804984092712 0.022966525331139565 0.03434246778488159