0 0.6666769981384277 0.1722520887851715 0.025579499080777172 0.03410599877436956
0 0.5980978012084961 0.17766216397285461 0.025579499080777172 0.03410599877436956
0 0.5298866033554077 0.1830431967973709 0.025579499080777172 0.03410599877436956
0 0.46204057335853577 0.1883954405784607 0.025579499080777172 0.03410599877436956
0 0.3945566713809967 0.19371910393238068 0.025579499080777172 0.03410599877436956
0 0.3274320662021637 0.19901441037654877 0.025579499080777172 0.03410599877436956
0 0.2606638967990875 0.20428161323070526 0.025579499080777172 0.03410599877436956
0 0.6769762635231018 0.2352297306060791 0.025579499080777172 0.03410599877436956
0 0.6048731803894043 0.2407374083995819 0.025579499080777172 0.03410599877436956
0 0.5331767797470093 0.24621401727199554 0.025579499080777172 0.03410599877436956
0 0.461883544921875 0.2516598403453827 0.025579499080777172 0.03410599877436956
0 0.39099010825157166 0.25707510113716125 0.025579499080777172 0.03410599877436956
0 0.3204931616783142 0.2624601125717163 0.025579499080777172 0.03410599877436956
0 0.25038933753967285 0.26781508326530457 0.025579499080777172 0.03410599877436956
0 0.6883848309516907 0.3049907684326172 0.025579499080777172 0.03410599877436956
0 0.6123762130737305 0.3105863034725189 0.025579499080777172 0.03410599877436956
0 0.5368191599845886 0.3161486089229584 0.025579499080777172 0.03410599877436956
0 0.46170973777770996 0.32167795300483704 0.025579499080777172 0.03410599877436956
0 0.38704392313957214 0.32717466354370117 0.025579499080777172 0.03410599877436956
0 0.31281784176826477 0.3326389789581299 0.025579499080777172 0.03410599877436956
0 0.23902755975723267 0.33807122707366943 0.025579499080777172 0.03410599877436956
0 0.7010922431945801 0.3826935291290283 0.025579499080777172 0.03410599877436956
0 0.6207306981086731 0.38836193084716797 0.025579499080777172 0.03410599877436956
0 0.540873646736145 0.3939947187900543 0.025579499080777172 0.03410599877436956
0 0.4615163505077362 0.3995922803878784 0.025579499080777172 0.03410599877436956
0 0.3826541304588318 0.4051549434661865 0.025579499080777172 0.03410599877436956
0 0.3042823076248169 0.4106829762458801 0.025579499080777172 0.03410599877436956
0 0.22639641165733337 0.41617676615715027 0.025579499080777172 0.03410599877436956
0 0.7153335213661194 0.46977606415748596 0.025579499080777172 0.03410599877436956
0 0.6300903558731079 0.47549474239349365 0.025579499080777172 0.03410599877436956
0 0.5454143285751343 0.48117539286613464 0.025579499080777172 0.03410599877436956
0 0.461299866437912 0.4868183434009552 0.025579499080777172 0.03410599877436956
0 0.37774139642715454 0.49242401123046875 0.025579499080777172 0.03410599877436956
0 0.2947334349155426 0.49799275398254395 0.025579499080777172 0.03410599877436956
0 0.21227054297924042 0.503524899482727 0.025579499080777172 0.03410599877436956
0 0.7314044237136841 0.5680458545684814 0.025579499080777172 0.03410599877436956
0 0.6406480669975281 0.5737815499305725 0.025579499080777172 0.03410599877436956
0 0.5505341291427612 0.5794765949249268 0.025579499080777172 0.03410599877436956
0 0.46105584502220154 0.5851315259933472 0.025579499080777172 0.03410599877436956
0 0.3722064197063446 0.5907467007637024 0.025579499080777172 0.03410599877436956
0 0.28397929668426514 0.5963225364685059 0.025579499080777172 0.03410599877436956
0 0.19636796414852142 0.6018595099449158 0.025579499080777172 0.03410599877436956
0 0.7496815919876099 0.679806649684906 0.025579499080777172 0.03410599877436956
0 0.6526497602462769 0.6855104565620422 0.025579499080777172 0.03410599877436956
0 0.5563515424728394 0.6911711692810059 0.025579499080777172 0.03410599877436956
0 0.46077868342399597 0.6967892050743103 0.025579499080777172 0.03410599877436956
0 0.3659229874610901 0.7023651003837585 0.025579499080777172 0.03410599877436956
0 0.27177637815475464 0.7078993320465088 0.025579499080777172 0.03410599877436956
0 0.17833097279071808 0.7133923172950745 0.025579499080777172 0.03410599877436956