0 0.7081389427185059 0.1596120446920395 0.022929297185813387 0.03428679953018824
0 0.6321744918823242 0.15920351445674896 0.022929297185813387 0.03428679953018824
0 0.5557281374931335 0.1587923914194107 0.022929297185813387 0.03428679953018824
0 0.47879523038864136 0.15837864577770233 0.022929297185813387 0.03428679953018824
0 0.4013710916042328 0.15796227753162384 0.022929297185813387 0.03428679953018824
0 0.32345104217529297 0.15754322707653046 0.022929297185813387 0.03428679953018824
0 0.2450302690267563 0.157121479511261 0.022929297185813387 0.03428679953018824
0 0.7197483777999878 0.23944151401519775 0.022929297185813387 0.03428679953018824
0 0.6410253047943115 0.23927967250347137 0.022929297185813387 0.03428679953018824
0 0.5617843866348267 0.23911677300930023 0.022929297185813387 0.03428679953018824
0 0.48202043771743774 0.23895278573036194 0.022929297185813387 0.03428679953018824
0 0.40172824263572693 0.2387877255678177 0.022929297185813387 0.03428679953018824
0 0.32090258598327637 0.2386215627193451 0.022929297185813387 0.03428679953018824
0 0.2395380735397339 0.23845428228378296 0.022929297185813387 0.03428679953018824
0 0.7322422862052917 0.32535290718078613 0.022929297185813387 0.03428679953018824
0 0.6505527496337891 0.32547733187675476 0.022929297185813387 0.03428679953018824
0 0.5683051943778992 0.32560259103775024 0.022929297185813387 0.03428679953018824
0 0.48549386858940125 0.32572871446609497 0.022929297185813387 0.03428679953018824
0 0.4021129906177521 0.32585567235946655 0.022929297185813387 0.03428679953018824
0 0.3181565999984741 0.32598355412483215 0.022929297185813387 0.03428679953018824
0 0.23361876606941223 0.326112300157547 0.022929297185813387 0.03428679953018824
0 0.7457257509231567 0.4180687963962555 0.022929297185813387 0.03428679953018824
0 0.6608374714851379 0.418526291847229 0.022929297185813387 0.03428679953018824
0 0.5753461122512817 0.4189870357513428 0.022929297185813387 0.03428679953018824
0 0.48924538493156433 0.4194510579109192 0.022929297185813387 0.03428679953018824
0 0.4025286138057709 0.419918417930603 0.022929297185813387 0.03428679953018824
0 0.3151892423629761 0.4203891158103943 0.022929297185813387 0.03428679953018824
0 0.22722049057483673 0.42086321115493774 0.022929297185813387 0.03428679953018824
0 0.7603211998939514 0.5184308886528015 0.022929297185813387 0.03428679953018824
0 0.671973466873169 0.5192772150039673 0.022929297185813387 0.03428679953018824
0 0.5829720497131348 0.5201298594474792 0.022929297185813387 0.03428679953018824
0 0.49330970644950867 0.5209887623786926 0.022929297185813387 0.03428679953018824
0 0.4029790461063385 0.521854043006897 0.022929297185813387 0.03428679953018824
0 0.31197258830070496 0.5227258801460266 0.022929297185813387 0.03428679953018824
0 0.2202826589345932 0.5236042141914368 0.022929297185813387 0.03428679953018824
0 0.7761721014976501 0.6274257898330688 0.022929297185813387 0.03428679953018824
0 0.6840710043907166 0.6287277340888977 0.022929297185813387 0.03428679953018824
0 0.5912589430809021 0.6300396919250488 0.022929297185813387 0.03428679953018824
0 0.4977276921272278 0.6313618421554565 0.022929297185813387 0.03428679953018824
0 0.4034688472747803 0.6326943039894104 0.022929297185813387 0.03428679953018824
0 0.3084738254547119 0.6340371370315552 0.022929297185813387 0.03428679953018824
0 0.21273404359817505 0.6353904604911804 0.022929297185813387 0.03428679953018824
0 0.793447732925415 0.7462173700332642 0.022929297185813387 0.03428679953018824
0 0.6972602605819702 0.7480553984642029 0.022929297185813387 0.03428679953018824
0 0.6002967357635498 0.7499082088470459 0.022929297185813387 0.03428679953018824
0 0.5025476217269897 0.7517760992050171 0.022929297185813387 0.03428679953018824
0 0.4040033519268036 0.7536591291427612 0.022929297185813387 0.03428679953018824
0 0.30465418100357056 0.7555575370788574 0.022929297185813387 0.03428679953018824
0 0.20449022948741913 0.7574715614318848 0.022929297185813387 0.03428679953018824