0 0.7401275634765625 0.24045492708683014 0.029524403313795727 0.029524403313795727
0 0.6582626104354858 0.24042832851409912 0.029524403313795727 0.029524403313795727
0 0.5764515399932861 0.2404017448425293 0.029524403313795727 0.029524403313795727
0 0.4946943521499634 0.24037519097328186 0.029524403313795727 0.029524403313795727
0 0.412990927696228 0.24034863710403442 0.029524403313795727 0.029524403313795727
0 0.3313412666320801 0.24032211303710938 0.029524403313795727 0.029524403313795727
0 0.24974524974822998 0.24029560387134552 0.029524403313795727 0.029524403313795727
0 0.7429768443107605 0.3230336904525757 0.029524403313795727 0.029524403313795727
0 0.660196840763092 0.32297930121421814 0.029524403313795727 0.029524403313795727
0 0.577471911907196 0.322924941778183 0.029524403313795727 0.029524403313795727
0 0.4948020875453949 0.3228706121444702 0.029524403313795727 0.029524403313795727
0 0.41218724846839905 0.3228163421154022 0.029524403313795727 0.029524403313795727
0 0.3296273350715637 0.3227621018886566 0.029524403313795727 0.029524403313795727
0 0.24712230265140533 0.3227078914642334 0.029524403313795727 0.029524403313795727
0 0.7458904981613159 0.40747806429862976 0.029524403313795727 0.029524403313795727
0 0.6621747612953186 0.4073946177959442 0.029524403313795727 0.029524403313795727
0 0.578515350818634 0.40731123089790344 0.029524403313795727 0.029524403313795727
0 0.4949122369289398 0.40722790360450745 0.029524403313795727 0.029524403313795727
0 0.4113653898239136 0.4071446359157562 0.029524403313795727 0.029524403313795727
0 0.3278747498989105 0.4070614278316498 0.029524403313795727 0.029524403313795727
0 0.2444402277469635 0.4069782495498657 0.029524403313795727 0.029524403313795727
0 0.7488707304000854 0.49385198950767517 0.029524403313795727 0.029524403313795727
0 0.6641978025436401 0.49373817443847656 0.029524403313795727 0.029524403313795727
0 0.5795825719833374 0.4936244487762451 0.029524403313795727 0.029524403313795727
0 0.4950249195098877 0.49351078271865845 0.029524403313795727 0.029524403313795727
0 0.41052481532096863 0.49339720606803894 0.029524403313795727 0.029524403313795727
0 0.3260821998119354 0.4932837188243866 0.029524403313795727 0.029524403313795727
0 0.24169698357582092 0.49317029118537903 0.029524403313795727 0.029524403313795727
0 0.7519198060035706 0.5822224020957947 0.029524403313795727 0.029524403313795727
0 0.6662676334381104 0.5820767879486084 0.029524403313795727 0.029524403313795727
0 0.5806744694709778 0.5819313526153564 0.029524403313795727 0.029524403313795727
0 0.4951401948928833 0.5817859768867493 0.029524403313795727 0.029524403313795727
0 0.4096648395061493 0.5816406607627869 0.029524403313795727 0.029524403313795727
0 0.3242482542991638 0.5814955234527588 0.029524403313795727 0.029524403313795727
0 0.23889045417308807 0.5813504457473755 0.029524403313795727 0.029524403313795727
0 0.7550402283668518 0.6726592183113098 0.029524403313795727 0.029524403313795727
0 0.6683858633041382 0.6724804639816284 0.029524403313795727 0.029524403313795727
0 0.581791877746582 0.6723017692565918 0.029524403313795727 0.029524403313795727
0 0.4952581822872162 0.6721232533454895 0.029524403313795727 0.029524403313795727
0 0.40878474712371826 0.671944797039032 0.029524403313795727 0.029524403313795727
0 0.32237154245376587 0.6717665195465088 0.029524403313795727 0.029524403313795727
0 0.23601843416690826 0.6715883612632751 0.029524403313795727 0.029524403313795727
0 0.7582345008850098 0.765235960483551 0.029524403313795727 0.029524403313795727
0 0.6705541610717773 0.7650223970413208 0.029524403313795727 0.029524403313795727
0 0.5829356908798218 0.7648089528083801 0.029524403313795727 0.029524403313795727
0 0.49537894129753113 0.7645957469940186 0.029524403313795727 0.029524403313795727
0 0.407883882522583 0.7643826007843018 0.029524403313795727 0.029524403313795727
0 0.32045048475265503 0.7641696333885193 0.029524403313795727 0.029524403313795727
0 0.23307861387729645 0.7639568448066711 0.029524403313795727 0.029524403313795727