0 0.30507418513298035 0.37539157271385193 0.019617272540926933 0.026156363387902577
0 0.29965221881866455 0.43955010175704956 0.019617272540926933 0.026156363387902577
0 0.29391446709632874 0.5074456334114075 0.019617272540926933 0.026156363387902577
0 0.28783246874809265 0.5794143676757812 0.019617272540926933 0.026156363387902577
0 0.2813743054866791 0.6558342576026917 0.019617272540926933 0.026156363387902577
0 0.2745039761066437 0.7371314167976379 0.019617272540926933 0.026156363387902577
0 0.26718074083328247 0.8237881660461426 0.019617272540926933 0.026156363387902577
0 0.3686980605125427 0.3765847682952881 0.019617272540926933 0.026156363387902577
0 0.365079402923584 0.4407266676425934 0.019617272540926933 0.026156363387902577
0 0.3612501621246338 0.5086015462875366 0.019617272540926933 0.026156363387902577
0 0.35719138383865356 0.5805450677871704 0.019617272540926933 0.026156363387902577
0 0.3528818190097809 0.6569343209266663 0.019617272540926933 0.026156363387902577
0 0.3482974171638489 0.7381945848464966 0.019617272540926933 0.026156363387902577
0 0.34341108798980713 0.8248070478439331 0.019617272540926933 0.026156363387902577
0 0.432224839925766 0.3777761161327362 0.019617272540926933 0.026156363387902577
0 0.4304039478302002 0.44190138578414917 0.019617272540926933 0.026156363387902577
0 0.4284771680831909 0.5097556114196777 0.019617272540926933 0.026156363387902577
0 0.4264349639415741 0.5816738605499268 0.019617272540926933 0.026156363387902577
0 0.4242666959762573 0.6580324769020081 0.019617272540926933 0.026156363387902577
0 0.4219602942466736 0.7392558455467224 0.019617272540926933 0.026156363387902577
0 0.4195021092891693 0.8258241415023804 0.019617272540926933 0.026156363387902577
0 0.49565473198890686 0.37896567583084106 0.019617272540926933 0.026156363387902577
0 0.4956260323524475 0.4430742561817169 0.019617272540926933 0.026156363387902577
0 0.49559566378593445 0.5109078288078308 0.019617272540926933 0.026156363387902577
0 0.4955635070800781 0.5828008055686951 0.019617272540926933 0.026156363387902577
0 0.49552932381629944 0.6591287851333618 0.019617272540926933 0.026156363387902577
0 0.49549299478530884 0.7403152585029602 0.019617272540926933 0.026156363387902577
0 0.49545425176620483 0.8268393278121948 0.019617272540926933 0.026156363387902577
0 0.5589880347251892 0.3801534175872803 0.019617272540926933 0.026156363387902577
0 0.5607459545135498 0.44424527883529663 0.019617272540926933 0.026156363387902577
0 0.5626059770584106 0.5120581388473511 0.019617272540926933 0.026156363387902577
0 0.5645772218704224 0.5839258432388306 0.019617272540926933 0.026156363387902577
0 0.5666700005531311 0.6602231860160828 0.019617272540926933 0.026156363387902577
0 0.5688958168029785 0.7413727641105652 0.019617272540926933 0.026156363387902577
0 0.57126784324646 0.8278526663780212 0.019617272540926933 0.026156363387902577
0 0.6222248673439026 0.3813393712043762 0.019617272540926933 0.026156363387902577
0 0.6257639527320862 0.4454144835472107 0.019617272540926933 0.026156363387902577
0 0.629508376121521 0.5132066607475281 0.019617272540926933 0.026156363387902577
0 0.6334764957427979 0.585049033164978 0.019617272540926933 0.026156363387902577
0 0.6376889944076538 0.6613157391548157 0.019617272540926933 0.026156363387902577
0 0.6421691179275513 0.7424284219741821 0.019617272540926933 0.026156363387902577
0 0.6469432711601257 0.8288641571998596 0.019617272540926933 0.026156363387902577
0 0.6853654980659485 0.3825235068798065 0.019617272540926933 0.026156363387902577
0 0.690680205821991 0.4465818405151367 0.019617272540926933 0.026156363387902577
0 0.6963030695915222 0.5143532752990723 0.019617272540926933 0.026156363387902577
0 0.7022615075111389 0.5861703753471375 0.019617272540926933 0.026156363387902577
0 0.7085866332054138 0.6624063849449158 0.019617272540926933 0.026156363387902577
0 0.7153132557868958 0.743482232093811 0.019617272540926933 0.026156363387902577
0 0.7224809527397156 0.82987380027771 0.019617272540926933 0.026156363387902577