0 0.6789297461509705 0.16204257309436798 0.025006506592035297 0.033342008789380394
0 0.6099087595939636 0.16590404510498047 0.025006506592035297 0.033342008789380394
0 0.5410489439964294 0.16975650191307068 0.025006506592035297 0.033342008789380394
0 0.47234973311424255 0.173599973320961 0.025006506592035297 0.033342008789380394
0 0.4038105309009552 0.17743448913097382 0.025006506592035297 0.033342008789380394
0 0.335430771112442 0.1812600940465927 0.025006506592035297 0.033342008789380394
0 0.2672099769115448 0.18507680296897888 0.025006506592035297 0.033342008789380394
0 0.6899745464324951 0.22819234430789948 0.025006506592035297 0.033342008789380394
0 0.6177002191543579 0.23215413093566895 0.025006506592035297 0.033342008789380394
0 0.5456026196479797 0.23610623180866241 0.025006506592035297 0.033342008789380394
0 0.4736810028553009 0.24004867672920227 0.025006506592035297 0.033342008789380394
0 0.40193474292755127 0.2439815253019333 0.025006506592035297 0.033342008789380394
0 0.3303632438182831 0.24790477752685547 0.025006506592035297 0.033342008789380394
0 0.2589658200740814 0.2518185079097748 0.025006506592035297 0.033342008789380394
0 0.7021086812019348 0.30086639523506165 0.025006506592035297 0.033342008789380394
0 0.6262592077255249 0.3049300014972687 0.025006506592035297 0.033342008789380394
0 0.5506042242050171 0.30898317694664 0.025006506592035297 0.033342008789380394
0 0.47514307498931885 0.31302598118782043 0.025006506592035297 0.033342008789380394
0 0.3998749554157257 0.3170584440231323 0.025006506592035297 0.033342008789380394
0 0.3247990906238556 0.32108059525489807 0.025006506592035297 0.033342008789380394
0 0.24991479516029358 0.32509246468544006 0.025006506592035297 0.033342008789380394
0 0.7155016660690308 0.3810800313949585 0.025006506592035297 0.033342008789380394
0 0.6357048749923706 0.38524582982063293 0.025006506592035297 0.033342008789380394
0 0.5561233758926392 0.3894003629684448 0.025006506592035297 0.033342008789380394
0 0.4767562448978424 0.39354372024536133 0.025006506592035297 0.033342008789380394
0 0.3976025879383087 0.39767593145370483 0.025006506592035297 0.033342008789380394
0 0.31866157054901123 0.40179702639579773 0.025006506592035297 0.033342008789380394
0 0.23993231356143951 0.4059070944786072 0.025006506592035297 0.033342008789380394
0 0.7303600907325745 0.4700707495212555 0.025006506592035297 0.033342008789380394
0 0.6461827158927917 0.4743373692035675 0.025006506592035297 0.033342008789380394
0 0.562244713306427 0.4785918593406677 0.025006506592035297 0.033342008789380394
0 0.4785451591014862 0.4828342795372009 0.025006506592035297 0.033342008789380394
0 0.3950829803943634 0.4870646297931671 0.025006506592035297 0.033342008789380394
0 0.3118571937084198 0.49128302931785583 0.025006506592035297 0.033342008789380394
0 0.2288668155670166 0.4954894781112671 0.025006506592035297 0.033342008789380394
0 0.7469384670257568 0.569362461566925 0.025006506592035297 0.033342008789380394
0 0.6578714847564697 0.5737260580062866 0.025006506592035297 0.033342008789380394
0 0.5690724849700928 0.5780765414237976 0.025006506592035297 0.033342008789380394
0 0.4805402159690857 0.5824139714241028 0.025006506592035297 0.033342008789380394
0 0.392273485660553 0.5867383480072021 0.025006506592035297 0.033342008789380394
0 0.3042711317539215 0.59104984998703 0.025006506592035297 0.033342008789380394
0 0.2165319323539734 0.5953483581542969 0.025006506592035297 0.033342008789380394
0 0.7655537724494934 0.6808536648750305 0.025006506592035297 0.033342008789380394
0 0.6709941625595093 0.6853066682815552 0.025006506592035297 0.033342008789380394
0 0.5767364501953125 0.6897454261779785 0.025006506592035297 0.033342008789380394
0 0.48277920484542847 0.6941700577735901 0.025006506592035297 0.033342008789380394
0 0.38912099599838257 0.6985805630683899 0.025006506592035297 0.033342008789380394
0 0.2957603633403778 0.7029771208763123 0.025006506592035297 0.033342008789380394
0 0.20269595086574554 0.7073596715927124 0.025006506592035297 0.033342008789380394