0 0.7135412096977234 0.18663054704666138 0.02536175213754177 0.03381566951672236
0 0.6441431641578674 0.18922550976276398 0.02536175213754177 0.03381566951672236
0 0.5756254196166992 0.19178754091262817 0.02536175213754177 0.03381566951672236
0 0.5079712271690369 0.1943172961473465 0.02536175213754177 0.03381566951672236
0 0.44116443395614624 0.1968153566122055 0.02536175213754177 0.03381566951672236
0 0.3751892149448395 0.19928231835365295 0.02536175213754177 0.03381566951672236
0 0.31003013253211975 0.2017187774181366 0.02536175213754177 0.03381566951672236
0 0.72239089012146 0.2506435215473175 0.02536175213754177 0.03381566951672236
0 0.6493734121322632 0.2529420852661133 0.02536175213754177 0.03381566951672236
0 0.5773292183876038 0.2552099823951721 0.02536175213754177 0.03381566951672236
0 0.5062390565872192 0.25744786858558655 0.02536175213754177 0.03381566951672236
0 0.4360840916633606 0.25965631008148193 0.02536175213754177 0.03381566951672236
0 0.3668459951877594 0.26183587312698364 0.02536175213754177 0.03381566951672236
0 0.2985069155693054 0.26398715376853943 0.02536175213754177 0.03381566951672236
0 0.7322044968605042 0.3216286897659302 0.02536175213754177 0.03381566951672236
0 0.6551691889762878 0.3235494792461395 0.02536175213754177 0.03381566951672236
0 0.5792160034179688 0.3254432678222656 0.02536175213754177 0.03381566951672236
0 0.5043221712112427 0.3273106515407562 0.02536175213754177 0.03381566951672236
0 0.4304657280445099 0.3291521668434143 0.02536175213754177 0.03381566951672236
0 0.3576253056526184 0.33096837997436523 0.02536175213754177 0.03381566951672236
0 0.28578007221221924 0.3327597379684448 0.02536175213754177 0.03381566951672236
0 0.7431485652923584 0.4007907509803772 0.02536175213754177 0.03381566951672236
0 0.6616277098655701 0.4022294282913208 0.02536175213754177 0.03381566951672236
0 0.5813168883323669 0.4036467373371124 0.02536175213754177 0.03381566951672236
0 0.5021893382072449 0.40504318475723267 0.02536175213754177 0.03381566951672236
0 0.42421913146972656 0.40641921758651733 0.02536175213754177 0.03381566951672236
0 0.34738102555274963 0.40777525305747986 0.02536175213754177 0.03381566951672236
0 0.2716505825519562 0.40911173820495605 0.02536175213754177 0.03381566951672236
0 0.755430281162262 0.4896289110183716 0.02536175213754177 0.03381566951672236
0 0.6688693165779114 0.49045029282569885 0.02536175213754177 0.03381566951672236
0 0.5836704969406128 0.49125874042510986 0.02536175213754177 0.03381566951672236
0 0.499801903963089 0.4920545816421509 0.02536175213754177 0.03381566951672236
0 0.4172326326370239 0.4928380846977234 0.02536175213754177 0.03381566951672236
0 0.3359327018260956 0.49360954761505127 0.02536175213754177 0.03381566951672236
0 0.25587308406829834 0.4943692684173584 0.02536175213754177 0.03381566951672236
0 0.7693109512329102 0.5900327563285828 0.02536175213754177 0.03381566951672236
0 0.6770457625389099 0.5900595188140869 0.02536175213754177 0.03381566951672236
0 0.5863254070281982 0.5900858044624329 0.02536175213754177 0.03381566951672236
0 0.49711140990257263 0.5901117324829102 0.02536175213754177 0.03381566951672236
0 0.40936651825904846 0.5901371836662292 0.02536175213754177 0.03381566951672236
0 0.32305479049682617 0.5901622176170349 0.02536175213754177 0.03381566951672236
0 0.23814135789871216 0.5901868343353271 0.02536175213754177 0.03381566951672236
0 0.7851245999336243 0.7044181227684021 0.02536175213754177 0.03381566951672236
0 0.6863505840301514 0.7034144401550293 0.02536175213754177 0.03381566951672236
0 0.5893434286117554 0.7024286985397339 0.02536175213754177 0.03381566951672236
0 0.49405622482299805 0.7014604210853577 0.02536175213754177 0.03381566951672236
0 0.40044355392456055 0.7005091309547424 0.02536175213754177 0.03381566951672236
0 0.3084616959095001 0.6995744705200195 0.02536175213754177 0.03381566951672236
0 0.21806837618350983 0.6986559629440308 0.02536175213754177 0.03381566951672236