0 0.6651829481124878 0.17527462542057037 0.025446394458413128 0.033928525944550834
0 0.597493588924408 0.17969568073749542 0.025446394458413128 0.033928525944550834
0 0.5298956632614136 0.18411074578762054 0.025446394458413128 0.033928525944550834
0 0.4623889625072479 0.18851988017559052 0.025446394458413128 0.033928525944550834
0 0.3949732184410095 0.19292305409908295 0.025446394458413128 0.033928525944550834
0 0.3276483416557312 0.19732029736042023 0.025446394458413128 0.033928525944550834
0 0.26041409373283386 0.20171162486076355 0.025446394458413128 0.033928525944550834
0 0.6759567260742188 0.23830117285251617 0.025446394458413128 0.033928525944550834
0 0.6048417687416077 0.24290072917938232 0.025446394458413128 0.033928525944550834
0 0.5338276028633118 0.24749378859996796 0.025446394458413128 0.033928525944550834
0 0.4629141092300415 0.2520803213119507 0.025446394458413128 0.033928525944550834
0 0.3921010196208954 0.2566603720188141 0.025446394458413128 0.033928525944550834
0 0.3213881552219391 0.261233925819397 0.025446394458413128 0.033928525944550834
0 0.2507753074169159 0.26580101251602173 0.025446394458413128 0.033928525944550834
0 0.687877357006073 0.3080363869667053 0.025446394458413128 0.033928525944550834
0 0.6129714846611023 0.3128284513950348 0.025446394458413128 0.033928525944550834
0 0.5381774306297302 0.3176133632659912 0.025446394458413128 0.033928525944550834
0 0.46349504590034485 0.3223911225795746 0.025446394458413128 0.033928525944550834
0 0.3889240026473999 0.3271617889404297 0.025446394458413128 0.033928525944550834
0 0.31446412205696106 0.33192530274391174 0.025446394458413128 0.033928525944550834
0 0.24011510610580444 0.3366817533969879 0.025446394458413128 0.033928525944550834
0 0.7011381387710571 0.3856116533279419 0.025446394458413128 0.033928525944550834
0 0.6220144033432007 0.3906116485595703 0.025446394458413128 0.033928525944550834
0 0.5430155396461487 0.3956037759780884 0.025446394458413128 0.033928525944550834
0 0.4641411304473877 0.4005880057811737 0.025446394458413128 0.033928525944550834
0 0.3853909373283386 0.40556439757347107 0.025446394458413128 0.033928525944550834
0 0.3067646920681 0.41053295135498047 0.025446394458413128 0.033928525944550834
0 0.22826208174228668 0.4154937267303467 0.025446394458413128 0.033928525944550834
0 0.7159785628318787 0.4724278151988983 0.025446394458413128 0.033928525944550834
0 0.6321337223052979 0.47765275835990906 0.025446394458413128 0.033928525944550834
0 0.5484289526939392 0.4828689992427826 0.025446394458413128 0.033928525944550834
0 0.46486398577690125 0.48807650804519653 0.025446394458413128 0.033928525944550834
0 0.3814384341239929 0.49327531456947327 0.025446394458413128 0.033928525944550834
0 0.2981519401073456 0.49846547842025757 0.025446394458413128 0.033928525944550834
0 0.21500414609909058 0.503646969795227 0.025446394458413128 0.033928525944550834
0 0.7326987981796265 0.5702406764030457 0.025446394458413128 0.033928525944550834
0 0.6435336470603943 0.5757092833518982 0.025446394458413128 0.033928525944550834
0 0.5545268654823303 0.5811681151390076 0.025446394458413128 0.033928525944550834
0 0.4656781554222107 0.5866173505783081 0.025446394458413128 0.033928525944550834
0 0.3769870102405548 0.5920568704605103 0.025446394458413128 0.033928525944550834
0 0.28845304250717163 0.5974867343902588 0.025446394458413128 0.033928525944550834
0 0.20007582008838654 0.6029070019721985 0.025446394458413128 0.033928525944550834
0 0.7516800761222839 0.681280791759491 0.025446394458413128 0.033928525944550834
0 0.656473696231842 0.6870133876800537 0.025446394458413128 0.033928525944550834
0 0.5614478588104248 0.6927351355552673 0.025446394458413128 0.033928525944550834
0 0.4666021168231964 0.6984460353851318 0.025446394458413128 0.033928525944550834
0 0.3719359338283539 0.7041460871696472 0.025446394458413128 0.033928525944550834
0 0.27744877338409424 0.709835410118103 0.025446394458413128 0.033928525944550834
0 0.18314015865325928 0.7155139446258545 0.025446394458413128 0.033928525944550834