0 0.2353566735982895 0.6619696021080017 0.03365393976370493 0.03365393976370493
0 0.3337705731391907 0.6624021530151367 0.03365393976370493 0.03365393976370493
0 0.4317944347858429 0.6628329753875732 0.03365393976370493 0.03365393976370493
0 0.5294305682182312 0.663262128829956 0.03365393976370493 0.03365393976370493
0 0.6266812682151794 0.6636895537376404 0.03365393976370493 0.03365393976370493
0 0.7235488295555115 0.664115309715271 0.03365393976370493 0.03365393976370493
0 0.820035457611084 0.6645393967628479 0.03365393976370493 0.03365393976370493
0 0.24455073475837708 0.5689091086387634 0.03365393976370493 0.03365393976370493
0 0.3396245837211609 0.5695055723190308 0.03365393976370493 0.03365393976370493
0 0.4343343675136566 0.5700998306274414 0.03365393976370493 0.03365393976370493
0 0.5286821126937866 0.5706917643547058 0.03365393976370493 0.03365393976370493
0 0.6226698756217957 0.5712814331054688 0.03365393976370493 0.03365393976370493
0 0.7162997722625732 0.5718688368797302 0.03365393976370493 0.03365393976370493
0 0.8095738291740417 0.572454035282135 0.03365393976370493 0.03365393976370493
0 0.25314316153526306 0.48193806409835815 0.03365393976370493 0.03365393976370493
0 0.34509626030921936 0.4826764762401581 0.03365393976370493 0.03365393976370493
0 0.4367086887359619 0.48341214656829834 0.03365393976370493 0.03365393976370493
0 0.5279822945594788 0.4841451346874237 0.03365393976370493 0.03365393976370493
0 0.6189190149307251 0.4848753809928894 0.03365393976370493 0.03365393976370493
0 0.709520697593689 0.4856029450893402 0.03365393976370493 0.03365393976370493
0 0.7997891902923584 0.4863278269767761 0.03365393976370493 0.03365393976370493
0 0.26119115948677063 0.40047770738601685 0.03365393976370493 0.03365393976370493
0 0.3502218723297119 0.40133917331695557 0.03365393976370493 0.03365393976370493
0 0.4389331042766571 0.40219753980636597 0.03365393976370493 0.03365393976370493
0 0.5273266434669495 0.40305283665657043 0.03365393976370493 0.03365393976370493
0 0.6154041886329651 0.40390509366989136 0.03365393976370493 0.03365393976370493
0 0.7031673192977905 0.40475428104400635 0.03365393976370493 0.03365393976370493
0 0.7906178832054138 0.4056004583835602 0.03365393976370493 0.03365393976370493
0 0.26874488592147827 0.3240203261375427 0.03365393976370493 0.03365393976370493
0 0.3550332188606262 0.32498860359191895 0.03365393976370493 0.03365393976370493
0 0.4410214126110077 0.32595348358154297 0.03365393976370493 0.03365393976370493
0 0.5267110466957092 0.32691502571105957 0.03365393976370493 0.03365393976370493
0 0.6121036410331726 0.32787322998046875 0.03365393976370493 0.03365393976370493
0 0.6972008347511292 0.3288281261920929 0.03365393976370493 0.03365393976370493
0 0.7820040583610535 0.329779714345932 0.03365393976370493 0.03365393976370493
0 0.27584850788116455 0.2521188259124756 0.03365393976370493 0.03365393976370493
0 0.3595583438873291 0.2531798183917999 0.03365393976370493 0.03365393976370493
0 0.4429856836795807 0.25423723459243774 0.03365393976370493 0.03365393976370493
0 0.5261319279670715 0.25529107451438904 0.03365393976370493 0.03365393976370493
0 0.6089984774589539 0.2563413977622986 0.03365393976370493 0.03365393976370493
0 0.6915867924690247 0.257388174533844 0.03365393976370493 0.03365393976370493
0 0.7738983035087585 0.25843143463134766 0.03365393976370493 0.03365393976370493
0 0.28254109621047974 0.1843777447938919 0.03365393976370493 0.03365393976370493
0 0.3638220727443695 0.1855192929506302 0.03365393976370493 0.03365393976370493
0 0.44483664631843567 0.18665708601474762 0.03365393976370493 0.03365393976370493
0 0.5255861282348633 0.1877911537885666 0.03365393976370493 0.03365393976370493
0 0.6060718297958374 0.18892152607440948 0.03365393976370493 0.03365393976370493
0 0.6862950325012207 0.1900482177734375 0.03365393976370493 0.03365393976370493
0 0.7662569880485535 0.19117122888565063 0.03365393976370493 0.03365393976370493