0 0.6943662166595459 0.1586369127035141 0.022905375839521486 0.03425102929274241
0 0.6191494464874268 0.15769456326961517 0.022905375839521486 0.03425102929274241
0 0.5432458519935608 0.1567436307668686 0.022905375839521486 0.03425102929274241
0 0.4666459858417511 0.15578395128250122 0.022905375839521486 0.03425102929274241
0 0.38934025168418884 0.1548154503107071 0.022905375839521486 0.03425102929274241
0 0.3113188147544861 0.15383796393871307 0.022905375839521486 0.03425102929274241
0 0.23257175087928772 0.1528513878583908 0.022905375839521486 0.03425102929274241
0 0.7065489888191223 0.23807145655155182 0.022905375839521486 0.03425102929274241
0 0.6286159157752991 0.2374686896800995 0.022905375839521486 0.03425102929274241
0 0.5499448776245117 0.2368602156639099 0.022905375839521486 0.03425102929274241
0 0.4705252945423126 0.23624595999717712 0.022905375839521486 0.03425102929274241
0 0.3903465270996094 0.23562581837177277 0.022905375839521486 0.03425102929274241
0 0.30939754843711853 0.23499971628189087 0.022905375839521486 0.03425102929274241
0 0.22766725718975067 0.23436757922172546 0.022905375839521486 0.03425102929274241
0 0.7196601033210754 0.3235591650009155 0.022905375839521486 0.03425102929274241
0 0.6388072967529297 0.32335159182548523 0.022905375839521486 0.03425102929274241
0 0.557159423828125 0.3231419622898102 0.022905375839521486 0.03425102929274241
0 0.47470465302467346 0.3229302763938904 0.022905375839521486 0.03425102929274241
0 0.3914310038089752 0.32271647453308105 0.022905375839521486 0.03425102929274241
0 0.30732619762420654 0.3225005567073822 0.022905375839521486 0.03425102929274241
0 0.22237776219844818 0.32228246331214905 0.022905375839521486 0.03425102929274241
0 0.7338099479675293 0.41581931710243225 0.022905375839521486 0.03425102929274241
0 0.6498101949691772 0.4160728454589844 0.022905375839521486 0.03425102929274241
0 0.5649513602256775 0.4163289964199066 0.022905375839521486 0.03425102929274241
0 0.4792201817035675 0.4165877401828766 0.022905375839521486 0.03425102929274241
0 0.39260315895080566 0.41684919595718384 0.022905375839521486 0.03425102929274241
0 0.30508652329444885 0.417113333940506 0.022905375839521486 0.03425102929274241
0 0.21665611863136292 0.4173802435398102 0.022905375839521486 0.03425102929274241
0 0.7491269707679749 0.5156899094581604 0.022905375839521486 0.03425102929274241
0 0.6617254614830017 0.5164831280708313 0.022905375839521486 0.03425102929274241
0 0.5733928680419922 0.5172847509384155 0.022905375839521486 0.03425102929274241
0 0.4841141700744629 0.5180950164794922 0.022905375839521486 0.03425102929274241
0 0.3938741087913513 0.518913984298706 0.022905375839521486 0.03425102929274241
0 0.3026570677757263 0.5197418332099915 0.022905375839521486 0.03425102929274241
0 0.21044708788394928 0.5205786824226379 0.022905375839521486 0.03425102929274241
0 0.7657617926597595 0.6241530776023865 0.022905375839521486 0.03425102929274241
0 0.6746715903282166 0.6255801320075989 0.022905375839521486 0.03425102929274241
0 0.5825687646865845 0.6270231008529663 0.022905375839521486 0.03425102929274241
0 0.4894362986087799 0.6284821629524231 0.022905375839521486 0.03425102929274241
0 0.3952568471431732 0.6299576759338379 0.022905375839521486 0.03425102929274241
0 0.3000126779079437 0.631449818611145 0.022905375839521486 0.03425102929274241
0 0.20368561148643494 0.6329589486122131 0.022905375839521486 0.03425102929274241
0 0.7838922142982483 0.7423676252365112 0.022905375839521486 0.03425102929274241
0 0.6887883543968201 0.7445422410964966 0.022905375839521486 0.03425102929274241
0 0.592579185962677 0.7467421293258667 0.022905375839521486 0.03425102929274241
0 0.4952453076839447 0.748967707157135 0.022905375839521486 0.03425102929274241
0 0.3967668414115906 0.7512194514274597 0.022905375839521486 0.03425102929274241
0 0.297123521566391 0.753497838973999 0.022905375839521486 0.03425102929274241
0 0.19629456102848053 0.7558033466339111 0.022905375839521486 0.03425102929274241