0 0.21371176838874817 0.6556771993637085 0.03349828471740087 0.03349828471740087
0 0.3105781376361847 0.6572795510292053 0.03349828471740087 0.03349828471740087
0 0.40748366713523865 0.6588825583457947 0.03349828471740087 0.03349828471740087
0 0.5044283270835876 0.6604862213134766 0.03349828471740087 0.03349828471740087
0 0.6014121770858765 0.6620904803276062 0.03349828471740087 0.03349828471740087
0 0.6984352469444275 0.6636954545974731 0.03349828471740087 0.03349828471740087
0 0.795497477054596 0.6653010249137878 0.03349828471740087 0.03349828471740087
0 0.2243925929069519 0.5643699169158936 0.03349828471740087 0.03349828471740087
0 0.3179868459701538 0.5659002661705017 0.03349828471740087 0.03349828471740087
0 0.41161760687828064 0.5674312114715576 0.03349828471740087 0.03349828471740087
0 0.5052849650382996 0.568962812423706 0.03349828471740087 0.03349828471740087
0 0.5989888310432434 0.5704949498176575 0.03349828471740087 0.03349828471740087
0 0.6927292943000793 0.5720277428627014 0.03349828471740087 0.03349828471740087
0 0.7865064144134521 0.5735611319541931 0.03349828471740087 0.03349828471740087
0 0.23437508940696716 0.4790322780609131 0.03349828471740087 0.03349828471740087
0 0.3249110281467438 0.48049649596214294 0.03349828471740087 0.03349828471740087
0 0.41548117995262146 0.48196128010749817 0.03349828471740087 0.03349828471740087
0 0.5060855150222778 0.48342663049697876 0.03349828471740087 0.03349828471740087
0 0.5967240333557129 0.48489251732826233 0.03349828471740087 0.03349828471740087
0 0.6873968243598938 0.48635897040367126 0.03349828471740087 0.03349828471740087
0 0.7781038880348206 0.4878259599208832 0.03349828471740087 0.03349828471740087
0 0.24372559785842896 0.39909741282463074 0.03349828471740087 0.03349828471740087
0 0.33139678835868835 0.40050068497657776 0.03349828471740087 0.03349828471740087
0 0.4191000461578369 0.40190446376800537 0.03349828471740087 0.03349828471740087
0 0.5068353414535522 0.4033087491989136 0.03349828471740087 0.03349828471740087
0 0.5946027636528015 0.40471357107162476 0.03349828471740087 0.03349828471740087
0 0.6824022531509399 0.40611886978149414 0.03349828471740087 0.03349828471740087
0 0.7702338695526123 0.4075247049331665 0.03349828471740087 0.03349828471740087
0 0.25250229239463806 0.32406800985336304 0.03349828471740087 0.03349828471740087
0 0.3374844491481781 0.3254149258136749 0.03349828471740087 0.03349828471740087
0 0.4224967360496521 0.326762318611145 0.03349828471740087 0.03349828471740087
0 0.5075391530990601 0.3281101584434509 0.03349828471740087 0.03349828471740087
0 0.5926117300987244 0.3294585049152374 0.03349828471740087 0.03349828471740087
0 0.677714467048645 0.33080732822418213 0.03349828471740087 0.03349828471740087
0 0.7628473043441772 0.33215662837028503 0.03349828471740087 0.03349828471740087
0 0.26075640320777893 0.2535059154033661 0.03349828471740087 0.03349828471740087
0 0.3432095944881439 0.25480061769485474 0.03349828471740087 0.03349828471740087
0 0.4256911277770996 0.2560957372188568 0.03349828471740087 0.03349828471740087
0 0.5082010626792908 0.2573913037776947 0.03349828471740087 0.03349828471740087
0 0.5907393097877502 0.2586873173713684 0.03349828471740087 0.03349828471740087
0 0.6733059883117676 0.25998374819755554 0.03349828471740087 0.03349828471740087
0 0.755901038646698 0.2612806558609009 0.03349828471740087 0.03349828471740087
0 0.26853325963020325 0.18702371418476105 0.03349828471740087 0.03349828471740087
0 0.34860366582870483 0.18826986849308014 0.03349828471740087 0.03349828471740087
0 0.4287007749080658 0.18951642513275146 0.03349828471740087 0.03349828471740087
0 0.5088246464729309 0.19076339900493622 0.03349828471740087 0.03349828471740087
0 0.5889752507209778 0.1920107901096344 0.03349828471740087 0.03349828471740087
0 0.6691526770591736 0.1932586133480072 0.03349828471740087 0.03349828471740087
0 0.7493568062782288 0.19450683891773224 0.03349828471740087 0.03349828471740087