0 0.26336684823036194 0.2195049524307251 0.034546504418055214 0.034546504418055214
0 0.3378068506717682 0.21751542389392853 0.034546504418055214 0.034546504418055214
0 0.4122742712497711 0.21552516520023346 0.034546504418055214 0.034546504418055214
0 0.4867691397666931 0.2135341614484787 0.034546504418055214 0.034546504418055214
0 0.5612914562225342 0.21154242753982544 0.034546504418055214 0.034546504418055214
0 0.6358413100242615 0.20954996347427368 0.034546504418055214 0.034546504418055214
0 0.7104185819625854 0.20755675435066223 0.034546504418055214 0.034546504418055214
0 0.2524207532405853 0.2718934714794159 0.034546504418055214 0.034546504418055214
0 0.3299691677093506 0.2698308527469635 0.034546504418055214 0.034546504418055214
0 0.40754735469818115 0.26776745915412903 0.034546504418055214 0.034546504418055214
0 0.4851553440093994 0.2657032608985901 0.034546504418055214 0.034546504418055214
0 0.5627931356430054 0.2636382579803467 0.034546504418055214 0.034546504418055214
0 0.640460729598999 0.2615724802017212 0.034546504418055214 0.034546504418055214
0 0.7181581854820251 0.25950589776039124 0.034546504418055214 0.034546504418055214
0 0.2405201494693756 0.3288501799106598 0.034546504418055214 0.034546504418055214
0 0.3214479088783264 0.3267090320587158 0.034546504418055214 0.034546504418055214
0 0.40240809321403503 0.3245670199394226 0.034546504418055214 0.034546504418055214
0 0.48340070247650146 0.32242414355278015 0.034546504418055214 0.034546504418055214
0 0.5644257664680481 0.32028043270111084 0.034546504418055214 0.034546504418055214
0 0.6454833745956421 0.3181358277797699 0.034546504418055214 0.034546504418055214
0 0.7265734076499939 0.3159903883934021 0.034546504418055214 0.034546504418055214
0 0.22753454744815826 0.39099979400634766 0.034546504418055214 0.034546504418055214
0 0.3121495842933655 0.388774037361145 0.034546504418055214 0.034546504418055214
0 0.39680007100105286 0.38654735684394836 0.034546504418055214 0.034546504418055214
0 0.4814860224723816 0.3843197226524353 0.034546504418055214 0.034546504418055214
0 0.5662074685096741 0.3820911645889282 0.034546504418055214 0.034546504418055214
0 0.6509643793106079 0.37986165285110474 0.034546504418055214 0.034546504418055214
0 0.7357568740844727 0.37763121724128723 0.034546504418055214 0.034546504418055214
0 0.2133084386587143 0.45908647775650024 0.034546504418055214 0.034546504418055214
0 0.30196279287338257 0.45676931738853455 0.034546504418055214 0.034546504418055214
0 0.39065608382225037 0.45445114374160767 0.034546504418055214 0.034546504418055214
0 0.4793882966041565 0.4521319568157196 0.034546504418055214 0.034546504418055214
0 0.5681594610214233 0.449811726808548 0.034546504418055214 0.034546504418055214
0 0.6569696068763733 0.44749051332473755 0.034546504418055214 0.034546504418055214
0 0.7458187937736511 0.44516825675964355 0.034546504418055214 0.034546504418055214
0 0.19765518605709076 0.5340035557746887 0.034546504418055214 0.034546504418055214
0 0.2907538414001465 0.5315874218940735 0.034546504418055214 0.034546504418055214
0 0.3838954269886017 0.5291701555252075 0.034546504418055214 0.034546504418055214
0 0.47707995772361755 0.5267518162727356 0.034546504418055214 0.034546504418055214
0 0.5703074932098389 0.5243322849273682 0.034546504418055214 0.034546504418055214
0 0.6635779738426208 0.5219116806983948 0.034546504418055214 0.034546504418055214
0 0.7568915486335754 0.5194899439811707 0.034546504418055214 0.034546504418055214
0 0.18034866452217102 0.6168332695960999 0.034546504418055214 0.034546504418055214
0 0.2783607542514801 0.614309549331665 0.034546504418055214 0.034546504418055214
0 0.37642040848731995 0.6117846965789795 0.034546504418055214 0.034546504418055214
0 0.4745276868343353 0.6092585325241089 0.034546504418055214 0.034546504418055214
0 0.5726825594902039 0.6067311763763428 0.034546504418055214 0.034546504418055214
0 0.6708851456642151 0.6042026281356812 0.034546504418055214 0.034546504418055214
0 0.7691354155540466 0.6016727685928345 0.034546504418055214 0.034546504418055214