0 0.7411108613014221 0.2661486268043518 0.030692679186662037 0.030692679186662037
0 0.6693369150161743 0.26674720644950867 0.030692679186662037 0.030692679186662037
0 0.598025918006897 0.2673419415950775 0.030692679186662037 0.030692679186662037
0 0.5271734595298767 0.26793286204338074 0.030692679186662037 0.030692679186662037
0 0.45677512884140015 0.26851996779441833 0.030692679186662037 0.030692679186662037
0 0.3868265450000763 0.26910334825515747 0.030692679186662037 0.030692679186662037
0 0.3173234164714813 0.26968300342559814 0.030692679186662037 0.030692679186662037
0 0.7481544613838196 0.3279641270637512 0.030692679186662037 0.030692679186662037
0 0.6738713383674622 0.32837650179862976 0.030692679186662037 0.030692679186662037
0 0.6000839471817017 0.32878613471984863 0.030692679186662037 0.030692679186662037
0 0.5267873406410217 0.32919302582740784 0.030692679186662037 0.030692679186662037
0 0.453976571559906 0.32959723472595215 0.030692679186662037 0.030692679186662037
0 0.38164687156677246 0.32999876141548157 0.030692679186662037 0.030692679186662037
0 0.30979350209236145 0.3303976356983185 0.030692679186662037 0.030692679186662037
0 0.7557051777839661 0.39423003792762756 0.030692679186662037 0.030692679186662037
0 0.6787311434745789 0.39442741870880127 0.030692679186662037 0.030692679186662037
0 0.6022891402244568 0.39462339878082275 0.030692679186662037 0.030692679186662037
0 0.5263736248016357 0.3948180675506592 0.030692679186662037 0.030692679186662037
0 0.4509792923927307 0.39501136541366577 0.030692679186662037 0.030692679186662037
0 0.37610068917274475 0.3952033817768097 0.030692679186662037 0.030692679186662037
0 0.3017325699329376 0.39539405703544617 0.030692679186662037 0.030692679186662037
0 0.7638198137283325 0.465444952249527 0.030692679186662037 0.030692679186662037
0 0.6839525699615479 0.4653935134410858 0.030692679186662037 0.030692679186662037
0 0.6046578288078308 0.4653424322605133 0.030692679186662037 0.030692679186662037
0 0.5259293913841248 0.46529170870780945 0.030692679186662037 0.030692679186662037
0 0.44776132702827454 0.46524137258529663 0.030692679186662037 0.030692679186662037
0 0.37014761567115784 0.4651913642883301 0.030692679186662037 0.030692679186662037
0 0.2930823862552643 0.4651417136192322 0.030692679186662037 0.030692679186662037
0 0.7725639939308167 0.5421847701072693 0.030692679186662037 0.030692679186662037
0 0.6895775198936462 0.5418446063995361 0.030692679186662037 0.030692679186662037
0 0.6072089076042175 0.5415070652961731 0.030692679186662037 0.030692679186662037
0 0.525451123714447 0.5411719679832458 0.030692679186662037 0.030692679186662037
0 0.4442974328994751 0.5408393144607544 0.030692679186662037 0.030692679186662037
0 0.3637412190437317 0.5405091643333435 0.030692679186662037 0.030692679186662037
0 0.28377586603164673 0.5401813983917236 0.030692679186662037 0.030692679186662037
0 0.7820138931274414 0.6251183748245239 0.030692679186662037 0.030692679186662037
0 0.6956547498703003 0.6244422793388367 0.030692679186662037 0.030692679186662037
0 0.6099642515182495 0.6237714290618896 0.030692679186662037 0.030692679186662037
0 0.5249346494674683 0.6231057047843933 0.030692679186662037 0.030692679186662037
0 0.4405582547187805 0.6224451661109924 0.030692679186662037 0.030692679186662037
0 0.35682761669158936 0.6217896342277527 0.030692679186662037 0.030692679186662037
0 0.273735374212265 0.6211391091346741 0.030692679186662037 0.030692679186662037
0 0.792258620262146 0.7150271534919739 0.030692679186662037 0.030692679186662037
0 0.702241063117981 0.713958740234375 0.030692679186662037 0.030692679186662037
0 0.612949550151825 0.7128989100456238 0.030692679186662037 0.030692679186662037
0 0.5243752598762512 0.7118476033210754 0.030692679186662037 0.030692679186662037
0 0.4365096092224121 0.7108047008514404 0.030692679186662037 0.030692679186662037
0 0.3493441641330719 0.709770143032074 0.030692679186662037 0.030692679186662037
0 0.26287052035331726 0.7087437510490417 0.030692679186662037 0.030692679186662037