0 0.2341580092906952 0.20662009716033936 0.03565849115451177 0.03565849115451177
0 0.3120967745780945 0.20655664801597595 0.03565849115451177 0.03565849115451177
0 0.38984131813049316 0.20649337768554688 0.03565849115451177 0.03565849115451177
0 0.46739235520362854 0.20643025636672974 0.03565849115451177 0.03565849115451177
0 0.5447506308555603 0.20636728405952454 0.03565849115451177 0.03565849115451177
0 0.6219168305397034 0.20630447566509247 0.03565849115451177 0.03565849115451177
0 0.6988916993141174 0.20624181628227234 0.03565849115451177 0.03565849115451177
0 0.22309787571430206 0.2616576850414276 0.03565849115451177 0.03565849115451177
0 0.30425530672073364 0.2615201473236084 0.03565849115451177 0.03565849115451177
0 0.38520219922065735 0.26138296723365784 0.03565849115451177 0.03565849115451177
0 0.46593937277793884 0.2612461447715759 0.03565849115451177 0.03565849115451177
0 0.5464676022529602 0.26110967993736267 0.03565849115451177 0.03565849115451177
0 0.6267877817153931 0.26097357273101807 0.03565849115451177 0.03565849115451177
0 0.7069005966186523 0.2608378231525421 0.03565849115451177 0.03565849115451177
0 0.21108801662921906 0.32142123579978943 0.03565849115451177 0.03565849115451177
0 0.2957414388656616 0.32119685411453247 0.03565849115451177 0.03565849115451177
0 0.38016581535339355 0.32097309827804565 0.03565849115451177 0.03565849115451177
0 0.46436211466789246 0.3207499086856842 0.03565849115451177 0.03565849115451177
0 0.5483312606811523 0.3205273449420929 0.03565849115451177 0.03565849115451177
0 0.6320741176605225 0.32030537724494934 0.03565849115451177 0.03565849115451177
0 0.7155916690826416 0.3200840353965759 0.03565849115451177 0.03565849115451177
0 0.19800063967704773 0.3865468204021454 0.03565849115451177 0.03565849115451177
0 0.28646475076675415 0.38622021675109863 0.03565849115451177 0.03565849115451177
0 0.3746788501739502 0.3858945369720459 0.03565849115451177 0.03565849115451177
0 0.46264395117759705 0.3855697810649872 0.03565849115451177 0.03565849115451177
0 0.550361156463623 0.3852459490299225 0.03565849115451177 0.03565849115451177
0 0.637831449508667 0.3849230110645294 0.03565849115451177 0.03565849115451177
0 0.7250559329986572 0.38460099697113037 0.03565849115451177 0.03565849115451177
0 0.18368391692638397 0.45778989791870117 0.03565849115451177 0.03565849115451177
0 0.2763179838657379 0.4573424160480499 0.03565849115451177 0.03565849115451177
0 0.3686779737472534 0.45689627528190613 0.03565849115451177 0.03565849115451177
0 0.46076512336730957 0.4564514756202698 0.03565849115451177 0.03565849115451177
0 0.5525805950164795 0.4560079574584961 0.03565849115451177 0.03565849115451177
0 0.6441255807876587 0.45556575059890747 0.03565849115451177 0.03565849115451177
0 0.7354013323783875 0.4551248550415039 0.03565849115451177 0.03565849115451177
0 0.16795608401298523 0.5360549092292786 0.03565849115451177 0.03565849115451177
0 0.26517266035079956 0.535463809967041 0.03565849115451177 0.03565849115451177
0 0.3620874881744385 0.5348744988441467 0.03565849115451177 0.03565849115451177
0 0.4587019383907318 0.5342869758605957 0.03565849115451177 0.03565849115451177
0 0.5550174117088318 0.5337013602256775 0.03565849115451177 0.03565849115451177
0 0.6510353088378906 0.5331174731254578 0.03565849115451177 0.03565849115451177
0 0.7467569708824158 0.5325354337692261 0.03565849115451177 0.03565849115451177
0 0.1505976915359497 0.6224339008331299 0.03565849115451177 0.03565849115451177
0 0.2528737783432007 0.6216709613800049 0.03565849115451177 0.03565849115451177
0 0.3548159897327423 0.6209104657173157 0.03565849115451177 0.03565849115451177
0 0.4564259350299835 0.620152473449707 0.03565849115451177 0.03565849115451177
0 0.557705283164978 0.619396984577179 0.03565849115451177 0.03565849115451177
0 0.65865558385849 0.6186438798904419 0.03565849115451177 0.03565849115451177
0 0.7592784762382507 0.6178932785987854 0.03565849115451177 0.03565849115451177