0 0.7079566717147827 0.2729377746582031 0.0329379141330719 0.0329379141330719
0 0.6388424038887024 0.273501992225647 0.0329379141330719 0.0329379141330719
0 0.5695967078208923 0.2740672826766968 0.0329379141330719 0.0329379141330719
0 0.5002192258834839 0.27463361620903015 0.0329379141330719 0.0329379141330719
0 0.430709570646286 0.27520108222961426 0.0329379141330719 0.0329379141330719
0 0.36106738448143005 0.27576959133148193 0.0329379141330719 0.0329379141330719
0 0.2912922501564026 0.27633920311927795 0.0329379141330719 0.0329379141330719
0 0.7184903621673584 0.32615017890930176 0.0329379141330719 0.0329379141330719
0 0.646327555179596 0.3267921209335327 0.0329379141330719 0.0329379141330719
0 0.5740214586257935 0.32743537425994873 0.0329379141330719 0.0329379141330719
0 0.5015716552734375 0.32807987928390503 0.0329379141330719 0.0329379141330719
0 0.42897769808769226 0.328725665807724 0.0329379141330719 0.0329379141330719
0 0.3562391698360443 0.329372763633728 0.0329379141330719 0.0329379141330719
0 0.28335562348365784 0.3300211429595947 0.0329379141330719 0.0329379141330719
0 0.7299987077713013 0.38428592681884766 0.0329379141330719 0.0329379141330719
0 0.6545060276985168 0.38501793146133423 0.0329379141330719 0.0329379141330719
0 0.5788564682006836 0.38575148582458496 0.0329379141330719 0.0329379141330719
0 0.5030496120452881 0.3864865303039551 0.0329379141330719 0.0329379141330719
0 0.42708492279052734 0.38722312450408936 0.0329379141330719 0.0329379141330719
0 0.3509618937969208 0.3879612684249878 0.0329379141330719 0.0329379141330719
0 0.2746800482273102 0.388700932264328 0.0329379141330719 0.0329379141330719
0 0.7426234483718872 0.44806143641471863 0.0329379141330719 0.0329379141330719
0 0.6634787321090698 0.44889840483665466 0.0329379141330719 0.0329379141330719
0 0.5841615796089172 0.44973719120025635 0.0329379141330719 0.0329379141330719
0 0.5046714544296265 0.4505777955055237 0.0329379141330719 0.0329379141330719
0 0.42500773072242737 0.45142024755477905 0.0329379141330719 0.0329379141330719
0 0.34516990184783936 0.45226454734802246 0.0329379141330719 0.0329379141330719
0 0.2651573717594147 0.4531106948852539 0.0329379141330719 0.0329379141330719
0 0.7565353512763977 0.518339216709137 0.0329379141330719 0.0329379141330719
0 0.6733672618865967 0.5192992687225342 0.0329379141330719 0.0329379141330719
0 0.5900087952613831 0.5202615261077881 0.0329379141330719 0.0329379141330719
0 0.5064591765403748 0.5212259888648987 0.0329379141330719 0.0329379141330719
0 0.42271777987480164 0.522192656993866 0.0329379141330719 0.0329379141330719
0 0.33878397941589355 0.5231615900993347 0.0329379141330719 0.0329379141330719
0 0.2546570599079132 0.5241326689720154 0.0329379141330719 0.0329379141330719
0 0.7719418406486511 0.5961671471595764 0.0329379141330719 0.0329379141330719
0 0.6843194961547852 0.5972726345062256 0.0329379141330719 0.0329379141330719
0 0.5964856743812561 0.5983808040618896 0.0329379141330719 0.0329379141330719
0 0.5084396600723267 0.5994916558265686 0.0329379141330719 0.0329379141330719
0 0.42018061876296997 0.6006051898002625 0.0329379141330719 0.0329379141330719
0 0.33170783519744873 0.6017213463783264 0.0329379141330719 0.0329379141330719
0 0.24302048981189728 0.6028403043746948 0.0329379141330719 0.0329379141330719
0 0.7890974879264832 0.6828309893608093 0.0329379141330719 0.0329379141330719
0 0.6965166926383972 0.6841096878051758 0.0329379141330719 0.0329379141330719
0 0.603699803352356 0.6853916645050049 0.0329379141330719 0.0329379141330719
0 0.510645866394043 0.6866769194602966 0.0329379141330719 0.0329379141330719
0 0.41735395789146423 0.6879653930664062 0.0329379141330719 0.0329379141330719
0 0.3238231837749481 0.6892572641372681 0.0329379141330719 0.0329379141330719
0 0.2300526350736618 0.6905523538589478 0.0329379141330719 0.0329379141330719