0 0.7153298258781433 0.178376704454422 0.025087958201766014 0.03345061093568802
0 0.6471566557884216 0.17698794603347778 0.025087958201766014 0.03345061093568802
0 0.5791549682617188 0.17560268938541412 0.025087958201766014 0.03345061093568802
0 0.5113241076469421 0.17422090470790863 0.025087958201766014 0.03345061093568802
0 0.44366347789764404 0.1728425920009613 0.025087958201766014 0.03345061093568802
0 0.37617242336273193 0.17146773636341095 0.025087958201766014 0.03345061093568802
0 0.3088502883911133 0.17009630799293518 0.025087958201766014 0.03345061093568802
0 0.7242936491966248 0.2440979778766632 0.025087958201766014 0.03345061093568802
0 0.6527842879295349 0.2425546944141388 0.025087958201766014 0.03345061093568802
0 0.5814635753631592 0.2410154789686203 0.025087958201766014 0.03345061093568802
0 0.5103307962417603 0.23948031663894653 0.025087958201766014 0.03345061093568802
0 0.43938517570495605 0.2379492074251175 0.025087958201766014 0.03345061093568802
0 0.3686259686946869 0.2364221066236496 0.025087958201766014 0.03345061093568802
0 0.29805245995521545 0.23489902913570404 0.025087958201766014 0.03345061093568802
0 0.7341777682304382 0.31656667590141296 0.025087958201766014 0.03345061093568802
0 0.658988893032074 0.31484368443489075 0.025087958201766014 0.03345061093568802
0 0.5840085744857788 0.3131254315376282 0.025087958201766014 0.03345061093568802
0 0.5092359185218811 0.31141194701194763 0.025087958201766014 0.03345061093568802
0 0.43467003107070923 0.30970320105552673 0.025087958201766014 0.03345061093568802
0 0.36031007766723633 0.3079991638660431 0.025087958201766014 0.03345061093568802
0 0.28615519404411316 0.3062998354434967 0.025087958201766014 0.03345061093568802
0 0.7451315522193909 0.3968782126903534 0.025087958201766014 0.03345061093568802
0 0.6658640503883362 0.39494454860687256 0.025087958201766014 0.03345061093568802
0 0.5868282318115234 0.3930165469646454 0.025087958201766014 0.03345061093568802
0 0.5080230832099915 0.3910941481590271 0.025087958201766014 0.03345061093568802
0 0.42944759130477905 0.3891773819923401 0.025087958201766014 0.03345061093568802
0 0.35110077261924744 0.3872661888599396 0.025087958201766014 0.03345061093568802
0 0.2729816138744354 0.3853605389595032 0.025087958201766014 0.03345061093568802
0 0.7573385834693909 0.4863785207271576 0.025087958201766014 0.03345061093568802
0 0.6735245585441589 0.4841959476470947 0.025087958201766014 0.03345061093568802
0 0.5899694561958313 0.4820201098918915 0.025087958201766014 0.03345061093568802
0 0.5066720843315125 0.47985097765922546 0.025087958201766014 0.03345061093568802
0 0.42363131046295166 0.4776885509490967 0.025087958201766014 0.03345061093568802
0 0.34084588289260864 0.47553274035453796 0.025087958201766014 0.03345061093568802
0 0.25831466913223267 0.4733835756778717 0.025087958201766014 0.03345061093568802
0 0.7710270881652832 0.5867403149604797 0.025087958201766014 0.03345061093568802
0 0.6821132302284241 0.5842608213424683 0.025087958201766014 0.03345061093568802
0 0.5934906601905823 0.581789493560791 0.025087958201766014 0.03345061093568802
0 0.505158007144928 0.5793262124061584 0.025087958201766014 0.03345061093568802
0 0.4171138107776642 0.5768709778785706 0.025087958201766014 0.03345061093568802
0 0.32935667037963867 0.5744237899780273 0.025087958201766014 0.03345061093568802
0 0.24188517034053802 0.5719845294952393 0.025087958201766014 0.03345061093568802
0 0.7864840626716614 0.700068473815918 0.025087958201766014 0.03345061093568802
0 0.6918095350265503 0.6972311735153198 0.025087958201766014 0.03345061093568802
0 0.5974652171134949 0.6944037675857544 0.025087958201766014 0.03345061093568802
0 0.5034492611885071 0.6915861368179321 0.025087958201766014 0.03345061093568802
0 0.40976008772850037 0.6887784004211426 0.025087958201766014 0.03345061093568802
0 0.31639590859413147 0.6859803199768066 0.025087958201766014 0.03345061093568802
0 0.22335508465766907 0.6831919550895691 0.025087958201766014 0.03345061093568802