0 0.29220059514045715 0.6518030166625977 0.020820075646042824 0.02776010086139043
0 0.3703947365283966 0.650383710861206 0.020820075646042824 0.02776010086139043
0 0.4489802122116089 0.6489573121070862 0.020820075646042824 0.02776010086139043
0 0.5279600024223328 0.6475237607955933 0.020820075646042824 0.02776010086139043
0 0.6073369979858398 0.6460829973220825 0.020820075646042824 0.02776010086139043
0 0.6871142983436584 0.6446349620819092 0.020820075646042824 0.02776010086139043
0 0.7672948837280273 0.6431795954704285 0.020820075646042824 0.02776010086139043
0 0.3025003671646118 0.5615667104721069 0.020820075646042824 0.02776010086139043
0 0.3770820200443268 0.5599986910820007 0.020820075646042824 0.02776010086139043
0 0.45201951265335083 0.5584231019020081 0.020820075646042824 0.02776010086139043
0 0.5273154377937317 0.5568400621414185 0.020820075646042824 0.02776010086139043
0 0.6029723286628723 0.5552493929862976 0.020820075646042824 0.02776010086139043
0 0.6789928078651428 0.5536510944366455 0.020820075646042824 0.02776010086139043
0 0.7553794980049133 0.5520451068878174 0.020820075646042824 0.02776010086139043
0 0.31188666820526123 0.47933337092399597 0.020820075646042824 0.02776010086139043
0 0.383174866437912 0.477647989988327 0.020820075646042824 0.02776010086139043
0 0.4547880291938782 0.47595492005348206 0.020820075646042824 0.02776010086139043
0 0.5267283916473389 0.47425413131713867 0.020820075646042824 0.02776010086139043
0 0.5989982485771179 0.4725455641746521 0.020820075646042824 0.02776010086139043
0 0.6715998649597168 0.4708291292190552 0.020820075646042824 0.02776010086139043
0 0.7445354461669922 0.4691047966480255 0.020820075646042824 0.02776010086139043
0 0.32047587633132935 0.4040835201740265 0.020820075646042824 0.02776010086139043
0 0.3887491524219513 0.4023060202598572 0.020820075646042824 0.02776010086139043
0 0.4573204219341278 0.4005207419395447 0.020820075646042824 0.02776010086139043
0 0.5261915922164917 0.398727685213089 0.020820075646042824 0.02776010086139043
0 0.5953646898269653 0.39692673087120056 0.020820075646042824 0.02776010086139043
0 0.6648416519165039 0.3951179087162018 0.020820075646042824 0.02776010086139043
0 0.7346245050430298 0.3933010995388031 0.020820075646042824 0.02776010086139043
0 0.32836535573005676 0.3349638283252716 0.020820075646042824 0.02776010086139043
0 0.3938683867454529 0.33311453461647034 0.020820075646042824 0.02776010086139043
0 0.4596456289291382 0.3312574625015259 0.020820075646042824 0.02776010086139043
0 0.5256987810134888 0.32939261198043823 0.020820075646042824 0.02776010086139043
0 0.5920295715332031 0.3275199234485626 0.020820075646042824 0.02776010086139043
0 0.6586397886276245 0.32563936710357666 0.020820075646042824 0.02776010086139043
0 0.7255311608314514 0.3237508535385132 0.020820075646042824 0.02776010086139043
0 0.33563727140426636 0.2712545394897461 0.020820075646042824 0.02776010086139043
0 0.39858612418174744 0.2693499028682709 0.020820075646042824 0.02776010086139043
0 0.4617881178855896 0.267437607049942 0.020820075646042824 0.02776010086139043
0 0.5252447724342346 0.26551762223243713 0.020820075646042824 0.02776010086139043
0 0.588957667350769 0.26358985900878906 0.020820075646042824 0.02776010086139043
0 0.6529282927513123 0.2616543173789978 0.020820075646042824 0.02776010086139043
0 0.7171582579612732 0.2597109079360962 0.020820075646042824 0.02776010086139043
0 0.3423614203929901 0.21234431862831116 0.020820075646042824 0.02776010086139043
0 0.4029477834701538 0.21039779484272003 0.020820075646042824 0.02776010086139043
0 0.4637685716152191 0.2084437608718872 0.020820075646042824 0.02776010086139043
0 0.5248251557350159 0.20648212730884552 0.020820075646042824 0.02776010086139043
0 0.5861189365386963 0.20451289415359497 0.020820075646042824 0.02776010086139043
0 0.647651195526123 0.2025359869003296 0.020820075646042824 0.02776010086139043
0 0.7094234824180603 0.200551375746727 0.020820075646042824 0.02776010086139043