0 0.7342027425765991 0.1541864573955536 0.02037607662172781 0.034197611113389335
0 0.6611405611038208 0.15402144193649292 0.02037607662172781 0.034197611113389335
0 0.5884013175964355 0.15385714173316956 0.02037607662172781 0.034197611113389335
0 0.5159828066825867 0.1536935716867447 0.02037607662172781 0.034197611113389335
0 0.4438829720020294 0.15353071689605713 0.02037607662172781 0.034197611113389335
0 0.3720996379852295 0.15336859226226807 0.02037607662172781 0.034197611113389335
0 0.3006308078765869 0.15320716798305511 0.02037607662172781 0.034197611113389335
0 0.742301344871521 0.23455968499183655 0.02037607662172781 0.034197611113389335
0 0.6663557887077332 0.23420321941375732 0.02037607662172781 0.034197611113389335
0 0.5907589793205261 0.23384839296340942 0.02037607662172781 0.034197611113389335
0 0.5155085325241089 0.23349517583847046 0.02037607662172781 0.034197611113389335
0 0.44060206413269043 0.23314358294010162 0.02037607662172781 0.034197611113389335
0 0.3660372495651245 0.23279359936714172 0.02037607662172781 0.034197611113389335
0 0.2918117642402649 0.23244521021842957 0.02037607662172781 0.034197611113389335
0 0.7510626316070557 0.32150882482528687 0.02037607662172781 0.034197611113389335
0 0.6719966530799866 0.32092952728271484 0.02037607662172781 0.034197611113389335
0 0.5933085680007935 0.3203530013561249 0.02037607662172781 0.034197611113389335
0 0.5149956941604614 0.3197792172431946 0.02037607662172781 0.034197611113389335
0 0.4370552897453308 0.31920817494392395 0.02037607662172781 0.034197611113389335
0 0.3594847321510315 0.3186398446559906 0.02037607662172781 0.034197611113389335
0 0.28228139877319336 0.31807419657707214 0.02037607662172781 0.034197611113389335
0 0.7605712413787842 0.41587531566619873 0.02037607662172781 0.034197611113389335
0 0.6781175136566162 0.4150357246398926 0.02037607662172781 0.034197611113389335
0 0.5960745811462402 0.4142003059387207 0.02037607662172781 0.034197611113389335
0 0.5144394040107727 0.4133690297603607 0.02037607662172781 0.034197611113389335
0 0.4332089424133301 0.4125418961048126 0.02037607662172781 0.034197611113389335
0 0.3523801565170288 0.41171884536743164 0.02037607662172781 0.034197611113389335
0 0.2719500958919525 0.4108998477458954 0.02037607662172781 0.034197611113389335
0 0.7709271907806396 0.5186505913734436 0.02037607662172781 0.034197611113389335
0 0.6847823858261108 0.5175056457519531 0.02037607662172781 0.034197611113389335
0 0.599085807800293 0.5163666009902954 0.02037607662172781 0.034197611113389335
0 0.5138339996337891 0.5152335166931152 0.02037607662172781 0.034197611113389335
0 0.429023414850235 0.514106273651123 0.02037607662172781 0.034197611113389335
0 0.34465065598487854 0.5129848718643188 0.02037607662172781 0.034197611113389335
0 0.2607123851776123 0.5118691921234131 0.02037607662172781 0.034197611113389335
0 0.7822489142417908 0.6310110092163086 0.02037607662172781 0.034197611113389335
0 0.6920671463012695 0.6295061111450195 0.02037607662172781 0.034197611113389335
0 0.6023763418197632 0.6280093789100647 0.02037607662172781 0.034197611113389335
0 0.5131725668907166 0.6265207529067993 0.02037607662172781 0.034197611113389335
0 0.4244517385959625 0.6250402331352234 0.02037607662172781 0.034197611113389335
0 0.3362100422382355 0.6235677003860474 0.02037607662172781 0.034197611113389335
0 0.2484435737133026 0.6221030950546265 0.02037607662172781 0.034197611113389335
0 0.794678270816803 0.7543630599975586 0.02037607662172781 0.034197611113389335
0 0.7000625133514404 0.7524316310882568 0.02037607662172781 0.034197611113389335
0 0.6059869527816772 0.7505111694335938 0.02037607662172781 0.034197611113389335
0 0.512446939945221 0.7486017346382141 0.02037607662172781 0.034197611113389335
0 0.4194379448890686 0.7467030882835388 0.02037607662172781 0.034197611113389335
0 0.3269554078578949 0.7448152303695679 0.02037607662172781 0.034197611113389335
0 0.23499487340450287 0.7429379820823669 0.02037607662172781 0.034197611113389335