0 0.3356921970844269 0.3911064863204956 0.019122131168842316 0.025496174891789753
0 0.33051878213882446 0.4479295611381531 0.019122131168842316 0.025496174891789753
0 0.3250253200531006 0.5082681775093079 0.019122131168842316 0.025496174891789753
0 0.3191811144351959 0.5724590420722961 0.019122131168842316 0.025496174891789753
0 0.3129515051841736 0.6408831477165222 0.019122131168842316 0.025496174891789753
0 0.30629703402519226 0.7139735817909241 0.019122131168842316 0.025496174891789753
0 0.2991727590560913 0.7922245264053345 0.019122131168842316 0.025496174891789753
0 0.39659690856933594 0.39209306240081787 0.019122131168842316 0.025496174891789753
0 0.3932512104511261 0.4489422142505646 0.019122131168842316 0.025496174891789753
0 0.38969850540161133 0.5093082785606384 0.019122131168842316 0.025496174891789753
0 0.3859190344810486 0.5735280513763428 0.019122131168842316 0.025496174891789753
0 0.38189032673835754 0.6419827342033386 0.019122131168842316 0.025496174891789753
0 0.37758690118789673 0.7151054739952087 0.019122131168842316 0.025496174891789753
0 0.37297964096069336 0.7933906316757202 0.019122131168842316 0.025496174891789753
0 0.45749422907829285 0.393079549074173 0.019122131168842316 0.025496174891789753
0 0.4559757709503174 0.44995471835136414 0.019122131168842316 0.025496174891789753
0 0.4543634057044983 0.5103482007980347 0.019122131168842316 0.025496174891789753
0 0.4526481032371521 0.5745969414710999 0.019122131168842316 0.025496174891789753
0 0.450819730758667 0.6430821418762207 0.019122131168842316 0.025496174891789753
0 0.4488666355609894 0.7162371873855591 0.019122131168842316 0.025496174891789753
0 0.4467757046222687 0.7945565581321716 0.019122131168842316 0.025496174891789753
0 0.5183841586112976 0.39406588673591614 0.019122131168842316 0.025496174891789753
0 0.5186925530433655 0.45096710324287415 0.019122131168842316 0.025496174891789753
0 0.5190199613571167 0.5113880634307861 0.019122131168842316 0.025496174891789753
0 0.5193683505058289 0.5756656527519226 0.019122131168842316 0.025496174891789753
0 0.5197396278381348 0.6441814303398132 0.019122131168842316 0.025496174891789753
0 0.520136296749115 0.7173687815666199 0.019122131168842316 0.025496174891789753
0 0.5205609202384949 0.7957223057746887 0.019122131168842316 0.025496174891789753
0 0.5792667269706726 0.39505213499069214 0.019122131168842316 0.025496174891789753
0 0.5814014673233032 0.451979398727417 0.019122131168842316 0.025496174891789753
0 0.5836682319641113 0.5124277472496033 0.019122131168842316 0.025496174891789753
0 0.5860796570777893 0.5767342448234558 0.019122131168842316 0.025496174891789753
0 0.588650107383728 0.6452805399894714 0.019122131168842316 0.025496174891789753
0 0.5913957953453064 0.7185001373291016 0.019122131168842316 0.025496174891789753
0 0.5943353176116943 0.7968879342079163 0.019122131168842316 0.025496174891789753
0 0.6401419043540955 0.3960382342338562 0.019122131168842316 0.025496174891789753
0 0.6441025733947754 0.4529915153980255 0.019122131168842316 0.025496174891789753
0 0.6483081579208374 0.5134673118591309 0.019122131168842316 0.025496174891789753
0 0.6527822017669678 0.5778027176856995 0.019122131168842316 0.025496174891789753
0 0.6575511693954468 0.6463795304298401 0.019122131168842316 0.025496174891789753
0 0.6626452207565308 0.7196314334869385 0.019122131168842316 0.025496174891789753
0 0.6680988669395447 0.7980533242225647 0.019122131168842316 0.025496174891789753
0 0.7010096907615662 0.3970242440700531 0.019122131168842316 0.025496174891789753
0 0.7067958116531372 0.45400354266166687 0.019122131168842316 0.025496174891789753
0 0.7129397988319397 0.5145066976547241 0.019122131168842316 0.025496174891789753
0 0.7194758057594299 0.5788710117340088 0.019122131168842316 0.025496174891789753
0 0.7264427542686462 0.6474783420562744 0.019122131168842316 0.025496174891789753
0 0.7338845729827881 0.7207624912261963 0.019122131168842316 0.025496174891789753
0 0.7418516278266907 0.7992185950279236 0.019122131168842316 0.025496174891789753