0 0.2673102915287018 0.2289709746837616 0.03615780174732208 0.03615780174732208
0 0.34491363167762756 0.22646069526672363 0.03615780174732208 0.03615780174732208
0 0.422495573759079 0.22395111620426178 0.03615780174732208 0.03615780174732208
0 0.5000560879707336 0.22144222259521484 0.03615780174732208 0.03615780174732208
0 0.5775952339172363 0.21893401443958282 0.03615780174732208 0.03615780174732208
0 0.6551130414009094 0.21642649173736572 0.03615780174732208 0.03615780174732208
0 0.7326094508171082 0.21391966938972473 0.03615780174732208 0.03615780174732208
0 0.25941482186317444 0.2838718891143799 0.03615780174732208 0.03615780174732208
0 0.34031036496162415 0.28124725818634033 0.03615780174732208 0.03615780174732208
0 0.42118266224861145 0.2786233723163605 0.03615780174732208 0.03615780174732208
0 0.5020317435264587 0.2760002613067627 0.03615780174732208 0.03615780174732208
0 0.5828575491905212 0.2733778655529022 0.03615780174732208 0.03615780174732208
0 0.6636601090431213 0.2707562744617462 0.03615780174732208 0.03615780174732208
0 0.7444394826889038 0.2681353986263275 0.03615780174732208 0.03615780174732208
0 0.2508198916912079 0.34363633394241333 0.03615780174732208 0.03615780174732208
0 0.33529940247535706 0.34088650345802307 0.03615780174732208 0.03615780174732208
0 0.4197535216808319 0.3381374776363373 0.03615780174732208 0.03615780174732208
0 0.5041822791099548 0.33538928627967834 0.03615780174732208 0.03615780174732208
0 0.5885857343673706 0.33264192938804626 0.03615780174732208 0.03615780174732208
0 0.6729637980461121 0.32989537715911865 0.03615780174732208 0.03615780174732208
0 0.7573165893554688 0.3271496593952179 0.03615780174732208 0.03615780174732208
0 0.24142828583717346 0.4089405834674835 0.03615780174732208 0.03615780174732208
0 0.32982397079467773 0.4060530364513397 0.03615780174732208 0.03615780174732208
0 0.41819190979003906 0.40316641330718994 0.03615780174732208 0.03615780174732208
0 0.5065320730209351 0.4002807140350342 0.03615780174732208 0.03615780174732208
0 0.5948445200920105 0.39739590883255005 0.03615780174732208 0.03615780174732208
0 0.6831292510032654 0.39451199769973755 0.03615780174732208 0.03615780174732208
0 0.7713862061500549 0.39162901043891907 0.03615780174732208 0.03615780174732208
0 0.23112380504608154 0.480592280626297 0.03615780174732208 0.03615780174732208
0 0.3238164782524109 0.4775526523590088 0.03615780174732208 0.03615780174732208
0 0.41647860407829285 0.4745140075683594 0.03615780174732208 0.03615780174732208
0 0.5091102123260498 0.47147637605667114 0.03615780174732208 0.03615780174732208
0 0.6017112731933594 0.4684397280216217 0.03615780174732208 0.03615780174732208
0 0.6942819356918335 0.46540409326553345 0.03615780174732208 0.03615780174732208
0 0.7868220210075378 0.462369441986084 0.03615780174732208 0.03615780174732208
0 0.21976660192012787 0.5595641732215881 0.03615780174732208 0.03615780174732208
0 0.3171952962875366 0.5563556551933289 0.03615780174732208 0.03615780174732208
0 0.4145902991294861 0.5531482100486755 0.03615780174732208 0.03615780174732208
0 0.5119515657424927 0.5499418377876282 0.03615780174732208 0.03615780174732208
0 0.6092790961265564 0.5467365980148315 0.03615780174732208 0.03615780174732208
0 0.7065730094909668 0.5435324907302856 0.03615780174732208 0.03615780174732208
0 0.8038331866264343 0.5403294563293457 0.03615780174732208 0.03615780174732208
0 0.20718663930892944 0.647038459777832 0.03615780174732208 0.03615780174732208
0 0.309861421585083 0.6436412334442139 0.03615780174732208 0.03615780174732208
0 0.41249874234199524 0.640245258808136 0.03615780174732208 0.03615780174732208
0 0.5150986313819885 0.6368505358695984 0.03615780174732208 0.03615780174732208
0 0.6176611185073853 0.6334570646286011 0.03615780174732208 0.03615780174732208
0 0.720186173915863 0.6300647854804993 0.03615780174732208 0.03615780174732208
0 0.8226737976074219 0.6266737580299377 0.03615780174732208 0.03615780174732208