0 0.23193766176700592 0.64699387550354 0.033333430687586464 0.033333430687586464
0 0.3295236825942993 0.6474243402481079 0.033333430687586464 0.033333430687586464
0 0.42671841382980347 0.6478530168533325 0.033333430687586464 0.033333430687586464
0 0.5235242247581482 0.6482800245285034 0.033333430687586464 0.033333430687586464
0 0.6199434399604797 0.6487053036689758 0.033333430687586464 0.033333430687586464
0 0.7159783840179443 0.6491289138793945 0.033333430687586464 0.033333430687586464
0 0.8116313219070435 0.6495508551597595 0.033333430687586464 0.033333430687586464
0 0.24064898490905762 0.5559303164482117 0.033333430687586464 0.033333430687586464
0 0.3350122272968292 0.5565235614776611 0.033333430687586464 0.033333430687586464
0 0.4290095269680023 0.5571144223213196 0.033333430687586464 0.033333430687586464
0 0.5226430296897888 0.5577030777931213 0.033333430687586464 0.033333430687586464
0 0.6159148216247559 0.5582894682884216 0.033333430687586464 0.033333430687586464
0 0.7088269591331482 0.5588735342025757 0.033333430687586464 0.033333430687586464
0 0.801381528377533 0.559455394744873 0.033333430687586464 0.033333430687586464
0 0.24880510568618774 0.4706704914569855 0.033333430687586464 0.033333430687586464
0 0.3401516377925873 0.4714052081108093 0.033333430687586464 0.033333430687586464
0 0.4311552047729492 0.4721371829509735 0.033333430687586464 0.033333430687586464
0 0.521817684173584 0.472866415977478 0.033333430687586464 0.033333430687586464
0 0.6121410131454468 0.4735929071903229 0.033333430687586464 0.033333430687586464
0 0.7021270394325256 0.47431668639183044 0.033333430687586464 0.033333430687586464
0 0.7917777299880981 0.4750377833843231 0.033333430687586464 0.033333430687586464
0 0.25645747780799866 0.39067670702934265 0.033333430687586464 0.033333430687586464
0 0.34497421979904175 0.39153462648391724 0.033333430687586464 0.033333430687586464
0 0.43316879868507385 0.3923893868923187 0.033333430687586464 0.033333430687586464
0 0.5210430026054382 0.3932410776615143 0.033333430687586464 0.033333430687586464
0 0.6085985898971558 0.3940896689891815 0.033333430687586464 0.033333430687586464
0 0.6958371996879578 0.3949351906776428 0.033333430687586464 0.033333430687586464
0 0.7827606797218323 0.3957776427268982 0.033333430687586464 0.033333430687586464
0 0.2636513411998749 0.3154757022857666 0.033333430687586464 0.033333430687586464
0 0.3495083451271057 0.3164409399032593 0.033333430687586464 0.033333430687586464
0 0.4350621998310089 0.31740278005599976 0.033333430687586464 0.033333430687586464
0 0.5203145146369934 0.31836122274398804 0.033333430687586464 0.033333430687586464
0 0.6052669286727905 0.3193162977695465 0.033333430687586464 0.033333430687586464
0 0.689920961856842 0.32026800513267517 0.033333430687586464 0.033333430687586464
0 0.7742781639099121 0.3212164044380188 0.033333430687586464 0.033333430687586464
0 0.27042675018310547 0.2446492463350296 0.033333430687586464 0.033333430687586464
0 0.3537791669368744 0.24570807814598083 0.033333430687586464 0.033333430687586464
0 0.4368458390235901 0.24676328897476196 0.033333430687586464 0.033333430687586464
0 0.5196282267570496 0.24781487882137299 0.033333430687586464 0.033333430687586464
0 0.602127730846405 0.24886289238929749 0.033333430687586464 0.033333430687586464
0 0.6843459010124207 0.24990731477737427 0.033333430687586464 0.033333430687586464
0 0.7662840485572815 0.2509481906890869 0.033333430687586464 0.033333430687586464
0 0.2768191397190094 0.17782644927501678 0.033333430687586464 0.033333430687586464
0 0.3578089773654938 0.17896690964698792 0.033333430687586464 0.033333430687586464
0 0.43852898478507996 0.18010357022285461 0.033333430687586464 0.033333430687586464
0 0.5189805030822754 0.18123646080493927 0.033333430687586464 0.033333430687586464
0 0.5991648435592651 0.18236558139324188 0.033333430687586464 0.033333430687586464
0 0.6790833473205566 0.18349096179008484 0.033333430687586464 0.033333430687586464
0 0.7587373852729797 0.18461261689662933 0.033333430687586464 0.033333430687586464