0 0.6660512089729309 0.17519892752170563 0.02529275976121426 0.03372367968161901
0 0.5969908237457275 0.1803322583436966 0.02529275976121426 0.03372367968161901
0 0.5283005237579346 0.18543808162212372 0.02529275976121426 0.03372367968161901
0 0.45997729897499084 0.1905166208744049 0.02529275976121426 0.03372367968161901
0 0.39201825857162476 0.19556808471679688 0.02529275976121426 0.03372367968161901
0 0.3244205117225647 0.20059269666671753 0.02529275976121426 0.03372367968161901
0 0.2571811378002167 0.20559068024158478 0.02529275976121426 0.03372367968161901
0 0.67625492811203 0.23927973210811615 0.02529275976121426 0.03372367968161901
0 0.6037791967391968 0.24448418617248535 0.02529275976121426 0.03372367968161901
0 0.5317108035087585 0.24965940415859222 0.02529275976121426 0.03372367968161901
0 0.4600463807582855 0.2548055946826935 0.02529275976121426 0.03372367968161901
0 0.3887825012207031 0.2599230408668518 0.02529275976121426 0.03372367968161901
0 0.31791582703590393 0.2650119662284851 0.02529275976121426 0.03372367968161901
0 0.2474430650472641 0.2700725793838501 0.02529275976121426 0.03372367968161901
0 0.6875141263008118 0.3099890649318695 0.02529275976121426 0.03372367968161901
0 0.6112676858901978 0.3152523636817932 0.02529275976121426 0.03372367968161901
0 0.5354717969894409 0.32048454880714417 0.02529275976121426 0.03372367968161901
0 0.46012255549430847 0.32568588852882385 0.02529275976121426 0.03372367968161901
0 0.38521596789360046 0.33085668087005615 0.02529275976121426 0.03372367968161901
0 0.3107481896877289 0.33599719405174255 0.02529275976121426 0.03372367968161901
0 0.23671533167362213 0.34110766649246216 0.02529275976121426 0.03372367968161901
0 0.7000015377998352 0.3884115517139435 0.02529275976121426 0.03372367968161901
0 0.6195704936981201 0.3937159776687622 0.02529275976121426 0.03372367968161901
0 0.539640486240387 0.3989873230457306 0.02529275976121426 0.03372367968161901
0 0.4602069556713104 0.4042259454727173 0.02529275976121426 0.03372367968161901
0 0.38126522302627563 0.4094321131706238 0.02529275976121426 0.03372367968161901
0 0.3028107285499573 0.4146061837673187 0.02529275976121426 0.03372367968161901
0 0.224838986992836 0.4197483956813812 0.02529275976121426 0.03372367968161901
0 0.7139297127723694 0.47588205337524414 0.02529275976121426 0.03372367968161901
0 0.6288280487060547 0.4812023937702179 0.02529275976121426 0.03372367968161901
0 0.5442870259284973 0.4864877164363861 0.02529275976121426 0.03372367968161901
0 0.460301011800766 0.49173831939697266 0.02529275976121426 0.03372367968161901
0 0.37686458230018616 0.4969545602798462 0.02529275976121426 0.03372367968161901
0 0.2939724028110504 0.502136766910553 0.02529275976121426 0.03372367968161901
0 0.21161913871765137 0.5072852969169617 0.02529275976121426 0.03372367968161901
0 0.7295631766319275 0.5740622878074646 0.02529275976121426 0.03372367968161901
0 0.6392151713371277 0.5793629884719849 0.02529275976121426 0.03372367968161901
0 0.549498438835144 0.5846266150474548 0.02529275976121426 0.03372367968161901
0 0.46040645241737366 0.5898536443710327 0.02529275976121426 0.03372367968161901
0 0.37193265557289124 0.5950443744659424 0.02529275976121426 0.03372367968161901
0 0.2840706706047058 0.6001992225646973 0.02529275976121426 0.03372367968161901
0 0.1968141496181488 0.605318546295166 0.02529275976121426 0.03372367968161901
0 0.7472355961799622 0.685047447681427 0.02529275976121426 0.03372367968161901
0 0.6509518623352051 0.6902781128883362 0.02529275976121426 0.03372367968161901
0 0.5553845167160034 0.695469856262207 0.02529275976121426 0.03372367968161901
0 0.4605254828929901 0.7006231546401978 0.02529275976121426 0.03372367968161901
0 0.366366982460022 0.705738365650177 0.02529275976121426 0.03372367968161901
0 0.2729012668132782 0.710815966129303 0.02529275976121426 0.03372367968161901
0 0.18012070655822754 0.7158563137054443 0.02529275976121426 0.03372367968161901