0 0.7290637493133545 0.18338994681835175 0.025172200053930286 0.03356293340524038
0 0.661768913269043 0.1806947886943817 0.025172200053930286 0.03356293340524038
0 0.5941455960273743 0.1779864877462387 0.025172200053930286 0.03356293340524038
0 0.5261912941932678 0.17526492476463318 0.025172200053930286 0.03356293340524038
0 0.4579036235809326 0.17253001034259796 0.025172200053930286 0.03356293340524038
0 0.3892801105976105 0.1697816550731659 0.025172200053930286 0.03356293340524038
0 0.3203182518482208 0.16701973974704742 0.025172200053930286 0.03356293340524038
0 0.7402345538139343 0.24734711647033691 0.025172200053930286 0.03356293340524038
0 0.6697236895561218 0.24468527734279633 0.025172200053930286 0.03356293340524038
0 0.5988519191741943 0.24200980365276337 0.025172200053930286 0.03356293340524038
0 0.5276165008544922 0.23932060599327087 0.025172200053930286 0.03356293340524038
0 0.4560146629810333 0.2366175800561905 0.025172200053930286 0.03356293340524038
0 0.38404348492622375 0.23390060663223267 0.025172200053930286 0.03356293340524038
0 0.31170016527175903 0.23116958141326904 0.025172200053930286 0.03356293340524038
0 0.7525340914726257 0.3177666962146759 0.025172200053930286 0.03356293340524038
0 0.678484320640564 0.3151588439941406 0.025172200053930286 0.03356293340524038
0 0.6040363311767578 0.31253698468208313 0.025172200053930286 0.03356293340524038
0 0.5291869044303894 0.30990099906921387 0.025172200053930286 0.03356293340524038
0 0.4539327621459961 0.3072507381439209 0.025172200053930286 0.03356293340524038
0 0.37827059626579285 0.30458614230155945 0.025172200053930286 0.03356293340524038
0 0.30219706892967224 0.3019070327281952 0.025172200053930286 0.03356293340524038
0 0.7661424875259399 0.3956802487373352 0.025172200053930286 0.03356293340524038
0 0.6881799101829529 0.3931533694267273 0.025172200053930286 0.03356293340524038
0 0.6097756624221802 0.3906121551990509 0.025172200053930286 0.03356293340524038
0 0.5309258699417114 0.38805651664733887 0.025172200053930286 0.03356293340524038
0 0.4516267776489258 0.38548630475997925 0.025172200053930286 0.03356293340524038
0 0.37187454104423523 0.3829014003276825 0.025172200053930286 0.03356293340524038
0 0.29166528582572937 0.38030171394348145 0.025172200053930286 0.03356293340524038
0 0.781280517578125 0.48235127329826355 0.025172200053930286 0.03356293340524038
0 0.6989685893058777 0.47994059324264526 0.025172200053930286 0.03356293340524038
0 0.6161638498306274 0.47751548886299133 0.025172200053930286 0.03356293340524038
0 0.5328620076179504 0.4750758111476898 0.025172200053930286 0.03356293340524038
0 0.449058473110199 0.47262144088745117 0.025172200053930286 0.03356293340524038
0 0.3647487461566925 0.47015222907066345 0.025172200053930286 0.03356293340524038
0 0.27992820739746094 0.4676680862903595 0.025172200053930286 0.03356293340524038
0 0.7982214093208313 0.5793442130088806 0.025172200053930286 0.03356293340524038
0 0.7110460996627808 0.5770962238311768 0.025172200053930286 0.03356293340524038
0 0.6233177185058594 0.5748340487480164 0.025172200053930286 0.03356293340524038
0 0.5350309610366821 0.5725573897361755 0.025172200053930286 0.03356293340524038
0 0.44618040323257446 0.5702662467956543 0.025172200053930286 0.03356293340524038
0 0.356760710477829 0.5679604411125183 0.025172200053930286 0.03356293340524038
0 0.26676636934280396 0.5656397342681885 0.025172200053930286 0.03356293340524038
0 0.8173075318336487 0.6886196732521057 0.025172200053930286 0.03356293340524038
0 0.7246582508087158 0.6865964531898499 0.025172200053930286 0.03356293340524038
0 0.6313835978507996 0.6845595240592957 0.025172200053930286 0.03356293340524038
0 0.5374773144721985 0.6825088262557983 0.025172200053930286 0.03356293340524038
0 0.44293293356895447 0.6804441809654236 0.025172200053930286 0.03356293340524038
0 0.3477438986301422 0.6783655285835266 0.025172200053930286 0.03356293340524038
0 0.25190362334251404 0.6762725710868835 0.025172200053930286 0.03356293340524038