0 0.2268429547548294 0.7338138222694397 0.03152566651503245 0.03152566651503245
0 0.3169677257537842 0.7321009635925293 0.03152566651503245 0.03152566651503245
0 0.40718087553977966 0.7303863763809204 0.03152566651503245 0.03152566651503245
0 0.497482568025589 0.7286701202392578 0.03152566651503245 0.03152566651503245
0 0.5878729224205017 0.7269521951675415 0.03152566651503245 0.03152566651503245
0 0.6783520579338074 0.7252325415611267 0.03152566651503245 0.03152566651503245
0 0.7689201235771179 0.7235112190246582 0.03152566651503245 0.03152566651503245
0 0.2367822676897049 0.6434522271156311 0.03152566651503245 0.03152566651503245
0 0.3230706453323364 0.6417699456214905 0.03152566651503245 0.03152566651503245
0 0.4094400703907013 0.6400860548019409 0.03152566651503245 0.03152566651503245
0 0.49589061737060547 0.6384006142616272 0.03152566651503245 0.03152566651503245
0 0.5824224352836609 0.6367135643959045 0.03152566651503245 0.03152566651503245
0 0.6690356135368347 0.6350249648094177 0.03152566651503245 0.03152566651503245
0 0.7557302713394165 0.633334755897522 0.03152566651503245 0.03152566651503245
0 0.24590936303138733 0.5604747533798218 0.03152566651503245 0.03152566651503245
0 0.32867464423179626 0.5588238835334778 0.03152566651503245 0.03152566651503245
0 0.4115144610404968 0.5571715235710144 0.03152566651503245 0.03152566651503245
0 0.49442893266677856 0.5555176734924316 0.03152566651503245 0.03152566651503245
0 0.5774181485176086 0.5538623332977295 0.03152566651503245 0.03152566651503245
0 0.6604821681976318 0.552205502986908 0.03152566651503245 0.03152566651503245
0 0.7436211705207825 0.550547182559967 0.03152566651503245 0.03152566651503245
0 0.2543199062347412 0.48401179909706116 0.03152566651503245 0.03152566651503245
0 0.33383849263191223 0.48239269852638245 0.03152566651503245 0.03152566651503245
0 0.41342586278915405 0.4807721674442291 0.03152566651503245 0.03152566651503245
0 0.4930821359157562 0.47915026545524597 0.03152566651503245 0.03152566651503245
0 0.5728074312210083 0.4775269627571106 0.03152566651503245 0.03152566651503245
0 0.6526017189025879 0.4759022295475006 0.03152566651503245 0.03152566651503245
0 0.7324652075767517 0.4742760956287384 0.03152566651503245 0.03152566651503245
0 0.26209506392478943 0.41332513093948364 0.03152566651503245 0.03152566651503245
0 0.33861204981803894 0.4117377996444702 0.03152566651503245 0.03152566651503245
0 0.41519275307655334 0.41014915704727173 0.03152566651503245 0.03152566651503245
0 0.4918372333049774 0.4085591733455658 0.03152566651503245 0.03152566651503245
0 0.5685455799102783 0.4069678485393524 0.03152566651503245 0.03152566651503245
0 0.6453178524971008 0.40537524223327637 0.03152566651503245 0.03152566651503245
0 0.7221541404724121 0.4037812650203705 0.03152566651503245 0.03152566651503245
0 0.2693042457103729 0.3477840721607208 0.03152566651503245 0.03152566651503245
0 0.34303799271583557 0.3462282717227936 0.03152566651503245 0.03152566651503245
0 0.4168309271335602 0.34467121958732605 0.03152566651503245 0.03152566651503245
0 0.49068304896354675 0.34311288595199585 0.03152566651503245 0.03152566651503245
0 0.5645944476127625 0.34155333042144775 0.03152566651503245 0.03152566651503245
0 0.6385652422904968 0.3399925231933594 0.03152566651503245 0.03152566651503245
0 0.7125954627990723 0.3384304344654083 0.03152566651503245 0.03152566651503245
0 0.2760070562362671 0.28684648871421814 0.03152566651503245 0.03152566651503245
0 0.3471529483795166 0.28532177209854126 0.03152566651503245 0.03152566651503245
0 0.4183539152145386 0.28379586338996887 0.03152566651503245 0.03152566651503245
0 0.4896100163459778 0.282268762588501 0.03152566651503245 0.03152566651503245
0 0.560921311378479 0.28074049949645996 0.03152566651503245 0.03152566651503245
0 0.632287859916687 0.27921104431152344 0.03152566651503245 0.03152566651503245
0 0.7037097215652466 0.2776803970336914 0.03152566651503245 0.03152566651503245