0 0.7439624071121216 0.2336229532957077 0.036315408845742546 0.036315408845742546
0 0.6639549136161804 0.23135235905647278 0.036315408845742546 0.036315408845742546
0 0.584009051322937 0.22908350825309753 0.036315408845742546 0.036315408845742546
0 0.5041247606277466 0.22681641578674316 0.036315408845742546 0.036315408845742546
0 0.42430204153060913 0.22455105185508728 0.036315408845742546 0.036315408845742546
0 0.34454071521759033 0.22228744626045227 0.036315408845742546 0.036315408845742546
0 0.2648408114910126 0.22002558410167694 0.036315408845742546 0.036315408845742546
0 0.7521911859512329 0.29093465209007263 0.036315408845742546 0.036315408845742546
0 0.6690084338188171 0.28855106234550476 0.036315408845742546 0.036315408845742546
0 0.585892379283905 0.2861693799495697 0.036315408845742546 0.036315408845742546
0 0.502842903137207 0.28378960490226746 0.036315408845742546 0.036315408845742546
0 0.419859915971756 0.2814117670059204 0.036315408845742546 0.036315408845742546
0 0.3369433283805847 0.2790358066558838 0.036315408845742546 0.036315408845742546
0 0.2540930509567261 0.27666175365448 0.036315408845742546 0.036315408845742546
0 0.7610995769500732 0.3529801070690155 0.036315408845742546 0.036315408845742546
0 0.6744792461395264 0.35047224164009094 0.036315408845742546 0.036315408845742546
0 0.5879311561584473 0.3479664623737335 0.036315408845742546 0.036315408845742546
0 0.5014553070068359 0.34546276926994324 0.036315408845742546 0.036315408845742546
0 0.41505149006843567 0.3429611623287201 0.036315408845742546 0.036315408845742546
0 0.32871970534324646 0.3404616415500641 0.036315408845742546 0.036315408845742546
0 0.24245978891849518 0.3379642069339752 0.036315408845742546 0.036315408845742546
0 0.7707754373550415 0.4203711450099945 0.036315408845742546 0.036315408845742546
0 0.6804211735725403 0.41772598028182983 0.036315408845742546 0.036315408845742546
0 0.590145468711853 0.4150830805301666 0.036315408845742546 0.036315408845742546
0 0.49994829297065735 0.41244247555732727 0.036315408845742546 0.036315408845742546
0 0.4098295271396637 0.40980419516563416 0.036315408845742546 0.036315408845742546
0 0.3197890818119049 0.4071681797504425 0.036315408845742546 0.036315408845742546
0 0.22982686758041382 0.4045344591140747 0.036315408845742546 0.036315408845742546
0 0.7813225388526917 0.4938296675682068 0.036315408845742546 0.036315408845742546
0 0.6868978142738342 0.49103206396102905 0.036315408845742546 0.036315408845742546
0 0.5925589203834534 0.4882369637489319 0.036315408845742546 0.036315408845742546
0 0.4983057677745819 0.48544442653656006 0.036315408845742546 0.036315408845742546
0 0.4041382670402527 0.4826544225215912 0.036315408845742546 0.036315408845742546
0 0.31005626916885376 0.4798669219017029 0.036315408845742546 0.036315408845742546
0 0.21605965495109558 0.4770819842815399 0.036315408845742546 0.036315408845742546
0 0.7928639650344849 0.5742137432098389 0.036315408845742546 0.036315408845742546
0 0.6939847469329834 0.5712460279464722 0.036315408845742546 0.036315408845742546
0 0.595199704170227 0.5682811141014099 0.036315408845742546 0.036315408845742546
0 0.4965086281299591 0.5653190016746521 0.036315408845742546 0.036315408845742546
0 0.3979114592075348 0.5623597502708435 0.036315408845742546 0.036315408845742546
0 0.2994080185890198 0.5594033002853394 0.036315408845742546 0.036315408845742546
0 0.2009982019662857 0.5564496517181396 0.036315408845742546 0.036315408845742546
0 0.805547297000885 0.6625511646270752 0.036315408845742546 0.036315408845742546
0 0.7017725706100464 0.6593925356864929 0.036315408845742546 0.036315408845742546
0 0.5981014966964722 0.6562370657920837 0.036315408845742546 0.036315408845742546
0 0.4945339262485504 0.6530846953392029 0.036315408845742546 0.036315408845742546
0 0.39106976985931396 0.6499355435371399 0.036315408845742546 0.036315408845742546
0 0.2877088487148285 0.6467894911766052 0.036315408845742546 0.036315408845742546
0 0.18445098400115967 0.6436465978622437 0.036315408845742546 0.036315408845742546