0 0.2951095402240753 0.19212134182453156 0.019007503520697355 0.03379111737012863
0 0.28950297832489014 0.27413368225097656 0.019007503520697355 0.03379111737012863
0 0.28348806500434875 0.36211958527565 0.019007503520697355 0.03379111737012863
0 0.2770184576511383 0.4567563235759735 0.019007503520697355 0.03379111737012863
0 0.2700406312942505 0.5588276386260986 0.019007503520697355 0.03379111737012863
0 0.26249220967292786 0.6692454218864441 0.019007503520697355 0.03379111737012863
0 0.25430023670196533 0.78907710313797 0.019007503520697355 0.03379111737012863
0 0.3562066853046417 0.19406580924987793 0.019007503520697355 0.03379111737012863
0 0.3527606725692749 0.27582237124443054 0.019007503520697355 0.03379111737012863
0 0.3490646779537201 0.3635094463825226 0.019007503520697355 0.03379111737012863
0 0.34509050846099854 0.4577966630458832 0.019007503520697355 0.03379111737012863
0 0.3408055007457733 0.559458315372467 0.019007503520697355 0.03379111737012863
0 0.3361717164516449 0.669394850730896 0.019007503520697355 0.03379111737012863
0 0.331144779920578 0.7886592745780945 0.019007503520697355 0.03379111737012863
0 0.4168393909931183 0.19599549472332 0.019007503520697355 0.03379111737012863
0 0.41552072763442993 0.2774977385997772 0.019007503520697355 0.03379111737012863
0 0.4141068160533905 0.3648880124092102 0.019007503520697355 0.03379111737012863
0 0.41258692741394043 0.45882824063301086 0.019007503520697355 0.03379111737012863
0 0.4109486937522888 0.5600835084915161 0.019007503520697355 0.03379111737012863
0 0.4091777205467224 0.6695428490638733 0.019007503520697355 0.03379111737012863
0 0.40725716948509216 0.7882453799247742 0.019007503520697355 0.03379111737012863
0 0.47701296210289 0.19791056215763092 0.019007503520697355 0.03379111737012863
0 0.477789044380188 0.2791599929332733 0.019007503520697355 0.03379111737012863
0 0.4786209762096405 0.36625537276268005 0.019007503520697355 0.03379111737012863
0 0.4795149862766266 0.45985111594200134 0.019007503520697355 0.03379111737012863
0 0.48047834634780884 0.5607032179832458 0.019007503520697355 0.03379111737012863
0 0.4815193712711334 0.6696894764900208 0.019007503520697355 0.03379111737012863
0 0.4826478958129883 0.7878354787826538 0.019007503520697355 0.03379111737012863
0 0.53673255443573 0.1998111754655838 0.019007503520697355 0.03379111737012863
0 0.5395713448524475 0.28080928325653076 0.019007503520697355 0.03379111737012863
0 0.5426135659217834 0.36761167645454407 0.019007503520697355 0.03379111737012863
0 0.5458818674087524 0.46086540818214417 0.019007503520697355 0.03379111737012863
0 0.5494024753570557 0.561317503452301 0.019007503520697355 0.03379111737012863
0 0.5532057285308838 0.6698347926139832 0.019007503520697355 0.03379111737012863
0 0.557327151298523 0.7874293923377991 0.019007503520697355 0.03379111737012863
0 0.5960032939910889 0.20169751346111298 0.019007503520697355 0.03379111737012863
0 0.6008732914924622 0.2824457585811615 0.019007503520697355 0.03379111737012863
0 0.6060908436775208 0.3689570426940918 0.019007503520697355 0.03379111737012863
0 0.6116945147514343 0.4618712365627289 0.019007503520697355 0.03379111737012863
0 0.6177289485931396 0.5619264245033264 0.019007503520697355 0.03379111737012863
0 0.6242456436157227 0.6699788570404053 0.019007503520697355 0.03379111737012863
0 0.6313048601150513 0.78702712059021 0.019007503520697355 0.03379111737012863
0 0.654830276966095 0.20356972515583038 0.019007503520697355 0.03379111737012863
0 0.6617004871368408 0.2840695381164551 0.019007503520697355 0.03379111737012863
0 0.6690590381622314 0.37029165029525757 0.019007503520697355 0.03379111737012863
0 0.6769599914550781 0.46286869049072266 0.019007503520697355 0.03379111737012863
0 0.6854655146598816 0.5625301599502563 0.019007503520697355 0.03379111737012863
0 0.6946478486061096 0.6701215505599976 0.019007503520697355 0.03379111737012863
0 0.7045910358428955 0.7866286039352417 0.019007503520697355 0.03379111737012863