0 0.6740830540657043 0.19945915043354034 0.02553979493677616 0.034053059915701546
0 0.6061108112335205 0.20438089966773987 0.02553979493677616 0.034053059915701546
0 0.5383361577987671 0.2092883437871933 0.02553979493677616 0.034053059915701546
0 0.4707581400871277 0.2141815572977066 0.02553979493677616 0.034053059915701546
0 0.4033760130405426 0.21906058490276337 0.02553979493677616 0.034053059915701546
0 0.3361888527870178 0.22392548620700836 0.02553979493677616 0.034053059915701546
0 0.2691958546638489 0.22877633571624756 0.02553979493677616 0.034053059915701546
0 0.6851457357406616 0.26221537590026855 0.02553979493677616 0.034053059915701546
0 0.613695502281189 0.267291784286499 0.02553979493677616 0.034053059915701546
0 0.5424635410308838 0.2723526358604431 0.02553979493677616 0.034053059915701546
0 0.47144874930381775 0.27739807963371277 0.02553979493677616 0.034053059915701546
0 0.4006502330303192 0.28242817521095276 0.02553979493677616 0.034053059915701546
0 0.3300669491291046 0.2874429523944855 0.02553979493677616 0.034053059915701546
0 0.25969794392585754 0.2924425005912781 0.02553979493677616 0.034053059915701546
0 0.6973972916603088 0.33171626925468445 0.02553979493677616 0.034053059915701546
0 0.6220940351486206 0.3369530141353607 0.02553979493677616 0.034053059915701546
0 0.5470330715179443 0.34217289090156555 0.02553979493677616 0.034053059915701546
0 0.4722132384777069 0.3473759889602661 0.02553979493677616 0.034053059915701546
0 0.3976334035396576 0.35256239771842957 0.02553979493677616 0.034053059915701546
0 0.32329240441322327 0.35773220658302307 0.02553979493677616 0.034053059915701546
0 0.2491890788078308 0.3628855049610138 0.02553979493677616 0.034053059915701546
0 0.7110403776168823 0.4091108739376068 0.02553979493677616 0.034053059915701546
0 0.6314447522163391 0.4145126938819885 0.02553979493677616 0.034053059915701546
0 0.552119791507721 0.41989612579345703 0.02553979493677616 0.034053059915701546
0 0.4730640649795532 0.42526131868362427 0.02553979493677616 0.034053059915701546
0 0.3942762315273285 0.4306083023548126 0.02553979493677616 0.034053059915701546
0 0.31575489044189453 0.43593722581863403 0.02553979493677616 0.034053059915701546
0 0.23749873042106628 0.4412481188774109 0.02553979493677616 0.034053059915701546
0 0.7263262271881104 0.495824933052063 0.02553979493677616 0.034053059915701546
0 0.6419194340705872 0.5013948678970337 0.02553979493677616 0.034053059915701546
0 0.5578168630599976 0.5069447159767151 0.02553979493677616 0.034053059915701546
0 0.47401681542396545 0.5124745965003967 0.02553979493677616 0.034053059915701546
0 0.3905177116394043 0.5179846286773682 0.02553979493677616 0.034053059915701546
0 0.30731791257858276 0.5234748721122742 0.02553979493677616 0.034053059915701546
0 0.22441577911376953 0.5289455056190491 0.02553979493677616 0.034053059915701546
0 0.7435707449913025 0.5936496257781982 0.02553979493677616 0.034053059915701546
0 0.6537337303161621 0.5993878245353699 0.02553979493677616 0.034053059915701546
0 0.5642411112785339 0.6051040291786194 0.02553979493677616 0.034053059915701546
0 0.47509095072746277 0.6107983589172363 0.02553979493677616 0.034053059915701546
0 0.3862813115119934 0.6164708733558655 0.02553979493677616 0.034053059915701546
0 0.2978101670742035 0.6221218109130859 0.02553979493677616 0.034053059915701546
0 0.20967566967010498 0.6277512907981873 0.02553979493677616 0.034053059915701546
0 0.7631759643554688 0.7048665285110474 0.02553979493677616 0.034053059915701546
0 0.6671620011329651 0.7107685208320618 0.02553979493677616 0.034053059915701546
0 0.5715411901473999 0.7166463136672974 0.02553979493677616 0.034053059915701546
0 0.47631123661994934 0.7225000858306885 0.02553979493677616 0.034053059915701546
0 0.3814696669578552 0.7283299565315247 0.02553979493677616 0.034053059915701546
0 0.28701409697532654 0.7341361045837402 0.02553979493677616 0.034053059915701546
0 0.19294223189353943 0.7399187088012695 0.02553979493677616 0.034053059915701546