0 0.7063485383987427 0.1629134565591812 0.02285873726941645 0.03418128937482834
0 0.6302552223205566 0.1627599149942398 0.02285873726941645 0.03418128937482834
0 0.5538469552993774 0.16260574758052826 0.02285873726941645 0.03418128937482834
0 0.47712182998657227 0.16245092451572418 0.02285873726941645 0.03418128937482834
0 0.40007784962654114 0.16229547560214996 0.02285873726941645 0.03418128937482834
0 0.3227130174636841 0.16213937103748322 0.02285873726941645 0.03418128937482834
0 0.24502533674240112 0.16198261082172394 0.02285873726941645 0.03418128937482834
0 0.7178289890289307 0.24288831651210785 0.02285873726941645 0.03418128937482834
0 0.6389473080635071 0.24290035665035248 0.02285873726941645 0.03418128937482834
0 0.5597270727157593 0.2429124414920807 0.02285873726941645 0.03418128937482834
0 0.48016610741615295 0.24292458593845367 0.02285873726941645 0.03418128937482834
0 0.40026217699050903 0.24293677508831024 0.02285873726941645 0.03418128937482834
0 0.3200131058692932 0.24294902384281158 0.02285873726941645 0.03418128937482834
0 0.23941662907600403 0.2429613322019577 0.02285873726941645 0.03418128937482834
0 0.7301888465881348 0.3289893567562103 0.02285873726941645 0.03418128937482834
0 0.6483067274093628 0.3291932940483093 0.02285873726941645 0.03418128937482834
0 0.5660595893859863 0.32939815521240234 0.02285873726941645 0.03418128937482834
0 0.48344510793685913 0.3296039402484894 0.02285873726941645 0.03418128937482834
0 0.40046077966690063 0.32981064915657043 0.02285873726941645 0.03418128937482834
0 0.3171040713787079 0.3300182521343231 0.02285873726941645 0.03418128937482834
0 0.2333724945783615 0.3302268087863922 0.02285873726941645 0.03418128937482834
0 0.743533194065094 0.42194852232933044 0.02285873726941645 0.03418128937482834
0 0.658413290977478 0.42237555980682373 0.02285873726941645 0.03418128937482834
0 0.5728988647460938 0.422804594039917 0.02285873726941645 0.03418128937482834
0 0.4869871437549591 0.42323562502861023 0.02285873726941645 0.03418128937482834
0 0.40067532658576965 0.42366862297058105 0.02285873726941645 0.03418128937482834
0 0.31396061182022095 0.42410367727279663 0.02285873726941645 0.03418128937482834
0 0.22684016823768616 0.42454075813293457 0.02285873726941645 0.03418128937482834
0 0.7579845190048218 0.5226192474365234 0.02285873726941645 0.03418128937482834
0 0.669360339641571 0.5233064889907837 0.02285873726941645 0.03418128937482834
0 0.5803082585334778 0.5239970684051514 0.02285873726941645 0.03418128937482834
0 0.4908251166343689 0.5246909856796265 0.02285873726941645 0.03418128937482834
0 0.40090784430503845 0.5253883004188538 0.02285873726941645 0.03418128937482834
0 0.3105531930923462 0.5260889530181885 0.02285873726941645 0.03418128937482834
0 0.2197580188512802 0.5267930626869202 0.02285873726941645 0.03418128937482834
0 0.7736865878105164 0.6320025324821472 0.02285873726941645 0.03418128937482834
0 0.6812571883201599 0.6329944729804993 0.02285873726941645 0.03418128937482834
0 0.5883620977401733 0.6339914202690125 0.02285873726941645 0.03418128937482834
0 0.4949977993965149 0.6349934339523315 0.02285873726941645 0.03418128937482834
0 0.40116068720817566 0.6360004544258118 0.02285873726941645 0.03418128937482834
0 0.30684715509414673 0.6370126605033875 0.02285873726941645 0.03418128937482834
0 0.212053582072258 0.6380299925804138 0.02285873726941645 0.03418128937482834
0 0.7908090353012085 0.751280665397644 0.02285873726941645 0.03418128937482834
0 0.6942330598831177 0.7526309490203857 0.02285873726941645 0.03418128937482834
0 0.5971483588218689 0.7539883255958557 0.02285873726941645 0.03418128937482834
0 0.4995509088039398 0.7553528547286987 0.02285873726941645 0.03418128937482834
0 0.40143662691116333 0.7567246556282043 0.02285873726941645 0.03418128937482834
0 0.3028014004230499 0.7581037282943726 0.02285873726941645 0.03418128937482834
0 0.20364107191562653 0.7594901323318481 0.02285873726941645 0.03418128937482834