0 0.7048169374465942 0.16009774804115295 0.02278650320755939 0.03407327582438787
0 0.6290176510810852 0.15995873510837555 0.02278650320755939 0.03407327582438787
0 0.5528433918952942 0.15981902182102203 0.02278650320755939 0.03407327582438787
0 0.47629135847091675 0.1596786379814148 0.02278650320755939 0.03407327582438787
0 0.3993587791919708 0.15953753888607025 0.02278650320755939 0.03407327582438787
0 0.3220427632331848 0.1593957394361496 0.02278650320755939 0.03407327582438787
0 0.24434047937393188 0.15925323963165283 0.02278650320755939 0.03407327582438787
0 0.7164149880409241 0.24011920392513275 0.02278650320755939 0.03407327582438787
0 0.6378564238548279 0.24017977714538574 0.02278650320755939 0.03407327582438787
0 0.55889493227005 0.2402406632900238 0.02278650320755939 0.03407327582438787
0 0.47952738404273987 0.24030186235904694 0.02278650320755939 0.03407327582438787
0 0.39975062012672424 0.24036337435245514 0.02278650320755939 0.03407327582438787
0 0.3195614814758301 0.2404251992702484 0.02278650320755939 0.03407327582438787
0 0.2389567643404007 0.24048735201358795 0.02278650320755939 0.03407327582438787
0 0.7288967967033386 0.3262379467487335 0.02278650320755939 0.03407327582438787
0 0.6473705172538757 0.3265295624732971 0.02278650320755939 0.03407327582438787
0 0.5654100775718689 0.3268227279186249 0.02278650320755939 0.03407327582438787
0 0.483011931180954 0.3271174430847168 0.02278650320755939 0.03407327582438787
0 0.400172621011734 0.32741373777389526 0.02278650320755939 0.03407327582438787
0 0.31688860058784485 0.3277116119861603 0.02278650320755939 0.03407327582438787
0 0.233156219124794 0.3280111253261566 0.02278650320755939 0.03407327582438787
0 0.7423672676086426 0.41917848587036133 0.02278650320755939 0.03407327582438787
0 0.6576403379440308 0.4197383224964142 0.02278650320755939 0.03407327582438787
0 0.5724441409111023 0.420301228761673 0.02278650320755939 0.03407327582438787
0 0.48677483201026917 0.42086726427078247 0.02278650320755939 0.03407327582438787
0 0.4006284475326538 0.42143648862838745 0.02278650320755939 0.03407327582438787
0 0.31400102376937866 0.42200884222984314 0.02278650320755939 0.03407327582438787
0 0.2268884778022766 0.4225844442844391 0.02278650320755939 0.03407327582438787
0 0.7569488883018494 0.5197848081588745 0.02278650320755939 0.03407327582438787
0 0.6687595844268799 0.5206570625305176 0.02278650320755939 0.03407327582438787
0 0.5800617337226868 0.5215343832969666 0.02278650320755939 0.03407327582438787
0 0.4908507764339447 0.5224167108535767 0.02278650320755939 0.03407327582438787
0 0.4011223018169403 0.5233042240142822 0.02278650320755939 0.03407327582438787
0 0.31087180972099304 0.5241968631744385 0.02278650320755939 0.03407327582438787
0 0.2200947105884552 0.525094747543335 0.02278650320755939 0.03407327582438787
0 0.7727848887443542 0.6290460824966431 0.02278650320755939 0.03407327582438787
0 0.6808383464813232 0.6302837133407593 0.02278650320755939 0.03407327582438787
0 0.5883385539054871 0.6315287947654724 0.02278650320755939 0.03407327582438787
0 0.49528053402900696 0.6327813863754272 0.02278650320755939 0.03407327582438787
0 0.40165916085243225 0.6340416073799133 0.02278650320755939 0.03407327582438787
0 0.30746930837631226 0.6353093981742859 0.02278650320755939 0.03407327582438787
0 0.2127058207988739 0.6365849375724792 0.02278650320755939 0.03407327582438787
0 0.7900444269180298 0.7481294274330139 0.02278650320755939 0.03407327582438787
0 0.6940063238143921 0.7497961521148682 0.02278650320755939 0.03407327582438787
0 0.5973641276359558 0.7514734268188477 0.02278650320755939 0.03407327582438787
0 0.5001122951507568 0.7531611919403076 0.02278650320755939 0.03407327582438787
0 0.4022448658943176 0.7548596858978271 0.02278650320755939 0.03407327582438787
0 0.30375608801841736 0.756568968296051 0.02278650320755939 0.03407327582438787
0 0.2046400010585785 0.758289098739624 0.02278650320755939 0.03407327582438787