0 0.7105882167816162 0.2823798656463623 0.03152424097061157 0.03152424097061157
0 0.6404325366020203 0.28462156653404236 0.03152424097061157 0.03152424097061157
0 0.5705797672271729 0.286853551864624 0.03152424097061157 0.03152424097061157
0 0.5010279417037964 0.28907597064971924 0.03152424097061157 0.03152424097061157
0 0.43177512288093567 0.2912887930870056 0.03152424097061157 0.03152424097061157
0 0.3628193736076355 0.2934921681880951 0.03152424097061157 0.03152424097061157
0 0.29415881633758545 0.2956860661506653 0.03152424097061157 0.03152424097061157
0 0.7191950082778931 0.3391150236129761 0.03152424097061157 0.03152424097061157
0 0.6462373733520508 0.3413180410861969 0.03152424097061157 0.03152424097061157
0 0.5736072063446045 0.3435111343860626 0.03152424097061157 0.03152424097061157
0 0.5013022422790527 0.3456944227218628 0.03152424097061157 0.03152424097061157
0 0.42932042479515076 0.3478679358959198 0.03152424097061157 0.03152424097061157
0 0.3576595187187195 0.3500317633152008 0.03152424097061157 0.03152424097061157
0 0.2863174080848694 0.352185994386673 0.03152424097061157 0.03152424097061157
0 0.7285144329071045 0.40054774284362793 0.03152424097061157 0.03152424097061157
0 0.6525217294692993 0.4026978313922882 0.03152424097061157 0.03152424097061157
0 0.5768840909004211 0.40483787655830383 0.03152424097061157 0.03152424097061157
0 0.501599133014679 0.4069679379463196 0.03152424097061157 0.03152424097061157
0 0.4266643822193146 0.4090881049633026 0.03152424097061157 0.03152424097061157
0 0.3520773947238922 0.4111984074115753 0.03152424097061157 0.03152424097061157
0 0.27783575654029846 0.41329896450042725 0.03152424097061157 0.03152424097061157
0 0.7386388182640076 0.4672865569591522 0.03152424097061157 0.03152424097061157
0 0.6593474745750427 0.4693662226200104 0.03152424097061157 0.03152424097061157
0 0.5804426670074463 0.4714357554912567 0.03152424097061157 0.03152424097061157
0 0.5019214749336243 0.473495215177536 0.03152424097061157 0.03152424097061157
0 0.423781156539917 0.4755447208881378 0.03152424097061157 0.03152424097061157
0 0.3460189700126648 0.47758427262306213 0.03152424097061157 0.03152424097061157
0 0.2686321437358856 0.4796139895915985 0.03152424097061157 0.03152424097061157
0 0.7496771216392517 0.5400499701499939 0.03152424097061157 0.03152424097061157
0 0.66678786277771 0.5420374870300293 0.03152424097061157 0.03152424097061157
0 0.5843207836151123 0.5440149307250977 0.03152424097061157 0.03152424097061157
0 0.5022726655006409 0.5459822416305542 0.03152424097061157 0.03152424097061157
0 0.4206402897834778 0.547939658164978 0.03152424097061157 0.03152424097061157
0 0.33942052721977234 0.5498871803283691 0.03152424097061157 0.03152424097061157
0 0.2586102783679962 0.5518248081207275 0.03152424097061157 0.03152424097061157
0 0.7617589831352234 0.619692325592041 0.03152424097061157 0.03152424097061157
0 0.6749297976493835 0.6215606331825256 0.03152424097061157 0.03152424097061157
0 0.5885636210441589 0.6234189867973328 0.03152424097061157 0.03152424097061157
0 0.5026568174362183 0.6252674460411072 0.03152424097061157 0.03152424097061157
0 0.41720566153526306 0.6271061301231384 0.03152424097061157 0.03152424097061157
0 0.3322065472602844 0.6289350390434265 0.03152424097061157 0.03152424097061157
0 0.2476559430360794 0.6307543516159058 0.03152424097061157 0.03152424097061157
0 0.7750397324562073 0.7072375416755676 0.03152424097061157 0.03152424097061157
0 0.6838773488998413 0.7089526653289795 0.03152424097061157 0.03152424097061157
0 0.5932251214981079 0.7106581926345825 0.03152424097061157 0.03152424097061157
0 0.5030787587165833 0.7123541831970215 0.03152424097061157 0.03152424097061157
0 0.4134339690208435 0.7140407562255859 0.03152424097061157 0.03152424097061157
0 0.32428666949272156 0.7157179713249207 0.03152424097061157 0.03152424097061157
0 0.23563268780708313 0.7173858880996704 0.03152424097061157 0.03152424097061157