0 0.7274158000946045 0.2208225131034851 0.03461547940969467 0.03461547940969467
0 0.6527706980705261 0.2208070158958435 0.03461547940969467 0.03461547940969467
0 0.5781741142272949 0.2207915186882019 0.03461547940969467 0.03461547940969467
0 0.5036258697509766 0.2207760363817215 0.03461547940969467 0.03461547940969467
0 0.4291260540485382 0.22076056897640228 0.03461547940969467 0.03461547940969467
0 0.3546745181083679 0.22074511647224426 0.03461547940969467 0.03461547940969467
0 0.2802712321281433 0.22072966396808624 0.03461547940969467 0.03461547940969467
0 0.7369804978370667 0.27258583903312683 0.03461547940969467 0.03461547940969467
0 0.6591926217079163 0.27255216240882874 0.03461547940969467 0.03461547940969467
0 0.5814573168754578 0.272518515586853 0.03461547940969467 0.03461547940969467
0 0.5037746429443359 0.2724848985671997 0.03461547940969467 0.03461547940969467
0 0.42614442110061646 0.2724513113498688 0.03461547940969467 0.03461547940969467
0 0.3485666811466217 0.27241775393486023 0.03461547940969467 0.03461547940969467
0 0.2710413336753845 0.2723841965198517 0.03461547940969467 0.03461547940969467
0 0.7473854422569275 0.32889631390571594 0.03461547940969467 0.03461547940969467
0 0.6661784052848816 0.32884126901626587 0.03461547940969467 0.03461547940969467
0 0.5850287675857544 0.32878628373146057 0.03461547940969467 0.03461547940969467
0 0.5039364099502563 0.32873132824897766 0.03461547940969467 0.03461547940969467
0 0.4229012429714203 0.3286764323711395 0.03461547940969467 0.03461547940969467
0 0.34192323684692383 0.3286215364933014 0.03461547940969467 0.03461547940969467
0 0.2610023319721222 0.3285667300224304 0.03461547940969467 0.03461547940969467
0 0.758746325969696 0.3903806209564209 0.03461547940969467 0.03461547940969467
0 0.6738058924674988 0.39030033349990845 0.03461547940969467 0.03461547940969467
0 0.5889281034469604 0.39022013545036316 0.03461547940969467 0.03461547940969467
0 0.5041130185127258 0.39013999700546265 0.03461547940969467 0.03461547940969467
0 0.41936051845550537 0.3900598883628845 0.03461547940969467 0.03461547940969467
0 0.3346705436706543 0.38997986912727356 0.03461547940969467 0.03461547940969467
0 0.25004297494888306 0.3898999094963074 0.03461547940969467 0.03461547940969467
0 0.7712013721466064 0.4577861428260803 0.03461547940969467 0.03461547940969467
0 0.6821675896644592 0.4576759338378906 0.03461547940969467 0.03461547940969467
0 0.5932027101516724 0.4575657844543457 0.03461547940969467 0.03461547940969467
0 0.5043066143989563 0.45745572447776794 0.03461547940969467 0.03461547940969467
0 0.4154793322086334 0.45734575390815735 0.03461547940969467 0.03461547940969467
0 0.3267207145690918 0.4572358727455139 0.03461547940969467 0.03461547940969467
0 0.23803065717220306 0.45712608098983765 0.03461547940969467 0.03461547940969467
0 0.7849165797233582 0.5320115685462952 0.03461547940969467 0.03461547940969467
0 0.6913749575614929 0.5318655967712402 0.03461547940969467 0.03461547940969467
0 0.5979093909263611 0.5317196846008301 0.03461547940969467 0.03461547940969467
0 0.5045198202133179 0.5315739512443542 0.03461547940969467 0.03461547940969467
0 0.41120609641075134 0.531428337097168 0.03461547940969467 0.03461547940969467
0 0.3179681599140167 0.5312827825546265 0.03461547940969467 0.03461547940969467
0 0.22480592131614685 0.5311374068260193 0.03461547940969467 0.03461547940969467
0 0.800093412399292 0.6141470074653625 0.03461547940969467 0.03461547940969467
0 0.7015631794929504 0.6139580607414246 0.03461547940969467 0.03461547940969467
0 0.6031172871589661 0.6137692928314209 0.03461547940969467 0.03461547940969467
0 0.5047556757926941 0.6135806441307068 0.03461547940969467 0.03461547940969467
0 0.40647825598716736 0.613392174243927 0.03461547940969467 0.03461547940969467
0 0.3082848787307739 0.6132038831710815 0.03461547940969467 0.03461547940969467
0 0.21017546951770782 0.6130157113075256 0.03461547940969467 0.03461547940969467