0 0.6921797394752502 0.1552126109600067 0.02289562493873139 0.03423644850651423
0 0.6172309517860413 0.15520356595516205 0.02289562493873139 0.03423644850651423
0 0.541681170463562 0.15519443154335022 0.02289562493873139 0.03423644850651423
0 0.4655231535434723 0.15518522262573242 0.02289562493873139 0.03423644850651423
0 0.3887494206428528 0.15517595410346985 0.02289562493873139 0.03423644850651423
0 0.31135255098342896 0.1551665961742401 0.02289562493873139 0.03423644850651423
0 0.23332491517066956 0.1551571637392044 0.02289562493873139 0.03423644850651423
0 0.7042301893234253 0.23464426398277283 0.02289562493873139 0.03423644850651423
0 0.6265527009963989 0.23496384918689728 0.02289562493873139 0.03423644850651423
0 0.5482290983200073 0.23528608679771423 0.02289562493873139 0.03423644850651423
0 0.46925127506256104 0.23561102151870728 0.02289562493873139 0.03423644850651423
0 0.38961106538772583 0.2359386831521988 0.02289562493873139 0.03423644850651423
0 0.3093000650405884 0.23626908659934998 0.02289562493873139 0.03423644850651423
0 0.228309765458107 0.2366023063659668 0.02289562493873139 0.03423644850651423
0 0.7172046303749084 0.3201662302017212 0.02289562493873139 0.03423644850651423
0 0.6365922093391418 0.3208659291267395 0.02289562493873139 0.03423644850651423
0 0.5552833676338196 0.3215717077255249 0.02289562493873139 0.03423644850651423
0 0.4732690155506134 0.3222835958003998 0.02289562493873139 0.03423644850651423
0 0.3905399441719055 0.3230016827583313 0.02289562493873139 0.03423644850651423
0 0.3070867657661438 0.323726087808609 0.02289562493873139 0.03423644850651423
0 0.222899928689003 0.3244568109512329 0.02289562493873139 0.03423644850651423
0 0.7312135100364685 0.4125068485736847 0.02289562493873139 0.03423644850651423
0 0.6474357843399048 0.4136476516723633 0.02289562493873139 0.03423644850651423
0 0.5629051327705383 0.41479870676994324 0.02289562493873139 0.03423644850651423
0 0.47761139273643494 0.4159601628780365 0.02289562493873139 0.03423644850651423
0 0.3915441930294037 0.4171321392059326 0.02289562493873139 0.03423644850651423
0 0.30469298362731934 0.4183148145675659 0.02289562493873139 0.03423644850651423
0 0.21704693138599396 0.41950827836990356 0.02289562493873139 0.03423644850651423
0 0.7463856935501099 0.5125154852867126 0.02289562493873139 0.03423644850651423
0 0.6591839790344238 0.5141699314117432 0.02289562493873139 0.03423644850651423
0 0.5711657404899597 0.5158398151397705 0.02289562493873139 0.03423644850651423
0 0.4823194742202759 0.5175254344940186 0.02289562493873139 0.03423644850651423
0 0.39263343811035156 0.5192270278930664 0.02289562493873139 0.03423644850651423
0 0.3020956814289093 0.5209447145462036 0.02289562493873139 0.03423644850651423
0 0.21069400012493134 0.5226788520812988 0.02289562493873139 0.03423644850651423
0 0.7628723382949829 0.6211886405944824 0.02289562493873139 0.03423644850651423
0 0.6719549298286438 0.6234435439109802 0.02289562493873139 0.03423644850651423
0 0.5801489949226379 0.6257204413414001 0.02289562493873139 0.03423644850651423
0 0.48744145035743713 0.6280197501182556 0.02289562493873139 0.03423644850651423
0 0.3938189148902893 0.6303417086601257 0.02289562493873139 0.03423644850651423
0 0.2992677688598633 0.6326867341995239 0.02289562493873139 0.03423644850651423
0 0.20377418398857117 0.6350551247596741 0.02289562493873139 0.03423644850651423
0 0.7808520793914795 0.7397032976150513 0.02289562493873139 0.03423644850651423
0 0.6858883500099182 0.7426633834838867 0.02289562493873139 0.03423644850651423
0 0.589954137802124 0.7456536889076233 0.02289562493873139 0.03423644850651423
0 0.4930344223976135 0.7486746907234192 0.02289562493873139 0.03423644850651423
0 0.3951139450073242 0.7517268657684326 0.02289562493873139 0.03423644850651423
0 0.2961771488189697 0.7548108100891113 0.02289562493873139 0.03423644850651423
0 0.19620810449123383 0.7579268217086792 0.02289562493873139 0.03423644850651423