0 0.7288311719894409 0.18159668147563934 0.025125425308942795 0.03350056707859039
0 0.6615232229232788 0.17959794402122498 0.025125425308942795 0.03350056707859039
0 0.5940365791320801 0.1775938868522644 0.025125425308942795 0.03350056707859039
0 0.5263704657554626 0.17558450996875763 0.025125425308942795 0.03350056707859039
0 0.4585241973400116 0.17356978356838226 0.025125425308942795 0.03350056707859039
0 0.3904970586299896 0.17154967784881592 0.025125425308942795 0.03350056707859039
0 0.32228830456733704 0.1695241779088974 0.025125425308942795 0.03350056707859039
0 0.739879310131073 0.24504591524600983 0.025125425308942795 0.03350056707859039
0 0.6693098545074463 0.2430380880832672 0.025125425308942795 0.03350056707859039
0 0.5985438823699951 0.2410246580839157 0.025125425308942795 0.03350056707859039
0 0.5275804996490479 0.23900562524795532 0.025125425308942795 0.03350056707859039
0 0.4564190208911896 0.23698094487190247 0.025125425308942795 0.03350056707859039
0 0.38505855202674866 0.23495061695575714 0.025125425308942795 0.03350056707859039
0 0.31349822878837585 0.23291459679603577 0.025125425308942795 0.03350056707859039
0 0.7520565986633301 0.3149798810482025 0.025125425308942795 0.03350056707859039
0 0.6778934001922607 0.3129715025424957 0.025125425308942795 0.03350056707859039
0 0.6035131216049194 0.31095725297927856 0.025125425308942795 0.03350056707859039
0 0.5289148092269897 0.30893710255622864 0.025125425308942795 0.03350056707859039
0 0.4540974497795105 0.30691102147102356 0.025125425308942795 0.03350056707859039
0 0.37906011939048767 0.30487897992134094 0.025125425308942795 0.03350056707859039
0 0.3038018047809601 0.3028409481048584 0.025125425308942795 0.03350056707859039
0 0.7655454277992249 0.39244621992111206 0.025125425308942795 0.03350056707859039
0 0.6874029040336609 0.39044883847236633 0.025125425308942795 0.03350056707859039
0 0.6090193390846252 0.38844531774520874 0.025125425308942795 0.03350056707859039
0 0.5303934812545776 0.3864355981349945 0.025125425308942795 0.03350056707859039
0 0.4515242874622345 0.38441967964172363 0.025125425308942795 0.03350056707859039
0 0.3724105954170227 0.38239747285842896 0.025125425308942795 0.03350056707859039
0 0.2930513024330139 0.38036900758743286 0.025125425308942795 0.03350056707859039
0 0.7805697917938232 0.4787311553955078 0.025125425308942795 0.03350056707859039
0 0.6979967355728149 0.4767604172229767 0.025125425308942795 0.03350056707859039
0 0.6151543855667114 0.4747832417488098 0.025125425308942795 0.03350056707859039
0 0.5320413112640381 0.4727995991706848 0.025125425308942795 0.03350056707859039
0 0.448656290769577 0.4708094894886017 0.025125425308942795 0.03350056707859039
0 0.364997923374176 0.46881285309791565 0.025125425308942795 0.03350056707859039
0 0.2810649275779724 0.46680963039398193 0.025125425308942795 0.03350056707859039
0 0.7974077463150024 0.5754314064979553 0.025125425308942795 0.03350056707859039
0 0.7098715305328369 0.5735085010528564 0.025125425308942795 0.03350056707859039
0 0.6220325231552124 0.5715789198875427 0.025125425308942795 0.03350056707859039
0 0.5338890552520752 0.5696426630020142 0.025125425308942795 0.03350056707859039
0 0.4454396963119507 0.567699670791626 0.025125425308942795 0.03350056707859039
0 0.3566827178001404 0.5657499432563782 0.025125425308942795 0.03350056707859039
0 0.2676165699958801 0.563793420791626 0.025125425308942795 0.03350056707859039
0 0.8164086937904358 0.6845539212226868 0.025125425308942795 0.03350056707859039
0 0.7232745885848999 0.6827078461647034 0.025125425308942795 0.03350056707859039
0 0.6297974586486816 0.6808549165725708 0.025125425308942795 0.03350056707859039
0 0.5359755158424377 0.6789951920509338 0.025125425308942795 0.03350056707859039
0 0.441806823015213 0.6771285533905029 0.025125425308942795 0.03350056707859039
0 0.34728941321372986 0.6752550601959229 0.025125425308942795 0.03350056707859039
0 0.25242137908935547 0.6733745336532593 0.025125425308942795 0.03350056707859039