0 0.6976835131645203 0.1598040610551834 0.02309513723788162 0.03453478465477625
0 0.6222362518310547 0.15837113559246063 0.02309513723788162 0.03453478465477625
0 0.5460196137428284 0.15692360699176788 0.02309513723788162 0.03453478465477625
0 0.4690217077732086 0.15546123683452606 0.02309513723788162 0.03453478465477625
0 0.3912304639816284 0.15398380160331726 0.02309513723788162 0.03453478465477625
0 0.31263357400894165 0.15249107778072357 0.02309513723788162 0.03453478465477625
0 0.23321843147277832 0.1509827971458435 0.02309513723788162 0.03453478465477625
0 0.7091807723045349 0.2403431385755539 0.02309513723788162 0.03453478465477625
0 0.6311070919036865 0.23928233981132507 0.02309513723788162 0.03453478465477625
0 0.5522087216377258 0.23821033537387848 0.02309513723788162 0.03453478465477625
0 0.4724724590778351 0.23712694644927979 0.02309513723788162 0.03453478465477625
0 0.3918849229812622 0.23603197932243347 0.02309513723788162 0.03453478465477625
0 0.31043243408203125 0.2349252700805664 0.02309513723788162 0.03453478465477625
0 0.2281009554862976 0.23380661010742188 0.02309513723788162 0.03453478465477625
0 0.7215226292610168 0.3267982304096222 0.02309513723788162 0.03453478465477625
0 0.6406331062316895 0.3261692523956299 0.02309513723788162 0.03453478465477625
0 0.5588573813438416 0.325533390045166 0.02309513723788162 0.03453478465477625
0 0.47618088126182556 0.32489052414894104 0.02309513723788162 0.03453478465477625
0 0.3925885260105133 0.3242405354976654 0.02309513723788162 0.03453478465477625
0 0.30806511640548706 0.32358330488204956 0.02309513723788162 0.03453478465477625
0 0.22259493172168732 0.32291868329048157 0.02309513723788162 0.03453478465477625
0 0.7348056435585022 0.4198459982872009 0.02309513723788162 0.03453478465477625
0 0.6508896350860596 0.41971927881240845 0.02309513723788162 0.03453478465477625
0 0.5660188794136047 0.4195910692214966 0.02309513723788162 0.03453478465477625
0 0.4801769256591797 0.4194614291191101 0.02309513723788162 0.03453478465477625
0 0.39334702491760254 0.41933029890060425 0.02309513723788162 0.03453478465477625
0 0.30551204085350037 0.41919761896133423 0.02309513723788162 0.03453478465477625
0 0.21665439009666443 0.41906341910362244 0.02309513723788162 0.03453478465477625
0 0.7491416335105896 0.5202704668045044 0.02309513723788162 0.03453478465477625
0 0.6619640588760376 0.5207294225692749 0.02309513723788162 0.03453478465477625
0 0.5737548470497131 0.5211937427520752 0.02309513723788162 0.03453478465477625
0 0.48449546098709106 0.5216636657714844 0.02309513723788162 0.03453478465477625
0 0.39416712522506714 0.5221391916275024 0.02309513723788162 0.03453478465477625
0 0.30275046825408936 0.522620439529419 0.02309513723788162 0.03453478465477625
0 0.21022576093673706 0.5231075286865234 0.02309513723788162 0.03453478465477625
0 0.7646611332893372 0.6289849877357483 0.02309513723788162 0.03453478465477625
0 0.6739583015441895 0.6301290392875671 0.02309513723788162 0.03453478465477625
0 0.5821372270584106 0.6312872171401978 0.02309513723788162 0.03453478465477625
0 0.4891771078109741 0.6324597597122192 0.02309513723788162 0.03453478465477625
0 0.3950565755367279 0.6336469054222107 0.02309513723788162 0.03453478465477625
0 0.2997537851333618 0.634848952293396 0.02309513723788162 0.03453478465477625
0 0.2032463252544403 0.6360662579536438 0.02309513723788162 0.03453478465477625
0 0.7815169095993042 0.7470604181289673 0.02309513723788162 0.03453478465477625
0 0.6869919300079346 0.7490087747573853 0.02309513723788162 0.03453478465477625
0 0.5912507176399231 0.7509822249412537 0.02309513723788162 0.03453478465477625
0 0.4942696988582611 0.7529811859130859 0.02309513723788162 0.03453478465477625
0 0.396024614572525 0.7550062537193298 0.02309513723788162 0.03453478465477625
0 0.2964905798435211 0.7570578455924988 0.02309513723788162 0.03453478465477625
0 0.19564209878444672 0.7591365575790405 0.02309513723788162 0.03453478465477625