0 0.7025799751281738 0.13521645963191986 0.022231562187274297 0.03324345747629801
0 0.6283047795295715 0.13367091119289398 0.022231562187274297 0.03324345747629801
0 0.5534523725509644 0.13211335241794586 0.022231562187274297 0.03324345747629801
0 0.47801610827445984 0.13054364919662476 0.022231562187274297 0.03324345747629801
0 0.40198901295661926 0.12896163761615753 0.022231562187274297 0.03324345747629801
0 0.32536420226097107 0.12736719846725464 0.022231562187274297 0.03324345747629801
0 0.2481345385313034 0.12576018273830414 0.022231562187274297 0.03324345747629801
0 0.7131330966949463 0.2125285565853119 0.022231562187274297 0.03324345747629801
0 0.6362711191177368 0.21123811602592468 0.022231562187274297 0.03324345747629801
0 0.5587906837463379 0.20993728935718536 0.022231562187274297 0.03324345747629801
0 0.48068419098854065 0.20862595736980438 0.022231562187274297 0.03324345747629801
0 0.4019441306591034 0.207303985953331 0.022231562187274297 0.03324345747629801
0 0.32256269454956055 0.20597124099731445 0.022231562187274297 0.03324345747629801
0 0.24253204464912415 0.2046276032924652 0.022231562187274297 0.03324345747629801
0 0.7244575619697571 0.29549112915992737 0.022231562187274297 0.03324345747629801
0 0.6448221802711487 0.2944979965686798 0.022231562187274297 0.03324345747629801
0 0.5645223259925842 0.29349657893180847 0.022231562187274297 0.03324345747629801
0 0.48354974389076233 0.2924867570400238 0.022231562187274297 0.03324345747629801
0 0.4018958806991577 0.29146844148635864 0.022231562187274297 0.03324345747629801
0 0.31955212354660034 0.2904415428638458 0.022231562187274297 0.03324345747629801
0 0.23650966584682465 0.2894059121608734 0.022231562187274297 0.03324345747629801
0 0.7366410493850708 0.38474714756011963 0.022231562187274297 0.03324345747629801
0 0.6540246605873108 0.38410112261772156 0.022231562187274297 0.03324345747629801
0 0.5706925988197327 0.3834494650363922 0.022231562187274297 0.03324345747629801
0 0.4866355061531067 0.3827921450138092 0.022231562187274297 0.03324345747629801
0 0.4018439054489136 0.38212910294532776 0.022231562187274297 0.03324345747629801
0 0.3163081407546997 0.3814602196216583 0.022231562187274297 0.03324345747629801
0 0.23001836240291595 0.3807854652404785 0.022231562187274297 0.03324345747629801
0 0.7497851848602295 0.48104095458984375 0.022231562187274297 0.03324345747629801
0 0.6639559864997864 0.4808010458946228 0.022231562187274297 0.03324345747629801
0 0.5773537158966064 0.48055899143218994 0.022231562187274297 0.03324345747629801
0 0.48996788263320923 0.4803147315979004 0.022231562187274297 0.03324345747629801
0 0.40178778767585754 0.48006823658943176 0.022231562187274297 0.03324345747629801
0 0.3128025531768799 0.47981950640678406 0.022231562187274297 0.03324345747629801
0 0.2230011224746704 0.4795685112476349 0.022231562187274297 0.03324345747629801
0 0.7640083432197571 0.5852391123771667 0.022231562187274297 0.03324345747629801
0 0.6747063994407654 0.585475742816925 0.022231562187274297 0.03324345747629801
0 0.5845667719841003 0.58571457862854 0.022231562187274297 0.03324345747629801
0 0.49357765913009644 0.5859556794166565 0.022231562187274297 0.03324345747629801
0 0.40172696113586426 0.5861990451812744 0.022231562187274297 0.03324345747629801
0 0.3090023696422577 0.5864447355270386 0.022231562187274297 0.03324345747629801
0 0.2153913527727127 0.5866928100585938 0.022231562187274297 0.03324345747629801
0 0.779448926448822 0.6983565092086792 0.022231562187274297 0.03324345747629801
0 0.686381459236145 0.6991540789604187 0.022231562187274297 0.03324345747629801
0 0.5924032926559448 0.6999594569206238 0.022231562187274297 0.03324345747629801
0 0.4975009858608246 0.700772762298584 0.022231562187274297 0.03324345747629801
0 0.40166082978248596 0.7015940546989441 0.022231562187274297 0.03324345747629801
0 0.30486881732940674 0.7024235725402832 0.022231562187274297 0.03324345747629801
0 0.2071107029914856 0.7032613158226013 0.022231562187274297 0.03324345747629801