0 0.6469313502311707 0.16891299188137054 0.025500193238258362 0.03400025765101115
0 0.5797896385192871 0.17626264691352844 0.025500193238258362 0.03400025765101115
0 0.5124577879905701 0.18363310396671295 0.025500193238258362 0.03400025765101115
0 0.44493505358695984 0.19102448225021362 0.025500193238258362 0.03400025765101115
0 0.37722060084342957 0.19843682646751404 0.025500193238258362 0.03400025765101115
0 0.30931356549263 0.20587025582790375 0.025500193238258362 0.03400025765101115
0 0.24121320247650146 0.21332484483718872 0.025500193238258362 0.03400025765101115
0 0.6598793864250183 0.23289108276367188 0.025500193238258362 0.03400025765101115
0 0.5894193649291992 0.24070101976394653 0.025500193238258362 0.03400025765101115
0 0.5187498331069946 0.2485341876745224 0.025500193238258362 0.03400025765101115
0 0.4478699564933777 0.25639066100120544 0.025500193238258362 0.03400025765101115
0 0.376778781414032 0.264270544052124 0.025500193238258362 0.03400025765101115
0 0.3054753541946411 0.2721739709377289 0.025500193238258362 0.03400025765101115
0 0.23395869135856628 0.2801010310649872 0.025500193238258362 0.03400025765101115
0 0.6741799712181091 0.3035520613193512 0.025500193238258362 0.03400025765101115
0 0.600056529045105 0.311880886554718 0.025500193238258362 0.03400025765101115
0 0.5257011651992798 0.3202357590198517 0.025500193238258362 0.03400025765101115
0 0.45111286640167236 0.32861682772636414 0.025500193238258362 0.03400025765101115
0 0.37629052996635437 0.33702418208122253 0.025500193238258362 0.03400025765101115
0 0.3012330234050751 0.34545794129371643 0.025500193238258362 0.03400025765101115
0 0.22593925893306732 0.35391825437545776 0.025500193238258362 0.03400025765101115
0 0.6900566816329956 0.38200077414512634 0.025500193238258362 0.03400025765101115
0 0.6118679642677307 0.3909185826778412 0.025500193238258362 0.03400025765101115
0 0.5334211587905884 0.3998658359050751 0.025500193238258362 0.03400025765101115
0 0.45471495389938354 0.40884265303611755 0.025500193238258362 0.03400025765101115
0 0.3757480978965759 0.41784924268722534 0.025500193238258362 0.03400025765101115
0 0.29651927947998047 0.4268856644630432 0.025500193238258362 0.03400025765101115
0 0.2170271873474121 0.43595215678215027 0.025500193238258362 0.03400025765101115
0 0.7077851891517639 0.4695996642112732 0.025500193238258362 0.03400025765101115
0 0.6250594854354858 0.47919127345085144 0.025500193238258362 0.03400025765101115
0 0.5420447587966919 0.48881635069847107 0.025500193238258362 0.03400025765101115
0 0.45873939990997314 0.49847516417503357 0.025500193238258362 0.03400025765101115
0 0.375141978263855 0.5081678032875061 0.025500193238258362 0.03400025765101115
0 0.29125088453292847 0.5178945064544678 0.025500193238258362 0.03400025765101115
0 0.20706462860107422 0.5276554226875305 0.025500193238258362 0.03400025765101115
0 0.7277095913887024 0.568048894405365 0.025500193238258362 0.03400025765101115
0 0.6398879885673523 0.578417956829071 0.025500193238258362 0.03400025765101115
0 0.5517404079437256 0.588825523853302 0.025500193238258362 0.03400025765101115
0 0.4632651209831238 0.5992717742919922 0.025500193238258362 0.03400025765101115
0 0.37446022033691406 0.6097568869590759 0.025500193238258362 0.03400025765101115
0 0.2853238582611084 0.6202812194824219 0.025500193238258362 0.03400025765101115
0 0.19585423171520233 0.6308448314666748 0.025500193238258362 0.03400025765101115
0 0.7502648830413818 0.6794974207878113 0.025500193238258362 0.03400025765101115
0 0.656678318977356 0.690772533416748 0.025500193238258362 0.03400025765101115
0 0.5627214312553406 0.702092170715332 0.025500193238258362 0.03400025765101115
0 0.46839195489883423 0.7134567499160767 0.025500193238258362 0.03400025765101115
0 0.3736877143383026 0.724866509437561 0.025500193238258362 0.03400025765101115
0 0.27860644459724426 0.7363216280937195 0.025500193238258362 0.03400025765101115
0 0.18314588069915771 0.7478225231170654 0.025500193238258362 0.03400025765101115