0 0.2163344770669937 0.7261242270469666 0.030855968594551086 0.030855968594551086
0 0.3039427101612091 0.7251719832420349 0.030855968594551086 0.030855968594551086
0 0.39199990034103394 0.7242148518562317 0.030855968594551086 0.030855968594551086
0 0.48050957918167114 0.7232527732849121 0.030855968594551086 0.030855968594551086
0 0.5694751739501953 0.7222857475280762 0.030855968594551086 0.030855968594551086
0 0.6589003205299377 0.7213137149810791 0.030855968594551086 0.030855968594551086
0 0.7487884759902954 0.7203366756439209 0.030855968594551086 0.030855968594551086
0 0.22713221609592438 0.6381394267082214 0.030855968594551086 0.030855968594551086
0 0.3113129138946533 0.6370086669921875 0.030855968594551086 0.030855968594551086
0 0.395907998085022 0.6358723640441895 0.030855968594551086 0.030855968594551086
0 0.4809204936027527 0.6347304582595825 0.030855968594551086 0.030855968594551086
0 0.5663535594940186 0.6335828900337219 0.030855968594551086 0.030855968594551086
0 0.6522102952003479 0.6324296593666077 0.030855968594551086 0.030855968594551086
0 0.7384938597679138 0.6312706470489502 0.030855968594551086 0.030855968594551086
0 0.23711276054382324 0.5568134784698486 0.030855968594551086 0.030855968594551086
0 0.31812402606010437 0.5555335283279419 0.030855968594551086 0.030855968594551086
0 0.3995189070701599 0.5542474985122681 0.030855968594551086 0.030855968594551086
0 0.48130011558532715 0.5529553890228271 0.030855968594551086 0.030855968594551086
0 0.5634704232215881 0.5516571402549744 0.030855968594551086 0.030855968594551086
0 0.6460326313972473 0.5503526926040649 0.030855968594551086 0.030855968594551086
0 0.7289895415306091 0.5490419864654541 0.030855968594551086 0.030855968594551086
0 0.2463655024766922 0.48141801357269287 0.030855968594551086 0.030855968594551086
0 0.32443732023239136 0.48001325130462646 0.030855968594551086 0.030855968594551086
0 0.40286529064178467 0.4786021113395691 0.030855968594551086 0.030855968594551086
0 0.48165184259414673 0.4771844744682312 0.030855968594551086 0.030855968594551086
0 0.5607994794845581 0.4757603704929352 0.030855968594551086 0.030855968594551086
0 0.6403106451034546 0.47432973980903625 0.030855968594551086 0.030855968594551086
0 0.7201878428459167 0.47289249300956726 0.030855968594551086 0.030855968594551086
0 0.25496724247932434 0.41132718324661255 0.030855968594551086 0.030855968594551086
0 0.33030545711517334 0.4098180830478668 0.030855968594551086 0.030855968594551086
0 0.40597519278526306 0.40830233693122864 0.030855968594551086 0.030855968594551086
0 0.4819786548614502 0.4067798852920532 0.030855968594551086 0.030855968594551086
0 0.5583180785179138 0.4052507281303406 0.030855968594551086 0.030855968594551086
0 0.634995698928833 0.40371477603912354 0.030855968594551086 0.030855968594551086
0 0.7120137214660645 0.4021720290184021 0.030855968594551086 0.030855968594551086
0 0.26298436522483826 0.34600019454956055 0.030855968594551086 0.030855968594551086
0 0.33577388525009155 0.3444039523601532 0.030855968594551086 0.030855968594551086
0 0.4088728427886963 0.34280088543891907 0.030855968594551086 0.030855968594551086
0 0.4822831451892853 0.34119102358818054 0.030855968594551086 0.030855968594551086
0 0.5560067892074585 0.33957427740097046 0.030855968594551086 0.030855968594551086
0 0.6300458312034607 0.33795061707496643 0.030855968594551086 0.030855968594551086
0 0.7044022679328918 0.33632001280784607 0.030855968594551086 0.030855968594551086
0 0.27047446370124817 0.2849673330783844 0.030855968594551086 0.030855968594551086
0 0.34088215231895447 0.28329846262931824 0.030855968594551086 0.030855968594551086
0 0.4115792214870453 0.2816227376461029 0.030855968594551086 0.030855968594551086
0 0.4825674593448639 0.279940128326416 0.030855968594551086 0.030855968594551086
0 0.5538486838340759 0.2782505452632904 0.030855968594551086 0.030855968594551086
0 0.6254247426986694 0.2765539884567261 0.030855968594551086 0.030855968594551086
0 0.6972973942756653 0.27485039830207825 0.030855968594551086 0.030855968594551086