0 0.8038803339004517 0.14695319533348083 0.020331319556054144 0.03412249435981115
0 0.7308812737464905 0.14751166105270386 0.020331319556054144 0.03412249435981115
0 0.6581963896751404 0.14806772768497467 0.020331319556054144 0.03412249435981115
0 0.5858237147331238 0.14862141013145447 0.020331319556054144 0.03412249435981115
0 0.5137611627578735 0.14917272329330444 0.020331319556054144 0.03412249435981115
0 0.4420067369937897 0.1497216671705246 0.020331319556054144 0.03412249435981115
0 0.3705585300922394 0.15026827156543732 0.020331319556054144 0.03412249435981115
0 0.8042701482772827 0.22759906947612762 0.020331319556054144 0.03412249435981115
0 0.7284386157989502 0.2279985398054123 0.020331319556054144 0.03412249435981115
0 0.6529461145401001 0.2283962219953537 0.020331319556054144 0.03412249435981115
0 0.577790379524231 0.22879213094711304 0.020331319556054144 0.03412249435981115
0 0.5029690861701965 0.2291862815618515 0.020331319556054144 0.03412249435981115
0 0.4284800589084625 0.2295786738395691 0.020331319556054144 0.03412249435981115
0 0.35432106256484985 0.2299693375825882 0.020331319556054144 0.03412249435981115
0 0.8046914935112 0.31476902961730957 0.020331319556054144 0.03412249435981115
0 0.7257988452911377 0.31498146057128906 0.020331319556054144 0.03412249435981115
0 0.647273063659668 0.31519290804862976 0.020331319556054144 0.03412249435981115
0 0.5691116452217102 0.31540337204933167 0.020331319556054144 0.03412249435981115
0 0.49131202697753906 0.3156128525733948 0.020331319556054144 0.03412249435981115
0 0.413871705532074 0.3158213496208191 0.020331319556054144 0.03412249435981115
0 0.3367881774902344 0.3160289227962494 0.020331319556054144 0.03412249435981115
0 0.8051483631134033 0.4092881381511688 0.020331319556054144 0.03412249435981115
0 0.7229370474815369 0.4092799425125122 0.020331319556054144 0.03412249435981115
0 0.6411240696907043 0.409271776676178 0.020331319556054144 0.03412249435981115
0 0.5597065687179565 0.4092636704444885 0.020331319556054144 0.03412249435981115
0 0.47868168354034424 0.40925559401512146 0.020331319556054144 0.03412249435981115
0 0.3980465531349182 0.40924757719039917 0.020331319556054144 0.03412249435981115
0 0.3177984058856964 0.4092395603656769 0.020331319556054144 0.03412249435981115
0 0.8056454658508301 0.5121266841888428 0.020331319556054144 0.03412249435981115
0 0.7198240160942078 0.5118573904037476 0.020331319556054144 0.03412249435981115
0 0.6344366073608398 0.5115894675254822 0.020331319556054144 0.03412249435981115
0 0.5494799613952637 0.5113229155540466 0.020331319556054144 0.03412249435981115
0 0.464950829744339 0.5110576748847961 0.020331319556054144 0.03412249435981115
0 0.3808459937572479 0.5107938051223755 0.020331319556054144 0.03412249435981115
0 0.2971622943878174 0.5105312466621399 0.020331319556054144 0.03412249435981115
0 0.8061883449554443 0.6244335770606995 0.020331319556054144 0.03412249435981115
0 0.7164250612258911 0.6238541603088379 0.020331319556054144 0.03412249435981115
0 0.6271366477012634 0.6232777833938599 0.020331319556054144 0.03412249435981115
0 0.5383191704750061 0.6227044463157654 0.020331319556054144 0.03412249435981115
0 0.4499690532684326 0.6221341490745544 0.020331319556054144 0.03412249435981115
0 0.3620825409889221 0.6215668320655823 0.020331319556054144 0.03412249435981115
0 0.2746560275554657 0.6210024952888489 0.020331319556054144 0.03412249435981115
0 0.8067835569381714 0.7475796341896057 0.020331319556054144 0.03412249435981115
0 0.7126990556716919 0.746630072593689 0.020331319556054144 0.03412249435981115
0 0.6191360354423523 0.7456857562065125 0.020331319556054144 0.03412249435981115
0 0.5260902047157288 0.7447466850280762 0.020331319556054144 0.03412249435981115
0 0.43355727195739746 0.7438127398490906 0.020331319556054144 0.03412249435981115
0 0.3415330648422241 0.7428839802742004 0.020331319556054144 0.03412249435981115
0 0.2500133514404297 0.7419602870941162 0.020331319556054144 0.03412249435981115