0 0.702477753162384 0.18219904601573944 0.025173358619213104 0.033564478158950806
0 0.6335641145706177 0.18472440540790558 0.025173358619213104 0.033564478158950806
0 0.5648958086967468 0.18724076449871063 0.025173358619213104 0.033564478158950806
0 0.4964713752269745 0.18974819779396057 0.025173358619213104 0.033564478158950806
0 0.42828959226608276 0.19224673509597778 0.025173358619213104 0.033564478158950806
0 0.3603491485118866 0.19473642110824585 0.025173358619213104 0.033564478158950806
0 0.2926487922668457 0.19721731543540955 0.025173358619213104 0.033564478158950806
0 0.712988018989563 0.2479112595319748 0.025173358619213104 0.033564478158950806
0 0.6407262682914734 0.25043579936027527 0.025173358619213104 0.033564478158950806
0 0.5687341094017029 0.25295090675354004 0.025173358619213104 0.033564478158950806
0 0.4970099925994873 0.2554566562175751 0.025173358619213104 0.033564478158950806
0 0.4255524277687073 0.25795310735702515 0.025173358619213104 0.033564478158950806
0 0.354359894990921 0.26044028997421265 0.025173358619213104 0.033564478158950806
0 0.2834309935569763 0.26291826367378235 0.025173358619213104 0.033564478158950806
0 0.7245672345161438 0.3203064799308777 0.025173358619213104 0.033564478158950806
0 0.6486154198646545 0.32281699776649475 0.025173358619213104 0.033564478158950806
0 0.5729612708091736 0.3253176808357239 0.025173358619213104 0.033564478158950806
0 0.49760305881500244 0.32780855894088745 0.025173358619213104 0.033564478158950806
0 0.4225390553474426 0.330289751291275 0.025173358619213104 0.033564478158950806
0 0.3477674722671509 0.3327612578868866 0.025173358619213104 0.033564478158950806
0 0.27328670024871826 0.33522313833236694 0.025173358619213104 0.033564478158950806
0 0.7373871207237244 0.40045884251594543 0.025173358619213104 0.033564478158950806
0 0.657348096370697 0.40293779969215393 0.025173358619213104 0.033564478158950806
0 0.5776395201683044 0.40540650486946106 0.025173358619213104 0.033564478158950806
0 0.4982593059539795 0.40786507725715637 0.025173358619213104 0.033564478158950806
0 0.4192054271697998 0.41031351685523987 0.025173358619213104 0.033564478158950806
0 0.3404759168624878 0.4127518832683563 0.025173358619213104 0.033564478158950806
0 0.2620687782764435 0.4151802957057953 0.025173358619213104 0.033564478158950806
0 0.7516584396362305 0.48968568444252014 0.025173358619213104 0.033564478158950806
0 0.6670673489570618 0.4921096861362457 0.025173358619213104 0.033564478158950806
0 0.5828450918197632 0.4945231080055237 0.025173358619213104 0.033564478158950806
0 0.4989893436431885 0.49692603945732117 0.025173358619213104 0.033564478158950806
0 0.41549769043922424 0.49931851029396057 0.025173358619213104 0.033564478158950806
0 0.33236777782440186 0.5017006397247314 0.025173358619213104 0.033564478158950806
0 0.24959726631641388 0.5040724873542786 0.025173358619213104 0.033564478158950806
0 0.7676424384117126 0.5896205902099609 0.025173358619213104 0.033564478158950806
0 0.6779502034187317 0.591958224773407 0.025173358619213104 0.033564478158950806
0 0.5886724591255188 0.5942850708961487 0.025173358619213104 0.033564478158950806
0 0.49980640411376953 0.5966011881828308 0.025173358619213104 0.033564478158950806
0 0.4113490879535675 0.5989066362380981 0.025173358619213104 0.033564478158950806
0 0.32329776883125305 0.6012015342712402 0.025173358619213104 0.033564478158950806
0 0.23564964532852173 0.6034858822822571 0.025173358619213104 0.033564478158950806
0 0.7856671214103699 0.7023140788078308 0.025173358619213104 0.033564478158950806
0 0.6902191042900085 0.704522967338562 0.025173358619213104 0.033564478158950806
0 0.5952402353286743 0.7067210078239441 0.025173358619213104 0.033564478158950806
0 0.5007269978523254 0.7089082598686218 0.025173358619213104 0.033564478158950806
0 0.4066760241985321 0.71108478307724 0.025173358619213104 0.033564478158950806
0 0.3130839169025421 0.7132507562637329 0.025173358619213104 0.033564478158950806
0 0.21994733810424805 0.7154061198234558 0.025173358619213104 0.033564478158950806