0 0.7255622744560242 0.19541645050048828 0.03542110820611318 0.03542110820611318
0 0.6497324705123901 0.19574999809265137 0.03542110820611318 0.03542110820611318
0 0.5736371874809265 0.19608472287654877 0.03542110820611318 0.03542110820611318
0 0.4972749352455139 0.1964206099510193 0.03542110820611318 0.03542110820611318
0 0.4206443428993225 0.19675768911838531 0.03542110820611318 0.03542110820611318
0 0.3437439799308777 0.19709594547748566 0.03542110820611318 0.03542110820611318
0 0.2665724754333496 0.1974353939294815 0.03542110820611318 0.03542110820611318
0 0.7361688613891602 0.2485068142414093 0.03542110820611318 0.03542110820611318
0 0.6572086215019226 0.24895086884498596 0.03542110820611318 0.03542110820611318
0 0.5779603719711304 0.24939653277397156 0.03542110820611318 0.03542110820611318
0 0.4984225630760193 0.24984383583068848 0.03542110820611318 0.03542110820611318
0 0.4185935854911804 0.2502927780151367 0.03542110820611318 0.03542110820611318
0 0.33847182989120483 0.2507433593273163 0.03542110820611318 0.03542110820611318
0 0.2580556571483612 0.25119560956954956 0.03542110820611318 0.03542110820611318
0 0.7476930618286133 0.30619004368782043 0.03542110820611318 0.03542110820611318
0 0.6653327345848083 0.3067629039287567 0.03542110820611318 0.03542110820611318
0 0.5826590657234192 0.3073379397392273 0.03542110820611318 0.03542110820611318
0 0.4996700584888458 0.3079151511192322 0.03542110820611318 0.03542110820611318
0 0.41636404395103455 0.30849459767341614 0.03542110820611318 0.03542110820611318
0 0.3327391743659973 0.3090762495994568 0.03542110820611318 0.03542110820611318
0 0.2487936019897461 0.3096601366996765 0.03542110820611318 0.03542110820611318
0 0.7602592706680298 0.3690890967845917 0.03542110820611318 0.03542110820611318
0 0.6741929650306702 0.3698127865791321 0.03542110820611318 0.03542110820611318
0 0.5877842307090759 0.3705393373966217 0.03542110820611318 0.03542110820611318
0 0.5010310411453247 0.3712688088417053 0.03542110820611318 0.03542110820611318
0 0.41393133997917175 0.37200117111206055 0.03542110820611318 0.03542110820611318
0 0.32648301124572754 0.37273645401000977 0.03542110820611318 0.03542110820611318
0 0.23868395388126373 0.37347471714019775 0.03542110820611318 0.03542110820611318
0 0.7740155458450317 0.4379449188709259 0.03542110820611318 0.03542110820611318
0 0.6838939785957336 0.4388461112976074 0.03542110820611318 0.03542110820611318
0 0.5933968424797058 0.4397510886192322 0.03542110820611318 0.03542110820611318
0 0.5025216937065125 0.4406598210334778 0.03542110820611318 0.03542110820611318
0 0.4112662971019745 0.441572368144989 0.03542110820611318 0.03542110820611318
0 0.31962811946868896 0.44248872995376587 0.03542110820611318 0.03542110820611318
0 0.22760483622550964 0.4434089660644531 0.03542110820611318 0.03542110820611318
0 0.7891393303871155 0.5136457085609436 0.03542110820611318 0.03542110820611318
0 0.6945614814758301 0.5147570967674255 0.03542110820611318 0.03542110820611318
0 0.5995697975158691 0.5158733129501343 0.03542110820611318 0.03542110820611318
0 0.504161536693573 0.5169944167137146 0.03542110820611318 0.03542110820611318
0 0.40833398699760437 0.5181204676628113 0.03542110820611318 0.03542110820611318
0 0.31208428740501404 0.5192514657974243 0.03542110820611318 0.03542110820611318
0 0.21540974080562592 0.5203874707221985 0.03542110820611318 0.03542110820611318
0 0.8058452010154724 0.5972656011581421 0.03542110820611318 0.03542110820611318
0 0.7063475251197815 0.5986273288726807 0.03542110820611318 0.03542110820611318
0 0.6063915491104126 0.5999953746795654 0.03542110820611318 0.03542110820611318
0 0.5059741139411926 0.6013696789741516 0.03542110820611318 0.03542110820611318
0 0.4050920903682709 0.6027503609657288 0.03542110820611318 0.03542110820611318
0 0.3037421703338623 0.6041374802589417 0.03542110820611318 0.03542110820611318
0 0.20192112028598785 0.6055310368537903 0.03542110820611318 0.03542110820611318