0 0.25294026732444763 0.19084006547927856 0.034856135646502175 0.034856135646502175
0 0.3286491334438324 0.18990586698055267 0.034856135646502175 0.034856135646502175
0 0.40453827381134033 0.1889694631099701 0.034856135646502175 0.034856135646502175
0 0.4806083142757416 0.18803080916404724 0.034856135646502175 0.034856135646502175
0 0.5568599104881287 0.1870899200439453 0.034856135646502175 0.034856135646502175
0 0.6332936882972717 0.1861467808485031 0.034856135646502175 0.034856135646502175
0 0.7099102735519409 0.18520139157772064 0.034856135646502175 0.034856135646502175
0 0.24402478337287903 0.24430663883686066 0.034856135646502175 0.034856135646502175
0 0.3227711617946625 0.2434009611606598 0.034856135646502175 0.034856135646502175
0 0.4017125964164734 0.24249304831027985 0.034856135646502175 0.034856135646502175
0 0.48084983229637146 0.24158287048339844 0.034856135646502175 0.034856135646502175
0 0.5601835250854492 0.24067044258117676 0.034856135646502175 0.034856135646502175
0 0.6397144794464111 0.2397557497024536 0.034856135646502175 0.034856135646502175
0 0.7194433808326721 0.2388387769460678 0.034856135646502175 0.034856135646502175
0 0.2343621402978897 0.30225393176078796 0.034856135646502175 0.034856135646502175
0 0.3163999617099762 0.30138495564460754 0.034856135646502175 0.034856135646502175
0 0.39864954352378845 0.30051371455192566 0.034856135646502175 0.034856135646502175
0 0.48111164569854736 0.2996402382850647 0.034856135646502175 0.034856135646502175
0 0.5637871623039246 0.29876449704170227 0.034856135646502175 0.034856135646502175
0 0.6466768980026245 0.297886461019516 0.034856135646502175 0.034856135646502175
0 0.7297816276550293 0.29700618982315063 0.034856135646502175 0.034856135646502175
0 0.22385433316230774 0.36526983976364136 0.034856135646502175 0.034856135646502175
0 0.3094707429409027 0.36444756388664246 0.034856135646502175 0.034856135646502175
0 0.39531782269477844 0.36362308263778687 0.034856135646502175 0.034856135646502175
0 0.48139649629592896 0.3627963662147522 0.034856135646502175 0.034856135646502175
0 0.5677077174186707 0.36196741461753845 0.034856135646502175 0.034856135646502175
0 0.6542524099349976 0.36113622784614563 0.034856135646502175 0.034856135646502175
0 0.7410314679145813 0.36030277609825134 0.034856135646502175 0.034856135646502175
0 0.212385356426239 0.4340497851371765 0.034856135646502175 0.034856135646502175
0 0.3019067943096161 0.4332866072654724 0.034856135646502175 0.034856135646502175
0 0.3916804790496826 0.4325212836265564 0.034856135646502175 0.034856135646502175
0 0.48170748353004456 0.43175381422042847 0.034856135646502175 0.034856135646502175
0 0.5719888806343079 0.43098416924476624 0.034856135646502175 0.034856135646502175
0 0.6625257134437561 0.4302123486995697 0.034856135646502175 0.034856135646502175
0 0.7533191442489624 0.4294383227825165 0.034856135646502175 0.034856135646502175
0 0.19981704652309418 0.5094225406646729 0.034856135646502175 0.034856135646502175
0 0.29361677169799805 0.508733868598938 0.034856135646502175 0.034856135646502175
0 0.38769349455833435 0.5080431699752808 0.034856135646502175 0.034856135646502175
0 0.4820484220981598 0.5073504447937012 0.034856135646502175 0.034856135646502175
0 0.5766828656196594 0.5066556334495544 0.034856135646502175 0.034856135646502175
0 0.671597957611084 0.5059587359428406 0.034856135646502175 0.034856135646502175
0 0.7667950391769409 0.5052598118782043 0.034856135646502175 0.034856135646502175
0 0.18598338961601257 0.5923837423324585 0.034856135646502175 0.034856135646502175
0 0.28449079394340515 0.5917888283729553 0.034856135646502175 0.034856135646502175
0 0.38330382108688354 0.5911920666694641 0.034856135646502175 0.034856135646502175
0 0.4824238419532776 0.5905934572219849 0.034856135646502175 0.034856135646502175
0 0.5818523168563843 0.5899930000305176 0.034856135646502175 0.034856135646502175
0 0.681590735912323 0.5893906354904175 0.034856135646502175 0.034856135646502175
0 0.7816404700279236 0.5887864232063293 0.034856135646502175 0.034856135646502175