0 0.701079785823822 0.1274425983428955 0.022263870869452758 0.033291769524415336
0 0.626003086566925 0.12660916149616241 0.022263870869452758 0.033291769524415336
0 0.5506430864334106 0.1257725954055786 0.022263870869452758 0.033291769524415336
0 0.4749981760978699 0.12493286281824112 0.022263870869452758 0.033291769524415336
0 0.399066686630249 0.12408994883298874 0.022263870869452758 0.033291769524415336
0 0.32284700870513916 0.12324383109807968 0.022263870869452758 0.033291769524415336
0 0.24633747339248657 0.12239450216293335 0.022263870869452758 0.033291769524415336
0 0.7116860747337341 0.20543888211250305 0.022263870869452758 0.033291769524415336
0 0.6339576244354248 0.2047279179096222 0.022263870869452758 0.033291769524415336
0 0.5559253692626953 0.20401416718959808 0.022263870869452758 0.033291769524415336
0 0.4775875508785248 0.20329762995243073 0.022263870869452758 0.033291769524415336
0 0.39894232153892517 0.20257827639579773 0.022263870869452758 0.033291769524415336
0 0.3199878931045532 0.2018561065196991 0.022263870869452758 0.033291769524415336
0 0.2407224476337433 0.20113107562065125 0.022263870869452758 0.033291769524415336
0 0.7230737209320068 0.28918129205703735 0.022263870869452758 0.033291769524415336
0 0.6424993276596069 0.2886134386062622 0.022263870869452758 0.033291769524415336
0 0.5615983605384827 0.2880432903766632 0.022263870869452758 0.033291769524415336
0 0.48036882281303406 0.28747084736824036 0.022263870869452758 0.033291769524415336
0 0.39880871772766113 0.2868960499763489 0.022263870869452758 0.033291769524415336
0 0.31691601872444153 0.28631892800331116 0.022263870869452758 0.033291769524415336
0 0.2346886843442917 0.2857394218444824 0.022263870869452758 0.033291769524415336
0 0.7353324294090271 0.379329115152359 0.022263870869452758 0.033291769524415336
0 0.6516957879066467 0.3789288103580475 0.022263870869452758 0.033291769524415336
0 0.5677071213722229 0.37852683663368225 0.022263870869452758 0.033291769524415336
0 0.48336419463157654 0.3781231641769409 0.022263870869452758 0.033291769524415336
0 0.39866480231285095 0.3777177631855011 0.022263870869452758 0.033291769524415336
0 0.3136066794395447 0.3773106634616852 0.022263870869452758 0.033291769524415336
0 0.22818751633167267 0.3769018352031708 0.022263870869452758 0.033291769524415336
0 0.7485660910606384 0.4766464829444885 0.022263870869452758 0.033291769524415336
0 0.6616252064704895 0.47644272446632385 0.022263870869452758 0.033291769524415336
0 0.5743038058280945 0.47623810172080994 0.022263870869452758 0.033291769524415336
0 0.4865993559360504 0.476032555103302 0.022263870869452758 0.033291769524415336
0 0.39850935339927673 0.47582611441612244 0.022263870869452758 0.033291769524415336
0 0.3100312352180481 0.47561877965927124 0.022263870869452758 0.033291769524415336
0 0.22116246819496155 0.475410521030426 0.022263870869452758 0.033291769524415336
0 0.7628958225250244 0.582024097442627 0.022263870869452758 0.033291769524415336
0 0.6723789572715759 0.5820515751838684 0.022263870869452758 0.033291769524415336
0 0.5814493894577026 0.5820791721343994 0.022263870869452758 0.033291769524415336
0 0.4901043176651001 0.58210688829422 0.022263870869452758 0.033291769524415336
0 0.3983409106731415 0.5821347236633301 0.022263870869452758 0.033291769524415336
0 0.3061562776565552 0.5821626782417297 0.022263870869452758 0.033291769524415336
0 0.21354752779006958 0.582190752029419 0.022263870869452758 0.033291769524415336
0 0.7784637212753296 0.696506679058075 0.022263870869452758 0.033291769524415336
0 0.6840640306472778 0.6968069672584534 0.022263870869452758 0.033291769524415336
0 0.5892152786254883 0.6971086859703064 0.022263870869452758 0.033291769524415336
0 0.49391424655914307 0.697411835193634 0.022263870869452758 0.033291769524415336
0 0.3981577754020691 0.6977164149284363 0.022263870869452758 0.033291769524415336
0 0.30194249749183655 0.6980224847793579 0.022263870869452758 0.033291769524415336
0 0.20526516437530518 0.6983300447463989 0.022263870869452758 0.033291769524415336