0 0.671097457408905 0.23528452217578888 0.03189213077227274 0.03189213077227274
0 0.595994770526886 0.24981118738651276 0.03189213077227274 0.03189213077227274
0 0.5196738839149475 0.26457345485687256 0.03189213077227274 0.03189213077227274
0 0.4421049654483795 0.2795771658420563 0.03189213077227274 0.03189213077227274
0 0.36325713992118835 0.2948282063007355 0.03189213077227274 0.03189213077227274
0 0.2830984890460968 0.3103328049182892 0.03189213077227274 0.03189213077227274
0 0.20159606635570526 0.3260973393917084 0.03189213077227274 0.03189213077227274
0 0.6951505541801453 0.306693971157074 0.03189213077227274 0.03189213077227274
0 0.6184332966804504 0.32215961813926697 0.03189213077227274 0.03189213077227274
0 0.5404414534568787 0.3378821909427643 0.03189213077227274 0.03189213077227274
0 0.4611428678035736 0.35386818647384644 0.03189213077227274 0.03189213077227274
0 0.3805045187473297 0.37012428045272827 0.03189213077227274 0.03189213077227274
0 0.29849210381507874 0.38665735721588135 0.03189213077227274 0.03189213077227274
0 0.21507026255130768 0.4034745693206787 0.03189213077227274 0.03189213077227274
0 0.7203835248947144 0.3816062808036804 0.03189213077227274 0.03189213077227274
0 0.641981840133667 0.39808690547943115 0.03189213077227274 0.03189213077227274
0 0.5622450113296509 0.4148481488227844 0.03189213077227274 0.03189213077227274
0 0.481138676404953 0.4318973124027252 0.03189213077227274 0.03189213077227274
0 0.39862722158432007 0.4492418169975281 0.03189213077227274 0.03189213077227274
0 0.31467384099960327 0.4668894410133362 0.03189213077227274 0.03189213077227274
0 0.22924035787582397 0.48484817147254944 0.03189213077227274 0.03189213077227274
0 0.7468854188919067 0.46028566360473633 0.03189213077227274 0.03189213077227274
0 0.6667248010635376 0.4778653383255005 0.03189213077227274 0.03189213077227274
0 0.5851641893386841 0.4957520663738251 0.03189213077227274 0.03189213077227274
0 0.5021665692329407 0.5139539241790771 0.03189213077227274 0.03189213077227274
0 0.4176936745643616 0.5324793457984924 0.03189213077227274 0.03189213077227274
0 0.3317057490348816 0.551336944103241 0.03189213077227274 0.03189213077227274
0 0.2441617101430893 0.5705358982086182 0.03189213077227274 0.03189213077227274
0 0.7747543454170227 0.5430235862731934 0.03189213077227274 0.03189213077227274
0 0.692755401134491 0.5617955923080444 0.03189213077227274 0.03189213077227274
0 0.6092867851257324 0.5809040665626526 0.03189213077227274 0.03189213077227274
0 0.5243086218833923 0.6003581285476685 0.03189213077227274 0.03189213077227274
0 0.4377795457839966 0.6201671957969666 0.03189213077227274 0.03189213077227274
0 0.34965670108795166 0.6403411626815796 0.03189213077227274 0.03189213077227274
0 0.2598956823348999 0.6608901619911194 0.03189213077227274 0.03189213077227274
0 0.804098904132843 0.630142331123352 0.03189213077227274 0.03189213077227274
0 0.7201768755912781 0.6502103805541992 0.03189213077227274 0.03189213077227274
0 0.6347101926803589 0.6706477403640747 0.03189213077227274 0.03189213077227274
0 0.5476557016372681 0.6914647817611694 0.03189213077227274 0.03189213077227274
0 0.4589688181877136 0.712672233581543 0.03189213077227274 0.03189213077227274
0 0.3686031103134155 0.734281063079834 0.03189213077227274 0.03189213077227274
0 0.2765105068683624 0.7563028931617737 0.03189213077227274 0.03189213077227274
0 0.8350394368171692 0.72199946641922 0.03189213077227274 0.03189213077227274
0 0.7491037845611572 0.7434789538383484 0.03189213077227274 0.03189213077227274
0 0.6615424752235413 0.7653648257255554 0.03189213077227274 0.03189213077227274
0 0.5723090171813965 0.7876686453819275 0.03189213077227274 0.03189213077227274
0 0.4813549816608429 0.810402512550354 0.03189213077227274 0.03189213077227274
0 0.3886301517486572 0.8335789442062378 0.03189213077227274 0.03189213077227274
0 0.29408228397369385 0.8572111129760742 0.03189213077227274 0.03189213077227274