0 0.7085619568824768 0.16241025924682617 0.02284265517567595 0.03415724138418833
0 0.6329925656318665 0.1617465317249298 0.02284265517567595 0.03415724138418833
0 0.5569103956222534 0.1610783040523529 0.02284265517567595 0.03415724138418833
0 0.4803101420402527 0.16040553152561188 0.02284265517567595 0.03415724138418833
0 0.40318652987480164 0.15972815454006195 0.02284265517567595 0.03415724138418833
0 0.3255341947078705 0.15904612839221954 0.02284265517567595 0.03415724138418833
0 0.2473476380109787 0.15835942327976227 0.02284265517567595 0.03415724138418833
0 0.7199829816818237 0.24242524802684784 0.02284265517567595 0.03415724138418833
0 0.6416795253753662 0.24201767146587372 0.02284265517567595 0.03415724138418833
0 0.5628251433372498 0.24160721898078918 0.02284265517567595 0.03415724138418833
0 0.4834139943122864 0.24119386076927185 0.02284265517567595 0.03415724138418833
0 0.4034401476383209 0.24077758193016052 0.02284265517567595 0.03415724138418833
0 0.32289761304855347 0.24035833775997162 0.02284265517567595 0.03415724138418833
0 0.24178028106689453 0.23993611335754395 0.02284265517567595 0.03415724138418833
0 0.7322713136672974 0.32851657271385193 0.02284265517567595 0.03415724138418833
0 0.651028573513031 0.32840678095817566 0.02284265517567595 0.03415724138418833
0 0.5691924095153809 0.32829615473747253 0.02284265517567595 0.03415724138418833
0 0.48675617575645447 0.32818472385406494 0.02284265517567595 0.03415724138418833
0 0.40371331572532654 0.3280724883079529 0.02284265517567595 0.03415724138418833
0 0.32005712389945984 0.32795941829681396 0.02284265517567595 0.03415724138418833
0 0.2357807457447052 0.3278455138206482 0.02284265517567595 0.03415724138418833
0 0.7455296516418457 0.4214037358760834 0.02284265517567595 0.03415724138418833
0 0.6611184477806091 0.4216409921646118 0.02284265517567595 0.03415724138418833
0 0.5760660767555237 0.4218800663948059 0.02284265517567595 0.03415724138418833
0 0.4903651773929596 0.42212095856666565 0.02284265517567595 0.03415724138418833
0 0.4040083885192871 0.4223636984825134 0.02284265517567595 0.03415724138418833
0 0.31698811054229736 0.42260831594467163 0.02284265517567595 0.03415724138418833
0 0.22929665446281433 0.42285478115081787 0.02284265517567595 0.03415724138418833
0 0.759877622127533 0.5219244360923767 0.02284265517567595 0.03415724138418833
0 0.6720407605171204 0.5225674510002136 0.02284265517567595 0.03415724138418833
0 0.583509087562561 0.5232155919075012 0.02284265517567595 0.03415724138418833
0 0.4942743182182312 0.5238689184188843 0.02284265517567595 0.03415724138418833
0 0.4043280780315399 0.5245274305343628 0.02284265517567595 0.03415724138418833
0 0.3136618137359619 0.5251911878585815 0.02284265517567595 0.03415724138418833
0 0.22226683795452118 0.5258602499961853 0.02284265517567595 0.03415724138418833
0 0.7754551768302917 0.6310599446296692 0.02284265517567595 0.03415724138418833
0 0.68390291929245 0.6321791410446167 0.02284265517567595 0.03415724138418833
0 0.5915952324867249 0.6333075165748596 0.02284265517567595 0.03415724138418833
0 0.49852263927459717 0.6344452500343323 0.02284265517567595 0.03415724138418833
0 0.4046756327152252 0.6355924606323242 0.02284265517567595 0.03415724138418833
0 0.3100444972515106 0.636749267578125 0.02284265517567595 0.03415724138418833
0 0.21461939811706543 0.6379157900810242 0.02284265517567595 0.03415724138418833
0 0.7924275994300842 0.7499674558639526 0.02284265517567595 0.03415724138418833
0 0.6968318223953247 0.7516474723815918 0.02284265517567595 0.03415724138418833
0 0.6004116535186768 0.7533419728279114 0.02284265517567595 0.03415724138418833
0 0.503156304359436 0.7550511956214905 0.02284265517567595 0.03415724138418833
0 0.40505483746528625 0.7567752599716187 0.02284265517567595 0.03415724138418833
0 0.30609622597694397 0.758514404296875 0.02284265517567595 0.03415724138418833
0 0.20626917481422424 0.7602688074111938 0.02284265517567595 0.03415724138418833