0 0.24054531753063202 0.2111595869064331 0.03633343676726023 0.03633343676726023
0 0.3178296387195587 0.21418868005275726 0.03633343676726023 0.03633343676726023
0 0.3952319324016571 0.2172223925590515 0.03633343676726023 0.03633343676726023
0 0.47275248169898987 0.22026072442531586 0.03633343676726023 0.03633343676726023
0 0.5503915548324585 0.22330372035503387 0.03633343676726023 0.03633343676726023
0 0.6281493902206421 0.22635136544704437 0.03633343676726023 0.03633343676726023
0 0.7060263156890869 0.22940367460250854 0.03633343676726023 0.03633343676726023
0 0.22913110256195068 0.26399585604667664 0.03633343676726023 0.03633343676726023
0 0.3097130358219147 0.26719656586647034 0.03633343676726023 0.03633343676726023
0 0.3904232680797577 0.27040234208106995 0.03633343676726023 0.03633343676726023
0 0.4712620675563812 0.2736132740974426 0.03633343676726023 0.03633343676726023
0 0.5522297620773315 0.2768293023109436 0.03633343676726023 0.03633343676726023
0 0.6333266496658325 0.28005045652389526 0.03633343676726023 0.03633343676726023
0 0.7145530581474304 0.28327676653862 0.03633343676726023 0.03633343676726023
0 0.2166973501443863 0.3215515911579132 0.03633343676726023 0.03633343676726023
0 0.3008708655834198 0.3249431848526001 0.03633343676726023 0.03633343676726023
0 0.3851843774318695 0.32834041118621826 0.03633343676726023 0.03633343676726023
0 0.46963822841644287 0.3317433297634125 0.03633343676726023 0.03633343676726023
0 0.5542327761650085 0.33515188097953796 0.03633343676726023 0.03633343676726023
0 0.6389683485031128 0.3385661244392395 0.03633343676726023 0.03633343676726023
0 0.7238453030586243 0.3419860601425171 0.03633343676726023 0.03633343676726023
0 0.2031010389328003 0.3844887316226959 0.03633343676726023 0.03633343676726023
0 0.29120123386383057 0.3880937695503235 0.03633343676726023 0.03633343676726023
0 0.3794547915458679 0.39170506596565247 0.03633343676726023 0.03633343676726023
0 0.4678621292114258 0.39532268047332764 0.03633343676726023 0.03633343676726023
0 0.5564236640930176 0.3989465832710266 0.03633343676726023 0.03633343676726023
0 0.6451398134231567 0.4025768041610718 0.03633343676726023 0.03633343676726023
0 0.7340109348297119 0.4062134027481079 0.03633343676726023 0.03633343676726023
0 0.1881711632013321 0.4535990357398987 0.03633343676726023 0.03633343676726023
0 0.2805822789669037 0.45744407176971436 0.03633343676726023 0.03633343676726023
0 0.3731622099876404 0.4612961411476135 0.03633343676726023 0.03633343676726023
0 0.4659113585948944 0.4651552736759186 0.03633343676726023 0.03633343676726023
0 0.5588302612304688 0.46902143955230713 0.03633343676726023 0.03633343676726023
0 0.6519193053245544 0.47289469838142395 0.03633343676726023 0.03633343676726023
0 0.7451790571212769 0.47677505016326904 0.03633343676726023 0.03633343676726023
0 0.1717013716697693 0.5298375487327576 0.03633343676726023 0.03633343676726023
0 0.26886701583862305 0.5339542031288147 0.03633343676726023 0.03633343676726023
0 0.36621931195259094 0.5380788445472717 0.03633343676726023 0.03633343676726023
0 0.46375879645347595 0.5422113537788391 0.03633343676726023 0.03633343676726023
0 0.561486005783081 0.5463518500328064 0.03633343676726023 0.03633343676726023
0 0.659401535987854 0.5505002737045288 0.03633343676726023 0.03633343676726023
0 0.7575057744979858 0.5546567440032959 0.03633343676726023 0.03633343676726023
0 0.153440460562706 0.6143670678138733 0.03633343676726023 0.03633343676726023
0 0.25587642192840576 0.6187933683395386 0.03633343676726023 0.03633343676726023
0 0.35851988196372986 0.6232286095619202 0.03633343676726023 0.03633343676726023
0 0.46137145161628723 0.6276728510856628 0.03633343676726023 0.03633343676726023
0 0.5644317865371704 0.6321260929107666 0.03633343676726023 0.03633343676726023
0 0.6677014827728271 0.636588454246521 0.03633343676726023 0.03633343676726023
0 0.7711812853813171 0.6410598158836365 0.03633343676726023 0.03633343676726023