0 0.27206745743751526 0.2795161306858063 0.03426490475734075 0.03426490475734075
0 0.26367664337158203 0.33776018023490906 0.03426490475734075 0.03426490475734075
0 0.2546384334564209 0.4004978537559509 0.03426490475734075 0.03426490475734075
0 0.244874969124794 0.46827009320259094 0.03426490475734075 0.03426490475734075
0 0.23429523408412933 0.54170823097229 0.03426490475734075 0.03426490475734075
0 0.22279243171215057 0.6215537786483765 0.03426490475734075 0.03426490475734075
0 0.21024024486541748 0.7086835503578186 0.03426490475734075 0.03426490475734075
0 0.3490349352359772 0.27926453948020935 0.03426490475734075 0.03426490475734075
0 0.3435022234916687 0.3375066816806793 0.03426490475734075 0.03426490475734075
0 0.3375425934791565 0.40024295449256897 0.03426490475734075 0.03426490475734075
0 0.3311046361923218 0.46801432967185974 0.03426490475734075 0.03426490475734075
0 0.3241283893585205 0.5414523482322693 0.03426490475734075 0.03426490475734075
0 0.3165433704853058 0.6212987899780273 0.03426490475734075 0.03426490475734075
0 0.308266282081604 0.7084306478500366 0.03426490475734075 0.03426490475734075
0 0.42602142691612244 0.27901288866996765 0.03426490475734075 0.03426490475734075
0 0.42334824800491333 0.3372531533241272 0.03426490475734075 0.03426490475734075
0 0.4204687774181366 0.39998796582221985 0.03426490475734075 0.03426490475734075
0 0.4173581898212433 0.46775850653648376 0.03426490475734075 0.03426490475734075
0 0.4139874577522278 0.5411964654922485 0.03426490475734075 0.03426490475734075
0 0.41032254695892334 0.6210436820983887 0.03426490475734075 0.03426490475734075
0 0.4063231945037842 0.7081776261329651 0.03426490475734075 0.03426490475734075
0 0.5030269622802734 0.2787611782550812 0.03426490475734075 0.03426490475734075
0 0.5032147765159607 0.3369995653629303 0.03426490475734075 0.03426490475734075
0 0.5034170746803284 0.39973294734954834 0.03426490475734075 0.03426490475734075
0 0.503635585308075 0.467502623796463 0.03426490475734075 0.03426490475734075
0 0.5038724541664124 0.5409404039382935 0.03426490475734075 0.03426490475734075
0 0.504129946231842 0.6207885146141052 0.03426490475734075 0.03426490475734075
0 0.5044109225273132 0.707924485206604 0.03426490475734075 0.03426490475734075
0 0.5800514817237854 0.2785094082355499 0.03426490475734075 0.03426490475734075
0 0.5831016898155212 0.33674588799476624 0.03426490475734075 0.03426490475734075
0 0.5863873958587646 0.39947783946990967 0.03426490475734075 0.03426490475734075
0 0.5899369120597839 0.4672466516494751 0.03426490475734075 0.03426490475734075
0 0.5937833189964294 0.5406843423843384 0.03426490475734075 0.03426490475734075
0 0.5979655981063843 0.620533287525177 0.03426490475734075 0.03426490475734075
0 0.6025295853614807 0.7076713442802429 0.03426490475734075 0.03426490475734075
0 0.6570950746536255 0.2782575488090515 0.03426490475734075 0.03426490475734075
0 0.6630091667175293 0.3364921510219574 0.03426490475734075 0.03426490475734075
0 0.6693798303604126 0.39922264218330383 0.03426490475734075 0.03426490475734075
0 0.6762621402740479 0.4669906198978424 0.03426490475734075 0.03426490475734075
0 0.6837201714515686 0.5404282212257385 0.03426490475734075 0.03426490475734075
0 0.6918294429779053 0.6202779412269592 0.03426490475734075 0.03426490475734075
0 0.7006791234016418 0.7074180841445923 0.03426490475734075 0.03426490475734075
0 0.7341576814651489 0.2780056595802307 0.03426490475734075 0.03426490475734075
0 0.7429370880126953 0.3362383544445038 0.03426490475734075 0.03426490475734075
0 0.7523943781852722 0.3989674150943756 0.03426490475734075 0.03426490475734075
0 0.7626112699508667 0.46673449873924255 0.03426490475734075 0.03426490475734075
0 0.7736830115318298 0.5401719808578491 0.03426490475734075 0.03426490475734075
0 0.7857216000556946 0.6200225949287415 0.03426490475734075 0.03426490475734075
0 0.7988595366477966 0.7071647644042969 0.03426490475734075 0.03426490475734075