0 0.7394541501998901 0.24597296118736267 0.036310809353987374 0.036310809353987374
0 0.6599236130714417 0.24374167621135712 0.036310809353987374 0.036310809353987374
0 0.5803545713424683 0.2415093183517456 0.036310809353987374 0.036310809353987374
0 0.5007469654083252 0.23927587270736694 0.036310809353987374 0.036310809353987374
0 0.42110076546669006 0.23704133927822113 0.036310809353987374 0.036310809353987374
0 0.34141600131988525 0.23480573296546936 0.036310809353987374 0.036310809353987374
0 0.261692613363266 0.23256903886795044 0.036310809353987374 0.036310809353987374
0 0.7484374046325684 0.3020995557308197 0.036310809353987374 0.036310809353987374
0 0.6657353043556213 0.2997933626174927 0.036310809353987374 0.036310809353987374
0 0.5829916000366211 0.29748600721359253 0.036310809353987374 0.036310809353987374
0 0.5002062320709229 0.29517748951911926 0.036310809353987374 0.036310809353987374
0 0.41737911105155945 0.2928678095340729 0.036310809353987374 0.036310809353987374
0 0.3345102369785309 0.29055696725845337 0.036310809353987374 0.036310809353987374
0 0.25159960985183716 0.28824496269226074 0.036310809353987374 0.036310809353987374
0 0.7581672668457031 0.3628908097743988 0.036310809353987374 0.036310809353987374
0 0.6720302104949951 0.360504686832428 0.036310809353987374 0.036310809353987374
0 0.5858479738235474 0.35811731219291687 0.036310809353987374 0.036310809353987374
0 0.4996204972267151 0.3557286858558655 0.036310809353987374 0.036310809353987374
0 0.4133477807044983 0.3533388376235962 0.036310809353987374 0.036310809353987374
0 0.3270297944545746 0.35094770789146423 0.036310809353987374 0.036310809353987374
0 0.240666463971138 0.348555326461792 0.036310809353987374 0.036310809353987374
0 0.7687407732009888 0.4289533495903015 0.036310809353987374 0.036310809353987374
0 0.6788710355758667 0.42648184299468994 0.036310809353987374 0.036310809353987374
0 0.5889521241188049 0.42400896549224854 0.036310809353987374 0.036310809353987374
0 0.4989839494228363 0.4215347170829773 0.036310809353987374 0.036310809353987374
0 0.4089665412902832 0.419059157371521 0.036310809353987374 0.036310809353987374
0 0.31889981031417847 0.4165821969509125 0.036310809353987374 0.036310809353987374
0 0.2287837117910385 0.4141038954257965 0.036310809353987374 0.036310809353987374
0 0.7802727818489075 0.5010039806365967 0.036310809353987374 0.036310809353987374
0 0.6863321661949158 0.49844101071357727 0.036310809353987374 0.036310809353987374
0 0.5923377871513367 0.49587658047676086 0.036310809353987374 0.036310809353987374
0 0.49828967452049255 0.49331068992614746 0.036310809353987374 0.036310809353987374
0 0.4041876792907715 0.4907433092594147 0.036310809353987374 0.036310809353987374
0 0.31003183126449585 0.4881744682788849 0.036310809353987374 0.036310809353987374
0 0.2158220410346985 0.4856041669845581 0.036310809353987374 0.036310809353987374
0 0.7928996086120605 0.5798954367637634 0.036310809353987374 0.036310809353987374
0 0.6945018768310547 0.5772343873977661 0.036310809353987374 0.036310809353987374
0 0.5960451364517212 0.5745717287063599 0.036310809353987374 0.036310809353987374
0 0.49752941727638245 0.5719075202941895 0.036310809353987374 0.036310809353987374
0 0.3989546000957489 0.5692417025566101 0.036310809353987374 0.036310809353987374
0 0.30032065510749817 0.5665742754936218 0.036310809353987374 0.036310809353987374
0 0.20162752270698547 0.5639052391052246 0.036310809353987374 0.036310809353987374
0 0.8067850470542908 0.6666505336761475 0.036310809353987374 0.036310809353987374
0 0.7034861445426941 0.6638841032981873 0.036310809353987374 0.036310809353987374
0 0.6001222729682922 0.6611159443855286 0.036310809353987374 0.036310809353987374
0 0.49669328331947327 0.6583460569381714 0.036310809353987374 0.036310809353987374
0 0.39319920539855957 0.655574381351471 0.036310809353987374 0.036310809353987374
0 0.289639949798584 0.6528010368347168 0.036310809353987374 0.036310809353987374
0 0.18601544201374054 0.6500258445739746 0.036310809353987374 0.036310809353987374