0 0.683411180973053 0.17595145106315613 0.02543293498456478 0.03391057997941971
0 0.6166042685508728 0.176694855093956 0.02543293498456478 0.03391057997941971
0 0.5492600202560425 0.1774442493915558 0.02543293498456478 0.03391057997941971
0 0.4813719689846039 0.1781996786594391 0.02543293498456478 0.03391057997941971
0 0.41293343901634216 0.17896124720573425 0.02543293498456478 0.03391057997941971
0 0.3439377546310425 0.17972901463508606 0.02543293498456478 0.03391057997941971
0 0.27437806129455566 0.18050305545330048 0.02543293498456478 0.03391057997941971
0 0.6963239312171936 0.23929069936275482 0.02543293498456478 0.03391057997941971
0 0.6262937188148499 0.24033673107624054 0.02543293498456478 0.03391057997941971
0 0.5556725859642029 0.24139158427715302 0.02543293498456478 0.03391057997941971
0 0.48445284366607666 0.2424553632736206 0.02543293498456478 0.03391057997941971
0 0.4126269817352295 0.24352821707725525 0.02543293498456478 0.03391057997941971
0 0.3401871919631958 0.24461022019386292 0.02543293498456478 0.03391057997941971
0 0.26712557673454285 0.24570153653621674 0.02543293498456478 0.03391057997941971
0 0.7105632424354553 0.30913668870925903 0.02543293498456478 0.03391057997941971
0 0.6369830369949341 0.31054529547691345 0.02543293498456478 0.03391057997941971
0 0.5627496838569641 0.3119664192199707 0.02543293498456478 0.03391057997941971
0 0.4878544807434082 0.3134002089500427 0.02543293498456478 0.03391057997941971
0 0.41228848695755005 0.31484684348106384 0.02543293498456478 0.03391057997941971
0 0.33604270219802856 0.316306471824646 0.02543293498456478 0.03391057997941971
0 0.2591078579425812 0.3177793025970459 0.02543293498456478 0.03391057997941971
0 0.7263444662094116 0.3865462839603424 0.02543293498456478 0.03391057997941971
0 0.6488352417945862 0.3883921802043915 0.02543293498456478 0.03391057997941971
0 0.5706003904342651 0.3902553617954254 0.02543293498456478 0.03391057997941971
0 0.4916296601295471 0.3921360671520233 0.02543293498456478 0.03391057997941971
0 0.4119126498699188 0.3940345346927643 0.02543293498456478 0.03391057997941971
0 0.33143872022628784 0.3959510326385498 0.02543293498456478 0.03391057997941971
0 0.25019705295562744 0.39788582921028137 0.02543293498456478 0.03391057997941971
0 0.7439325451850891 0.4728184938430786 0.02543293498456478 0.03391057997941971
0 0.6620510816574097 0.47519564628601074 0.02543293498456478 0.03391057997941971
0 0.5793588161468506 0.47759634256362915 0.02543293498456478 0.03391057997941971
0 0.4958434998989105 0.4800209403038025 0.02543293498456478 0.03391057997941971
0 0.4114929139614105 0.482469767332077 0.02543293498456478 0.03391057997941971
0 0.3262943923473358 0.4849432110786438 0.02543293498456478 0.03391057997941971
0 0.2402351349592209 0.48744165897369385 0.02543293498456478 0.03391057997941971
0 0.763656497001648 0.5695677399635315 0.02543293498456478 0.03391057997941971
0 0.6768803000450134 0.5725957751274109 0.02543293498456478 0.03391057997941971
0 0.5891920328140259 0.5756555795669556 0.02543293498456478 0.03391057997941971
0 0.5005772113800049 0.5787478089332581 0.02543293498456478 0.03391057997941971
0 0.4110211133956909 0.581872820854187 0.02543293498456478 0.03391057997941971
0 0.3205086588859558 0.5850312113761902 0.02543293498456478 0.03391057997941971
0 0.22902445495128632 0.5882235765457153 0.02543293498456478 0.03391057997941971
0 0.7859306335449219 0.678825855255127 0.02543293498456478 0.03391057997941971
0 0.693637490272522 0.6826590299606323 0.02543293498456478 0.03391057997941971
0 0.6003108024597168 0.686535120010376 0.02543293498456478 0.03391057997941971
0 0.5059332847595215 0.6904548406600952 0.02543293498456478 0.03391057997941971
0 0.41048693656921387 0.6944190263748169 0.02543293498456478 0.03391057997941971
0 0.31395357847213745 0.6984282732009888 0.02543293498456478 0.03391057997941971
0 0.21631452441215515 0.7024834752082825 0.02543293498456478 0.03391057997941971