0 0.6773520112037659 0.16750916838645935 0.02491303719580174 0.03321738292773565
0 0.6095148324966431 0.17014770209789276 0.02491303719580174 0.03321738292773565
0 0.5415879487991333 0.17278972268104553 0.02491303719580174 0.03321738292773565
0 0.47357112169265747 0.17543523013591766 0.02491303719580174 0.03321738292773565
0 0.405464231967926 0.17808425426483154 0.02491303719580174 0.03321738292773565
0 0.33726710081100464 0.18073678016662598 0.02491303719580174 0.03321738292773565
0 0.2689795196056366 0.18339283764362335 0.02491303719580174 0.03321738292773565
0 0.6884586215019226 0.23234276473522186 0.02491303719580174 0.03321738292773565
0 0.6174222230911255 0.23515090346336365 0.02491303719580174 0.03321738292773565
0 0.5462873578071594 0.23796293139457703 0.02491303719580174 0.03321738292773565
0 0.47505396604537964 0.240778848528862 0.02491303719580174 0.03321738292773565
0 0.40372171998023987 0.24359866976737976 0.02491303719580174 0.03321738292773565
0 0.3322904706001282 0.2464224249124527 0.02491303719580174 0.03321738292773565
0 0.26076000928878784 0.24925008416175842 0.02491303719580174 0.03321738292773565
0 0.700666606426239 0.30360570549964905 0.02491303719580174 0.03321738292773565
0 0.6261143088340759 0.30660495162010193 0.02491303719580174 0.03321738292773565
0 0.5514535307884216 0.3096085488796234 0.02491303719580174 0.03321738292773565
0 0.4766841530799866 0.3126165270805359 0.02491303719580174 0.03321738292773565
0 0.40180590748786926 0.31562888622283936 0.02491303719580174 0.03321738292773565
0 0.3268185555934906 0.3186456263065338 0.02491303719580174 0.03321738292773565
0 0.2517218589782715 0.32166677713394165 0.02491303719580174 0.03321738292773565
0 0.7141484022140503 0.38230428099632263 0.02491303719580174 0.03321738292773565
0 0.6357139945030212 0.3855202794075012 0.02491303719580174 0.03321738292773565
0 0.5571595430374146 0.3887411952018738 0.02491303719580174 0.03321738292773565
0 0.4784848392009735 0.3919670283794403 0.02491303719580174 0.03321738292773565
0 0.39968958497047424 0.3951978087425232 0.02491303719580174 0.03321738292773565
0 0.32077348232269287 0.39843353629112244 0.02491303719580174 0.03321738292773565
0 0.2417363077402115 0.4016742408275604 0.02491303719580174 0.03321738292773565
0 0.7291143536567688 0.4696663022041321 0.02491303719580174 0.03321738292773565
0 0.6463713049888611 0.47312989830970764 0.02491303719580174 0.03321738292773565
0 0.5634947419166565 0.4765990972518921 0.02491303719580174 0.03321738292773565
0 0.4804842472076416 0.48007386922836304 0.02491303719580174 0.03321738292773565
0 0.39733952283859253 0.48355430364608765 0.02491303719580174 0.03321738292773565
0 0.3140602707862854 0.48704034090042114 0.02491303719580174 0.03321738292773565
0 0.23064616322517395 0.4905320405960083 0.02491303719580174 0.03321738292773565
0 0.7458237409591675 0.5672056078910828 0.02491303719580174 0.03321738292773565
0 0.6582712531089783 0.5709543824195862 0.02491303719580174 0.03321738292773565
0 0.5705691576004028 0.5747095346450806 0.02491303719580174 0.03321738292773565
0 0.4827171564102173 0.5784711241722107 0.02491303719580174 0.03321738292773565
0 0.3947147727012634 0.5822392106056213 0.02491303719580174 0.03321738292773565
0 0.3065616488456726 0.586013674736023 0.02491303719580174 0.03321738292773565
0 0.21825742721557617 0.5897946357727051 0.02491303719580174 0.03321738292773565
0 0.7646000981330872 0.676810622215271 0.02491303719580174 0.03321738292773565
0 0.6716445684432983 0.6808908581733704 0.02491303719580174 0.03321738292773565
0 0.5785203576087952 0.6849784255027771 0.02491303719580174 0.03321738292773565
0 0.4852270185947418 0.6890734434127808 0.02491303719580174 0.03321738292773565
0 0.3917641341686249 0.6931758522987366 0.02491303719580174 0.03321738292773565
0 0.29813122749328613 0.6972857713699341 0.02491303719580174 0.03321738292773565
0 0.2043278068304062 0.7014032006263733 0.02491303719580174 0.03321738292773565