0 0.3363201320171356 0.3869234323501587 0.0194037389010191 0.025871651868025463
0 0.3307751417160034 0.44432756304740906 0.0194037389010191 0.025871651868025463
0 0.32489684224128723 0.5051820278167725 0.0194037389010191 0.025871651868025463
0 0.31865426898002625 0.5698075890541077 0.0194037389010191 0.025871651868025463
0 0.3120124936103821 0.6385659575462341 0.0194037389010191 0.025871651868025463
0 0.30493196845054626 0.7118666768074036 0.0194037389010191 0.025871651868025463
0 0.297367662191391 0.7901752591133118 0.0194037389010191 0.025871651868025463
0 0.3982716500759125 0.3889283537864685 0.0194037389010191 0.025871651868025463
0 0.39453181624412537 0.4464271664619446 0.0194037389010191 0.025871651868025463
0 0.3905670642852783 0.5073843002319336 0.0194037389010191 0.025871651868025463
0 0.3863564133644104 0.5721213221549988 0.0194037389010191 0.025871651868025463
0 0.3818763494491577 0.6410012245178223 0.0194037389010191 0.025871651868025463
0 0.3771000802516937 0.7144346833229065 0.0194037389010191 0.025871651868025463
0 0.37199726700782776 0.7928888201713562 0.0194037389010191 0.025871651868025463
0 0.4602990448474884 0.3909357488155365 0.0194037389010191 0.025871651868025463
0 0.45836886763572693 0.448529452085495 0.0194037389010191 0.025871651868025463
0 0.4563225209712982 0.5095893740653992 0.0194037389010191 0.025871651868025463
0 0.45414918661117554 0.5744381546974182 0.0194037389010191 0.025871651868025463
0 0.4518366754055023 0.643439769744873 0.0194037389010191 0.025871651868025463
0 0.44937118887901306 0.7170063257217407 0.0194037389010191 0.025871651868025463
0 0.44673702120780945 0.7956063151359558 0.0194037389010191 0.025871651868025463
0 0.5224024057388306 0.3929455876350403 0.0194037389010191 0.025871651868025463
0 0.5222864151000977 0.4506343603134155 0.0194037389010191 0.025871651868025463
0 0.5221633911132812 0.511797308921814 0.0194037389010191 0.025871651868025463
0 0.5220327377319336 0.576758086681366 0.0194037389010191 0.025871651868025463
0 0.5218937397003174 0.6458817720413208 0.0194037389010191 0.025871651868025463
0 0.521745502948761 0.719581663608551 0.0194037389010191 0.025871651868025463
0 0.5215871334075928 0.7983278632164001 0.0194037389010191 0.025871651868025463
0 0.5845819711685181 0.39495790004730225 0.0194037389010191 0.025871651868025463
0 0.5862846374511719 0.45274192094802856 0.0194037389010191 0.025871651868025463
0 0.5880898833274841 0.5140081644058228 0.0194037389010191 0.025871651868025463
0 0.5900073051452637 0.5790811777114868 0.0194037389010191 0.025871651868025463
0 0.5920476913452148 0.648327112197876 0.0194037389010191 0.025871651868025463
0 0.5942232608795166 0.7221606969833374 0.0194037389010191 0.025871651868025463
0 0.5965479612350464 0.8010534644126892 0.0194037389010191 0.025871651868025463
0 0.6468377709388733 0.3969726860523224 0.0194037389010191 0.025871651868025463
0 0.6503636240959167 0.4548521637916565 0.0194037389010191 0.025871651868025463
0 0.6541021466255188 0.5162218809127808 0.0194037389010191 0.025871651868025463
0 0.6580730676651001 0.5814073085784912 0.0194037389010191 0.025871651868025463
0 0.6622987985610962 0.6507758498191833 0.0194037389010191 0.025871651868025463
0 0.6668047308921814 0.7247434258460999 0.0194037389010191 0.025871651868025463
0 0.6716195940971375 0.8037830591201782 0.0194037389010191 0.025871651868025463
0 0.7091700434684753 0.3989899456501007 0.0194037389010191 0.025871651868025463
0 0.7145236134529114 0.45696505904197693 0.0194037389010191 0.025871651868025463
0 0.7202003002166748 0.518438458442688 0.0194037389010191 0.025871651868025463
0 0.7262301445007324 0.5837365984916687 0.0194037389010191 0.025871651868025463
0 0.732647180557251 0.6532279849052429 0.0194037389010191 0.025871651868025463
0 0.7394900321960449 0.7273297905921936 0.0194037389010191 0.025871651868025463
0 0.7468023896217346 0.806516706943512 0.0194037389010191 0.025871651868025463