0 0.2348913848400116 0.654172956943512 0.033653942247231804 0.033653942247231804
0 0.33386191725730896 0.6542587876319885 0.033653942247231804 0.033653942247231804
0 0.4321942925453186 0.6543441414833069 0.033653942247231804 0.033653942247231804
0 0.5298946499824524 0.6544288992881775 0.033653942247231804 0.033653942247231804
0 0.6269690990447998 0.6545131206512451 0.033653942247231804 0.033653942247231804
0 0.7234235405921936 0.6545968055725098 0.033653942247231804 0.033653942247231804
0 0.8192640542984009 0.6546799540519714 0.033653942247231804 0.033653942247231804
0 0.24457457661628723 0.5615813136100769 0.033653942247231804 0.033653942247231804
0 0.34012341499328613 0.5619534850120544 0.033653942247231804 0.033653942247231804
0 0.4350771903991699 0.5623233318328857 0.033653942247231804 0.033653942247231804
0 0.5294414162635803 0.5626908540725708 0.033653942247231804 0.033653942247231804
0 0.6232216358184814 0.5630561113357544 0.033653942247231804 0.033653942247231804
0 0.7164232730865479 0.5634191036224365 0.033653942247231804 0.033653942247231804
0 0.8090515732765198 0.563779890537262 0.033653942247231804 0.033653942247231804
0 0.2536141574382782 0.47514382004737854 0.033653942247231804 0.033653942247231804
0 0.3459699749946594 0.4757646918296814 0.033653942247231804 0.033653942247231804
0 0.4377695918083191 0.4763818085193634 0.033653942247231804 0.033653942247231804
0 0.5290180444717407 0.47699522972106934 0.033653942247231804 0.033653942247231804
0 0.6197203397750854 0.4776049852371216 0.033653942247231804 0.033653942247231804
0 0.7098812460899353 0.47821107506752014 0.033653942247231804 0.033653942247231804
0 0.7995057106018066 0.4788135886192322 0.033653942247231804 0.033653942247231804
0 0.26207226514816284 0.3942665755748749 0.033653942247231804 0.033653942247231804
0 0.35144153237342834 0.39510396122932434 0.033653942247231804 0.033653942247231804
0 0.44028982520103455 0.3959364593029022 0.033653942247231804 0.033653942247231804
0 0.5286216735839844 0.3967640995979309 0.033653942247231804 0.033653942247231804
0 0.6164416074752808 0.39758697152137756 0.033653942247231804 0.033653942247231804
0 0.7037540078163147 0.3984050750732422 0.033653942247231804 0.033653942247231804
0 0.7905633449554443 0.39921846985816956 0.033653942247231804 0.033653942247231804
0 0.2700032591819763 0.3184297978878021 0.033653942247231804 0.033653942247231804
0 0.35657307505607605 0.31945595145225525 0.033653942247231804 0.033653942247231804
0 0.4426538944244385 0.32047632336616516 0.033653942247231804 0.033653942247231804
0 0.5282498002052307 0.32149094343185425 0.033653942247231804 0.033653942247231804
0 0.6133649349212646 0.3224998712539673 0.033653942247231804 0.033653942247231804
0 0.6980032920837402 0.32350313663482666 0.033653942247231804 0.033653942247231804
0 0.7821689248085022 0.32450076937675476 0.033653942247231804 0.033653942247231804
0 0.2774548828601837 0.24717654287815094 0.033653942247231804 0.033653942247231804
0 0.36139532923698425 0.2483675181865692 0.033653942247231804 0.033653942247231804
0 0.4448758661746979 0.24955196678638458 0.033653942247231804 0.033653942247231804
0 0.527900218963623 0.2507299482822418 0.033653942247231804 0.033653942247231804
0 0.6104722023010254 0.2519014775753021 0.033653942247231804 0.033653942247231804
0 0.6925954222679138 0.25306668877601624 0.033653942247231804 0.033653942247231804
0 0.7742735743522644 0.25422555208206177 0.033653942247231804 0.033653942247231804
0 0.2844693660736084 0.18010345101356506 0.033653942247231804 0.033653942247231804
0 0.36593541502952576 0.18143844604492188 0.033653942247231804 0.033653942247231804
0 0.4469681680202484 0.18276633322238922 0.033653942247231804 0.033653942247231804
0 0.5275710225105286 0.18408718705177307 0.033653942247231804 0.033653942247231804
0 0.6077473759651184 0.1854010373353958 0.033653942247231804 0.033653942247231804
0 0.6875006556510925 0.1867079734802246 0.033653942247231804 0.033653942247231804
0 0.7668341398239136 0.18800802528858185 0.033653942247231804 0.033653942247231804