0 0.21665982902050018 0.6494991183280945 0.033738637963930763 0.033738637963930763
0 0.31448107957839966 0.6511517763137817 0.033738637963930763 0.033738637963930763
0 0.4122503697872162 0.6528035402297974 0.033738637963930763 0.033738637963930763
0 0.5099678039550781 0.6544544696807861 0.033738637963930763 0.033738637963930763
0 0.6076333522796631 0.6561044454574585 0.033738637963930763 0.033738637963930763
0 0.705247163772583 0.657753586769104 0.033738637963930763 0.033738637963930763
0 0.8028091192245483 0.6594018340110779 0.033738637963930763 0.033738637963930763
0 0.2273106575012207 0.5577566027641296 0.033738637963930763 0.033738637963930763
0 0.32184839248657227 0.5593773722648621 0.033738637963930763 0.033738637963930763
0 0.41633760929107666 0.5609973073005676 0.033738637963930763 0.033738637963930763
0 0.5107783675193787 0.5626164078712463 0.033738637963930763 0.033738637963930763
0 0.6051706671714783 0.5642346739768982 0.033738637963930763 0.033738637963930763
0 0.699514627456665 0.5658521056175232 0.033738637963930763 0.033738637963930763
0 0.7938101887702942 0.5674687027931213 0.033738637963930763 0.033738637963930763
0 0.23727008700370789 0.47196972370147705 0.033738637963930763 0.033738637963930763
0 0.3287375569343567 0.47355917096138 0.033738637963930763 0.033738637963930763
0 0.42015963792800903 0.4751478433609009 0.033738637963930763 0.033738637963930763
0 0.5115363597869873 0.4767357409000397 0.033738637963930763 0.033738637963930763
0 0.6028677225112915 0.478322833776474 0.033738637963930763 0.033738637963930763
0 0.6941537857055664 0.47990915179252625 0.033738637963930763 0.033738637963930763
0 0.785394549369812 0.481494665145874 0.033738637963930763 0.033738637963930763
0 0.24660329520702362 0.39157670736312866 0.033738637963930763 0.033738637963930763
0 0.3351936936378479 0.39313554763793945 0.033738637963930763 0.033738637963930763
0 0.42374148964881897 0.39469364285469055 0.033738637963930763 0.033738637963930763
0 0.5122467279434204 0.39625099301338196 0.033738637963930763 0.033738637963930763
0 0.6007093787193298 0.3978075683116913 0.033738637963930763 0.033738637963930763
0 0.6891295909881592 0.3993634283542633 0.033738637963930763 0.033738637963930763
0 0.7775073051452637 0.40091851353645325 0.033738637963930763 0.033738637963930763
0 0.25536754727363586 0.3160844147205353 0.033738637963930763 0.033738637963930763
0 0.341256320476532 0.3176133632659912 0.033738637963930763 0.033738637963930763
0 0.4271050691604614 0.31914159655570984 0.033738637963930763 0.033738637963930763
0 0.5129137635231018 0.3206690847873688 0.033738637963930763 0.033738637963930763
0 0.5986825227737427 0.3221958875656128 0.033738637963930763 0.033738637963930763
0 0.6844112873077393 0.3237219750881195 0.033738637963930763 0.033738637963930763
0 0.7701001763343811 0.3252473473548889 0.033738637963930763 0.033738637963930763
0 0.26361337304115295 0.24505797028541565 0.033738637963930763 0.033738637963930763
0 0.3469604253768921 0.24655775725841522 0.033738637963930763 0.033738637963930763
0 0.4302697777748108 0.24805687367916107 0.033738637963930763 0.033738637963930763
0 0.5135414600372314 0.249555304646492 0.033738637963930763 0.033738637963930763
0 0.596775472164154 0.2510530650615692 0.033738637963930763 0.033738637963930763
0 0.6799718141555786 0.2525501549243927 0.033738637963930763 0.033738637963930763
0 0.7631306052207947 0.25404655933380127 0.033738637963930763 0.033738637963930763
0 0.27138540148735046 0.1781124621629715 0.033738637963930763 0.033738637963930763
0 0.3523368537425995 0.17958387732505798 0.033738637963930763 0.033738637963930763
0 0.4332527220249176 0.18105466663837433 0.033738637963930763 0.033738637963930763
0 0.5141330361366272 0.18252480030059814 0.033738637963930763 0.033738637963930763
0 0.594977855682373 0.18399429321289062 0.033738637963930763 0.033738637963930763
0 0.6757871508598328 0.18546313047409058 0.033738637963930763 0.033738637963930763
0 0.7565609812736511 0.18693134188652039 0.033738637963930763 0.033738637963930763