0 0.6936490535736084 0.15506461262702942 0.022987570070351165 0.034373936553796135
0 0.6178147792816162 0.1543567031621933 0.022987570070351165 0.034373936553796135
0 0.5414972305297852 0.15364426374435425 0.022987570070351165 0.034373936553796135
0 0.46469196677207947 0.15292729437351227 0.022987570070351165 0.034373936553796135
0 0.38739416003227234 0.1522057056427002 0.022987570070351165 0.034373936553796135
0 0.3095991313457489 0.15147948265075684 0.022987570070351165 0.034373936553796135
0 0.23130202293395996 0.1507485806941986 0.022987570070351165 0.034373936553796135
0 0.7055383324623108 0.2350941151380539 0.022987570070351165 0.034373936553796135
0 0.6269137263298035 0.23462340235710144 0.022987570070351165 0.034373936553796135
0 0.5477694869041443 0.23414957523345947 0.022987570070351165 0.034373936553796135
0 0.46810030937194824 0.2336726188659668 0.022987570070351165 0.034373936553796135
0 0.38790103793144226 0.23319248855113983 0.022987570070351165 0.034373936553796135
0 0.30716633796691895 0.232709139585495 0.022987570070351165 0.034373936553796135
0 0.2258908599615097 0.2322225570678711 0.022987570070351165 0.034373936553796135
0 0.7183460593223572 0.3213058114051819 0.022987570070351165 0.034373936553796135
0 0.6367180347442627 0.32111185789108276 0.022987570070351165 0.034373936553796135
0 0.5545294880867004 0.3209165632724762 0.022987570070351165 0.034373936553796135
0 0.4717746675014496 0.3207199275493622 0.022987570070351165 0.034373936553796135
0 0.3884475827217102 0.32052192091941833 0.022987570070351165 0.034373936553796135
0 0.3045423626899719 0.32032254338264465 0.022987570070351165 0.034373936553796135
0 0.22005294263362885 0.32012179493904114 0.022987570070351165 0.034373936553796135
0 0.7321828603744507 0.41444483399391174 0.022987570070351165 0.034373936553796135
0 0.6473129391670227 0.41457459330558777 0.022987570070351165 0.034373936553796135
0 0.5618366599082947 0.4147053062915802 0.022987570070351165 0.034373936553796135
0 0.4757474362850189 0.41483694314956665 0.022987570070351165 0.034373936553796135
0 0.38903871178627014 0.4149695038795471 0.022987570070351165 0.034373936553796135
0 0.3017037510871887 0.4151030480861664 0.022987570070351165 0.034373936553796135
0 0.21373575925827026 0.41523754596710205 0.022987570070351165 0.034373936553796135
0 0.7471780776977539 0.5153810977935791 0.022987570070351165 0.034373936553796135
0 0.658798098564148 0.5158907175064087 0.022987570070351165 0.034373936553796135
0 0.5697600245475769 0.5164041519165039 0.022987570070351165 0.034373936553796135
0 0.4800565242767334 0.5169214010238647 0.022987570070351165 0.034373936553796135
0 0.38968005776405334 0.517442524433136 0.022987570070351165 0.034373936553796135
0 0.2986230254173279 0.5179675817489624 0.022987570070351165 0.034373936553796135
0 0.2068777084350586 0.518496572971344 0.022987570070351165 0.034373936553796135
0 0.763483464717865 0.6251364946365356 0.022987570070351165 0.034373936553796135
0 0.6712906360626221 0.6260934472084045 0.022987570070351165 0.034373936553796135
0 0.5783811211585999 0.6270577907562256 0.022987570070351165 0.034373936553796135
0 0.484746515750885 0.6280297040939331 0.022987570070351165 0.034373936553796135
0 0.39037829637527466 0.6290091872215271 0.022987570070351165 0.034373936553796135
0 0.29526782035827637 0.6299964189529419 0.022987570070351165 0.034373936553796135
0 0.19940626621246338 0.6309914588928223 0.022987570070351165 0.034373936553796135
0 0.7812785506248474 0.7449196577072144 0.022987570070351165 0.034373936553796135
0 0.6849291920661926 0.7464055418968201 0.022987570070351165 0.034373936553796135
0 0.5877962708473206 0.7479035258293152 0.022987570070351165 0.034373936553796135
0 0.48987025022506714 0.7494137287139893 0.022987570070351165 0.034373936553796135
0 0.3911413848400116 0.7509363293647766 0.022987570070351165 0.034373936553796135
0 0.29159975051879883 0.7524714469909668 0.022987570070351165 0.034373936553796135
0 0.1912352740764618 0.7540192604064941 0.022987570070351165 0.034373936553796135