0 0.7344474196434021 0.24460414052009583 0.03365470468997955 0.03365470468997955
0 0.6600812673568726 0.24487893283367157 0.03365470468997955 0.03365470468997955
0 0.5856378078460693 0.2451540231704712 0.03365470468997955 0.03365470468997955
0 0.5111168622970581 0.2454293817281723 0.03365470468997955 0.03365470468997955
0 0.4365183413028717 0.2457050383090973 0.03365470468997955 0.03365470468997955
0 0.3618420660495758 0.24598096311092377 0.03365470468997955 0.03365470468997955
0 0.28708797693252563 0.24625720083713531 0.03365470468997955 0.03365470468997955
0 0.7430602312088013 0.2986226975917816 0.03365470468997955 0.03365470468997955
0 0.6658160090446472 0.2989373207092285 0.03365470468997955 0.03365470468997955
0 0.5884883403778076 0.2992522716522217 0.03365470468997955 0.03365470468997955
0 0.5110770463943481 0.2995675504207611 0.03365470468997955 0.03365470468997955
0 0.43358203768730164 0.2998831868171692 0.03365470468997955 0.03365470468997955
0 0.35600316524505615 0.3001991808414459 0.03365470468997955 0.03365470468997955
0 0.27834025025367737 0.3005155026912689 0.03365470468997955 0.03365470468997955
0 0.752367377281189 0.35699567198753357 0.03365470468997955 0.03365470468997955
0 0.6720132827758789 0.3573557734489441 0.03365470468997955 0.03365470468997955
0 0.5915688872337341 0.35771626234054565 0.03365470468997955 0.03365470468997955
0 0.5110340714454651 0.35807716846466064 0.03365470468997955 0.03365470468997955
0 0.4304085373878479 0.35843849182128906 0.03365470468997955 0.03365470468997955
0 0.3496922552585602 0.3588002026081085 0.03365470468997955 0.03365470468997955
0 0.2688850164413452 0.3591623306274414 0.03365470468997955 0.03365470468997955
0 0.7624562382698059 0.42027172446250916 0.03365470468997955 0.03365470468997955
0 0.6787314414978027 0.42068397998809814 0.03365470468997955 0.03365470468997955
0 0.5949085354804993 0.42109671235084534 0.03365470468997955 0.03365470468997955
0 0.510987401008606 0.4215099513530731 0.03365470468997955 0.03365470468997955
0 0.4269678592681885 0.4219236671924591 0.03365470468997955 0.03365470468997955
0 0.3428497016429901 0.4223378896713257 0.03365470468997955 0.03365470468997955
0 0.2586327791213989 0.4227525591850281 0.03365470468997955 0.03365470468997955
0 0.7734296917915344 0.48909562826156616 0.03365470468997955 0.03365470468997955
0 0.6860389709472656 0.4895680546760559 0.03365470468997955 0.03365470468997955
0 0.5985413193702698 0.49004101753234863 0.03365470468997955 0.03365470468997955
0 0.5109366774559021 0.4905145764350891 0.03365470468997955 0.03365470468997955
0 0.4232247471809387 0.49098873138427734 0.03365470468997955 0.03365470468997955
0 0.3354053497314453 0.49146345257759094 0.03365470468997955 0.03365470468997955
0 0.24747832119464874 0.4919387400150299 0.03365470468997955 0.03365470468997955
0 0.7854093909263611 0.5642305612564087 0.03365470468997955 0.03365470468997955
0 0.6940169930458069 0.5647726655006409 0.03365470468997955 0.03365470468997955
0 0.6025076508522034 0.5653154253959656 0.03365470468997955 0.03365470468997955
0 0.510881245136261 0.5658589005470276 0.03365470468997955 0.03365470468997955
0 0.41913753747940063 0.5664030909538269 0.03365470468997955 0.03365470468997955
0 0.32727622985839844 0.5669479966163635 0.03365470468997955 0.03365470468997955
0 0.23529711365699768 0.5674935579299927 0.03365470468997955 0.03365470468997955
0 0.7985403537750244 0.6465862393379211 0.03365470468997955 0.03365470468997955
0 0.702762246131897 0.6472095251083374 0.03365470468997955 0.03365470468997955
0 0.6068556904792786 0.6478337049484253 0.03365470468997955 0.03365470468997955
0 0.5108205676078796 0.64845871925354 0.03365470468997955 0.03365470468997955
0 0.41465646028518677 0.6490845084190369 0.03365470468997955 0.03365470468997955
0 0.318363219499588 0.6497111916542053 0.03365470468997955 0.03365470468997955
0 0.2219405323266983 0.6503387093544006 0.03365470468997955 0.03365470468997955