0 0.3377971351146698 0.38315656781196594 0.019448800012469295 0.025931733349959057
0 0.3322802782058716 0.4406719505786896 0.019448800012469295 0.025931733349959057
0 0.3264288604259491 0.5016752481460571 0.019448800012469295 0.025931733349959057
0 0.3202114999294281 0.5664937496185303 0.019448800012469295 0.025931733349959057
0 0.3135927617549896 0.6354967951774597 0.019448800012469295 0.025931733349959057
0 0.30653247237205505 0.7091031670570374 0.019448800012469295 0.025931733349959057
0 0.29898491501808167 0.7877894043922424 0.019448800012469295 0.025931733349959057
0 0.3997667133808136 0.38516148924827576 0.019448800012469295 0.025931733349959057
0 0.39607131481170654 0.44277143478393555 0.019448800012469295 0.025931733349959057
0 0.3921516537666321 0.5038772821426392 0.019448800012469295 0.025931733349959057
0 0.3879867196083069 0.5688071846961975 0.019448800012469295 0.025931733349959057
0 0.3835527002811432 0.637931764125824 0.019448800012469295 0.025931733349959057
0 0.3788226842880249 0.7116709351539612 0.019448800012469295 0.025931733349959057
0 0.3737660050392151 0.7905029058456421 0.019448800012469295 0.025931733349959057
0 0.4618107080459595 0.3871687948703766 0.019448800012469295 0.025931733349959057
0 0.45994120836257935 0.44487351179122925 0.019448800012469295 0.025931733349959057
0 0.4579581618309021 0.5060821175575256 0.019448800012469295 0.025931733349959057
0 0.4558509588241577 0.5711237192153931 0.019448800012469295 0.025931733349959057
0 0.4536075294017792 0.6403700113296509 0.019448800012469295 0.025931733349959057
0 0.4512142241001129 0.7142423391342163 0.019448800012469295 0.025931733349959057
0 0.44865551590919495 0.7932202816009521 0.019448800012469295 0.025931733349959057
0 0.5239292979240417 0.3891785442829132 0.019448800012469295 0.025931733349959057
0 0.5238901376724243 0.44697821140289307 0.019448800012469295 0.025931733349959057
0 0.5238485932350159 0.5082897543907166 0.019448800012469295 0.025931733349959057
0 0.5238044261932373 0.5734432935714722 0.019448800012469295 0.025931733349959057
0 0.5237574577331543 0.6428115963935852 0.019448800012469295 0.025931733349959057
0 0.5237072706222534 0.716817319393158 0.019448800012469295 0.025931733349959057
0 0.5236536860466003 0.7959416508674622 0.019448800012469295 0.025931733349959057
0 0.5861225128173828 0.39119067788124084 0.019448800012469295 0.025931733349959057
0 0.587918221950531 0.4490854740142822 0.019448800012469295 0.025931733349959057
0 0.5898230075836182 0.5105001926422119 0.019448800012469295 0.025931733349959057
0 0.59184730052948 0.5757659077644348 0.019448800012469295 0.025931733349959057
0 0.5940026044845581 0.6452564597129822 0.019448800012469295 0.025931733349959057
0 0.5963020920753479 0.7193959355354309 0.019448800012469295 0.025931733349959057
0 0.5987607836723328 0.7986668944358826 0.019448800012469295 0.025931733349959057
0 0.6483906507492065 0.3932052552700043 0.019448800012469295 0.025931733349959057
0 0.652025580406189 0.4511953890323639 0.019448800012469295 0.025931733349959057
0 0.6558817028999329 0.5127134919166565 0.019448800012469295 0.025931733349959057
0 0.6599797606468201 0.578091561794281 0.019448800012469295 0.025931733349959057
0 0.6643432378768921 0.6477046608924866 0.019448800012469295 0.025931733349959057
0 0.6689988970756531 0.7219781875610352 0.019448800012469295 0.025931733349959057
0 0.6739770174026489 0.8013961911201477 0.019448800012469295 0.025931733349959057
0 0.7107337117195129 0.3952222466468811 0.019448800012469295 0.025931733349959057
0 0.7162124514579773 0.4533078968524933 0.019448800012469295 0.025931733349959057
0 0.7220247387886047 0.5149295926094055 0.019448800012469295 0.025931733349959057
0 0.7282019257545471 0.5804202556610107 0.019448800012469295 0.025931733349959057
0 0.7347795367240906 0.6501561999320984 0.019448800012469295 0.025931733349959057
0 0.7417978644371033 0.7245640158653259 0.019448800012469295 0.025931733349959057
0 0.7493026256561279 0.804129421710968 0.019448800012469295 0.025931733349959057