0 0.2647683918476105 0.19961413741111755 0.03478487332661947 0.03478487332661947
0 0.3419187068939209 0.1994525045156479 0.03478487332661947 0.03478487332661947
0 0.4185680150985718 0.19929192960262299 0.03478487332661947 0.03478487332661947
0 0.49472111463546753 0.19913238286972046 0.03478487332661947 0.03478487332661947
0 0.570382833480835 0.1989738792181015 0.03478487332661947 0.03478487332661947
0 0.6455579400062561 0.19881638884544373 0.03478487332661947 0.03478487332661947
0 0.7202511429786682 0.19865989685058594 0.03478487332661947 0.03478487332661947
0 0.2561202645301819 0.25328704714775085 0.03478487332661947 0.03478487332661947
0 0.3364449143409729 0.25293684005737305 0.03478487332661947 0.03478487332661947
0 0.41622671484947205 0.25258898735046387 0.03478487332661947 0.03478487332661947
0 0.49547114968299866 0.2522435188293457 0.03478487332661947 0.03478487332661947
0 0.5741836428642273 0.2519003450870514 0.03478487332661947 0.03478487332661947
0 0.652369499206543 0.25155946612358093 0.03478487332661947 0.03478487332661947
0 0.7300340533256531 0.25122085213661194 0.03478487332661947 0.03478487332661947
0 0.24673449993133545 0.3115379810333252 0.03478487332661947 0.03478487332661947
0 0.3305058777332306 0.31096699833869934 0.03478487332661947 0.03478487332661947
0 0.413687139749527 0.3104000389575958 0.03478487332661947 0.03478487332661947
0 0.49628448486328125 0.30983707308769226 0.03478487332661947 0.03478487332661947
0 0.5783040523529053 0.30927804112434387 0.03478487332661947 0.03478487332661947
0 0.6597518920898438 0.3087228834629059 0.03478487332661947 0.03478487332661947
0 0.7406339645385742 0.3081716001033783 0.03478487332661947 0.03478487332661947
0 0.23651251196861267 0.37497878074645996 0.03478487332661947 0.03478487332661947
0 0.32403963804244995 0.37414827942848206 0.03478487332661947 0.03478487332661947
0 0.41092294454574585 0.37332388758659363 0.03478487332661947 0.03478487332661947
0 0.49716949462890625 0.3725055158138275 0.03478487332661947 0.03478487332661947
0 0.5827862620353699 0.37169313430786133 0.03478487332661947 0.03478487332661947
0 0.6677801012992859 0.3708866536617279 0.03478487332661947 0.03478487332661947
0 0.7521578073501587 0.37008604407310486 0.03478487332661947 0.03478487332661947
0 0.22533732652664185 0.444335401058197 0.03478487332661947 0.03478487332661947
0 0.3169727921485901 0.44319838285446167 0.03478487332661947 0.03478487332661947
0 0.4079030156135559 0.4420701265335083 0.03478487332661947 0.03478487332661947
0 0.49813607335090637 0.44095054268836975 0.03478487332661947 0.03478487332661947
0 0.5876800417900085 0.4398394823074341 0.03478487332661947 0.03478487332661947
0 0.6765426397323608 0.4387368857860565 0.03478487332661947 0.03478487332661947
0 0.764731764793396 0.4376426339149475 0.03478487332661947 0.03478487332661947
0 0.2130691111087799 0.5204757452011108 0.03478487332661947 0.03478487332661947
0 0.30921751260757446 0.5189749002456665 0.03478487332661947 0.03478487332661947
0 0.40459004044532776 0.5174861550331116 0.03478487332661947 0.03478487332661947
0 0.4991960823535919 0.5160093903541565 0.03478487332661947 0.03478487332661947
0 0.5930447578430176 0.5145444869995117 0.03478487332661947 0.03478487332661947
0 0.6861451864242554 0.5130912065505981 0.03478487332661947 0.03478487332661947
0 0.778506338596344 0.511649489402771 0.03478487332661947 0.03478487332661947
0 0.19953924417495728 0.6044462323188782 0.03478487332661947 0.03478487332661947
0 0.3006680905818939 0.6025109887123108 0.03478487332661947 0.03478487332661947
0 0.40093928575515747 0.6005921363830566 0.03478487332661947 0.03478487332661947
0 0.5003637075424194 0.5986894369125366 0.03478487332661947 0.03478487332661947
0 0.5989519357681274 0.596802830696106 0.03478487332661947 0.03478487332661947
0 0.6967145800590515 0.594931960105896 0.03478487332661947 0.03478487332661947
0 0.7936619520187378 0.5930767059326172 0.03478487332661947 0.03478487332661947