0 0.7226565480232239 0.22369660437107086 0.03501611699660619 0.03501611699660619
0 0.6456591486930847 0.22368048131465912 0.03501611699660619 0.03501611699660619
0 0.5687107443809509 0.22366438806056976 0.03501611699660619 0.03501611699660619
0 0.49181127548217773 0.2236482948064804 0.03501611699660619 0.03501611699660619
0 0.4149607717990875 0.22363220155239105 0.03501611699660619 0.03501611699660619
0 0.33815911412239075 0.22361613810062408 0.03501611699660619 0.03501611699660619
0 0.261406272649765 0.22360007464885712 0.03501611699660619 0.03501611699660619
0 0.7296419739723206 0.27835455536842346 0.03501611699660619 0.03501611699660619
0 0.64957195520401 0.27831971645355225 0.03501611699660619 0.03501611699660619
0 0.5695549845695496 0.27828487753868103 0.03501611699660619 0.03501611699660619
0 0.4895908832550049 0.2782500684261322 0.03501611699660619 0.03501611699660619
0 0.40967971086502075 0.27821528911590576 0.03501611699660619 0.03501611699660619
0 0.32982137799263 0.2781805396080017 0.03501611699660619 0.03501611699660619
0 0.25001582503318787 0.27814579010009766 0.03501611699660619 0.03501611699660619
0 0.73720782995224 0.33755409717559814 0.03501611699660619 0.03501611699660619
0 0.6538098454475403 0.33749738335609436 0.03501611699660619 0.03501611699660619
0 0.570469319820404 0.33744072914123535 0.03501611699660619 0.03501611699660619
0 0.4871861934661865 0.33738407492637634 0.03501611699660619 0.03501611699660619
0 0.4039604663848877 0.3373274803161621 0.03501611699660619 0.03501611699660619
0 0.3207920491695404 0.33727094531059265 0.03501611699660619 0.03501611699660619
0 0.23768086731433868 0.3372144401073456 0.03501611699660619 0.03501611699660619
0 0.7454296350479126 0.4018858075141907 0.03501611699660619 0.03501611699660619
0 0.6584149599075317 0.40180352330207825 0.03501611699660619 0.03501611699660619
0 0.5714628100395203 0.4017212688922882 0.03501611699660619 0.03501611699660619
0 0.48457324504852295 0.40163907408714294 0.03501611699660619 0.03501611699660619
0 0.39774608612060547 0.40155693888664246 0.03501611699660619 0.03501611699660619
0 0.3109813332557678 0.40147486329078674 0.03501611699660619 0.03501611699660619
0 0.22427886724472046 0.4013928472995758 0.03501611699660619 0.03501611699660619
0 0.7543964385986328 0.472047358751297 0.03501611699660619 0.03501611699660619
0 0.6634371876716614 0.4719349145889282 0.03501611699660619 0.03501611699660619
0 0.5725463628768921 0.471822589635849 0.03501611699660619 0.03501611699660619
0 0.4817237854003906 0.47171035408973694 0.03501611699660619 0.03501611699660619
0 0.3909694254398346 0.47159817814826965 0.03501611699660619 0.03501611699660619
0 0.3002832233905792 0.47148609161376953 0.03501611699660619 0.03501611699660619
0 0.20966510474681854 0.4713740944862366 0.03501611699660619 0.03501611699660619
0 0.7642144560813904 0.548868715763092 0.03501611699660619 0.03501611699660619
0 0.668936014175415 0.5487207174301147 0.03501611699660619 0.03501611699660619
0 0.5737326145172119 0.548572838306427 0.03501611699660619 0.03501611699660619
0 0.47860413789749146 0.5484250783920288 0.03501611699660619 0.03501611699660619
0 0.3835505247116089 0.5482773780822754 0.03501611699660619 0.03501611699660619
0 0.28857165575027466 0.5481298565864563 0.03501611699660619 0.03501611699660619
0 0.1936674416065216 0.5479824542999268 0.03501611699660619 0.03501611699660619
0 0.7750108242034912 0.6333454847335815 0.03501611699660619 0.03501611699660619
0 0.6749826073646545 0.6331551671028137 0.03501611699660619 0.03501611699660619
0 0.5750370025634766 0.6329650282859802 0.03501611699660619 0.03501611699660619
0 0.47517403960227966 0.632775068283081 0.03501611699660619 0.03501611699660619
0 0.37539350986480713 0.6325852274894714 0.03501611699660619 0.03501611699660619
0 0.2756953835487366 0.6323955059051514 0.03501611699660619 0.03501611699660619
0 0.17607954144477844 0.6322060227394104 0.03501611699660619 0.03501611699660619