0 0.7775532603263855 0.25362923741340637 0.036973848938941956 0.036973848938941956
0 0.6965974569320679 0.24914748966693878 0.036973848938941956 0.036973848938941956
0 0.6135686635971069 0.24455098807811737 0.036973848938941956 0.036973848938941956
0 0.5283862352371216 0.2398352473974228 0.036973848938941956 0.036973848938941956
0 0.44096529483795166 0.23499558866024017 0.036973848938941956 0.036973848938941956
0 0.3512163460254669 0.23002704977989197 0.036973848938941956 0.036973848938941956
0 0.25904521346092224 0.22492441534996033 0.036973848938941956 0.036973848938941956
0 0.7903413772583008 0.3262574374675751 0.036973848938941956 0.036973848938941956
0 0.7069568634033203 0.322579562664032 0.036973848938941956 0.036973848938941956
0 0.621367871761322 0.31880444288253784 0.036973848938941956 0.036973848938941956
0 0.5334856510162354 0.31492817401885986 0.036973848938941956 0.036973848938941956
0 0.4432169198989868 0.31094667315483093 0.036973848938941956 0.036973848938941956
0 0.3504630923271179 0.30685552954673767 0.036973848938941956 0.036973848938941956
0 0.25512006878852844 0.30265018343925476 0.036973848938941956 0.036973848938941956
0 0.8039654493331909 0.4036330282688141 0.036973848938941956 0.036973848938941956
0 0.7180026173591614 0.4008762538433075 0.036973848938941956 0.036973848938941956
0 0.6296907663345337 0.3980441689491272 0.036973848938941956 0.036973848938941956
0 0.5389322638511658 0.3951335847377777 0.036973848938941956 0.036973848938941956
0 0.4456240236759186 0.39214128255844116 0.036973848938941956 0.036973848938941956
0 0.3496570587158203 0.38906368613243103 0.036973848938941956 0.036973848938941956
0 0.25091609358787537 0.38589712977409363 0.036973848938941956 0.036973848938941956
0 0.818510115146637 0.48623719811439514 0.036973848938941956 0.036973848938941956
0 0.7298051118850708 0.4845375418663025 0.036973848938941956 0.036973848938941956
0 0.6385919451713562 0.4827898442745209 0.036973848938941956 0.036973848938941956
0 0.5447627305984497 0.48099198937416077 0.036973848938941956 0.036973848938941956
0 0.4482032358646393 0.47914183139801025 0.036973848938941956 0.036973848938941956
0 0.34879255294799805 0.4772370457649231 0.036973848938941956 0.036973848938941956
0 0.24640250205993652 0.4752751886844635 0.036973848938941956 0.036973848938941956
0 0.8340719938278198 0.5746184587478638 0.036973848938941956 0.036973848938941956
0 0.7424449920654297 0.574134349822998 0.036973848938941956 0.036973848938941956
0 0.6481339335441589 0.573635995388031 0.036973848938941956 0.036973848938941956
0 0.5510191321372986 0.5731228590011597 0.036973848938941956 0.036973848938941956
0 0.4509737193584442 0.5725942254066467 0.036973848938941956 0.036973848938941956
0 0.34786292910575867 0.5720493793487549 0.036973848938941956 0.036973848938941956
0 0.24154376983642578 0.5714876055717468 0.036973848938941956 0.036973848938941956
0 0.8507617115974426 0.6694048643112183 0.036973848938941956 0.036973848938941956
0 0.7560145854949951 0.670321524143219 0.036973848938941956 0.036973848938941956
0 0.6583884358406067 0.6712659597396851 0.036973848938941956 0.036973848938941956
0 0.5577499270439148 0.6722396016120911 0.036973848938941956 0.036973848938941956
0 0.45395755767822266 0.6732437014579773 0.036973848938941956 0.036973848938941956
0 0.3468606173992157 0.6742798089981079 0.036973848938941956 0.036973848938941956
0 0.23629875481128693 0.6753494143486023 0.036973848938941956 0.036973848938941956
0 0.8687064051628113 0.7713188529014587 0.036973848938941956 0.036973848938941956
0 0.7706204652786255 0.7738539576530457 0.036973848938941956 0.036973848938941956
0 0.669438362121582 0.7764691114425659 0.036973848938941956 0.036973848938941956
0 0.5650112628936768 0.7791680693626404 0.036973848938941956 0.036973848938941956
0 0.4571804106235504 0.7819550633430481 0.036973848938941956 0.036973848938941956
0 0.34577664732933044 0.7848343253135681 0.036973848938941956 0.036973848938941956
0 0.23061946034431458 0.7878106832504272 0.036973848938941956 0.036973848938941956