0 0.7353277802467346 0.2063244879245758 0.035977562268575035 0.035977562268575035
0 0.6583361029624939 0.20564629137516022 0.035977562268575035 0.035977562268575035
0 0.581135094165802 0.2049662470817566 0.035977562268575035 0.035977562268575035
0 0.5037238597869873 0.20428435504436493 0.035977562268575035 0.035977562268575035
0 0.4261014759540558 0.20360061526298523 0.035977562268575035 0.035977562268575035
0 0.34826716780662537 0.2029149979352951 0.035977562268575035 0.035977562268575035
0 0.2702200412750244 0.20222750306129456 0.035977562268575035 0.035977562268575035
0 0.7452604174613953 0.25979337096214294 0.035977562268575035 0.035977562268575035
0 0.6650625467300415 0.25916245579719543 0.035977562268575035 0.035977562268575035
0 0.5846374034881592 0.25852975249290466 0.035977562268575035 0.035977562268575035
0 0.5039840936660767 0.25789526104927063 0.035977562268575035 0.035977562268575035
0 0.42310163378715515 0.25725895166397095 0.035977562268575035 0.035977562268575035
0 0.34198901057243347 0.2566208243370056 0.035977562268575035 0.035977562268575035
0 0.2606452703475952 0.255980908870697 0.035977562268575035 0.035977562268575035
0 0.7560588717460632 0.3179234564304352 0.035977562268575035 0.035977562268575035
0 0.6723761558532715 0.3173508048057556 0.035977562268575035 0.035977562268575035
0 0.5884459614753723 0.31677648425102234 0.035977562268575035 0.035977562268575035
0 0.5042672157287598 0.31620046496391296 0.035977562268575035 0.035977562268575035
0 0.4198387563228607 0.3156227171421051 0.035977562268575035 0.035977562268575035
0 0.3351595103740692 0.31504327058792114 0.035977562268575035 0.035977562268575035
0 0.2502283453941345 0.3144620954990387 0.035977562268575035 0.035977562268575035
0 0.7678416967391968 0.3813519775867462 0.035977562268575035 0.035977562268575035
0 0.6803574562072754 0.380851149559021 0.035977562268575035 0.035977562268575035
0 0.5926027297973633 0.38034874200820923 0.035977562268575035 0.035977562268575035
0 0.5045762062072754 0.3798447847366333 0.035977562268575035 0.035977562268575035
0 0.41627657413482666 0.3793392777442932 0.035977562268575035 0.035977562268575035
0 0.3277026414871216 0.3788321912288666 0.035977562268575035 0.035977562268575035
0 0.2388530820608139 0.3783235251903534 0.035977562268575035 0.035977562268575035
0 0.7807497382164001 0.45083799958229065 0.035977562268575035 0.035977562268575035
0 0.6891022324562073 0.4504256248474121 0.035977562268575035 0.035977562268575035
0 0.5971577763557434 0.45001187920570374 0.035977562268575035 0.035977562268575035
0 0.5049148201942444 0.4495967924594879 0.035977562268575035 0.035977562268575035
0 0.41237202286720276 0.44918036460876465 0.035977562268575035 0.035977562268575035
0 0.31952786445617676 0.44876259565353394 0.035977562268575035 0.035977562268575035
0 0.2263808399438858 0.4483434557914734 0.035977562268575035 0.035977562268575035
0 0.7949523329734802 0.5272927284240723 0.035977562268575035 0.035977562268575035
0 0.6987255215644836 0.5269895195960999 0.035977562268575035 0.035977562268575035
0 0.6021711826324463 0.5266852974891663 0.035977562268575035 0.035977562268575035
0 0.5052876472473145 0.5263800024986267 0.035977562268575035 0.035977562268575035
0 0.40807318687438965 0.526073694229126 0.035977562268575035 0.035977562268575035
0 0.31052619218826294 0.5257663130760193 0.035977562268575035 0.035977562268575035
0 0.21264490485191345 0.5254578590393066 0.035977562268575035 0.035977562268575035
0 0.8106544613838196 0.6118199229240417 0.035977562268575035 0.035977562268575035
0 0.7093666195869446 0.6116518974304199 0.035977562268575035 0.035977562268575035
0 0.6077157855033875 0.6114832162857056 0.035977562268575035 0.035977562268575035
0 0.5056999921798706 0.6113139390945435 0.035977562268575035 0.035977562268575035
0 0.4033172130584717 0.6111440658569336 0.035977562268575035 0.035977562268575035
0 0.30056554079055786 0.610973596572876 0.035977562268575035 0.035977562268575035
0 0.19744296371936798 0.6108024716377258 0.035977562268575035 0.035977562268575035