0 0.7063333988189697 0.18577057123184204 0.024569837376475338 0.03275978316863378
0 0.6403533220291138 0.1868765652179718 0.024569837376475338 0.03275978316863378
0 0.5742163062095642 0.18798519670963287 0.024569837376475338 0.03275978316863378
0 0.5079216957092285 0.18909648060798645 0.024569837376475338 0.03275978316863378
0 0.4414689838886261 0.19021040201187134 0.024569837376475338 0.03275978316863378
0 0.3748576045036316 0.19132697582244873 0.024569837376475338 0.03275978316863378
0 0.30808696150779724 0.19244623184204102 0.024569837376475338 0.03275978316863378
0 0.7176128029823303 0.24833181500434875 0.024569837376475338 0.03275978316863378
0 0.6484469771385193 0.2495693862438202 0.024569837376475338 0.03275978316863378
0 0.5791085958480835 0.25081005692481995 0.024569837376475338 0.03275978316863378
0 0.5095970034599304 0.252053827047348 0.024569837376475338 0.03275978316863378
0 0.43991151452064514 0.2533006966114044 0.024569837376475338 0.03275978316863378
0 0.3700515627861023 0.2545506954193115 0.024569837376475338 0.03275978316863378
0 0.3000164031982422 0.2558038532733917 0.024569837376475338 0.03275978316863378
0 0.7300404906272888 0.31726202368736267 0.024569837376475338 0.03275978316863378
0 0.6573656797409058 0.3186529576778412 0.024569837376475338 0.03275978316863378
0 0.584500253200531 0.320047527551651 0.024569837376475338 0.03275978316863378
0 0.5114434957504272 0.3214457333087921 0.024569837376475338 0.03275978316863378
0 0.4381946623325348 0.3228476345539093 0.024569837376475338 0.03275978316863378
0 0.36475300788879395 0.32425323128700256 0.024569837376475338 0.03275978316863378
0 0.29111775755882263 0.3256625235080719 0.024569837376475338 0.03275978316863378
0 0.7438012361526489 0.39358600974082947 0.024569837376475338 0.03275978316863378
0 0.6672422885894775 0.3951569199562073 0.024569837376475338 0.03275978316863378
0 0.5904718041419983 0.3967321813106537 0.024569837376475338 0.03275978316863378
0 0.5134888887405396 0.3983118236064911 0.024569837376475338 0.03275978316863378
0 0.4362926185131073 0.3998958170413971 0.024569837376475338 0.03275978316863378
0 0.35888218879699707 0.4014841914176941 0.024569837376475338 0.03275978316863378
0 0.28125664591789246 0.40307700634002686 0.024569837376475338 0.03275978316863378
0 0.7591216564178467 0.47856077551841736 0.024569837376475338 0.03275978316863378
0 0.6782400608062744 0.4803447425365448 0.024569837376475338 0.03275978316863378
0 0.5971221923828125 0.4821339249610901 0.024569837376475338 0.03275978316863378
0 0.5157670974731445 0.4839283227920532 0.024569837376475338 0.03275978316863378
0 0.4341737627983093 0.485727995634079 0.024569837376475338 0.03275978316863378
0 0.35234108567237854 0.48753294348716736 0.024569837376475338 0.03275978316863378
0 0.2702680230140686 0.48934319615364075 0.024569837376475338 0.03275978316863378
0 0.7762829065322876 0.5737454295158386 0.024569837376475338 0.03275978316863378
0 0.6905611753463745 0.5757838487625122 0.024569837376475338 0.03275978316863378
0 0.6045740842819214 0.577828586101532 0.024569837376475338 0.03275978316863378
0 0.5183203220367432 0.5798797011375427 0.024569837376475338 0.03275978316863378
0 0.43179869651794434 0.5819371342658997 0.024569837376475338 0.03275978316863378
0 0.34500789642333984 0.5840010046958923 0.024569837376475338 0.03275978316863378
0 0.2579467296600342 0.5860713124275208 0.024569837376475338 0.03275978316863378
0 0.795637845993042 0.681097686290741 0.024569837376475338 0.03275978316863378
0 0.7044600248336792 0.6834431886672974 0.024569837376475338 0.03275978316863378
0 0.6129817366600037 0.6857964396476746 0.024569837376475338 0.03275978316863378
0 0.5212016105651855 0.6881574392318726 0.024569837376475338 0.03275978316863378
0 0.4291180372238159 0.6905262470245361 0.024569837376475338 0.03275978316863378
0 0.33672958612442017 0.6929028630256653 0.024569837376475338 0.03275978316863378
0 0.24403469264507294 0.6952874064445496 0.024569837376475338 0.03275978316863378