0 0.7136955857276917 0.18447503447532654 0.02545284666121006 0.03393712888161341
0 0.6440064907073975 0.18683774769306183 0.02545284666121006 0.03393712888161341
0 0.5750828385353088 0.18917451798915863 0.02545284666121006 0.03393712888161341
0 0.5069120526313782 0.19148574769496918 0.02545284666121006 0.03393712888161341
0 0.43948182463645935 0.19377188384532928 0.02545284666121006 0.03393712888161341
0 0.3727802038192749 0.19603331387043 0.02545284666121006 0.03393712888161341
0 0.3067954182624817 0.19827044010162354 0.02545284666121006 0.03393712888161341
0 0.7229365706443787 0.2485368251800537 0.02545284666121006 0.03393712888161341
0 0.6496621966362 0.2506476044654846 0.02545284666121006 0.03393712888161341
0 0.5772331357002258 0.2527340352535248 0.02545284666121006 0.03393712888161341
0 0.5056348443031311 0.2547965347766876 0.02545284666121006 0.03393712888161341
0 0.43485310673713684 0.2568355202674866 0.02545284666121006 0.03393712888161341
0 0.36487409472465515 0.25885137915611267 0.02545284666121006 0.03393712888161341
0 0.29568415880203247 0.26084449887275696 0.02545284666121006 0.03393712888161341
0 0.7331703305244446 0.31948035955429077 0.02545284666121006 0.03393712888161341
0 0.6559217572212219 0.32127025723457336 0.02545284666121006 0.03393712888161341
0 0.579611599445343 0.3230384290218353 0.02545284666121006 0.03393712888161341
0 0.5042229294776917 0.3247852325439453 0.02545284666121006 0.03393712888161341
0 0.4297391176223755 0.32651105523109436 0.02545284666121006 0.03393712888161341
0 0.3561440110206604 0.3282163143157959 0.02545284666121006 0.03393712888161341
0 0.2834217846393585 0.3299013376235962 0.02545284666121006 0.03393712888161341
0 0.7445657849311829 0.3984775245189667 0.02545284666121006 0.03393712888161341
0 0.6628872752189636 0.3998583257198334 0.02545284666121006 0.03393712888161341
0 0.5822566151618958 0.40122145414352417 0.02545284666121006 0.03393712888161341
0 0.5026537775993347 0.40256717801094055 0.02545284666121006 0.03393712888161341
0 0.42405930161476135 0.40389588475227356 0.02545284666121006 0.03393712888161341
0 0.34645408391952515 0.4052078425884247 0.02545284666121006 0.03393712888161341
0 0.26981958746910095 0.4065034091472626 0.02545284666121006 0.03393712888161341
0 0.7573327422142029 0.48698216676712036 0.02545284666121006 0.03393712888161341
0 0.6706854104995728 0.4878399670124054 0.02545284666121006 0.03393712888161341
0 0.5852156281471252 0.48868611454963684 0.02545284666121006 0.03393712888161341
0 0.5008996725082397 0.4895208477973938 0.02545284666121006 0.03393712888161341
0 0.4177142381668091 0.490344375371933 0.02545284666121006 0.03393712888161341
0 0.33563676476478577 0.4911569654941559 0.02545284666121006 0.03393712888161341
0 0.25464528799057007 0.49195876717567444 0.02545284666121006 0.03393712888161341
0 0.7717346549034119 0.5868206024169922 0.02545284666121006 0.03393712888161341
0 0.6794748902320862 0.5870063900947571 0.02545284666121006 0.03393712888161341
0 0.5885481238365173 0.5871895551681519 0.02545284666121006 0.03393712888161341
0 0.49892571568489075 0.5873700976371765 0.02545284666121006 0.03393712888161341
0 0.41057974100112915 0.587548017501831 0.02545284666121006 0.03393712888161341
0 0.3234831988811493 0.587723433971405 0.02545284666121006 0.03393712888161341
0 0.23760969936847687 0.5878964066505432 0.02545284666121006 0.03393712888161341
0 0.7881069779396057 0.7003188133239746 0.02545284666121006 0.03393712888161341
0 0.6894575953483582 0.6996352672576904 0.02545284666121006 0.03393712888161341
0 0.5923295021057129 0.6989622712135315 0.02545284666121006 0.03393712888161341
0 0.4966878890991211 0.6982995867729187 0.02545284666121006 0.03393712888161341
0 0.4024987816810608 0.697646975517273 0.02545284666121006 0.03393712888161341
0 0.3097294270992279 0.6970041990280151 0.02545284666121006 0.03393712888161341
0 0.21834790706634521 0.6963710188865662 0.02545284666121006 0.03393712888161341