0 0.7126849889755249 0.1914232075214386 0.036226811508337654 0.036226811508337654
0 0.6347748041152954 0.19271092116832733 0.036226811508337654 0.036226811508337654
0 0.5567299723625183 0.19400084018707275 0.036226811508337654 0.036226811508337654
0 0.4785502552986145 0.19529300928115845 0.036226811508337654 0.036226811508337654
0 0.40023523569107056 0.19658739864826202 0.036226811508337654 0.036226811508337654
0 0.3217845857143402 0.19788403809070587 0.036226811508337654 0.036226811508337654
0 0.24319793283939362 0.19918292760849 0.036226811508337654 0.036226811508337654
0 0.7220453023910522 0.24540628492832184 0.036226811508337654 0.036226811508337654
0 0.6409054398536682 0.24679602682590485 0.036226811508337654 0.036226811508337654
0 0.5596195459365845 0.24818828701972961 0.036226811508337654 0.036226811508337654
0 0.47818729281425476 0.24958303570747375 0.036226811508337654 0.036226811508337654
0 0.39660826325416565 0.25098028779029846 0.036226811508337654 0.036226811508337654
0 0.3148820698261261 0.2523801028728485 0.036226811508337654 0.036226811508337654
0 0.2330082654953003 0.2537824213504791 0.036226811508337654 0.036226811508337654
0 0.7322165966033936 0.30406680703163147 0.036226811508337654 0.036226811508337654
0 0.6475677490234375 0.3055718243122101 0.036226811508337654 0.036226811508337654
0 0.5627599358558655 0.3070796728134155 0.036226811508337654 0.036226811508337654
0 0.4777928292751312 0.3085903525352478 0.036226811508337654 0.036226811508337654
0 0.3926658630371094 0.3101038634777069 0.036226811508337654 0.036226811508337654
0 0.3073786497116089 0.31162023544311523 0.036226811508337654 0.036226811508337654
0 0.22193071246147156 0.3131394684314728 0.036226811508337654 0.036226811508337654
0 0.7433091402053833 0.36804017424583435 0.036226811508337654 0.036226811508337654
0 0.6548340320587158 0.3696761429309845 0.036226811508337654 0.036226811508337654
0 0.5661853551864624 0.3713153004646301 0.036226811508337654 0.036226811508337654
0 0.4773625135421753 0.372957706451416 0.036226811508337654 0.036226811508337654
0 0.3883650004863739 0.3746033012866974 0.036226811508337654 0.036226811508337654
0 0.29919230937957764 0.3762521743774414 0.036226811508337654 0.036226811508337654
0 0.2098439335823059 0.3779042661190033 0.036226811508337654 0.036226811508337654
0 0.7554539442062378 0.4380824565887451 0.036226811508337654 0.036226811508337654
0 0.6627904176712036 0.4398680329322815 0.036226811508337654 0.036226811508337654
0 0.5699363946914673 0.44165724515914917 0.036226811508337654 0.036226811508337654
0 0.47689124941825867 0.4434501528739929 0.036226811508337654 0.036226811508337654
0 0.3836544454097748 0.44524675607681274 0.036226811508337654 0.036226811508337654
0 0.2902253568172455 0.44704708456993103 0.036226811508337654 0.036226811508337654
0 0.1966034322977066 0.4488511085510254 0.036226811508337654 0.036226811508337654
0 0.7688083052635193 0.5151002407073975 0.036226811508337654 0.036226811508337654
0 0.6715400218963623 0.5170578360557556 0.036226811508337654 0.036226811508337654
0 0.5740617513656616 0.5190196633338928 0.036226811508337654 0.036226811508337654
0 0.4763728976249695 0.5209857225418091 0.036226811508337654 0.036226811508337654
0 0.3784727454185486 0.5229560136795044 0.036226811508337654 0.036226811508337654
0 0.2803605794906616 0.5249305963516235 0.036226811508337654 0.036226811508337654
0 0.18203572928905487 0.5269094705581665 0.036226811508337654 0.036226811508337654
0 0.7835622429847717 0.6001901626586914 0.036226811508337654 0.036226811508337654
0 0.6812076568603516 0.6023470163345337 0.036226811508337654 0.036226811508337654
0 0.5786204934120178 0.6045087575912476 0.036226811508337654 0.036226811508337654
0 0.4758000671863556 0.606675386428833 0.036226811508337654 0.036226811508337654
0 0.37274548411369324 0.6088469624519348 0.036226811508337654 0.036226811508337654
0 0.2694559693336487 0.6110235452651978 0.036226811508337654 0.036226811508337654
0 0.16593074798583984 0.613205075263977 0.036226811508337654 0.036226811508337654