0 0.6787797808647156 0.15881891548633575 0.025112371891736984 0.03348316252231598
0 0.6104405522346497 0.1619875133037567 0.025112371891736984 0.03348316252231598
0 0.5419805645942688 0.16516171395778656 0.025112371891736984 0.03348316252231598
0 0.47339946031570435 0.1683415323495865 0.025112371891736984 0.03348316252231598
0 0.4046969413757324 0.1715269833803177 0.025112371891736984 0.03348316252231598
0 0.33587270975112915 0.17471806704998016 0.025112371891736984 0.03348316252231598
0 0.2669264078140259 0.1779148131608963 0.025112371891736984 0.03348316252231598
0 0.6903128623962402 0.22450962662696838 0.025112371891736984 0.03348316252231598
0 0.6187617778778076 0.22788837552070618 0.025112371891736984 0.03348316252231598
0 0.5470783114433289 0.2312733680009842 0.025112371891736984 0.03348316252231598
0 0.4752620458602905 0.23466463387012482 0.025112371891736984 0.03348316252231598
0 0.40331265330314636 0.23806218802928925 0.025112371891736984 0.03348316252231598
0 0.33122971653938293 0.24146604537963867 0.025112371891736984 0.03348316252231598
0 0.2590128779411316 0.2448762208223343 0.025112371891736984 0.03348316252231598
0 0.7029862999916077 0.2966958284378052 0.025112371891736984 0.03348316252231598
0 0.6279066205024719 0.300311803817749 0.025112371891736984 0.03348316252231598
0 0.5526810884475708 0.30393481254577637 0.025112371891736984 0.03348316252231598
0 0.47730937600135803 0.3075648546218872 0.025112371891736984 0.03348316252231598
0 0.40179091691970825 0.3112019896507263 0.025112371891736984 0.03348316252231598
0 0.3261253833770752 0.3148461878299713 0.025112371891736984 0.03348316252231598
0 0.25031229853630066 0.31849750876426697 0.025112371891736984 0.03348316252231598
0 0.7169780731201172 0.3763910233974457 0.025112371891736984 0.03348316252231598
0 0.6380037069320679 0.380276620388031 0.025112371891736984 0.03348316252231598
0 0.5588679313659668 0.38417014479637146 0.025112371891736984 0.03348316252231598
0 0.47957029938697815 0.3880716562271118 0.025112371891736984 0.03348316252231598
0 0.40011027455329895 0.3919811248779297 0.025112371891736984 0.03348316252231598
0 0.320487380027771 0.39589864015579224 0.025112371891736984 0.03348316252231598
0 0.2407011091709137 0.3998241722583771 0.025112371891736984 0.03348316252231598
0 0.7325051426887512 0.46483114361763 0.025112371891736984 0.03348316252231598
0 0.6492099165916443 0.4690253734588623 0.025112371891736984 0.03348316252231598
0 0.5657351016998291 0.47322866320610046 0.025112371891736984 0.03348316252231598
0 0.4820801019668579 0.4774410128593445 0.025112371891736984 0.03348316252231598
0 0.3982444107532501 0.48166245222091675 0.025112371891736984 0.03348316252231598
0 0.3142273724079132 0.48589304089546204 0.025112371891736984 0.03348316252231598
0 0.2300284206867218 0.49013277888298035 0.025112371891736984 0.03348316252231598
0 0.7498348951339722 0.5635391473770142 0.025112371891736984 0.03348316252231598
0 0.6617186069488525 0.5680896043777466 0.025112371891736984 0.03348316252231598
0 0.5734013319015503 0.5726504325866699 0.025112371891736984 0.03348316252231598
0 0.48488232493400574 0.577221691608429 0.025112371891736984 0.03348316252231598
0 0.39616090059280396 0.5818033814430237 0.025112371891736984 0.03348316252231598
0 0.3072364032268524 0.5863955616950989 0.025112371891736984 0.03348316252231598
0 0.21810811758041382 0.5909982919692993 0.025112371891736984 0.03348316252231598
0 0.769300639629364 0.6744133234024048 0.025112371891736984 0.03348316252231598
0 0.6757709383964539 0.6793786287307739 0.025112371891736984 0.03348316252231598
0 0.5820147395133972 0.6843560338020325 0.025112371891736984 0.03348316252231598
0 0.48803114891052246 0.6893454790115356 0.025112371891736984 0.03348316252231598
0 0.3938193619251251 0.6943470239639282 0.025112371891736984 0.03348316252231598
0 0.29937854409217834 0.699360728263855 0.025112371891736984 0.03348316252231598
0 0.20470784604549408 0.7043866515159607 0.025112371891736984 0.03348316252231598