0 0.21210528910160065 0.647911012172699 0.03357457866271337 0.03357457866271337
0 0.30965185165405273 0.6486883163452148 0.03357457866271337 0.03357457866271337
0 0.4070431888103485 0.6494644284248352 0.03357457866271337 0.03357457866271337
0 0.504279613494873 0.6502392292022705 0.03357457866271337 0.03357457866271337
0 0.6013615727424622 0.6510128378868103 0.03357457866271337 0.03357457866271337
0 0.6982893347740173 0.6517851948738098 0.03357457866271337 0.03357457866271337
0 0.7950633764266968 0.6525563597679138 0.03357457866271337 0.03357457866271337
0 0.2221674621105194 0.555717408657074 0.03357457866271337 0.03357457866271337
0 0.31637024879455566 0.5565390586853027 0.03357457866271337 0.03357457866271337
0 0.4104282259941101 0.5573594570159912 0.03357457866271337 0.03357457866271337
0 0.504341721534729 0.5581785440444946 0.03357457866271337 0.03357457866271337
0 0.598111093044281 0.5589963793754578 0.03357457866271337 0.03357457866271337
0 0.6917366981506348 0.5598130226135254 0.03357457866271337 0.03357457866271337
0 0.7852187752723694 0.560628354549408 0.03357457866271337 0.03357457866271337
0 0.23156364262104034 0.4696257710456848 0.03357457866271337 0.03357457866271337
0 0.32264429330825806 0.47048428654670715 0.03357457866271337 0.03357457866271337
0 0.4135895371437073 0.47134149074554443 0.03357457866271337 0.03357457866271337
0 0.5043997168540955 0.47219744324684143 0.03357457866271337 0.03357457866271337
0 0.5950751304626465 0.47305211424827576 0.03357457866271337 0.03357457866271337
0 0.6856160759925842 0.4739055335521698 0.03357457866271337 0.03357457866271337
0 0.7760228514671326 0.47475767135620117 0.03357457866271337 0.03357457866271337
0 0.24035784602165222 0.3890497088432312 0.03357457866271337 0.03357457866271337
0 0.3285166621208191 0.38993874192237854 0.03357457866271337 0.03357457866271337
0 0.41654863953590393 0.3908264636993408 0.03357457866271337 0.03357457866271337
0 0.5044540166854858 0.3917129337787628 0.03357457866271337 0.03357457866271337
0 0.5922331213951111 0.39259812235832214 0.03357457866271337 0.03357457866271337
0 0.6798862218856812 0.3934820592403412 0.03357457866271337 0.03357457866271337
0 0.7674135565757751 0.39436471462249756 0.03357457866271337 0.03357457866271337
0 0.2486061304807663 0.3134756088256836 0.03357457866271337 0.03357457866271337
0 0.3340247571468353 0.31438979506492615 0.03357457866271337 0.03357457866271337
0 0.41932427883148193 0.31530267000198364 0.03357457866271337 0.03357457866271337
0 0.5045049786567688 0.31621429324150085 0.03357457866271337 0.03357457866271337
0 0.5895670652389526 0.3171246647834778 0.03357457866271337 0.03357457866271337
0 0.6745107769966125 0.31803372502326965 0.03357457866271337 0.03357457866271337
0 0.7593364715576172 0.31894156336784363 0.03357457866271337 0.03357457866271337
0 0.2563577890396118 0.2424517571926117 0.03357457866271337 0.03357457866271337
0 0.339201420545578 0.24338647723197937 0.03357457866271337 0.03357457866271337
0 0.42193302512168884 0.24431993067264557 0.03357457866271337 0.03357457866271337
0 0.5045528411865234 0.24525213241577148 0.03357457866271337 0.03357457866271337
0 0.5870610475540161 0.24618306756019592 0.03357457866271337 0.03357457866271337
0 0.6694579720497131 0.24711273610591888 0.03357457866271337 0.03357457866271337
0 0.751743733882904 0.24804116785526276 0.03357457866271337 0.03357457866271337
0 0.2636563777923584 0.17557919025421143 0.03357457866271337 0.03357457866271337
0 0.3440757393836975 0.17653053998947144 0.03357457866271337 0.03357457866271337
0 0.424389511346817 0.17748063802719116 0.03357457866271337 0.03357457866271337
0 0.5045979022979736 0.1784294843673706 0.03357457866271337 0.03357457866271337
0 0.5847011804580688 0.17937709391117096 0.03357457866271337 0.03357457866271337
0 0.6646994352340698 0.18032345175743103 0.03357457866271337 0.03357457866271337
0 0.7445930242538452 0.1812685877084732 0.03357457866271337 0.03357457866271337