0 0.7169455289840698 0.19315843284130096 0.030106569329897564 0.030106569329897564
0 0.643623411655426 0.19410747289657593 0.030106569329897564 0.030106569329897564
0 0.570503830909729 0.19505389034748077 0.030106569329897564 0.030106569329897564
0 0.49758589267730713 0.1959977000951767 0.030106569329897564 0.030106569329897564
0 0.4248688220977783 0.1969389021396637 0.030106569329897564 0.030106569329897564
0 0.3523517847061157 0.19787751138210297 0.030106569329897564 0.030106569329897564
0 0.2800339460372925 0.1988135576248169 0.030106569329897564 0.030106569329897564
0 0.7233276963233948 0.2570267915725708 0.030106569329897564 0.030106569329897564
0 0.6479036211967468 0.2579120695590973 0.030106569329897564 0.030106569329897564
0 0.5726937651634216 0.2587948143482208 0.030106569329897564 0.030106569329897564
0 0.49769726395606995 0.2596750855445862 0.030106569329897564 0.030106569329897564
0 0.42291322350502014 0.26055285334587097 0.030106569329897564 0.030106569329897564
0 0.3483407497406006 0.2614281177520752 0.030106569329897564 0.030106569329897564
0 0.2739788889884949 0.26230093836784363 0.030106569329897564 0.030106569329897564
0 0.7300854921340942 0.32465386390686035 0.030106569329897564 0.030106569329897564
0 0.652435302734375 0.325466126203537 0.030106569329897564 0.030106569329897564
0 0.57501220703125 0.326276034116745 0.030106569329897564 0.030106569329897564
0 0.49781516194343567 0.327083557844162 0.030106569329897564 0.030106569329897564
0 0.4208432137966156 0.32788872718811035 0.030106569329897564 0.030106569329897564
0 0.3440953493118286 0.3286915719509125 0.030106569329897564 0.030106569329897564
0 0.2675706148147583 0.32949206233024597 0.030106569329897564 0.030106569329897564
0 0.7372530102729797 0.39638158679008484 0.030106569329897564 0.030106569329897564
0 0.6572414040565491 0.3971102237701416 0.030106569329897564 0.030106569329897564
0 0.5774708390235901 0.39783668518066406 0.030106569329897564 0.030106569329897564
0 0.49794018268585205 0.3985609710216522 0.030106569329897564 0.030106569329897564
0 0.41864845156669617 0.3992830514907837 0.030106569329897564 0.030106569329897564
0 0.3395944833755493 0.40000298619270325 0.030106569329897564 0.030106569329897564
0 0.2607772648334503 0.4007207751274109 0.030106569329897564 0.030106569329897564
0 0.7448687553405762 0.47259455919265747 0.030106569329897564 0.030106569329897564
0 0.6623475551605225 0.4732273817062378 0.030106569329897564 0.030106569329897564
0 0.5800827145576477 0.4738582670688629 0.030106569329897564 0.030106569329897564
0 0.4980729818344116 0.47448718547821045 0.030106569329897564 0.030106569329897564
0 0.41631725430488586 0.4751141369342804 0.030106569329897564 0.030106569329897564
0 0.3348143398761749 0.47573918104171753 0.030106569329897564 0.030106569329897564
0 0.2535630166530609 0.4763622581958771 0.030106569329897564 0.030106569329897564
0 0.7529760599136353 0.5537270307540894 0.030106569329897564 0.030106569329897564
0 0.6677827835083008 0.5542500019073486 0.030106569329897564 0.030106569329897564
0 0.5828626155853271 0.5547712445259094 0.030106569329897564 0.030106569329897564
0 0.49821433424949646 0.5552908778190613 0.030106569329897564 0.030106569329897564
0 0.41383659839630127 0.5558087825775146 0.030106569329897564 0.030106569329897564
0 0.3297280967235565 0.5563250780105591 0.030106569329897564 0.030106569329897564
0 0.24588757753372192 0.5568397641181946 0.030106569329897564 0.030106569329897564
0 0.7616241574287415 0.6402713060379028 0.030106569329897564 0.030106569329897564
0 0.6735799312591553 0.6406680345535278 0.030106569329897564 0.030106569329897564
0 0.5858273506164551 0.6410635113716125 0.030106569329897564 0.030106569329897564
0 0.49836504459381104 0.6414576172828674 0.030106569329897564 0.030106569329897564
0 0.41119152307510376 0.641850471496582 0.030106569329897564 0.030106569329897564
0 0.32430538535118103 0.6422420144081116 0.030106569329897564 0.030106569329897564
0 0.23770520091056824 0.6426323056221008 0.030106569329897564 0.030106569329897564