0 0.3036026954650879 0.3745356500148773 0.0197519063949585 0.026335875193277996
0 0.29835957288742065 0.43860185146331787 0.0197519063949585 0.026335875193277996
0 0.29280713200569153 0.5064477324485779 0.0197519063949585 0.026335875193277996
0 0.28691715002059937 0.5784180164337158 0.0197519063949585 0.026335875193277996
0 0.28065791726112366 0.6549004316329956 0.0197519063949585 0.026335875193277996
0 0.27399352192878723 0.7363331317901611 0.0197519063949585 0.026335875193277996
0 0.26688337326049805 0.8232128024101257 0.0197519063949585 0.026335875193277996
0 0.3671499788761139 0.37503814697265625 0.0197519063949585 0.026335875193277996
0 0.3637271821498871 0.43912819027900696 0.0197519063949585 0.026335875193277996
0 0.36010241508483887 0.5069999098777771 0.0197519063949585 0.026335875193277996
0 0.35625728964805603 0.5789981484413147 0.0197519063949585 0.026335875193277996
0 0.35217103362083435 0.6555110812187195 0.0197519063949585 0.026335875193277996
0 0.3478202521800995 0.7369771003723145 0.0197519063949585 0.026335875193277996
0 0.343178391456604 0.8238932490348816 0.0197519063949585 0.026335875193277996
0 0.4307154715061188 0.37554076313972473 0.0197519063949585 0.026335875193277996
0 0.42911404371261597 0.4396546483039856 0.0197519063949585 0.026335875193277996
0 0.4274181127548218 0.5075522065162659 0.0197519063949585 0.026335875193277996
0 0.42561906576156616 0.5795785188674927 0.0197519063949585 0.026335875193277996
0 0.42370718717575073 0.6561219692230225 0.0197519063949585 0.026335875193277996
0 0.4216715097427368 0.7376213073730469 0.0197519063949585 0.026335875193277996
0 0.41949963569641113 0.8245739340782166 0.0197519063949585 0.026335875193277996
0 0.49429914355278015 0.37604355812072754 0.0197519063949585 0.026335875193277996
0 0.4945201575756073 0.44018128514289856 0.0197519063949585 0.026335875193277996
0 0.49475422501564026 0.508104681968689 0.0197519063949585 0.026335875193277996
0 0.49500253796577454 0.5801590085029602 0.0197519063949585 0.026335875193277996
0 0.4952664077281952 0.6567330360412598 0.0197519063949585 0.026335875193277996
0 0.495547354221344 0.7382656931877136 0.0197519063949585 0.026335875193277996
0 0.4958471357822418 0.8252548575401306 0.0197519063949585 0.026335875193277996
0 0.5579010248184204 0.3765464723110199 0.0197519063949585 0.026335875193277996
0 0.5599455237388611 0.44070807099342346 0.0197519063949585 0.026335875193277996
0 0.5621107816696167 0.5086572766304016 0.0197519063949585 0.026335875193277996
0 0.5644076466560364 0.5807397365570068 0.0197519063949585 0.026335875193277996
0 0.5668486952781677 0.6573442816734314 0.0197519063949585 0.026335875193277996
0 0.5694478154182434 0.7389103174209595 0.0197519063949585 0.026335875193277996
0 0.5722208619117737 0.8259360194206238 0.0197519063949585 0.026335875193277996
0 0.6215211153030396 0.3770495355129242 0.0197519063949585 0.026335875193277996
0 0.6253902316093445 0.4412350356578827 0.0197519063949585 0.026335875193277996
0 0.6294876933097839 0.5092101097106934 0.0197519063949585 0.026335875193277996
0 0.6338344812393188 0.581320583820343 0.0197519063949585 0.026335875193277996
0 0.638454020023346 0.6579557657241821 0.0197519063949585 0.026335875193277996
0 0.6433728337287903 0.7395551800727844 0.0197519063949585 0.026335875193277996
0 0.6486209034919739 0.826617419719696 0.0197519063949585 0.026335875193277996
0 0.6851595044136047 0.37755274772644043 0.0197519063949585 0.026335875193277996
0 0.6908541917800903 0.44176211953163147 0.0197519063949585 0.026335875193277996
0 0.6968851089477539 0.5097630620002747 0.0197519063949585 0.026335875193277996
0 0.7032830715179443 0.5819016695022583 0.0197519063949585 0.026335875193277996
0 0.710082471370697 0.6585673689842224 0.0197519063949585 0.026335875193277996
0 0.7173224687576294 0.7402002215385437 0.0197519063949585 0.026335875193277996
0 0.7250471711158752 0.8272989988327026 0.0197519063949585 0.026335875193277996