0 0.24914906919002533 0.1758912205696106 0.03623071312904358 0.03623071312904358
0 0.3281480669975281 0.173882395029068 0.03623071312904358 0.03623071312904358
0 0.4071195125579834 0.1718742847442627 0.03623071312904358 0.03623071312904358
0 0.4860633909702301 0.1698668748140335 0.03623071312904358 0.03623071312904358
0 0.5649797320365906 0.16786016523838043 0.03623071312904358 0.03623071312904358
0 0.6438685655593872 0.16585414111614227 0.03623071312904358 0.03623071312904358
0 0.7227298617362976 0.16384883224964142 0.03623071312904358 0.03623071312904358
0 0.23877419531345367 0.23092642426490784 0.03623071312904358 0.03623071312904358
0 0.3209889829158783 0.2288258969783783 0.03623071312904358 0.03623071312904358
0 0.40317392349243164 0.22672611474990845 0.03623071312904358 0.03623071312904358
0 0.4853290319442749 0.22462710738182068 0.03623071312904358 0.03623071312904358
0 0.5674542784690857 0.2225288599729538 0.03623071312904358 0.03623071312904358
0 0.6495497822761536 0.2204313725233078 0.03623071312904358 0.03623071312904358
0 0.731615424156189 0.2183346450328827 0.03623071312904358 0.03623071312904358
0 0.2275191843509674 0.29063040018081665 0.03623071312904358 0.03623071312904358
0 0.3132227063179016 0.28842949867248535 0.03623071312904358 0.03623071312904358
0 0.3988937735557556 0.2862294018268585 0.03623071312904358 0.03623071312904358
0 0.4845324158668518 0.28403016924858093 0.03623071312904358 0.03623071312904358
0 0.5701386332511902 0.2818317413330078 0.03623071312904358 0.03623071312904358
0 0.6557124853134155 0.27963414788246155 0.03623071312904358 0.03623071312904358
0 0.7412539124488831 0.27743738889694214 0.03623071312904358 0.03623071312904358
0 0.2152671068906784 0.3556235730648041 0.03623071312904358 0.03623071312904358
0 0.30476853251457214 0.35331234335899353 0.03623071312904358 0.03623071312904358
0 0.3942345678806305 0.3510020077228546 0.03623071312904358 0.03623071312904358
0 0.48366525769233704 0.3486925959587097 0.03623071312904358 0.03623071312904358
0 0.5730605721473694 0.34638410806655884 0.03623071312904358 0.03623071312904358
0 0.6624205708503723 0.3440765142440796 0.03623071312904358 0.03623071312904358
0 0.751745343208313 0.34176984429359436 0.03623071312904358 0.03623071312904358
0 0.20187930762767792 0.4266413450241089 0.03623071312904358 0.03623071312904358
0 0.29553085565567017 0.42420831322669983 0.03623071312904358 0.03623071312904358
0 0.3891436755657196 0.42177629470825195 0.03623071312904358 0.03623071312904358
0 0.48271775245666504 0.41934528946876526 0.03623071312904358 0.03623071312904358
0 0.5762531757354736 0.41691526770591736 0.03623071312904358 0.03623071312904358
0 0.669749915599823 0.41448625922203064 0.03623071312904358 0.03623071312904358
0 0.7632079720497131 0.4120582640171051 0.03623071312904358 0.03623071312904358
0 0.1871902048587799 0.5045621395111084 0.03623071312904358 0.03623071312904358
0 0.28539547324180603 0.5019940137863159 0.03623071312904358 0.03623071312904358
0 0.38355815410614014 0.499426931142807 0.03623071312904358 0.03623071312904358
0 0.4816782474517822 0.4968610107898712 0.03623071312904358 0.03623071312904358
0 0.5797557830810547 0.49429619312286377 0.03623071312904358 0.03623071312904358
0 0.6777908205986023 0.49173250794410706 0.03623071312904358 0.03623071312904358
0 0.7757834196090698 0.4891698956489563 0.03623071312904358 0.03623071312904358
0 0.17100036144256592 0.5904437899589539 0.03623071312904358 0.03623071312904358
0 0.27422481775283813 0.5877249240875244 0.03623071312904358 0.03623071312904358
0 0.3774022161960602 0.5850072503089905 0.03623071312904358 0.03623071312904358
0 0.48053258657455444 0.5822908282279968 0.03623071312904358 0.03623071312904358
0 0.5836159586906433 0.5795756578445435 0.03623071312904358 0.03623071312904358
0 0.6866523623466492 0.5768617391586304 0.03623071312904358 0.03623071312904358
0 0.7896418571472168 0.5741490125656128 0.03623071312904358 0.03623071312904358