0 0.307901531457901 0.3731366693973541 0.019526446238160133 0.026035261650880177
0 0.3024637997150421 0.43692266941070557 0.019526446238160133 0.026035261650880177
0 0.29671117663383484 0.5044025778770447 0.019526446238160133 0.026035261650880177
0 0.2906154692173004 0.5759069323539734 0.019526446238160133 0.026035261650880177
0 0.2841450273990631 0.6518067121505737 0.019526446238160133 0.026035261650880177
0 0.27726423740386963 0.7325201034545898 0.019526446238160133 0.026035261650880177
0 0.2699328064918518 0.8185200095176697 0.019526446238160133 0.026035261650880177
0 0.37143298983573914 0.3743118941783905 0.019526446238160133 0.026035261650880177
0 0.3677871823310852 0.43805915117263794 0.019526446238160133 0.026035261650880177
0 0.36393052339553833 0.5054937601089478 0.019526446238160133 0.026035261650880177
0 0.3598441183567047 0.5769453048706055 0.019526446238160133 0.026035261650880177
0 0.3555068075656891 0.6527836918830872 0.019526446238160133 0.026035261650880177
0 0.3508947789669037 0.7334256172180176 0.019526446238160133 0.026035261650880177
0 0.34598109126091003 0.8193425536155701 0.019526446238160133 0.026035261650880177
0 0.43482547998428345 0.37548455595970154 0.019526446238160133 0.026035261650880177
0 0.43296369910240173 0.43919306993484497 0.019526446238160133 0.026035261650880177
0 0.43099433183670044 0.5065824389457703 0.019526446238160133 0.026035261650880177
0 0.4289078116416931 0.5779812335968018 0.019526446238160133 0.026035261650880177
0 0.4266933500766754 0.6537582874298096 0.019526446238160133 0.026035261650880177
0 0.42433878779411316 0.7343289256095886 0.019526446238160133 0.026035261650880177
0 0.421830415725708 0.8201628923416138 0.019526446238160133 0.026035261650880177
0 0.49807944893836975 0.3766546845436096 0.019526446238160133 0.026035261650880177
0 0.4979937970638275 0.44032442569732666 0.019526446238160133 0.026035261650880177
0 0.49790316820144653 0.5076686143875122 0.019526446238160133 0.026035261650880177
0 0.49780717492103577 0.5790147185325623 0.019526446238160133 0.026035261650880177
0 0.49770528078079224 0.6547304391860962 0.019526446238160133 0.026035261650880177
0 0.49759697914123535 0.7352299094200134 0.019526446238160133 0.026035261650880177
0 0.4974815845489502 0.8209811449050903 0.019526446238160133 0.026035261650880177
0 0.5611953735351562 0.37782222032546997 0.019526446238160133 0.026035261650880177
0 0.5628779530525208 0.4414532482624054 0.019526446238160133 0.026035261650880177
0 0.5646575689315796 0.5087522268295288 0.019526446238160133 0.026035261650880177
0 0.5665427446365356 0.580045759677887 0.019526446238160133 0.026035261650880177
0 0.5685433149337769 0.6557002663612366 0.019526446238160133 0.026035261650880177
0 0.5706700682640076 0.736128568649292 0.019526446238160133 0.026035261650880177
0 0.5729354023933411 0.821797251701355 0.019526446238160133 0.026035261650880177
0 0.6241737008094788 0.37898722290992737 0.019526446238160133 0.026035261650880177
0 0.6276167631149292 0.44257956743240356 0.019526446238160133 0.026035261650880177
0 0.6312580108642578 0.5098333954811096 0.019526446238160133 0.026035261650880177
0 0.6351151466369629 0.5810742974281311 0.019526446238160133 0.026035261650880177
0 0.6392079591751099 0.6566677093505859 0.019526446238160133 0.026035261650880177
0 0.6435587406158447 0.7370250225067139 0.019526446238160133 0.026035261650880177
0 0.6481925249099731 0.8226112723350525 0.019526446238160133 0.026035261650880177
0 0.6870148777961731 0.3801496922969818 0.019526446238160133 0.026035261650880177
0 0.6922106146812439 0.4437033534049988 0.019526446238160133 0.026035261650880177
0 0.697705090045929 0.5109120607376099 0.019526446238160133 0.026035261650880177
0 0.7035250067710876 0.5821004509925842 0.019526446238160133 0.026035261650880177
0 0.7096999883651733 0.6576327681541443 0.019526446238160133 0.026035261650880177
0 0.7162636518478394 0.7379192113876343 0.019526446238160133 0.026035261650880177
0 0.7232539057731628 0.8234231472015381 0.019526446238160133 0.026035261650880177