0 0.21406859159469604 0.7388633489608765 0.03110845883687337 0.03110845883687337
0 0.3024426996707916 0.737255871295929 0.03110845883687337 0.03110845883687337
0 0.39116033911705017 0.7356421947479248 0.03110845883687337 0.03110845883687337
0 0.48022353649139404 0.7340222001075745 0.03110845883687337 0.03110845883687337
0 0.5696342587471008 0.7323958277702332 0.03110845883687337 0.03110845883687337
0 0.6593946814537048 0.7307631969451904 0.03110845883687337 0.03110845883687337
0 0.7495067119598389 0.7291240692138672 0.03110845883687337 0.03110845883687337
0 0.22534297406673431 0.6490262150764465 0.03110845883687337 0.03110845883687337
0 0.3100571930408478 0.6473186612129211 0.03110845883687337 0.03110845883687337
0 0.39508700370788574 0.6456047892570496 0.03110845883687337 0.03110845883687337
0 0.4804341197013855 0.6438844799995422 0.03110845883687337 0.03110845883687337
0 0.5661004185676575 0.642157793045044 0.03110845883687337 0.03110845883687337
0 0.6520875692367554 0.6404246091842651 0.03110845883687337 0.03110845883687337
0 0.7383974194526672 0.638684868812561 0.03110845883687337 0.03110845883687337
0 0.23571732640266418 0.5663605332374573 0.03110845883687337 0.03110845883687337
0 0.31706276535987854 0.5645737648010254 0.03110845883687337 0.03110845883687337
0 0.3986990749835968 0.5627805590629578 0.03110845883687337 0.03110845883687337
0 0.4806278347969055 0.5609809756278992 0.03110845883687337 0.03110845883687337
0 0.5628505945205688 0.5591748952865601 0.03110845883687337 0.03110845883687337
0 0.6453689932823181 0.5573623180389404 0.03110845883687337 0.03110845883687337
0 0.7281845808029175 0.5555432438850403 0.03110845883687337 0.03110845883687337
0 0.24529531598091125 0.4900406301021576 0.03110845883687337 0.03110845883687337
0 0.3235296308994293 0.4881915748119354 0.03110845883687337 0.03110845883687337
0 0.40203291177749634 0.4863361418247223 0.03110845883687337 0.03110845883687337
0 0.4808065891265869 0.4844743311405182 0.03110845883687337 0.03110845883687337
0 0.5598520636558533 0.48260608315467834 0.03110845883687337 0.03110845883687337
0 0.6391706466674805 0.48073139786720276 0.03110845883687337 0.03110845883687337
0 0.7187638878822327 0.47885018587112427 0.03110845883687337 0.03110845883687337
0 0.2541652321815491 0.4193628132343292 0.03110845883687337 0.03110845883687337
0 0.3295176327228546 0.4174653887748718 0.03110845883687337 0.03110845883687337
0 0.40511950850486755 0.415561705827713 0.03110845883687337 0.03110845883687337
0 0.4809720814228058 0.4136516749858856 0.03110845883687337 0.03110845883687337
0 0.557076632976532 0.41173532605171204 0.03110845883687337 0.03110845883687337
0 0.6334343552589417 0.4098125994205475 0.03110845883687337 0.03110845883687337
0 0.7100465893745422 0.4078834652900696 0.03110845883687337 0.03110845883687337
0 0.26240280270576477 0.3537236750125885 0.03110845883687337 0.03110845883687337
0 0.33507806062698364 0.3517894148826599 0.03110845883687337 0.03110845883687337
0 0.4079853296279907 0.3498489558696747 0.03110845883687337 0.03110845883687337
0 0.48112568259239197 0.3479022979736328 0.03110845883687337 0.03110845883687337
0 0.5545002818107605 0.3459494113922119 0.03110845883687337 0.03110845883687337
0 0.6281102895736694 0.3439902663230896 0.03110845883687337 0.03110845883687337
0 0.7019567489624023 0.3420248031616211 0.03110845883687337 0.03110845883687337
0 0.2700733244419098 0.2926029860973358 0.03110845883687337 0.03110845883687337
0 0.34025514125823975 0.29064133763313293 0.03110845883687337 0.03110845883687337
0 0.4106532633304596 0.28867366909980774 0.03110845883687337 0.03110845883687337
0 0.4812687039375305 0.28669989109039307 0.03110845883687337 0.03110845883687337
0 0.5521024465560913 0.2847200334072113 0.03110845883687337 0.03110845883687337
0 0.6231555342674255 0.2827340364456177 0.03110845883687337 0.03110845883687337
0 0.6944289803504944 0.2807419002056122 0.03110845883687337 0.03110845883687337