0 0.20624729990959167 0.6441140174865723 0.030345747868220013 0.030345747868220013
0 0.29138439893722534 0.6516039371490479 0.030345747868220013 0.030345747868220013
0 0.3777318000793457 0.6592003107070923 0.030345747868220013 0.030345747868220013
0 0.46531549096107483 0.6669054627418518 0.030345747868220013 0.030345747868220013
0 0.5541622042655945 0.6747217178344727 0.030345747868220013 0.030345747868220013
0 0.6442994475364685 0.6826515197753906 0.030345747868220013 0.030345747868220013
0 0.7357556223869324 0.6906973719596863 0.030345747868220013 0.030345747868220013
0 0.22175979614257812 0.5595262050628662 0.030345747868220013 0.030345747868220013
0 0.30483120679855347 0.5662432312965393 0.030345747868220013 0.030345747868220013
0 0.38905319571495056 0.5730533003807068 0.030345747868220013 0.030345747868220013
0 0.47444984316825867 0.5799583196640015 0.030345747868220013 0.030345747868220013
0 0.5610458850860596 0.5869603753089905 0.030345747868220013 0.030345747868220013
0 0.6488668322563171 0.5940614342689514 0.030345747868220013 0.030345747868220013
0 0.7379387617111206 0.6012636423110962 0.030345747868220013 0.030345747868220013
0 0.23650547862052917 0.4791196286678314 0.030345747868220013 0.030345747868220013
0 0.3176088333129883 0.48513031005859375 0.030345747868220013 0.030345747868220013
0 0.3998073935508728 0.4912221133708954 0.030345747868220013 0.030345747868220013
0 0.4831234812736511 0.4973967671394348 0.030345747868220013 0.030345747868220013
0 0.567579984664917 0.5036559104919434 0.030345747868220013 0.030345747868220013
0 0.653200626373291 0.5100013613700867 0.030345747868220013 0.030345747868220013
0 0.7400094866752625 0.5164348483085632 0.030345747868220013 0.030345747868220013
0 0.2505398392677307 0.40259185433387756 0.030345747868220013 0.030345747868220013
0 0.32976606488227844 0.4079557955265045 0.030345747868220013 0.030345747868220013
0 0.41003599762916565 0.4133904278278351 0.030345747868220013 0.030345747868220013
0 0.4913703501224518 0.4188971221446991 0.030345747868220013 0.030345747868220013
0 0.5737904906272888 0.42447730898857117 0.030345747868220013 0.030345747868220013
0 0.6573182940483093 0.43013250827789307 0.030345747868220013 0.030345747868220013
0 0.741976261138916 0.4358642101287842 0.030345747868220013 0.030345747868220013
0 0.2639131546020508 0.3296687602996826 0.030345747868220013 0.030345747868220013
0 0.34134697914123535 0.3344396948814392 0.030345747868220013 0.030345747868220013
0 0.41977658867836 0.33927199244499207 0.030345747868220013 0.030345747868220013
0 0.4992212653160095 0.3441668152809143 0.030345747868220013 0.030345747868220013
0 0.5797008275985718 0.3491254150867462 0.030345747868220013 0.030345747868220013
0 0.6612356901168823 0.3541490435600281 0.030345747868220013 0.030345747868220013
0 0.7438467144966125 0.35923898220062256 0.030345747868220013 0.030345747868220013
0 0.27667102217674255 0.2601014971733093 0.030345747868220013 0.030345747868220013
0 0.35239163041114807 0.26432785391807556 0.030345747868220013 0.030345747868220013
0 0.4290632903575897 0.2686072587966919 0.030345747868220013 0.030345747868220013
0 0.5067040324211121 0.2729407548904419 0.030345747868220013 0.030345747868220013
0 0.5853322744369507 0.27732938528060913 0.030345747868220013 0.030345747868220013
0 0.6649670600891113 0.2817741930484772 0.030345747868220013 0.030345747868220013
0 0.7456278204917908 0.286276251077652 0.030345747868220013 0.030345747868220013
0 0.28885501623153687 0.19366370141506195 0.030345747868220013 0.030345747868220013
0 0.36293643712997437 0.197389155626297 0.030345747868220013 0.030345747868220013
0 0.43792712688446045 0.20116034150123596 0.030345747868220013 0.030345747868220013
0 0.5138438940048218 0.2049781084060669 0.030345747868220013 0.030345747868220013
0 0.590704083442688 0.20884330570697784 0.030345747868220013 0.030345747868220013
0 0.6685252785682678 0.21275682747364044 0.030345747868220013 0.030345747868220013
0 0.7473257184028625 0.2167195975780487 0.030345747868220013 0.030345747868220013