0 0.7285014390945435 0.18010935187339783 0.03549715876579285 0.03549715876579285
0 0.6516737341880798 0.17969027161598206 0.03549715876579285 0.03549715876579285
0 0.5746091604232788 0.1792699098587036 0.03549715876579285 0.03549715876579285
0 0.4973066747188568 0.1788482517004013 0.03549715876579285 0.03549715876579285
0 0.4197651147842407 0.17842528223991394 0.03549715876579285 0.03549715876579285
0 0.3419833779335022 0.17800100147724152 0.03549715876579285 0.03549715876579285
0 0.2639603614807129 0.17757540941238403 0.03549715876579285 0.03549715876579285
0 0.7371669411659241 0.2339465171098709 0.03549715876579285 0.03549715876579285
0 0.6572473049163818 0.23359671235084534 0.03549715876579285 0.03549715876579285
0 0.5770712494850159 0.23324579000473022 0.03549715876579285 0.03549715876579285
0 0.49663764238357544 0.23289373517036438 0.03549715876579285 0.03549715876579285
0 0.4159451723098755 0.2325405478477478 0.03549715876579285 0.03549715876579285
0 0.3349926173686981 0.2321862280368805 0.03549715876579285 0.03549715876579285
0 0.25377869606018066 0.23183076083660126 0.03549715876579285 0.03549715876579285
0 0.7465614080429077 0.292312353849411 0.03549715876579285 0.03549715876579285
0 0.6632904410362244 0.2920452058315277 0.03549715876579285 0.03549715876579285
0 0.5797411203384399 0.29177719354629517 0.03549715876579285 0.03549715876579285
0 0.4959120452404022 0.2915082573890686 0.03549715876579285 0.03549715876579285
0 0.4118017554283142 0.2912384271621704 0.03549715876579285 0.03549715876579285
0 0.3274088501930237 0.2909676730632782 0.03549715876579285 0.03549715876579285
0 0.24273192882537842 0.29069602489471436 0.03549715876579285 0.03549715876579285
0 0.7567808032035828 0.35580337047576904 0.03549715876579285 0.03549715876579285
0 0.6698652505874634 0.3556350767612457 0.03549715876579285 0.03549715876579285
0 0.5826463103294373 0.35546621680259705 0.03549715876579285 0.03549715876579285
0 0.49512240290641785 0.3552967607975006 0.03549715876579285 0.03549715876579285
0 0.4072919487953186 0.3551267087459564 0.03549715876579285 0.03549715876579285
0 0.3191533386707306 0.3549560606479645 0.03549715876579285 0.03549715876579285
0 0.2307049036026001 0.3547848165035248 0.03549715876579285 0.03549715876579285
0 0.7679387331008911 0.4251255989074707 0.03549715876579285 0.03549715876579285
0 0.6770449280738831 0.4250759184360504 0.03549715876579285 0.03549715876579285
0 0.5858192443847656 0.4250260293483734 0.03549715876579285 0.03549715876579285
0 0.4942598342895508 0.4249759912490845 0.03549715876579285 0.03549715876579285
0 0.40236490964889526 0.4249257445335388 0.03549715876579285 0.03549715876579285
0 0.31013262271881104 0.42487531900405884 0.03549715876579285 0.03549715876579285
0 0.21756108105182648 0.42482468485832214 0.03549715876579285 0.03549715876579285
0 0.7801707983016968 0.5011211037635803 0.03549715876579285 0.03549715876579285
0 0.6849170923233032 0.5012142062187195 0.03549715876579285 0.03549715876579285
0 0.5892987847328186 0.5013076066970825 0.03549715876579285 0.03549715876579285
0 0.4933137595653534 0.5014013648033142 0.03549715876579285 0.03549715876579285
0 0.39695993065834045 0.5014955401420593 0.03549715876579285 0.03549715876579285
0 0.30023518204689026 0.5015900731086731 0.03549715876579285 0.03549715876579285
0 0.2031373381614685 0.5016849040985107 0.03549715876579285 0.03549715876579285
0 0.7936399579048157 0.5848021507263184 0.03549715876579285 0.03549715876579285
0 0.6935870051383972 0.585067868232727 0.03549715876579285 0.03549715876579285
0 0.5931316614151001 0.5853347182273865 0.03549715876579285 0.03549715876579285
0 0.49227142333984375 0.5856025815010071 0.03549715876579285 0.03549715876579285
0 0.39100393652915955 0.5858715176582336 0.03549715876579285 0.03549715876579285
0 0.28932666778564453 0.5861415863037109 0.03549715876579285 0.03549715876579285
0 0.18723714351654053 0.5864127278327942 0.03549715876579285 0.03549715876579285