0 0.7620139122009277 0.19192413985729218 0.036859060327212013 0.036859060327212013
0 0.6837620139122009 0.19193920493125916 0.036859060327212013 0.036859060327212013
0 0.6054625511169434 0.19195428490638733 0.036859060327212013 0.036859060327212013
0 0.527115523815155 0.1919693797826767 0.036859060327212013 0.036859060327212013
0 0.4487208425998688 0.19198447465896606 0.036859060327212013 0.036859060327212013
0 0.3702785074710846 0.19199958443641663 0.036859060327212013 0.036859060327212013
0 0.2917884290218353 0.1920146942138672 0.036859060327212013 0.036859060327212013
0 0.7730745077133179 0.24584491550922394 0.036859060327212013 0.036859060327212013
0 0.6914307475090027 0.2458777278661728 0.036859060327212013 0.036859060327212013
0 0.6097353100776672 0.24591055512428284 0.036859060327212013 0.036859060327212013
0 0.5279879570007324 0.24594341218471527 0.036859060327212013 0.036859060327212013
0 0.4461888074874878 0.2459762841463089 0.036859060327212013 0.036859060327212013
0 0.3643377125263214 0.24600918591022491 0.036859060327212013 0.036859060327212013
0 0.2824346721172333 0.24604210257530212 0.036859060327212013 0.036859060327212013
0 0.7851381301879883 0.3046555519104004 0.036859060327212013 0.036859060327212013
0 0.6997952461242676 0.3047093451023102 0.036859060327212013 0.036859060327212013
0 0.6143957376480103 0.30476313829421997 0.036859060327212013 0.036859060327212013
0 0.5289396047592163 0.30481699109077454 0.036859060327212013 0.036859060327212013
0 0.44342681765556335 0.3048709034919739 0.036859060327212013 0.036859060327212013
0 0.3578573167324066 0.3049248158931732 0.036859060327212013 0.036859060327212013
0 0.27223098278045654 0.30497878789901733 0.036859060327212013 0.036859060327212013
0 0.7983477711677551 0.36905279755592346 0.036859060327212013 0.036859060327212013
0 0.7089545130729675 0.369131475687027 0.036859060327212013 0.036859060327212013
0 0.6194992065429688 0.36921021342277527 0.036859060327212013 0.036859060327212013
0 0.5299817323684692 0.36928901076316833 0.036859060327212013 0.036859060327212013
0 0.4404021203517914 0.3693678677082062 0.036859060327212013 0.036859060327212013
0 0.35076022148132324 0.3694467842578888 0.036859060327212013 0.036859060327212013
0 0.26105600595474243 0.3695257306098938 0.036859060327212013 0.036859060327212013
0 0.8128747940063477 0.4398723840713501 0.036859060327212013 0.036859060327212013
0 0.719027578830719 0.43998080492019653 0.036859060327212013 0.036859060327212013
0 0.625111997127533 0.44008928537368774 0.036859060327212013 0.036859060327212013
0 0.5311279296875 0.4401978552341461 0.036859060327212013 0.036859060327212013
0 0.43707531690597534 0.44030651450157166 0.036859060327212013 0.036859060327212013
0 0.3429540693759918 0.44041523337364197 0.036859060327212013 0.036859060327212013
0 0.24876408278942108 0.44052404165267944 0.036859060327212013 0.036859060327212013
0 0.8289266228675842 0.5181254744529724 0.036859060327212013 0.036859060327212013
0 0.7301583886146545 0.5182695984840393 0.036859060327212013 0.036859060327212013
0 0.6313143968582153 0.518413782119751 0.036859060327212013 0.036859060327212013
0 0.5323945879936218 0.518558144569397 0.036859060327212013 0.036859060327212013
0 0.4333987832069397 0.5187025666236877 0.036859060327212013 0.036859060327212013
0 0.33432695269584656 0.5188471674919128 0.036859060327212013 0.036859060327212013
0 0.23517899215221405 0.5189918279647827 0.036859060327212013 0.036859060327212013
0 0.846756637096405 0.6050472855567932 0.036859060327212013 0.036859060327212013
0 0.7425227761268616 0.6052345633506775 0.036859060327212013 0.036859060327212013
0 0.6382044553756714 0.6054220199584961 0.036859060327212013 0.036859060327212013
0 0.5338016748428345 0.6056095957756042 0.036859060327212013 0.036859060327212013
0 0.4293143153190613 0.605797290802002 0.036859060327212013 0.036859060327212013
0 0.32474222779273987 0.605985164642334 0.036859060327212013 0.036859060327212013
0 0.22008530795574188 0.6061732172966003 0.036859060327212013 0.036859060327212013