0 0.7137982249259949 0.23048962652683258 0.03357457866271337 0.03357457866271337
0 0.6399130821228027 0.22998768091201782 0.03357457866271337 0.03357457866271337
0 0.5660362243652344 0.22948578000068665 0.03357457866271337 0.03357457866271337
0 0.4921678304672241 0.22898393869400024 0.03357457866271337 0.03357457866271337
0 0.41830775141716003 0.22848215699195862 0.03357457866271337 0.03357457866271337
0 0.3444560468196869 0.22798043489456177 0.03357457866271337 0.03357457866271337
0 0.2706126868724823 0.2274787575006485 0.03357457866271337 0.03357457866271337
0 0.7245680093765259 0.28259214758872986 0.03357457866271337 0.03357457866271337
0 0.647756040096283 0.2820672392845154 0.03357457866271337 0.03357457866271337
0 0.5709531307220459 0.28154242038726807 0.03357457866271337 0.03357457866271337
0 0.4941592812538147 0.28101763129234314 0.03357457866271337 0.03357457866271337
0 0.41737446188926697 0.280492901802063 0.03357457866271337 0.03357457866271337
0 0.3405987024307251 0.27996826171875 0.03357457866271337 0.03357457866271337
0 0.2638319730758667 0.2794436514377594 0.03357457866271337 0.03357457866271337
0 0.7362260222434998 0.33899202942848206 0.03357457866271337 0.03357457866271337
0 0.6562458872795105 0.33844202756881714 0.03357457866271337 0.03357457866271337
0 0.5762755274772644 0.337892085313797 0.03357457866271337 0.03357457866271337
0 0.49631500244140625 0.337342232465744 0.03357457866271337 0.03357457866271337
0 0.41636425256729126 0.3367924094200134 0.03357457866271337 0.03357457866271337
0 0.3364233076572418 0.33624267578125 0.03357457866271337 0.03357457866271337
0 0.25649216771125793 0.33569300174713135 0.03357457866271337 0.03357457866271337
0 0.7488870024681091 0.4002438187599182 0.03357457866271337 0.03357457866271337
0 0.6654660105705261 0.3996662497520447 0.03357457866271337 0.03357457866271337
0 0.5820557475090027 0.3990887403488159 0.03357457866271337 0.03357457866271337
0 0.49865609407424927 0.3985113203525543 0.03357457866271337 0.03357457866271337
0 0.41526713967323303 0.3979339599609375 0.03357457866271337 0.03357457866271337
0 0.3318888545036316 0.39735665917396545 0.03357457866271337 0.03357457866271337
0 0.24852120876312256 0.39677944779396057 0.03357457866271337 0.03357457866271337
0 0.7626860737800598 0.467001736164093 0.03357457866271337 0.03357457866271337
0 0.6755149364471436 0.46639373898506165 0.03357457866271337 0.03357457866271337
0 0.5883554220199585 0.46578583121299744 0.03357457866271337 0.03357457866271337
0 0.5012075901031494 0.465177983045578 0.03357457866271337 0.03357457866271337
0 0.4140714406967163 0.46457022428512573 0.03357457866271337 0.03357457866271337
0 0.326946884393692 0.4639625549316406 0.03357457866271337 0.03357457866271337
0 0.2398339807987213 0.4633549749851227 0.03357457866271337 0.03357457866271337
0 0.7777839303016663 0.5400431752204895 0.03357457866271337 0.03357457866271337
0 0.6865096092224121 0.5394014716148376 0.03357457866271337 0.03357457866271337
0 0.5952480435371399 0.5387598276138306 0.03357457866271337 0.03357457866271337
0 0.5039992332458496 0.5381182432174683 0.03357457866271337 0.03357457866271337
0 0.41276320815086365 0.5374768376350403 0.03357457866271337 0.03357457866271337
0 0.3215399384498596 0.5368354320526123 0.03357457866271337 0.03357457866271337
0 0.23032943904399872 0.5361942052841187 0.03357457866271337 0.03357457866271337
0 0.794373095035553 0.6202990412712097 0.03357457866271337 0.03357457866271337
0 0.6985902190208435 0.6196197867393494 0.03357457866271337 0.03357457866271337
0 0.6028213500976562 0.6189405918121338 0.03357457866271337 0.03357457866271337
0 0.507066547870636 0.618261456489563 0.03357457866271337 0.03357457866271337
0 0.4113258123397827 0.6175824403762817 0.03357457866271337 0.03357457866271337
0 0.31559914350509644 0.61690354347229 0.03357457866271337 0.03357457866271337
0 0.21988651156425476 0.6162247657775879 0.03357457866271337 0.03357457866271337