0 0.7255980372428894 0.24296581745147705 0.0313610186179479 0.0313610186179479
0 0.645535945892334 0.24278736114501953 0.0313610186179479 0.0313610186179479
0 0.5658627152442932 0.24260976910591125 0.0313610186179479 0.0313610186179479
0 0.48657551407814026 0.24243304133415222 0.0313610186179479 0.0313610186179479
0 0.40767157077789307 0.24225716292858124 0.0313610186179479 0.0313610186179479
0 0.3291480839252472 0.2420821338891983 0.0313610186179479 0.0313610186179479
0 0.25100234150886536 0.24190793931484222 0.0313610186179479 0.0313610186179479
0 0.7296138405799866 0.31971147656440735 0.0313610186179479 0.0313610186179479
0 0.6476675868034363 0.3193376362323761 0.0313610186179479 0.0313610186179479
0 0.566128671169281 0.3189656436443329 0.0313610186179479 0.0313610186179479
0 0.4849940538406372 0.3185954988002777 0.0313610186179479 0.0313610186179479
0 0.40426069498062134 0.31822720170021057 0.0313610186179479 0.0313610186179479
0 0.323925644159317 0.3178606927394867 0.0313610186179479 0.0313610186179479
0 0.24398598074913025 0.31749600172042847 0.0313610186179479 0.0313610186179479
0 0.7338227033615112 0.40014564990997314 0.0313610186179479 0.0313610186179479
0 0.6499015092849731 0.3995576500892639 0.0313610186179479 0.0313610186179479
0 0.5664073824882507 0.39897263050079346 0.0313610186179479 0.0313610186179479
0 0.4833371341228485 0.39839059114456177 0.0313610186179479 0.0313610186179479
0 0.4006875455379486 0.39781150221824646 0.0313610186179479 0.0313610186179479
0 0.31845536828041077 0.39723533391952515 0.0313610186179479 0.0313610186179479
0 0.23663748800754547 0.39666205644607544 0.0313610186179479 0.0313610186179479
0 0.7382388114929199 0.4845408499240875 0.0313610186179479 0.0313610186179479
0 0.6522451043128967 0.48371782898902893 0.0313610186179479 0.0313610186179479
0 0.566699743270874 0.4828990697860718 0.0313610186179479 0.0313610186179479
0 0.4815993010997772 0.48208457231521606 0.0313610186179479 0.0313610186179479
0 0.3969402611255646 0.4812743067741394 0.0313610186179479 0.0313610186179479
0 0.3127191960811615 0.4804682433605194 0.0313610186179479 0.0313610186179479
0 0.228932723402977 0.4796663224697113 0.0313610186179479 0.0313610186179479
0 0.7428778409957886 0.5731970071792603 0.0313610186179479 0.0313610186179479
0 0.6547067165374756 0.5721157193183899 0.0313610186179479 0.0313610186179479
0 0.5670068264007568 0.571040153503418 0.0313610186179479 0.0313610186179479
0 0.4797744154930115 0.5699703693389893 0.0313610186179479 0.0313610186179479
0 0.3930057883262634 0.5689062476158142 0.0313610186179479 0.0313610186179479
0 0.3066972494125366 0.567847728729248 0.0313610186179479 0.0313610186179479
0 0.22084511816501617 0.5667948722839355 0.0313610186179479 0.0313610186179479
0 0.7477571964263916 0.666445255279541 0.0313610186179479 0.0313610186179479
0 0.6572954654693604 0.665079653263092 0.0313610186179479 0.0313610186179479
0 0.5673296451568604 0.6637215614318848 0.0313610186179479 0.0313610186179479
0 0.47785577178001404 0.6623709201812744 0.0313610186179479 0.0313610186179479
0 0.3888697326183319 0.6610276103019714 0.0313610186179479 0.0313610186179479
0 0.3003676235675812 0.6596916317939758 0.0313610186179479 0.0313610186179479
0 0.2123454362154007 0.6583629250526428 0.0313610186179479 0.0313610186179479
0 0.7528960108757019 0.7646517753601074 0.0313610186179479 0.0313610186179479
0 0.6600214838981628 0.762972891330719 0.0313610186179479 0.0313610186179479
0 0.5676695704460144 0.7613034248352051 0.0313610186179479 0.0313610186179479
0 0.4758359491825104 0.7596433758735657 0.0313610186179479 0.0313610186179479
0 0.38451623916625977 0.7579925656318665 0.0313610186179479 0.0313610186179479
0 0.29370611906051636 0.7563509941101074 0.0313610186179479 0.0313610186179479
0 0.2034013420343399 0.7547186017036438 0.0313610186179479 0.0313610186179479