0 0.7318086624145508 0.23581081628799438 0.03418204188346863 0.03418204188346863
0 0.654745876789093 0.2369651347398758 0.03418204188346863 0.03418204188346863
0 0.5780900716781616 0.23811334371566772 0.03418204188346863 0.03418204188346863
0 0.5018380284309387 0.23925551772117615 0.03418204188346863 0.03418204188346863
0 0.42598652839660645 0.24039170145988464 0.03418204188346863 0.03418204188346863
0 0.3505324423313141 0.2415219098329544 0.03418204188346863 0.03418204188346863
0 0.27547264099121094 0.2426462322473526 0.03418204188346863 0.03418204188346863
0 0.7405051589012146 0.29925233125686646 0.03418204188346863 0.03418204188346863
0 0.6604502201080322 0.3002766966819763 0.03418204188346863 0.03418204188346863
0 0.5808342695236206 0.3012954294681549 0.03418204188346863 0.03418204188346863
0 0.5016537308692932 0.302308589220047 0.03418204188346863 0.03418204188346863
0 0.4229050278663635 0.30331623554229736 0.03418204188346863 0.03418204188346863
0 0.3445846140384674 0.3043183982372284 0.03418204188346863 0.03418204188346863
0 0.2666890323162079 0.3053151071071625 0.03418204188346863 0.03418204188346863
0 0.7499004006385803 0.36779144406318665 0.03418204188346863 0.03418204188346863
0 0.6666115522384644 0.3686608374118805 0.03418204188346863 0.03418204188346863
0 0.5837976932525635 0.369525283575058 0.03418204188346863 0.03418204188346863
0 0.501454770565033 0.3703848123550415 0.03418204188346863 0.03418204188346863
0 0.4195787012577057 0.37123945355415344 0.03418204188346863 0.03418204188346863
0 0.33816564083099365 0.3720892667770386 0.03418204188346863 0.03418204188346863
0 0.2572116255760193 0.3729343116283417 0.03418204188346863 0.03418204188346863
0 0.7600821256637573 0.4420682191848755 0.03418204188346863 0.03418204188346863
0 0.6732871532440186 0.4427526593208313 0.03418204188346863 0.03418204188346863
0 0.5870077013969421 0.44343301653862 0.03418204188346863 0.03418204188346863
0 0.5012392401695251 0.44410932064056396 0.03418204188346863 0.03418204188346863
0 0.41597723960876465 0.44478166103363037 0.03418204188346863 0.03418204188346863
0 0.3312172293663025 0.4454500377178192 0.03418204188346863 0.03418204188346863
0 0.2469547837972641 0.4461144804954529 0.03418204188346863 0.03418204188346863
0 0.7711535096168518 0.5228346586227417 0.03418204188346863 0.03418204188346863
0 0.6805441975593567 0.5232978463172913 0.03418204188346863 0.03418204188346863
0 0.5904964208602905 0.5237581133842468 0.03418204188346863 0.03418204188346863
0 0.5010051131248474 0.524215579032898 0.03418204188346863 0.03418204188346863
0 0.41206496953964233 0.5246701836585999 0.03418204188346863 0.03418204188346863
0 0.32367104291915894 0.5251219868659973 0.03418204188346863 0.03418204188346863
0 0.23581823706626892 0.5255710482597351 0.03418204188346863 0.03418204188346863
0 0.7832363843917847 0.6109800934791565 0.03418204188346863 0.03418204188346863
0 0.6884620785713196 0.6111778616905212 0.03418204188346863 0.03418204188346863
0 0.5943018794059753 0.6113743185997009 0.03418204188346863 0.03418204188346863
0 0.5007497668266296 0.6115695834159851 0.03418204188346863 0.03418204188346863
0 0.4077998995780945 0.6117635369300842 0.03418204188346863 0.03418204188346863
0 0.3154464662075043 0.6119562387466431 0.03418204188346863 0.03418204188346863
0 0.22368375957012177 0.6121476888656616 0.03418204188346863 0.03418204188346863
0 0.7964760065078735 0.7075641751289368 0.03418204188346863 0.03418204188346863
0 0.6971354484558105 0.7074425220489502 0.03418204188346863 0.03418204188346863
0 0.5984691381454468 0.7073216438293457 0.03418204188346863 0.03418204188346863
0 0.5004702210426331 0.7072016000747681 0.03418204188346863 0.03418204188346863
0 0.40313199162483215 0.7070823907852173 0.03418204188346863 0.03418204188346863
0 0.30644774436950684 0.7069639563560486 0.03418204188346863 0.03418204188346863
0 0.2104109227657318 0.706846296787262 0.03418204188346863 0.03418204188346863