0 0.6937355399131775 0.15767225623130798 0.022903455886989832 0.03424815833568573
0 0.617737352848053 0.15696465969085693 0.022903455886989832 0.03424815833568573
0 0.5413082838058472 0.15625303983688354 0.022903455886989832 0.03424815833568573
0 0.4644448459148407 0.15553738176822662 0.022903455886989832 0.03424815833568573
0 0.38714319467544556 0.1548176407814026 0.022903455886989832 0.03424815833568573
0 0.30939963459968567 0.15409378707408905 0.022903455886989832 0.03424815833568573
0 0.2312103509902954 0.15336577594280243 0.022903455886989832 0.03424815833568573
0 0.7052611112594604 0.23777882754802704 0.022903455886989832 0.03424815833568573
0 0.6264953017234802 0.23727987706661224 0.022903455886989832 0.03424815833568573
0 0.5472666025161743 0.23677799105644226 0.022903455886989832 0.03424815833568573
0 0.46757081151008606 0.2362731546163559 0.022903455886989832 0.03424815833568573
0 0.38740381598472595 0.23576532304286957 0.022903455886989832 0.03424815833568573
0 0.30676141381263733 0.23525448143482208 0.022903455886989832 0.03424815833568573
0 0.22563937306404114 0.23474061489105225 0.022903455886989832 0.03424815833568573
0 0.7176661491394043 0.32399827241897583 0.022903455886989832 0.03424815833568573
0 0.6359236836433411 0.323742538690567 0.022903455886989832 0.03424815833568573
0 0.5536823272705078 0.32348525524139404 0.022903455886989832 0.03424815833568573
0 0.4709375202655792 0.3232263922691345 0.022903455886989832 0.03424815833568573
0 0.38768455386161804 0.32296591997146606 0.022903455886989832 0.03424815833568573
0 0.3039187490940094 0.32270386815071106 0.022903455886989832 0.03424815833568573
0 0.21963538229465485 0.32244017720222473 0.022903455886989832 0.03424815833568573
0 0.7310553193092346 0.4170580208301544 0.022903455886989832 0.03424815833568573
0 0.6461024284362793 0.41708651185035706 0.022903455886989832 0.03424815833568573
0 0.560610294342041 0.417115181684494 0.022903455886989832 0.03424815833568573
0 0.47457385063171387 0.4171440303325653 0.022903455886989832 0.03424815833568573
0 0.38798782229423523 0.4171730577945709 0.022903455886989832 0.03424815833568573
0 0.30084696412086487 0.41720229387283325 0.022903455886989832 0.03424815833568573
0 0.2131458818912506 0.4172317087650299 0.022903455886989832 0.03424815833568573
0 0.7455506324768066 0.5178056955337524 0.022903455886989832 0.03424815833568573
0 0.6571248173713684 0.5181673169136047 0.022903455886989832 0.03424815833568573
0 0.5681143999099731 0.518531322479248 0.022903455886989832 0.03424815833568573
0 0.47851359844207764 0.5188977122306824 0.022903455886989832 0.03424815833568573
0 0.3883165121078491 0.5192665457725525 0.022903455886989832 0.03424815833568573
0 0.29751715064048767 0.5196378231048584 0.022903455886989832 0.03424815833568573
0 0.20610947906970978 0.5200116038322449 0.022903455886989832 0.03424815833568573
0 0.7612950801849365 0.6272351145744324 0.022903455886989832 0.03424815833568573
0 0.669100284576416 0.6279884576797485 0.022903455886989832 0.03424815833568573
0 0.5762696266174316 0.6287470459938049 0.022903455886989832 0.03424815833568573
0 0.48279640078544617 0.6295108199119568 0.022903455886989832 0.03424815833568573
0 0.38867390155792236 0.6302798986434937 0.022903455886989832 0.03424815833568573
0 0.293895423412323 0.6310543417930603 0.022903455886989832 0.03424815833568573
0 0.19845400750637054 0.6318342089653015 0.022903455886989832 0.03424815833568573
0 0.7784572839736938 0.7465189695358276 0.022903455886989832 0.03424815833568573
0 0.6821581125259399 0.7477348446846008 0.022903455886989832 0.03424815833568573
0 0.5851645469665527 0.7489595413208008 0.022903455886989832 0.03424815833568573
0 0.48746901750564575 0.7501930594444275 0.022903455886989832 0.03424815833568573
0 0.3890639543533325 0.7514355182647705 0.022903455886989832 0.03424815833568573
0 0.28994157910346985 0.7526870965957642 0.022903455886989832 0.03424815833568573
0 0.1900940090417862 0.7539477944374084 0.022903455886989832 0.03424815833568573