0 0.7035126686096191 0.19113515317440033 0.025265749543905258 0.033687666058540344
0 0.6347371935844421 0.19079414010047913 0.025265749543905258 0.033687666058540344
0 0.5661420226097107 0.19045402109622955 0.025265749543905258 0.033687666058540344
0 0.49772652983665466 0.1901147961616516 0.025265749543905258 0.033687666058540344
0 0.4294899106025696 0.1897764503955841 0.025265749543905258 0.033687666058540344
0 0.3614315390586853 0.18943898379802704 0.025265749543905258 0.033687666058540344
0 0.29355067014694214 0.1891024112701416 0.025265749543905258 0.033687666058540344
0 0.7132958173751831 0.2565958499908447 0.025265749543905258 0.033687666058540344
0 0.6411618590354919 0.25614815950393677 0.025265749543905258 0.033687666058540344
0 0.5692262053489685 0.2557016611099243 0.025265749543905258 0.033687666058540344
0 0.4974880814552307 0.25525641441345215 0.025265749543905258 0.033687666058540344
0 0.4259466528892517 0.2548123896121979 0.025265749543905258 0.033687666058540344
0 0.354601114988327 0.2543695569038391 0.025265749543905258 0.033687666058540344
0 0.2834506630897522 0.25392794609069824 0.025265749543905258 0.033687666058540344
0 0.7240806818008423 0.3287593722343445 0.025265749543905258 0.033687666058540344
0 0.6482434272766113 0.3281843662261963 0.025265749543905258 0.033687666058540344
0 0.5726252794265747 0.3276109993457794 0.025265749543905258 0.033687666058540344
0 0.4972253441810608 0.32703930139541626 0.025265749543905258 0.033687666058540344
0 0.4220426678657532 0.3264692425727844 0.025265749543905258 0.033687666058540344
0 0.34707632660865784 0.3259008228778839 0.025265749543905258 0.033687666058540344
0 0.2723253667354584 0.3253340423107147 0.025265749543905258 0.033687666058540344
0 0.7360295057296753 0.408710777759552 0.025265749543905258 0.033687666058540344
0 0.6560880541801453 0.40798285603523254 0.025265749543905258 0.033687666058540344
0 0.5763900279998779 0.4072571396827698 0.025265749543905258 0.033687666058540344
0 0.4969343841075897 0.4065336585044861 0.025265749543905258 0.033687666058540344
0 0.41771993041038513 0.4058123528957367 0.025265749543905258 0.033687666058540344
0 0.3387456238269806 0.4050932228565216 0.025265749543905258 0.033687666058540344
0 0.26001036167144775 0.4043762981891632 0.025265749543905258 0.033687666058540344
0 0.7493413090705872 0.4977826476097107 0.025265749543905258 0.033687666058540344
0 0.6648260951042175 0.49686968326568604 0.025265749543905258 0.033687666058540344
0 0.5805829167366028 0.49595969915390015 0.025265749543905258 0.033687666058540344
0 0.4966103732585907 0.49505263566970825 0.025265749543905258 0.033687666058540344
0 0.4129072427749634 0.49414846301078796 0.025265749543905258 0.033687666058540344
0 0.32947221398353577 0.4932471811771393 0.025265749543905258 0.033687666058540344
0 0.2463039606809616 0.4923487901687622 0.025265749543905258 0.033687666058540344
0 0.7642635703086853 0.597629964351654 0.025265749543905258 0.033687666058540344
0 0.6746194362640381 0.596491277217865 0.025265749543905258 0.033687666058540344
0 0.585281252861023 0.5953564643859863 0.025265749543905258 0.033687666058540344
0 0.49624738097190857 0.5942254662513733 0.025265749543905258 0.033687666058540344
0 0.4075163006782532 0.5930984020233154 0.025265749543905258 0.033687666058540344
0 0.3190864622592926 0.5919750928878784 0.025265749543905258 0.033687666058540344
0 0.2309563159942627 0.590855598449707 0.025265749543905258 0.033687666058540344
0 0.7811072468757629 0.710334062576294 0.025265749543905258 0.033687666058540344
0 0.6856715679168701 0.7089172005653381 0.025265749543905258 0.033687666058540344
0 0.5905823707580566 0.707505464553833 0.025265749543905258 0.033687666058540344
0 0.49583789706230164 0.7060987949371338 0.025265749543905258 0.033687666058540344
0 0.4014362096786499 0.7046972513198853 0.025265749543905258 0.033687666058540344
0 0.3073754608631134 0.7033007740974426 0.025265749543905258 0.033687666058540344
0 0.2136538028717041 0.7019093632698059 0.025265749543905258 0.033687666058540344