0 0.7672325968742371 0.24006418883800507 0.034683664639790855 0.034683664639790855
0 0.6903671026229858 0.23808541893959045 0.034683664639790855 0.034683664639790855
0 0.6111463308334351 0.23604603111743927 0.034683664639790855 0.034683664639790855
0 0.5294604301452637 0.2339431792497635 0.034683664639790855 0.034683664639790855
0 0.44519245624542236 0.23177386820316315 0.034683664639790855 0.034683664639790855
0 0.3582180440425873 0.22953486442565918 0.034683664639790855 0.034683664639790855
0 0.26840469241142273 0.22722278535366058 0.034683664639790855 0.034683664639790855
0 0.7831494212150574 0.3098407983779907 0.034683664639790855 0.034683664639790855
0 0.7042664289474487 0.30888763070106506 0.034683664639790855 0.034683664639790855
0 0.6228941082954407 0.3079043924808502 0.034683664639790855 0.034683664639790855
0 0.5389125943183899 0.3068896234035492 0.034683664639790855 0.034683664639790855
0 0.452194482088089 0.3058418035507202 0.034683664639790855 0.034683664639790855
0 0.36260372400283813 0.30475926399230957 0.034683664639790855 0.034683664639790855
0 0.26999518275260925 0.3036402463912964 0.034683664639790855 0.034683664639790855
0 0.8000174760818481 0.3837871849536896 0.034683664639790855 0.034683664639790855
0 0.7190097570419312 0.3839886486530304 0.034683664639790855 0.034683664639790855
0 0.6353667378425598 0.3841966390609741 0.034683664639790855 0.034683664639790855
0 0.5489576458930969 0.3844115138053894 0.034683664639790855 0.034683664639790855
0 0.45964306592941284 0.3846336305141449 0.034683664639790855 0.034683664639790855
0 0.36727386713027954 0.38486334681510925 0.034683664639790855 0.034683664639790855
0 0.27169063687324524 0.3851010501384735 0.034683664639790855 0.034683664639790855
0 0.8179245591163635 0.46228864789009094 0.034683664639790855 0.034683664639790855
0 0.73467618227005 0.46379220485687256 0.034683664639790855 0.034683664639790855
0 0.6486334800720215 0.46534621715545654 0.034683664639790855 0.034683664639790855
0 0.5596532225608826 0.4669532775878906 0.034683664639790855 0.034683664639790855
0 0.4675823748111725 0.46861618757247925 0.034683664639790855 0.034683664639790855
0 0.37225714325904846 0.470337837934494 0.034683664639790855 0.034683664639790855
0 0.27350181341171265 0.4721214771270752 0.034683664639790855 0.034683664639790855
0 0.8369697332382202 0.5457794666290283 0.034683664639790855 0.034683664639790855
0 0.7513553500175476 0.5487542748451233 0.034683664639790855 0.034683664639790855
0 0.6627725958824158 0.5518322587013245 0.034683664639790855 0.034683664639790855
0 0.5710644721984863 0.5550188422203064 0.034683664639790855 0.034683664639790855
0 0.47606250643730164 0.5583198666572571 0.034683664639790855 0.034683664639790855
0 0.3775860667228699 0.5617415904998779 0.034683664639790855 0.034683664639790855
0 0.2754409611225128 0.5652908086776733 0.034683664639790855 0.034683664639790855
0 0.8572651147842407 0.6347508430480957 0.034683664639790855 0.034683664639790855
0 0.7691486477851868 0.6393917798995972 0.034683664639790855 0.034683664639790855
0 0.6778731942176819 0.644199013710022 0.034683664639790855 0.034683664639790855
0 0.5832658410072327 0.6491817831993103 0.034683664639790855 0.034683664639790855
0 0.48514074087142944 0.6543498635292053 0.034683664639790855 0.034683664639790855
0 0.38329795002937317 0.6597136855125427 0.034683664639790855 0.034683664639790855
0 0.27752214670181274 0.6652846336364746 0.034683664639790855 0.034683664639790855
0 0.8789380192756653 0.7297608256340027 0.034683664639790855 0.034683664639790855
0 0.7881715893745422 0.7362929582595825 0.034683664639790855 0.034683664639790855
0 0.6940367221832275 0.7430675029754639 0.034683664639790855 0.034683664639790855
0 0.5963422656059265 0.7500981688499451 0.034683664639790855 0.034683664639790855
0 0.49488258361816406 0.75739985704422 0.034683664639790855 0.034683664639790855
0 0.3894355893135071 0.7649884819984436 0.034683664639790855 0.034683664639790855
0 0.27976158261299133 0.7728813290596008 0.034683664639790855 0.034683664639790855