0 0.7303168773651123 0.1513633280992508 0.020325390125314393 0.03411254286766052
0 0.6577325463294983 0.15161952376365662 0.020325390125314393 0.03411254286766052
0 0.5853490829467773 0.15187501907348633 0.020325390125314393 0.03411254286766052
0 0.5131657123565674 0.15212979912757874 0.020325390125314393 0.03411254286766052
0 0.44118160009384155 0.15238389372825623 0.020325390125314393 0.03411254286766052
0 0.3693958520889282 0.1526372730731964 0.020325390125314393 0.03411254286766052
0 0.2978077232837677 0.15288995206356049 0.020325390125314393 0.03411254286766052
0 0.7388737797737122 0.2313414216041565 0.020325390125314393 0.03411254286766052
0 0.6633989810943604 0.2314925491809845 0.020325390125314393 0.03411254286766052
0 0.5881413817405701 0.23164324462413788 0.020325390125314393 0.03411254286766052
0 0.5130999684333801 0.23179350793361664 0.020325390125314393 0.03411254286766052
0 0.4382738769054413 0.23194333910942078 0.020325390125314393 0.03411254286766052
0 0.36366215348243713 0.2320927530527115 0.020325390125314393 0.03411254286766052
0 0.28926387429237366 0.23224171996116638 0.020325390125314393 0.03411254286766052
0 0.748138427734375 0.31793394684791565 0.020325390125314393 0.03411254286766052
0 0.6695334315299988 0.3179614245891571 0.020325390125314393 0.03411254286766052
0 0.5911639332771301 0.3179888129234314 0.020325390125314393 0.03411254286766052
0 0.5130288004875183 0.3180161118507385 0.020325390125314393 0.03411254286766052
0 0.4351271092891693 0.3180433213710785 0.020325390125314393 0.03411254286766052
0 0.3574577569961548 0.3180704712867737 0.020325390125314393 0.03411254286766052
0 0.28001973032951355 0.3180975317955017 0.020325390125314393 0.03411254286766052
0 0.7582023739814758 0.41199690103530884 0.020325390125314393 0.03411254286766052
0 0.676196277141571 0.411878377199173 0.020325390125314393 0.03411254286766052
0 0.5944463610649109 0.4117601811885834 0.020325390125314393 0.03411254286766052
0 0.5129515528678894 0.4116423726081848 0.020325390125314393 0.03411254286766052
0 0.4317106008529663 0.4115249514579773 0.020325390125314393 0.03411254286766052
0 0.3507223129272461 0.41140785813331604 0.020325390125314393 0.03411254286766052
0 0.26998552680015564 0.4112911522388458 0.020325390125314393 0.03411254286766052
0 0.7691736817359924 0.5145405530929565 0.020325390125314393 0.03411254286766052
0 0.6834588050842285 0.5142490267753601 0.020325390125314393 0.03411254286766052
0 0.5980238318443298 0.5139583945274353 0.020325390125314393 0.03411254286766052
0 0.5128673315048218 0.5136687159538269 0.020325390125314393 0.03411254286766052
0 0.4279880225658417 0.5133799910545349 0.020325390125314393 0.03411254286766052
0 0.3433845043182373 0.5130922198295593 0.020325390125314393 0.03411254286766052
0 0.25905540585517883 0.5128053426742554 0.020325390125314393 0.03411254286766052
0 0.7811807990074158 0.62676602602005 0.020325390125314393 0.03411254286766052
0 0.6914058923721313 0.6262685656547546 0.020325390125314393 0.03411254286766052
0 0.6019378900527954 0.6257727742195129 0.020325390125314393 0.03411254286766052
0 0.5127752423286438 0.6252787113189697 0.020325390125314393 0.03411254286766052
0 0.42391639947891235 0.6247862577438354 0.020325390125314393 0.03411254286766052
0 0.3353597819805145 0.6242955327033997 0.020325390125314393 0.03411254286766052
0 0.24710385501384735 0.6238064765930176 0.020325390125314393 0.03411254286766052
0 0.7943778038024902 0.7501123547554016 0.020325390125314393 0.03411254286766052
0 0.700139045715332 0.7493686079978943 0.020325390125314393 0.03411254286766052
0 0.6062384247779846 0.7486275434494019 0.020325390125314393 0.03411254286766052
0 0.5126740336418152 0.7478891611099243 0.020325390125314393 0.03411254286766052
0 0.41944414377212524 0.7471533417701721 0.020325390125314393 0.03411254286766052
0 0.32654693722724915 0.7464202046394348 0.020325390125314393 0.03411254286766052
0 0.23398062586784363 0.7456896901130676 0.020325390125314393 0.03411254286766052