0 0.29624143242836 0.19017234444618225 0.01888256287202239 0.03356900066137314
0 0.2903612554073334 0.27136221528053284 0.01888256287202239 0.03356900066137314
0 0.28404536843299866 0.35856810212135315 0.01888256287202239 0.03356900066137314
0 0.2772434949874878 0.4524843394756317 0.01888256287202239 0.03356900066137314
0 0.2698972821235657 0.5539165139198303 0.01888256287202239 0.03356900066137314
0 0.2619386315345764 0.6638044118881226 0.01888256287202239 0.03356900066137314
0 0.2532877027988434 0.7832514047622681 0.01888256287202239 0.03356900066137314
0 0.35727402567863464 0.19107644259929657 0.01888256287202239 0.03356900066137314
0 0.3535848557949066 0.2720661759376526 0.01888256287202239 0.03356900066137314
0 0.3496231138706207 0.3590392768383026 0.01888256287202239 0.03356900066137314
0 0.3453575074672699 0.452684223651886 0.01888256287202239 0.03356900066137314
0 0.340751588344574 0.5537993311882019 0.01888256287202239 0.03356900066137314
0 0.33576300740242004 0.6633156538009644 0.01888256287202239 0.03356900066137314
0 0.33034196496009827 0.7823255658149719 0.01888256287202239 0.03356900066137314
0 0.4179702401161194 0.19197554886341095 0.01888256287202239 0.03356900066137314
0 0.41644760966300964 0.27276611328125 0.01888256287202239 0.03356900066137314
0 0.414812833070755 0.35950767993927 0.01888256287202239 0.03356900066137314
0 0.413053035736084 0.4528828561306 0.01888256287202239 0.03356900066137314
0 0.41115328669548035 0.5536829233169556 0.01888256287202239 0.03356900066137314
0 0.40909624099731445 0.6628301739692688 0.01888256287202239 0.03356900066137314
0 0.40686148405075073 0.7814061641693115 0.01888256287202239 0.03356900066137314
0 0.47833287715911865 0.19286972284317017 0.01888256287202239 0.03356900066137314
0 0.47895264625549316 0.27346208691596985 0.01888256287202239 0.03356900066137314
0 0.4796179533004761 0.35997331142425537 0.01888256287202239 0.03356900066137314
0 0.48033395409584045 0.45308029651641846 0.01888256287202239 0.03356900066137314
0 0.4811067283153534 0.5535672903060913 0.01888256287202239 0.03356900066137314
0 0.481943279504776 0.6623479127883911 0.01888256287202239 0.03356900066137314
0 0.4828518331050873 0.7804930806159973 0.01888256287202239 0.03356900066137314
0 0.5383646488189697 0.1937589943408966 0.01888256287202239 0.03356900066137314
0 0.541102945804596 0.27415406703948975 0.01888256287202239 0.03356900066137314
0 0.5440418124198914 0.36043620109558105 0.01888256287202239 0.03356900066137314
0 0.5472040772438049 0.45327651500701904 0.01888256287202239 0.03356900066137314
0 0.5506161451339722 0.5534523725509644 0.01888256287202239 0.03356900066137314
0 0.5543088912963867 0.6618688106536865 0.01888256287202239 0.03356900066137314
0 0.5583184361457825 0.7795863151550293 0.01888256287202239 0.03356900066137314
0 0.5980682373046875 0.19464339315891266 0.01888256287202239 0.03356900066137314
0 0.6029016375541687 0.27484217286109924 0.01888256287202239 0.03356900066137314
0 0.6080878376960754 0.36089637875556946 0.01888256287202239 0.03356900066137314
0 0.6136670708656311 0.4534715414047241 0.01888256287202239 0.03356900066137314
0 0.619685709476471 0.5533381104469299 0.01888256287202239 0.03356900066137314
0 0.626197874546051 0.661392867565155 0.01888256287202239 0.03356900066137314
0 0.6332667469978333 0.7786858081817627 0.01888256287202239 0.03356900066137314
0 0.6574464440345764 0.1955229938030243 0.01888256287202239 0.03356900066137314
0 0.6643515229225159 0.27552637457847595 0.01888256287202239 0.03356900066137314
0 0.671759307384491 0.3613538444042206 0.01888256287202239 0.03356900066137314
0 0.6797267198562622 0.4536654055118561 0.01888256287202239 0.03356900066137314
0 0.6883196830749512 0.5532246232032776 0.01888256287202239 0.03356900066137314
0 0.6976149082183838 0.6609200239181519 0.01888256287202239 0.03356900066137314
0 0.707702100276947 0.777791440486908 0.01888256287202239 0.03356900066137314