0 0.7004244327545166 0.3224884271621704 0.031024078528086346 0.031024078528086346
0 0.6332327127456665 0.32304003834724426 0.031024078528086346 0.031024078528086346
0 0.5659486055374146 0.3235923945903778 0.031024078528086346 0.031024078528086346
0 0.4985719919204712 0.32414552569389343 0.031024078528086346 0.031024078528086346
0 0.43110260367393494 0.32469943165779114 0.031024078528086346 0.031024078528086346
0 0.36354029178619385 0.32525408267974854 0.031024078528086346 0.031024078528086346
0 0.2958848476409912 0.325809508562088 0.031024078528086346 0.031024078528086346
0 0.7096279859542847 0.3771561086177826 0.031024078528086346 0.031024078528086346
0 0.6396932005882263 0.3777693808078766 0.031024078528086346 0.031024078528086346
0 0.5696583390235901 0.3783835172653198 0.031024078528086346 0.031024078528086346
0 0.49952322244644165 0.3789985477924347 0.031024078528086346 0.031024078528086346
0 0.4292875826358795 0.3796144723892212 0.031024078528086346 0.031024078528086346
0 0.358951210975647 0.38023126125335693 0.031024078528086346 0.031024078528086346
0 0.2885138988494873 0.3808489441871643 0.031024078528086346 0.031024078528086346
0 0.7196164131164551 0.43648549914360046 0.031024078528086346 0.031024078528086346
0 0.6467050909996033 0.4371691644191742 0.031024078528086346 0.031024078528086346
0 0.5736849308013916 0.4378538429737091 0.031024078528086346 0.031024078528086346
0 0.5005557537078857 0.4385395646095276 0.031024078528086346 0.031024078528086346
0 0.4273172914981842 0.43922629952430725 0.031024078528086346 0.031024078528086346
0 0.3539693355560303 0.4399140477180481 0.031024078528086346 0.031024078528086346
0 0.28051161766052246 0.4406028389930725 0.031024078528086346 0.031024078528086346
0 0.730494499206543 0.5010994672775269 0.031024078528086346 0.031024078528086346
0 0.6543419361114502 0.5018638968467712 0.031024078528086346 0.031024078528086346
0 0.5780707001686096 0.5026295185089111 0.031024078528086346 0.031024078528086346
0 0.5016804337501526 0.5033963918685913 0.031024078528086346 0.031024078528086346
0 0.42517098784446716 0.5041643977165222 0.031024078528086346 0.031024078528086346
0 0.3485419750213623 0.5049336552619934 0.031024078528086346 0.031024078528086346
0 0.2717931866645813 0.5057041049003601 0.031024078528086346 0.031024078528086346
0 0.7423866987228394 0.5717369318008423 0.031024078528086346 0.031024078528086346
0 0.6626913547515869 0.5725945830345154 0.031024078528086346 0.031024078528086346
0 0.5828659534454346 0.5734536647796631 0.031024078528086346 0.031024078528086346
0 0.5029102563858032 0.5743141770362854 0.031024078528086346 0.031024078528086346
0 0.4228239357471466 0.5751760601997375 0.031024078528086346 0.031024078528086346
0 0.3426066040992737 0.5760393142700195 0.031024078528086346 0.031024078528086346
0 0.26225802302360535 0.5769040584564209 0.031024078528086346 0.031024078528086346
0 0.7554417252540588 0.6492813229560852 0.031024078528086346 0.031024078528086346
0 0.6718578338623047 0.6502472758293152 0.031024078528086346 0.031024078528086346
0 0.5881309509277344 0.6512148976325989 0.031024078528086346 0.031024078528086346
0 0.5042606592178345 0.6521841287612915 0.031024078528086346 0.031024078528086346
0 0.42024660110473633 0.6531550288200378 0.031024078528086346 0.031024078528086346
0 0.3360883891582489 0.6541275978088379 0.031024078528086346 0.031024078528086346
0 0.2517856955528259 0.6551018953323364 0.031024078528086346 0.031024078528086346
0 0.7698388695716858 0.7347978949546814 0.031024078528086346 0.031024078528086346
0 0.681967556476593 0.7358903884887695 0.031024078528086346 0.031024078528086346
0 0.5939381718635559 0.7369848489761353 0.031024078528086346 0.031024078528086346
0 0.5057502388954163 0.7380813360214233 0.031024078528086346 0.031024078528086346
0 0.41740334033966064 0.7391797304153442 0.031024078528086346 0.031024078528086346
0 0.32889702916145325 0.7402801513671875 0.031024078528086346 0.031024078528086346
0 0.24023088812828064 0.7413825392723083 0.031024078528086346 0.031024078528086346