0 0.6988749504089355 0.18377992510795593 0.024940822273492813 0.03325442969799042
0 0.6309955716133118 0.1863177865743637 0.024940822273492813 0.03325442969799042
0 0.5633269548416138 0.18884778022766113 0.024940822273492813 0.03325442969799042
0 0.49586817622184753 0.1913699358701706 0.024940822273492813 0.03325442969799042
0 0.42861825227737427 0.19388426840305328 0.024940822273492813 0.03325442969799042
0 0.36157625913619995 0.19639082252979279 0.024940822273492813 0.03325442969799042
0 0.2947411835193634 0.19888965785503387 0.024940822273492813 0.03325442969799042
0 0.7092219591140747 0.2490968555212021 0.024940822273492813 0.03325442969799042
0 0.6380144953727722 0.25165197253227234 0.024940822273492813 0.03325442969799042
0 0.5670389533042908 0.2541987895965576 0.024940822273492813 0.03325442969799042
0 0.4962942600250244 0.25673729181289673 0.024940822273492813 0.03325442969799042
0 0.42577919363975525 0.2592675983905792 0.024940822273492813 0.03325442969799042
0 0.3554927110671997 0.2617896795272827 0.024940822273492813 0.03325442969799042
0 0.28543365001678467 0.264303594827652 0.024940822273492813 0.03325442969799042
0 0.7206319570541382 0.3211243450641632 0.024940822273492813 0.03325442969799042
0 0.6457533240318298 0.32368698716163635 0.024940822273492813 0.03325442969799042
0 0.5711311101913452 0.3262408673763275 0.024940822273492813 0.03325442969799042
0 0.4967638850212097 0.3287859857082367 0.024940822273492813 0.03325442969799042
0 0.42265045642852783 0.33132246136665344 0.024940822273492813 0.03325442969799042
0 0.3487894535064697 0.33385026454925537 0.024940822273492813 0.03325442969799042
0 0.2751796543598175 0.33636948466300964 0.024940822273492813 0.03325442969799042
0 0.7332776188850403 0.40095254778862 0.024940822273492813 0.03325442969799042
0 0.6543287634849548 0.4035094082355499 0.024940822273492813 0.03325442969799042
0 0.575664758682251 0.40605705976486206 0.024940822273492813 0.03325442969799042
0 0.4972841143608093 0.4085955321788788 0.024940822273492813 0.03325442969799042
0 0.4191852807998657 0.4111248552799225 0.024940822273492813 0.03325442969799042
0 0.3413667678833008 0.4136451184749603 0.024940822273492813 0.03325442969799042
0 0.26382705569267273 0.4161563515663147 0.024940822273492813 0.03325442969799042
0 0.7473713159561157 0.4899212718009949 0.024940822273492813 0.03325442969799042
0 0.6638842225074768 0.4924542307853699 0.024940822273492813 0.03325442969799042
0 0.5807155966758728 0.49497756361961365 0.024940822273492813 0.03325442969799042
0 0.4978635609149933 0.4974912703037262 0.024940822273492813 0.03325442969799042
0 0.41532638669013977 0.4999954104423523 0.024940822273492813 0.03325442969799042
0 0.3331022262573242 0.5024900436401367 0.024940822273492813 0.03325442969799042
0 0.25118929147720337 0.5049752593040466 0.024940822273492813 0.03325442969799042
0 0.7631767392158508 0.5896957516670227 0.024940822273492813 0.03325442969799042
0 0.6745979189872742 0.5921800136566162 0.024940822273492813 0.03325442969799042
0 0.5863773822784424 0.5946542620658875 0.024940822273492813 0.03325442969799042
0 0.49851298332214355 0.5971184968948364 0.024940822273492813 0.03325442969799042
0 0.4110025465488434 0.5995728373527527 0.024940822273492813 0.03325442969799042
0 0.32384395599365234 0.6020172834396362 0.024940822273492813 0.03325442969799042
0 0.2370351105928421 0.6044518947601318 0.024940822273492813 0.03325442969799042
0 0.7810259461402893 0.7023718953132629 0.024940822273492813 0.03325442969799042
0 0.6866939663887024 0.7047733664512634 0.024940822273492813 0.03325442969799042
0 0.592768132686615 0.7071645259857178 0.024940822273492813 0.03325442969799042
0 0.499245822429657 0.709545373916626 0.024940822273492813 0.03325442969799042
0 0.40612441301345825 0.7119160294532776 0.024940822273492813 0.03325442969799042
0 0.31340137124061584 0.7142765522003174 0.024940822273492813 0.03325442969799042
0 0.22107410430908203 0.7166269421577454 0.024940822273492813 0.03325442969799042