0 0.6744839549064636 0.2053428590297699 0.025299219414591793 0.033732292552789055
0 0.6067208051681519 0.2099960297346115 0.025299219414591793 0.033732292552789055
0 0.5391643047332764 0.21463501453399658 0.025299219414591793 0.033732292552789055
0 0.4718134105205536 0.21925987303256989 0.025299219414591793 0.033732292552789055
0 0.4046672582626343 0.2238706797361374 0.025299219414591793 0.033732292552789055
0 0.3377249240875244 0.22846749424934387 0.025299219414591793 0.033732292552789055
0 0.2709854543209076 0.2330503761768341 0.025299219414591793 0.033732292552789055
0 0.6858019232749939 0.2681899964809418 0.025299219414591793 0.033732292552789055
0 0.6146115660667419 0.27297648787498474 0.025299219414591793 0.033732292552789055
0 0.5436491966247559 0.27774763107299805 0.025299219414591793 0.033732292552789055
0 0.4729137122631073 0.28250354528427124 0.025299219414591793 0.033732292552789055
0 0.40240398049354553 0.2872442603111267 0.025299219414591793 0.033732292552789055
0 0.332118958234787 0.2919698655605316 0.025299219414591793 0.033732292552789055
0 0.2620575726032257 0.2966804504394531 0.025299219414591793 0.033732292552789055
0 0.6983210444450378 0.3377068340778351 0.025299219414591793 0.033732292552789055
0 0.6233383417129517 0.34262949228286743 0.025299219414591793 0.033732292552789055
0 0.5486084818840027 0.34753552079200745 0.025299219414591793 0.033732292552789055
0 0.47413015365600586 0.35242506861686707 0.025299219414591793 0.033732292552789055
0 0.3999021053314209 0.3572981655597687 0.025299219414591793 0.033732292552789055
0 0.32592302560806274 0.36215493083000183 0.025299219414591793 0.033732292552789055
0 0.2521917223930359 0.3669954240322113 0.025299219414591793 0.033732292552789055
0 0.7122431397438049 0.4150145947933197 0.025299219414591793 0.033732292552789055
0 0.6330413818359375 0.4200747311115265 0.025299219414591793 0.033732292552789055
0 0.5541216135025024 0.4251168966293335 0.025299219414591793 0.033732292552789055
0 0.4754822254180908 0.4301411211490631 0.025299219414591793 0.033732292552789055
0 0.3971218168735504 0.4351475238800049 0.025299219414591793 0.033732292552789055
0 0.31903886795043945 0.440136194229126 0.025299219414591793 0.033732292552789055
0 0.24123191833496094 0.44510725140571594 0.025299219414591793 0.033732292552789055
0 0.7278181910514832 0.5015007257461548 0.025299219414591793 0.033732292552789055
0 0.6438942551612854 0.5066973567008972 0.025299219414591793 0.033732292552789055
0 0.5602867603302002 0.5118743777275085 0.025299219414591793 0.033732292552789055
0 0.4769939184188843 0.5170319676399231 0.025299219414591793 0.033732292552789055
0 0.3940139412879944 0.5221701264381409 0.025299219414591793 0.033732292552789055
0 0.31134504079818726 0.5272890329360962 0.025299219414591793 0.033732292552789055
0 0.2289855033159256 0.5323888063430786 0.025299219414591793 0.033732292552789055
0 0.7453590631484985 0.5989030003547668 0.025299219414591793 0.033732292552789055
0 0.6561142206192017 0.6042313575744629 0.025299219414591793 0.033732292552789055
0 0.5672270059585571 0.6095383763313293 0.025299219414591793 0.033732292552789055
0 0.478695273399353 0.6148241758346558 0.025299219414591793 0.033732292552789055
0 0.39051690697669983 0.6200888752937317 0.025299219414591793 0.033732292552789055
0 0.302689790725708 0.6253325939178467 0.025299219414591793 0.033732292552789055
0 0.21521180868148804 0.6305554509162903 0.025299219414591793 0.033732292552789055
0 0.765263020992279 0.7094272375106812 0.025299219414591793 0.033732292552789055
0 0.6699768900871277 0.7148769497871399 0.025299219414591793 0.033732292552789055
0 0.5750982165336609 0.7203033566474915 0.025299219414591793 0.033732292552789055
0 0.48062434792518616 0.7257066369056702 0.025299219414591793 0.033732292552789055
0 0.3865527808666229 0.7310868501663208 0.025299219414591793 0.033732292552789055
0 0.2928808629512787 0.7364442348480225 0.025299219414591793 0.033732292552789055
0 0.19960613548755646 0.7417789101600647 0.025299219414591793 0.033732292552789055