0 0.7038358449935913 0.1859802007675171 0.02479800581932068 0.03306400775909424
0 0.6369851231575012 0.187276229262352 0.02479800581932068 0.03306400775909424
0 0.5701599717140198 0.1885717660188675 0.02479800581932068 0.03306400775909424
0 0.5033603310585022 0.1898668110370636 0.02479800581932068 0.03306400775909424
0 0.4365861713886261 0.1911613643169403 0.02479800581932068 0.03306400775909424
0 0.3698374927043915 0.19245542585849762 0.02479800581932068 0.03306400775909424
0 0.30311429500579834 0.19374898076057434 0.02479800581932068 0.03306400775909424
0 0.715080976486206 0.24854730069637299 0.02479800581932068 0.03306400775909424
0 0.6449554562568665 0.24989424645900726 0.02479800581932068 0.03306400775909424
0 0.5748580098152161 0.25124067068099976 0.02479800581932068 0.03306400775909424
0 0.5047886371612549 0.2525865435600281 0.02479800581932068 0.03306400775909424
0 0.4347473382949829 0.25393185019493103 0.02479800581932068 0.03306400775909424
0 0.36473405361175537 0.2552766501903534 0.02479800581932068 0.03306400775909424
0 0.29474881291389465 0.2566209137439728 0.02479800581932068 0.03306400775909424
0 0.7274840474128723 0.31755685806274414 0.02479800581932068 0.03306400775909424
0 0.6537463068962097 0.3189586102962494 0.02479800581932068 0.03306400775909424
0 0.5800396203994751 0.3203597664833069 0.02479800581932068 0.03306400775909424
0 0.5063639879226685 0.3217603266239166 0.02479800581932068 0.03306400775909424
0 0.432719349861145 0.3231602907180786 0.02479800581932068 0.03306400775909424
0 0.3591057062149048 0.32455968856811523 0.02479800581932068 0.03306400775909424
0 0.28552302718162537 0.3259584903717041 0.02479800581932068 0.03306400775909424
0 0.7412335276603699 0.39405789971351624 0.02479800581932068 0.03306400775909424
0 0.6634912490844727 0.3955187499523163 0.02479800581932068 0.03306400775909424
0 0.5857834815979004 0.3969789147377014 0.02479800581932068 0.03306400775909424
0 0.5081101655960083 0.3984384536743164 0.02479800581932068 0.03306400775909424
0 0.43047136068344116 0.39989733695983887 0.02479800581932068 0.03306400775909424
0 0.3528670072555542 0.4013555645942688 0.02479800581932068 0.03306400775909424
0 0.27529704570770264 0.4028131663799286 0.02479800581932068 0.03306400775909424
0 0.7565613389015198 0.4793403744697571 0.02479800581932068 0.03306400775909424
0 0.6743545532226562 0.4808650016784668 0.02479800581932068 0.03306400775909424
0 0.5921863317489624 0.4823889136314392 0.02479800581932068 0.03306400775909424
0 0.5100566744804382 0.4839121401309967 0.02479800581932068 0.03306400775909424
0 0.42796558141708374 0.4854346215724945 0.02479800581932068 0.03306400775909424
0 0.34591299295425415 0.486956387758255 0.02479800581932068 0.03306400775909424
0 0.26389890909194946 0.4884774386882782 0.02479800581932068 0.03306400775909424
0 0.773755669593811 0.5750083327293396 0.02479800581932068 0.03306400775909424
0 0.6865403652191162 0.5766019225120544 0.02479800581932068 0.03306400775909424
0 0.5993685126304626 0.5781947374343872 0.02479800581932068 0.03306400775909424
0 0.5122400522232056 0.5797867774963379 0.02479800581932068 0.03306400775909424
0 0.42515498399734497 0.5813780426979065 0.02479800581932068 0.03306400775909424
0 0.3381132483482361 0.5829684734344482 0.02479800581932068 0.03306400775909424
0 0.25111478567123413 0.5845581293106079 0.02479800581932068 0.03306400775909424
0 0.7931796908378601 0.6830818057060242 0.02479800581932068 0.03306400775909424
0 0.7003059983253479 0.6847500801086426 0.02479800581932068 0.03306400775909424
0 0.6074815392494202 0.6864174604415894 0.02479800581932068 0.03306400775909424
0 0.5147063732147217 0.6880839467048645 0.02479800581932068 0.03306400775909424
0 0.4219802916049957 0.689749538898468 0.02479800581932068 0.03306400775909424
0 0.3293033838272095 0.6914142370223999 0.02479800581932068 0.03306400775909424
0 0.23667556047439575 0.6930780410766602 0.02479800581932068 0.03306400775909424