0 0.3089107573032379 0.37604820728302 0.019435519352555275 0.025914025803407032
0 0.3034726083278656 0.43937429785728455 0.019435519352555275 0.025914025803407032
0 0.2977180778980255 0.5063842535018921 0.019435519352555275 0.025914025803407032
0 0.2916187644004822 0.5774091482162476 0.019435519352555275 0.025914025803407032
0 0.285142719745636 0.6528210043907166 0.019435519352555275 0.025914025803407032
0 0.2782539427280426 0.7330392003059387 0.019435519352555275 0.025914025803407032
0 0.27091163396835327 0.8185383677482605 0.019435519352555275 0.025914025803407032
0 0.372024267911911 0.3767370581626892 0.019435519352555275 0.025914025803407032
0 0.36837345361709595 0.44002240896224976 0.019435519352555275 0.025914025803407032
0 0.3645104467868805 0.506985604763031 0.019435519352555275 0.025914025803407032
0 0.3604162335395813 0.5779569745063782 0.019435519352555275 0.025914025803407032
0 0.3560693860054016 0.6533073782920837 0.019435519352555275 0.025914025803407032
0 0.3514457941055298 0.7334551215171814 0.019435519352555275 0.025914025803407032
0 0.3465181589126587 0.8188732862472534 0.019435519352555275 0.025914025803407032
0 0.43502119183540344 0.3774246573448181 0.019435519352555275 0.025914025803407032
0 0.4331510066986084 0.4406692683696747 0.019435519352555275 0.025914025803407032
0 0.431172251701355 0.5075858235359192 0.019435519352555275 0.025914025803407032
0 0.4290751814842224 0.5785036683082581 0.019435519352555275 0.025914025803407032
0 0.4268488585948944 0.6537927985191345 0.019435519352555275 0.025914025803407032
0 0.42448094487190247 0.7338700890541077 0.019435519352555275 0.025914025803407032
0 0.42195746302604675 0.8192074298858643 0.019435519352555275 0.025914025803407032
0 0.4979017972946167 0.37811097502708435 0.019435519352555275 0.025914025803407032
0 0.4978056252002716 0.4413149356842041 0.019435519352555275 0.025914025803407032
0 0.49770388007164 0.5081848502159119 0.019435519352555275 0.025914025803407032
0 0.49759605526924133 0.579049289226532 0.019435519352555275 0.025914025803407032
0 0.4974815845489502 0.6542771458625793 0.019435519352555275 0.025914025803407032
0 0.49735984206199646 0.7342842221260071 0.019435519352555275 0.025914025803407032
0 0.4972301125526428 0.8195408582687378 0.019435519352555275 0.025914025803407032
0 0.5606665015220642 0.3787960410118103 0.019435519352555275 0.025914025803407032
0 0.5623376965522766 0.44195935130119324 0.019435519352555275 0.025914025803407032
0 0.5641056895256042 0.5087827444076538 0.019435519352555275 0.025914025803407032
0 0.5659792423248291 0.5795938372612 0.019435519352555275 0.025914025803407032
0 0.5679680109024048 0.654760479927063 0.019435519352555275 0.025914025803407032
0 0.5700830221176147 0.7346974015235901 0.019435519352555275 0.025914025803407032
0 0.5723366737365723 0.819873571395874 0.019435519352555275 0.025914025803407032
0 0.6233155131340027 0.3794798254966736 0.019435519352555275 0.025914025803407032
0 0.6267474889755249 0.44260257482528687 0.019435519352555275 0.025914025803407032
0 0.6303781270980835 0.5093794465065002 0.019435519352555275 0.025914025803407032
0 0.6342251896858215 0.5801372528076172 0.019435519352555275 0.025914025803407032
0 0.6383086442947388 0.6552428603172302 0.019435519352555275 0.025914025803407032
0 0.6426510214805603 0.7351097464561462 0.019435519352555275 0.025914025803407032
0 0.6472776532173157 0.8202055096626282 0.019435519352555275 0.025914025803407032
0 0.6858491897583008 0.38016238808631897 0.019435519352555275 0.025914025803407032
0 0.6910353302955627 0.4432445466518402 0.019435519352555275 0.025914025803407032
0 0.6965214610099792 0.5099749565124512 0.019435519352555275 0.025914025803407032
0 0.7023342847824097 0.5806795358657837 0.019435519352555275 0.025914025803407032
0 0.7085039019584656 0.6557242274284363 0.019435519352555275 0.025914025803407032
0 0.7150642275810242 0.7355211973190308 0.019435519352555275 0.025914025803407032
0 0.722053587436676 0.820536732673645 0.019435519352555275 0.025914025803407032