0 0.7012422680854797 0.186994269490242 0.02452140860259533 0.032695211470127106
0 0.6358481645584106 0.18784701824188232 0.02452140860259533 0.032695211470127106
0 0.5702823996543884 0.18870200216770172 0.02452140860259533 0.032695211470127106
0 0.5045442581176758 0.1895592361688614 0.02452140860259533 0.032695211470127106
0 0.43863311409950256 0.19041873514652252 0.02452140860259533 0.032695211470127106
0 0.3725482225418091 0.19128049910068512 0.02452140860259533 0.032695211470127106
0 0.3062889277935028 0.19214452803134918 0.02452140860259533 0.032695211470127106
0 0.7128524780273438 0.24905559420585632 0.02452140860259533 0.032695211470127106
0 0.6442590355873108 0.2500356435775757 0.02452140860259533 0.032695211470127106
0 0.5754766464233398 0.25101837515830994 0.02452140860259533 0.032695211470127106
0 0.5065045952796936 0.25200381875038147 0.02452140860259533 0.032695211470127106
0 0.43734195828437805 0.25299200415611267 0.02452140860259533 0.032695211470127106
0 0.3679880201816559 0.25398290157318115 0.02452140860259533 0.032695211470127106
0 0.298442006111145 0.2549765408039093 0.02452140860259533 0.032695211470127106
0 0.7256616950035095 0.3175261318683624 0.02452140860259533 0.032695211470127106
0 0.653539776802063 0.31865590810775757 0.02452140860259533 0.032695211470127106
0 0.5812089443206787 0.31978893280029297 0.02452140860259533 0.032695211470127106
0 0.5086681842803955 0.3209252655506134 0.02452140860259533 0.032695211470127106
0 0.4359166622161865 0.3220648765563965 0.02452140860259533 0.032695211470127106
0 0.36295345425605774 0.323207825422287 0.02452140860259533 0.032695211470127106
0 0.28977760672569275 0.3243540823459625 0.02452140860259533 0.032695211470127106
0 0.739865779876709 0.3934527635574341 0.02452140860259533 0.032695211470127106
0 0.6638326644897461 0.3947599530220032 0.02452140860259533 0.032695211470127106
0 0.5875672698020935 0.3960711359977722 0.02452140860259533 0.032695211470127106
0 0.5110684633255005 0.3973863422870636 0.02452140860259533 0.032695211470127106
0 0.43433523178100586 0.3987055718898773 0.02452140860259533 0.032695211470127106
0 0.3573664426803589 0.40002885460853577 0.02452140860259533 0.032695211470127106
0 0.2801610231399536 0.40135619044303894 0.02452140860259533 0.032695211470127106
0 0.755705714225769 0.4781235158443451 0.02452140860259533 0.032695211470127106
0 0.675312876701355 0.47964271903038025 0.02452140860259533 0.032695211470127106
0 0.5946602821350098 0.481166809797287 0.02452140860259533 0.032695211470127106
0 0.5137465596199036 0.4826958477497101 0.02452140860259533 0.032695211470127106
0 0.4325704872608185 0.48422983288764954 0.02452140860259533 0.032695211470127106
0 0.35113078355789185 0.4857688248157501 0.02452140860259533 0.032695211470127106
0 0.2694261372089386 0.48731279373168945 0.02452140860259533 0.032695211470127106
0 0.7734812498092651 0.5731412172317505 0.02452140860259533 0.032695211470127106
0 0.6881983876228333 0.5749160647392273 0.02452140860259533 0.032695211470127106
0 0.6026230454444885 0.576697051525116 0.02452140860259533 0.032695211470127106
0 0.516753613948822 0.5784841179847717 0.02452140860259533 0.032695211470127106
0 0.43058860301971436 0.5802773237228394 0.02452140860259533 0.032695211470127106
0 0.34412652254104614 0.5820767283439636 0.02452140860259533 0.032695211470127106
0 0.2573658227920532 0.5838823318481445 0.02452140860259533 0.032695211470127106
0 0.7935703992843628 0.6805259585380554 0.02452140860259533 0.032695211470127106
0 0.702764093875885 0.6826123595237732 0.02452140860259533 0.032695211470127106
0 0.6116259694099426 0.684706449508667 0.02452140860259533 0.032695211470127106
0 0.5201541781425476 0.6868081092834473 0.02452140860259533 0.032695211470127106
0 0.4283468723297119 0.6889175772666931 0.02452140860259533 0.032695211470127106
0 0.3362022638320923 0.691034734249115 0.02452140860259533 0.032695211470127106
0 0.2437184453010559 0.6931596994400024 0.02452140860259533 0.032695211470127106