0 0.3080735206604004 0.37740835547447205 0.01970827952027321 0.026277706027030945
0 0.3024875521659851 0.44035065174102783 0.01970827952027321 0.026277706027030945
0 0.2965562343597412 0.5071842074394226 0.01970827952027321 0.026277706027030945
0 0.29024654626846313 0.5782814025878906 0.01970827952027321 0.026277706027030945
0 0.28352105617523193 0.6540636420249939 0.01970827952027321 0.026277706027030945
0 0.27633726596832275 0.7350098490715027 0.01970827952027321 0.026277706027030945
0 0.2686467170715332 0.821666419506073 0.01970827952027321 0.026277706027030945
0 0.3707045912742615 0.3781704902648926 0.01970827952027321 0.026277706027030945
0 0.3669952154159546 0.44115889072418213 0.01970827952027321 0.026277706027030945
0 0.3630564212799072 0.5080428719520569 0.01970827952027321 0.026277706027030945
0 0.35886624455451965 0.5791953802108765 0.01970827952027321 0.026277706027030945
0 0.3543998599052429 0.6550385355949402 0.01970827952027321 0.026277706027030945
0 0.3496289849281311 0.7360519170761108 0.01970827952027321 0.026277706027030945
0 0.3445214331150055 0.8227828741073608 0.01970827952027321 0.026277706027030945
0 0.4333805739879608 0.3789331912994385 0.01970827952027321 0.026277706027030945
0 0.431550532579422 0.44196775555610657 0.01970827952027321 0.026277706027030945
0 0.42960724234580994 0.5089022517204285 0.01970827952027321 0.026277706027030945
0 0.4275399148464203 0.5801101326942444 0.01970827952027321 0.026277706027030945
0 0.42533621191978455 0.6560142040252686 0.01970827952027321 0.026277706027030945
0 0.42298224568367004 0.7370948791503906 0.01970827952027321 0.026277706027030945
0 0.42046207189559937 0.8239004015922546 0.01970827952027321 0.026277706027030945
0 0.4961015284061432 0.37969642877578735 0.01970827952027321 0.026277706027030945
0 0.4961535632610321 0.44277718663215637 0.01970827952027321 0.026277706027030945
0 0.4962087869644165 0.5097622275352478 0.01970827952027321 0.026277706027030945
0 0.49626755714416504 0.5810256004333496 0.01970827952027321 0.026277706027030945
0 0.4963301718235016 0.6569907069206238 0.01970827952027321 0.026277706027030945
0 0.49639710783958435 0.738138735294342 0.01970827952027321 0.026277706027030945
0 0.496468722820282 0.8250188231468201 0.01970827952027321 0.026277706027030945
0 0.5588675141334534 0.3804602324962616 0.01970827952027321 0.026277706027030945
0 0.5608043670654297 0.4435872435569763 0.01970827952027321 0.026277706027030945
0 0.5628610849380493 0.5106228590011597 0.01970827952027321 0.026277706027030945
0 0.5650492310523987 0.5819417834281921 0.01970827952027321 0.026277706027030945
0 0.5673818588256836 0.6579679846763611 0.01970827952027321 0.026277706027030945
0 0.5698736310005188 0.7391834259033203 0.01970827952027321 0.026277706027030945
0 0.5725415349006653 0.8261382579803467 0.01970827952027321 0.026277706027030945
0 0.6216785907745361 0.3812245726585388 0.01970827952027321 0.026277706027030945
0 0.6255029439926147 0.444397896528244 0.01970827952027321 0.026277706027030945
0 0.6295642256736755 0.5114842057228088 0.01970827952027321 0.026277706027030945
0 0.6338850855827332 0.582858681678772 0.01970827952027321 0.026277706027030945
0 0.6384912133216858 0.6589460372924805 0.01970827952027321 0.026277706027030945
0 0.6434119343757629 0.7402290105819702 0.01970827952027321 0.026277706027030945
0 0.6486805081367493 0.8272586464881897 0.01970827952027321 0.026277706027030945
0 0.6845347285270691 0.3819894790649414 0.01970827952027321 0.026277706027030945
0 0.6902493834495544 0.4452091455459595 0.01970827952027321 0.026277706027030945
0 0.6963182091712952 0.5123461484909058 0.01970827952027321 0.026277706027030945
0 0.7027750611305237 0.5837762951850891 0.01970827952027321 0.026277706027030945
0 0.7096584439277649 0.6599248647689819 0.01970827952027321 0.026277706027030945
0 0.7170120477676392 0.7412754893302917 0.01970827952027321 0.026277706027030945
0 0.7248858213424683 0.8283799886703491 0.01970827952027321 0.026277706027030945