0 0.6941875219345093 0.15664829313755035 0.024803655222058296 0.03307154029607773
0 0.6252645254135132 0.15920501947402954 0.024803655222058296 0.03307154029607773
0 0.5564810037612915 0.16175656020641327 0.024803655222058296 0.03307154029607773
0 0.4878365099430084 0.16430293023586273 0.024803655222058296 0.03307154029607773
0 0.4193306863307953 0.1668441742658615 0.024803655222058296 0.03307154029607773
0 0.3509630560874939 0.1693802922964096 0.024803655222058296 0.03307154029607773
0 0.2827332615852356 0.17191128432750702 0.024803655222058296 0.03307154029607773
0 0.7038213610649109 0.22255267202854156 0.024803655222058296 0.03307154029607773
0 0.6317035555839539 0.22515767812728882 0.024803655222058296 0.03307154029607773
0 0.5597384572029114 0.22775717079639435 0.024803655222058296 0.03307154029607773
0 0.48792555928230286 0.23035115003585815 0.024803655222058296 0.03307154029607773
0 0.4162643551826477 0.232939675450325 0.024803655222058296 0.03307154029607773
0 0.3447544276714325 0.23552271723747253 0.024803655222058296 0.03307154029607773
0 0.27339524030685425 0.2381003201007843 0.024803655222058296 0.03307154029607773
0 0.7143896222114563 0.29484933614730835 0.024803655222058296 0.03307154029607773
0 0.6387664675712585 0.29750022292137146 0.024803655222058296 0.03307154029607773
0 0.5633111596107483 0.3001452088356018 0.024803655222058296 0.03307154029607773
0 0.48802319169044495 0.3027843236923218 0.024803655222058296 0.03307154029607773
0 0.41290196776390076 0.30541762709617615 0.024803655222058296 0.03307154029607773
0 0.33794689178466797 0.30804505944252014 0.024803655222058296 0.03307154029607773
0 0.2631574869155884 0.3106667101383209 0.024803655222058296 0.03307154029607773
0 0.7260351777076721 0.3745157718658447 0.024803655222058296 0.03307154029607773
0 0.6465485095977783 0.37720856070518494 0.024803655222058296 0.03307154029607773
0 0.5672472715377808 0.37989509105682373 0.024803655222058296 0.03307154029607773
0 0.4881307780742645 0.3825753629207611 0.024803655222058296 0.03307154029607773
0 0.4091983735561371 0.38524940609931946 0.024803655222058296 0.03307154029607773
0 0.33044949173927307 0.3879172205924988 0.024803655222058296 0.03307154029607773
0 0.2518834173679352 0.39057883620262146 0.024803655222058296 0.03307154029607773
0 0.7389315962791443 0.46273931860923767 0.024803655222058296 0.03307154029607773
0 0.6551653742790222 0.46546801924705505 0.024803655222058296 0.03307154029607773
0 0.5716050863265991 0.4681900441646576 0.024803655222058296 0.03307154029607773
0 0.48824983835220337 0.4709053635597229 0.024803655222058296 0.03307154029607773
0 0.40509897470474243 0.47361403703689575 0.024803655222058296 0.03307154029607773
0 0.32215166091918945 0.47631606459617615 0.024803655222058296 0.03307154029607773
0 0.2394072264432907 0.4790114760398865 0.024803655222058296 0.03307154029607773
0 0.7532918453216553 0.5609769821166992 0.024803655222058296 0.03307154029607773
0 0.66475909948349 0.5637326240539551 0.024803655222058296 0.03307154029607773
0 0.5764562487602234 0.5664811134338379 0.024803655222058296 0.03307154029607773
0 0.48838239908218384 0.5692225098609924 0.024803655222058296 0.03307154029607773
0 0.4005366265773773 0.5719568133354187 0.024803655222058296 0.03307154029607773
0 0.3129180669784546 0.5746840238571167 0.024803655222058296 0.03307154029607773
0 0.2255258709192276 0.5774042010307312 0.024803655222058296 0.03307154029607773
0 0.7693802118301392 0.6710363030433655 0.024803655222058296 0.03307154029607773
0 0.6755056977272034 0.6738058924674988 0.024803655222058296 0.03307154029607773
0 0.5818896293640137 0.6765678524971008 0.024803655222058296 0.03307154029607773
0 0.48853081464767456 0.6793221831321716 0.024803655222058296 0.03307154029607773
0 0.39542829990386963 0.6820690035820007 0.024803655222058296 0.03307154029607773
0 0.30258095264434814 0.6848082542419434 0.024803655222058296 0.03307154029607773
0 0.2099877893924713 0.6875399947166443 0.024803655222058296 0.03307154029607773