0 0.7082590460777283 0.16490384936332703 0.02281293909375866 0.03411280612150828
0 0.6323689818382263 0.1641749143600464 0.02281293909375866 0.03411280612150828
0 0.556090235710144 0.16344225406646729 0.02281293909375866 0.03411280612150828
0 0.47941985726356506 0.16270582377910614 0.02281293909375866 0.03411280612150828
0 0.40235474705696106 0.16196560859680176 0.02281293909375866 0.03411280612150828
0 0.3248918950557709 0.16122157871723175 0.02281293909375866 0.03411280612150828
0 0.24702821671962738 0.16047368943691254 0.02281293909375866 0.03411280612150828
0 0.7197996377944946 0.2450370490550995 0.02281293909375866 0.03411280612150828
0 0.6411513686180115 0.2444935292005539 0.02281293909375866 0.03411280612150828
0 0.5620854496955872 0.2439471334218979 0.02281293909375866 0.03411280612150828
0 0.48259857296943665 0.2433978170156479 0.02281293909375866 0.03411280612150828
0 0.40268734097480774 0.2428455650806427 0.02281293909375866 0.03411280612150828
0 0.32234835624694824 0.24229036271572113 0.02281293909375866 0.03411280612150828
0 0.24157816171646118 0.2417321801185608 0.02281293909375866 0.03411280612150828
0 0.732218325138092 0.3312675356864929 0.02281293909375866 0.03411280612150828
0 0.6506037712097168 0.3309403359889984 0.02281293909375866 0.03411280612150828
0 0.5685393214225769 0.33061134815216064 0.02281293909375866 0.03411280612150828
0 0.48602116107940674 0.33028051257133484 0.02281293909375866 0.03411280612150828
0 0.40304550528526306 0.3299478590488434 0.02281293909375866 0.03411280612150828
0 0.31960856914520264 0.3296133577823639 0.02281293909375866 0.03411280612150828
0 0.23570649325847626 0.329276978969574 0.02281293909375866 0.03411280612150828
0 0.7456192374229431 0.42431870102882385 0.02281293909375866 0.03411280612150828
0 0.6608060598373413 0.4242444932460785 0.02281293909375866 0.03411280612150828
0 0.5755066275596619 0.4241698384284973 0.02281293909375866 0.03411280612150828
0 0.4897167980670929 0.4240947663784027 0.02281293909375866 0.03411280612150828
0 0.40343233942985535 0.4240192472934723 0.02281293909375866 0.03411280612150828
0 0.3166489601135254 0.42394331097602844 0.02281293909375866 0.03411280612150828
0 0.22936229407787323 0.4238669276237488 0.02281293909375866 0.03411280612150828
0 0.7601238489151001 0.525033175945282 0.02281293909375866 0.03411280612150828
0 0.6718509793281555 0.5252556204795837 0.02281293909375866 0.03411280612150828
0 0.5830511450767517 0.5254794359207153 0.02281293909375866 0.03411280612150828
0 0.49371954798698425 0.525704562664032 0.02281293909375866 0.03411280612150828
0 0.4038514196872711 0.5259310603141785 0.02281293909375866 0.03411280612150828
0 0.3134419322013855 0.52615886926651 0.02281293909375866 0.03411280612150828
0 0.22248615324497223 0.5263881087303162 0.02281293909375866 0.03411280612150828
0 0.7758743166923523 0.6343982815742493 0.02281293909375866 0.03411280612150828
0 0.6838476061820984 0.6349698305130005 0.02281293909375866 0.03411280612150828
0 0.5912477374076843 0.6355449557304382 0.02281293909375866 0.03411280612150828
0 0.49806931614875793 0.6361236572265625 0.02281293909375866 0.03411280612150828
0 0.40430694818496704 0.6367059946060181 0.02281293909375866 0.03411280612150828
0 0.3099551200866699 0.6372919678688049 0.02281293909375866 0.03411280612150828
0 0.2150082290172577 0.6378816366195679 0.02281293909375866 0.03411280612150828
0 0.7930383086204529 0.7535784840583801 0.02281293909375866 0.03411280612150828
0 0.6969243288040161 0.7545624375343323 0.02281293909375866 0.03411280612150828
0 0.6001846790313721 0.7555527687072754 0.02281293909375866 0.03411280612150828
0 0.5028132796287537 0.7565495371818542 0.02281293909375866 0.03411280612150828
0 0.40480390191078186 0.7575528621673584 0.02281293909375866 0.03411280612150828
0 0.3061502277851105 0.7585628032684326 0.02281293909375866 0.03411280612150828
0 0.20684589445590973 0.7595794200897217 0.02281293909375866 0.03411280612150828