0 0.23546478152275085 0.65128093957901 0.03357410182555517 0.03357410182555517
0 0.33337798714637756 0.6519122123718262 0.03357410182555517 0.03357410182555517
0 0.430968314409256 0.6525413990020752 0.03357410182555517 0.03357410182555517
0 0.5282374024391174 0.6531685590744019 0.03357410182555517 0.03357410182555517
0 0.6251868605613708 0.6537936329841614 0.03357410182555517 0.03357410182555517
0 0.7218181490898132 0.6544166207313538 0.03357410182555517 0.03357410182555517
0 0.8181329369544983 0.6550375819206238 0.03357410182555517 0.03357410182555517
0 0.24519488215446472 0.5589706301689148 0.03357410182555517 0.03357410182555517
0 0.3396952748298645 0.559727132320404 0.03357410182555517 0.03357410182555517
0 0.4338948726654053 0.5604812502861023 0.03357410182555517 0.03357410182555517
0 0.5277950763702393 0.5612329840660095 0.03357410182555517 0.03357410182555517
0 0.6213973760604858 0.561982274055481 0.03357410182555517 0.03357410182555517
0 0.7147031426429749 0.5627292394638062 0.03357410182555517 0.03357410182555517
0 0.8077137470245361 0.5634738802909851 0.03357410182555517 0.03357410182555517
0 0.25427141785621643 0.47286078333854675 0.03357410182555517 0.03357410182555517
0 0.34558889269828796 0.4737246036529541 0.03357410182555517 0.03357410182555517
0 0.4366254508495331 0.47458577156066895 0.03357410182555517 0.03357410182555517
0 0.5273823738098145 0.4754442870616913 0.03357410182555517 0.03357410182555517
0 0.6178609132766724 0.4763001799583435 0.03357410182555517 0.03357410182555517
0 0.7080623507499695 0.4771534204483032 0.03357410182555517 0.03357410182555517
0 0.7979879975318909 0.4780040681362152 0.03357410182555517 0.03357410182555517
0 0.2627580761909485 0.3923470675945282 0.03357410182555517 0.03357410182555517
0 0.35110005736351013 0.393302857875824 0.03357410182555517 0.03357410182555517
0 0.43917909264564514 0.3942558467388153 0.03357410182555517 0.03357410182555517
0 0.5269963145256042 0.3952059745788574 0.03357410182555517 0.03357410182555517
0 0.6145528554916382 0.3961532711982727 0.03357410182555517 0.03357410182555517
0 0.7018499374389648 0.39709776639938354 0.03357410182555517 0.03357410182555517
0 0.788888692855835 0.39803948998451233 0.03357410182555517 0.03357410182555517
0 0.2707105576992035 0.3169010579586029 0.03357410182555517 0.03357410182555517
0 0.3562648594379425 0.3179357647895813 0.03357410182555517 0.03357410182555517
0 0.4415724575519562 0.3189674913883209 0.03357410182555517 0.03357410182555517
0 0.5266344547271729 0.3199962377548218 0.03357410182555517 0.03357410182555517
0 0.6114518642425537 0.32102203369140625 0.03357410182555517 0.03357410182555517
0 0.6960257887840271 0.32204487919807434 0.03357410182555517 0.03357410182555517
0 0.7803572416305542 0.32306477427482605 0.03357410182555517 0.03357410182555517
0 0.27817776799201965 0.24605895578861237 0.03357410182555517 0.03357410182555517
0 0.3611149191856384 0.24716129899024963 0.03357410182555517 0.03357410182555517
0 0.44382020831108093 0.24826055765151978 0.03357410182555517 0.03357410182555517
0 0.5262945890426636 0.24935674667358398 0.03357410182555517 0.03357410182555517
0 0.6085390448570251 0.25044986605644226 0.03357410182555517 0.03357410182555517
0 0.6905544996261597 0.2515399754047394 0.03357410182555517 0.03357410182555517
0 0.7723419666290283 0.25262701511383057 0.03357410182555517 0.03357410182555517
0 0.2852028012275696 0.17941178381443024 0.03357410182555517 0.03357410182555517
0 0.36567819118499756 0.18057206273078918 0.03357410182555517 0.03357410182555517
0 0.4459351897239685 0.18172919750213623 0.03357410182555517 0.03357410182555517
0 0.5259747505187988 0.18288318812847137 0.03357410182555517 0.03357410182555517
0 0.6057977676391602 0.184034064412117 0.03357410182555517 0.03357410182555517
0 0.6854050755500793 0.18518182635307312 0.03357410182555517 0.03357410182555517
0 0.764797568321228 0.1863265037536621 0.03357410182555517 0.03357410182555517