0 0.2346412092447281 0.6527741551399231 0.03373435388008753 0.03373435388008753
0 0.3332291841506958 0.6534550189971924 0.03373435388008753 0.03373435388008753
0 0.4313976764678955 0.6541330218315125 0.03373435388008753 0.03373435388008753
0 0.5291493535041809 0.6548081040382385 0.03373435388008753 0.03373435388008753
0 0.6264868974685669 0.6554803848266602 0.03373435388008753 0.03373435388008753
0 0.7234129309654236 0.6561498045921326 0.03373435388008753 0.03373435388008753
0 0.8199300765991211 0.6568163633346558 0.03373435388008753 0.03373435388008753
0 0.24460534751415253 0.5601186752319336 0.03373435388008753 0.03373435388008753
0 0.3397258520126343 0.5609663724899292 0.03373435388008753 0.03373435388008753
0 0.4344557821750641 0.5618105530738831 0.03373435388008753 0.03373435388008753
0 0.5287975072860718 0.5626513361930847 0.03373435388008753 0.03373435388008753
0 0.6227534413337708 0.5634886622428894 0.03373435388008753 0.03373435388008753
0 0.7163258790969849 0.5643225312232971 0.03373435388008753 0.03373435388008753
0 0.8095172643661499 0.5651530623435974 0.03373435388008753 0.03373435388008753
0 0.2538949251174927 0.4737357795238495 0.03373435388008753 0.03373435388008753
0 0.3457835912704468 0.4747265577316284 0.03373435388008753 0.03373435388008753
0 0.4373076856136322 0.4757134020328522 0.03373435388008753 0.03373435388008753
0 0.5284693241119385 0.47669634222984314 0.03373435388008753 0.03373435388008753
0 0.6192706823348999 0.4776754081249237 0.03373435388008753 0.03373435388008753
0 0.7097139358520508 0.47865059971809387 0.03373435388008753 0.03373435388008753
0 0.7998011112213135 0.479621946811676 0.03373435388008753 0.03373435388008753
0 0.2625761926174164 0.3930094242095947 0.03373435388008753 0.03373435388008753
0 0.35144543647766113 0.3941230773925781 0.03373435388008753 0.03373435388008753
0 0.4399735629558563 0.3952324092388153 0.03373435388008753 0.03373435388008753
0 0.5281625390052795 0.3963375389575958 0.03373435388008753 0.03373435388008753
0 0.616014301776886 0.3974384069442749 0.03373435388008753 0.03373435388008753
0 0.7035307288169861 0.3985351026058197 0.03373435388008753 0.03373435388008753
0 0.7907138466835022 0.39962759613990784 0.03373435388008753 0.03373435388008753
0 0.27070701122283936 0.317401647567749 0.03373435388008753 0.03373435388008753
0 0.35674893856048584 0.31862083077430725 0.03373435388008753 0.03373435388008753
0 0.4424710273742676 0.31983545422554016 0.03373435388008753 0.03373435388008753
0 0.5278750658035278 0.3210456073284149 0.03373435388008753 0.03373435388008753
0 0.6129627823829651 0.32225126028060913 0.03373435388008753 0.03373435388008753
0 0.6977360248565674 0.3234524726867676 0.03373435388008753 0.03373435388008753
0 0.7821964621543884 0.32464921474456787 0.03373435388008753 0.03373435388008753
0 0.27833813428878784 0.24644052982330322 0.03373435388008753 0.03373435388008753
0 0.3617270886898041 0.2477504014968872 0.03373435388008753 0.03373435388008753
0 0.44481557607650757 0.24905553460121155 0.03373435388008753 0.03373435388008753
0 0.5276051759719849 0.250355988740921 0.03373435388008753 0.03373435388008753
0 0.6100975275039673 0.2516517639160156 0.03373435388008753 0.03373435388008753
0 0.6922942399978638 0.25294288992881775 0.03373435388008753 0.03373435388008753
0 0.7741968631744385 0.2542293965816498 0.03373435388008753 0.03373435388008753
0 0.2855142652988434 0.1797105222940445 0.03373435388008753 0.03373435388008753
0 0.36640894412994385 0.18109825253486633 0.03373435388008753 0.03373435388008753
0 0.4470207989215851 0.18248113989830017 0.03373435388008753 0.03373435388008753
0 0.5273512601852417 0.1838591992855072 0.03373435388008753 0.03373435388008753
0 0.6074019074440002 0.18523246049880981 0.03373435388008753 0.03373435388008753
0 0.6871740818023682 0.1866009384393692 0.03373435388008753 0.03373435388008753
0 0.7666692733764648 0.18796467781066895 0.03373435388008753 0.03373435388008753