0 0.7042443752288818 0.1608184427022934 0.022795672807842494 0.034086987376213074
0 0.628471314907074 0.16015808284282684 0.022795672807842494 0.034086987376213074
0 0.5522956252098083 0.15949419140815735 0.022795672807842494 0.034086987376213074
0 0.4757139980792999 0.1588267832994461 0.022795672807842494 0.034086987376213074
0 0.39872318506240845 0.15815579891204834 0.022795672807842494 0.034086987376213074
0 0.32131996750831604 0.15748120844364166 0.022795672807842494 0.034086987376213074
0 0.2435009479522705 0.15680301189422607 0.022795672807842494 0.034086987376213074
0 0.7158197164535522 0.24066932499408722 0.022795672807842494 0.034086987376213074
0 0.6372918486595154 0.2402040660381317 0.022795672807842494 0.034086987376213074
0 0.558331310749054 0.23973625898361206 0.022795672807842494 0.034086987376213074
0 0.4789344370365143 0.23926584422588348 0.022795672807842494 0.034086987376213074
0 0.39909762144088745 0.23879283666610718 0.022795672807842494 0.034086987376213074
0 0.31881722807884216 0.23831719160079956 0.022795672807842494 0.034086987376213074
0 0.23808950185775757 0.23783890902996063 0.022795672807842494 0.034086987376213074
0 0.7282764315605164 0.3266002833843231 0.022795672807842494 0.034086987376213074
0 0.6467859148979187 0.32636237144470215 0.022795672807842494 0.034086987376213074
0 0.5648291707038879 0.32612311840057373 0.022795672807842494 0.034086987376213074
0 0.4824022054672241 0.3258824944496155 0.022795672807842494 0.034086987376213074
0 0.39950090646743774 0.325640469789505 0.022795672807842494 0.034086987376213074
0 0.3161211609840393 0.3253970742225647 0.022795672807842494 0.034086987376213074
0 0.2322588711977005 0.3251522481441498 0.022795672807842494 0.034086987376213074
0 0.7417191863059998 0.41933321952819824 0.022795672807842494 0.034086987376213074
0 0.6570337414741516 0.4193609058856964 0.022795672807842494 0.034086987376213074
0 0.5718445181846619 0.4193887412548065 0.022795672807842494 0.034086987376213074
0 0.4861469268798828 0.41941675543785095 0.022795672807842494 0.034086987376213074
0 0.3999364674091339 0.4194449484348297 0.022795672807842494 0.034086987376213074
0 0.31320852041244507 0.4194732904434204 0.022795672807842494 0.034086987376213074
0 0.22595837712287903 0.41950181126594543 0.022795672807842494 0.034086987376213074
0 0.7562698721885681 0.519709050655365 0.022795672807842494 0.034086987376213074
0 0.6681287884712219 0.5200478434562683 0.022795672807842494 0.034086987376213074
0 0.5794415473937988 0.5203887820243835 0.022795672807842494 0.034086987376213074
0 0.4902031719684601 0.5207318067550659 0.022795672807842494 0.034086987376213074
0 0.40040838718414307 0.521077036857605 0.022795672807842494 0.034086987376213074
0 0.3100520372390747 0.5214243531227112 0.022795672807842494 0.034086987376213074
0 0.21912881731987 0.5217738747596741 0.022795672807842494 0.034086987376213074
0 0.772071361541748 0.6287132501602173 0.022795672807842494 0.034086987376213074
0 0.6801806092262268 0.6294178366661072 0.022795672807842494 0.034086987376213074
0 0.5876958966255188 0.6301270127296448 0.022795672807842494 0.034086987376213074
0 0.4946114718914032 0.6308407187461853 0.022795672807842494 0.034086987376213074
0 0.40092140436172485 0.6315591335296631 0.022795672807842494 0.034086987376213074
0 0.306619793176651 0.6322821974754333 0.022795672807842494 0.034086987376213074
0 0.2117006629705429 0.6330100297927856 0.022795672807842494 0.034086987376213074
0 0.7892921566963196 0.7475083470344543 0.022795672807842494 0.034086987376213074
0 0.6933186054229736 0.7486446499824524 0.022795672807842494 0.034086987376213074
0 0.596696674823761 0.7497886419296265 0.022795672807842494 0.034086987376213074
0 0.4994197487831116 0.7509403228759766 0.022795672807842494 0.034086987376213074
0 0.40148112177848816 0.7520999312400818 0.022795672807842494 0.034086987376213074
0 0.30287402868270874 0.7532674074172974 0.022795672807842494 0.034086987376213074
0 0.20359158515930176 0.7544428706169128 0.022795672807842494 0.034086987376213074