0 0.33043718338012695 0.39479759335517883 0.019210802391171455 0.025614403188228607
0 0.3253117501735687 0.45147833228111267 0.019210802391171455 0.025614403188228607
0 0.31986647844314575 0.5116961598396301 0.019210802391171455 0.025614403188228607
0 0.314070463180542 0.5757928490638733 0.019210802391171455 0.025614403188228607
0 0.3078886866569519 0.6441556811332703 0.019210802391171455 0.025614403188228607
0 0.30128130316734314 0.7172251343727112 0.019210802391171455 0.025614403188228607
0 0.2942027747631073 0.7955047488212585 0.019210802391171455 0.025614403188228607
0 0.3917559087276459 0.39574959874153137 0.019210802391171455 0.025614403188228607
0 0.3884884715080261 0.45241379737854004 0.019210802391171455 0.025614403188228607
0 0.3850173056125641 0.5126111507415771 0.019210802391171455 0.025614403188228607
0 0.3813227415084839 0.5766827464103699 0.019210802391171455 0.025614403188228607
0 0.3773824870586395 0.6450150609016418 0.019210802391171455 0.025614403188228607
0 0.37317121028900146 0.7180476188659668 0.019210802391171455 0.025614403188228607
0 0.36865994334220886 0.7962827682495117 0.019210802391171455 0.025614403188228607
0 0.45297953486442566 0.3967001438140869 0.019210802391171455 0.025614403188228607
0 0.4515642523765564 0.453347772359848 0.019210802391171455 0.025614403188228607
0 0.45006078481674194 0.5135246515274048 0.019210802391171455 0.025614403188228607
0 0.4484606385231018 0.5775711536407471 0.019210802391171455 0.025614403188228607
0 0.44675421714782715 0.6458728909492493 0.019210802391171455 0.025614403188228607
0 0.4449304938316345 0.718868613243103 0.019210802391171455 0.025614403188228607
0 0.4429769814014435 0.7970593571662903 0.019210802391171455 0.025614403188228607
0 0.5141082406044006 0.39764919877052307 0.019210802391171455 0.025614403188228607
0 0.5145393013954163 0.4542802572250366 0.019210802391171455 0.025614403188228607
0 0.5149971842765808 0.5144366025924683 0.019210802391171455 0.025614403188228607
0 0.5154845118522644 0.5784580111503601 0.019210802391171455 0.025614403188228607
0 0.5160041451454163 0.6467292308807373 0.019210802391171455 0.025614403188228607
0 0.5165594816207886 0.7196881175041199 0.019210802391171455 0.025614403188228607
0 0.5171542763710022 0.7978344559669495 0.019210802391171455 0.025614403188228607
0 0.5751423835754395 0.39859679341316223 0.019210802391171455 0.025614403188228607
0 0.5774139165878296 0.45521125197410583 0.019210802391171455 0.025614403188228607
0 0.5798267722129822 0.5153471231460571 0.019210802391171455 0.025614403188228607
0 0.582394540309906 0.5793433785438538 0.019210802391171455 0.025614403188228607
0 0.5851325988769531 0.647584080696106 0.019210802391171455 0.025614403188228607
0 0.5880584716796875 0.7205060720443726 0.019210802391171455 0.025614403188228607
0 0.5911922454833984 0.798608124256134 0.019210802391171455 0.025614403188228607
0 0.6360819935798645 0.399542897939682 0.019210802391171455 0.025614403188228607
0 0.6401883363723755 0.45614078640937805 0.019210802391171455 0.025614403188228607
0 0.6445498466491699 0.5162560939788818 0.019210802391171455 0.025614403188228607
0 0.64919114112854 0.5802271962165833 0.019210802391171455 0.025614403188228607
0 0.6541399359703064 0.6484374403953552 0.019210802391171455 0.025614403188228607
0 0.6594279408454895 0.7213225960731506 0.019210802391171455 0.025614403188228607
0 0.6650912165641785 0.7993803024291992 0.019210802391171455 0.025614403188228607
0 0.6969274282455444 0.4004875719547272 0.019210802391171455 0.025614403188228607
0 0.7028627395629883 0.4570688307285309 0.019210802391171455 0.025614403188228607
0 0.7091666460037231 0.5171635746955872 0.019210802391171455 0.025614403188228607
0 0.7158744931221008 0.5811095833778381 0.019210802391171455 0.025614403188228607
0 0.7230264544487 0.6492893099784851 0.019210802391171455 0.025614403188228607
0 0.7306681871414185 0.7221376299858093 0.019210802391171455 0.025614403188228607
0 0.7388516664505005 0.8001510500907898 0.019210802391171455 0.025614403188228607