0 0.6384727358818054 0.1784529834985733 0.02553169429302216 0.03404225905736288
0 0.5733673572540283 0.18116065859794617 0.02553169429302216 0.03404225905736288
0 0.5072266459465027 0.18391139805316925 0.02553169429302216 0.03404225905736288
0 0.4400256872177124 0.18670623004436493 0.02553169429302216 0.03404225905736288
0 0.3717387914657593 0.18954624235630035 0.02553169429302216 0.03404225905736288
0 0.3023394048213959 0.19243250787258148 0.02553169429302216 0.03404225905736288
0 0.2318001091480255 0.19536617398262024 0.02553169429302216 0.03404225905736288
0 0.6524175405502319 0.2405463010072708 0.02553169429302216 0.03404225905736288
0 0.5842194557189941 0.24390137195587158 0.02553169429302216 0.03404225905736288
0 0.5148829817771912 0.24731245636940002 0.02553169429302216 0.03404225905736288
0 0.4443793296813965 0.25078096985816956 0.02553169429302216 0.03404225905736288
0 0.3726787567138672 0.2543083429336548 0.02553169429302216 0.03404225905736288
0 0.29975059628486633 0.2578961253166199 0.02553169429302216 0.03404225905736288
0 0.22556298971176147 0.261545866727829 0.02553169429302216 0.03404225905736288
0 0.6677953600883484 0.30902066826820374 0.02553169429302216 0.03404225905736288
0 0.5961964726448059 0.31314578652381897 0.02553169429302216 0.03404225905736288
0 0.5233399271965027 0.3173433840274811 0.02553169429302216 0.03404225905736288
0 0.44919222593307495 0.3216153681278229 0.02553169429302216 0.03404225905736288
0 0.373718798160553 0.32596373558044434 0.02553169429302216 0.03404225905736288
0 0.296883761882782 0.3303905427455902 0.02553169429302216 0.03404225905736288
0 0.21864990890026093 0.3348979353904724 0.02553169429302216 0.03404225905736288
0 0.684839129447937 0.38491296768188477 0.02553169429302216 0.03404225905736288
0 0.6094828844070435 0.3899604380130768 0.02553169429302216 0.03404225905736288
0 0.532729983329773 0.39510148763656616 0.02553169429302216 0.03404225905736288
0 0.4545411467552185 0.40033870935440063 0.02553169429302216 0.03404225905736288
0 0.3748757541179657 0.40567484498023987 0.02553169429302216 0.03404225905736288
0 0.2936915457248688 0.4111126959323883 0.02553169429302216 0.03404225905736288
0 0.21094468235969543 0.41665521264076233 0.02553169429302216 0.03404225905736288
0 0.7038349509239197 0.4694976210594177 0.02553169429302216 0.03404225905736288
0 0.6243058443069458 0.4756585657596588 0.02553169429302216 0.03404225905736288
0 0.5432166457176208 0.481940358877182 0.02553169429302216 0.03404225905736288
0 0.4605209231376648 0.4883466362953186 0.02553169429302216 0.03404225905736288
0 0.3761705160140991 0.4948810636997223 0.02553169429302216 0.03404225905736288
0 0.29011523723602295 0.5015475749969482 0.02553169429302216 0.03404225905736288
0 0.20230285823345184 0.5083501935005188 0.02553169429302216 0.03404225905736288
0 0.7251386642456055 0.5643587112426758 0.02553169429302216 0.03404225905736288
0 0.6409482955932617 0.5718757510185242 0.02553169429302216 0.03404225905736288
0 0.5550038814544678 0.5795493721961975 0.02553169429302216 0.03404225905736288
0 0.46725013852119446 0.5873845815658569 0.02553169429302216 0.03404225905736288
0 0.37762928009033203 0.5953864455223083 0.02553169429302216 0.03404225905736288
0 0.28608107566833496 0.6035603880882263 0.02553169429302216 0.03404225905736288
0 0.1925426572561264 0.6119120717048645 0.02553169429302216 0.03404225905736288
0 0.7491980195045471 0.6714901924133301 0.02553169429302216 0.03404225905736288
0 0.6597670316696167 0.6806753873825073 0.02553169429302216 0.03404225905736288
0 0.5683497190475464 0.6900646090507507 0.02553169429302216 0.03404225905736288
0 0.47487911581993103 0.6996647119522095 0.02553169429302216 0.03404225905736288
0 0.3792853057384491 0.7094828486442566 0.02553169429302216 0.03404225905736288
0 0.2814950942993164 0.7195265889167786 0.02553169429302216 0.03404225905736288
0 0.18143191933631897 0.7298038005828857 0.02553169429302216 0.03404225905736288