0 0.7324329614639282 0.14609070122241974 0.020331177498317428 0.03412225594123205
0 0.6602178812026978 0.14669691026210785 0.020331177498317428 0.03412225594123205
0 0.5882213115692139 0.1473013013601303 0.020331177498317428 0.03412225594123205
0 0.5164423584938049 0.14790385961532593 0.020331177498317428 0.03412225594123205
0 0.4448799192905426 0.1485045999288559 0.020331177498317428 0.03412225594123205
0 0.37353309988975525 0.1491035372018814 0.020331177498317428 0.03412225594123205
0 0.30240094661712646 0.14970065653324127 0.020331177498317428 0.03412225594123205
0 0.7411336898803711 0.2259618043899536 0.020331177498317428 0.03412225594123205
0 0.6660279631614685 0.22646629810333252 0.020331177498317428 0.03412225594123205
0 0.5911585688591003 0.22696921229362488 0.020331177498317428 0.03412225594123205
0 0.5165243744850159 0.2274705469608307 0.020331177498317428 0.03412225594123205
0 0.4421243667602539 0.22797031700611115 0.020331177498317428 0.03412225594123205
0 0.36795735359191895 0.22846850752830505 0.020331177498317428 0.03412225594123205
0 0.29402226209640503 0.2289651483297348 0.020331177498317428 0.03412225594123205
0 0.7505576014518738 0.3124716877937317 0.020331177498317428 0.03412225594123205
0 0.6723201870918274 0.3128551244735718 0.020331177498317428 0.03412225594123205
0 0.59433913230896 0.3132373094558716 0.020331177498317428 0.03412225594123205
0 0.516613245010376 0.3136182427406311 0.020331177498317428 0.03412225594123205
0 0.43914124369621277 0.31399795413017273 0.020331177498317428 0.03412225594123205
0 0.36192190647125244 0.3143764138221741 0.020331177498317428 0.03412225594123205
0 0.2849539816379547 0.3147536516189575 0.020331177498317428 0.03412225594123205
0 0.7607987523078918 0.406483918428421 0.020331177498317428 0.03412225594123205
0 0.6791571378707886 0.4067229926586151 0.020331177498317428 0.03412225594123205
0 0.5977945923805237 0.40696123242378235 0.020331177498317428 0.03412225594123205
0 0.5167097449302673 0.4071986973285675 0.020331177498317428 0.03412225594123205
0 0.4359012246131897 0.4074352979660034 0.020331177498317428 0.03412225594123205
0 0.355367511510849 0.40767112374305725 0.020331177498317428 0.03412225594123205
0 0.2751072645187378 0.4079061448574066 0.020331177498317428 0.03412225594123205
0 0.7719683051109314 0.5090187191963196 0.020331177498317428 0.03412225594123205
0 0.6866127848625183 0.5090851187705994 0.020331177498317428 0.03412225594123205
0 0.6015622019767761 0.5091512203216553 0.020331177498317428 0.03412225594123205
0 0.5168150067329407 0.5092171430587769 0.020331177498317428 0.03412225594123205
0 0.43236953020095825 0.5092827677726746 0.020331177498317428 0.03412225594123205
0 0.3482241928577423 0.5093482136726379 0.020331177498317428 0.03412225594123205
0 0.2643774151802063 0.5094134211540222 0.020331177498317428 0.03412225594123205
0 0.784198522567749 0.6212900280952454 0.020331177498317428 0.03412225594123205
0 0.6947750449180603 0.6211490631103516 0.020331177498317428 0.03412225594123205
0 0.6056862473487854 0.6210086345672607 0.020331177498317428 0.03412225594123205
0 0.5169301629066467 0.6208687424659729 0.020331177498317428 0.03412225594123205
0 0.428505003452301 0.6207293272018433 0.020331177498317428 0.03412225594123205
0 0.34040889143943787 0.6205905079841614 0.020331177498317428 0.03412225594123205
0 0.252640038728714 0.6204521656036377 0.020331177498317428 0.03412225594123205
0 0.7976479530334473 0.7447537183761597 0.020331177498317428 0.03412225594123205
0 0.703749418258667 0.7443627715110779 0.020331177498317428 0.03412225594123205
0 0.6102197766304016 0.7439733743667603 0.020331177498317428 0.03412225594123205
0 0.5170567035675049 0.7435855269432068 0.020331177498317428 0.03412225594123205
0 0.4242582321166992 0.7431991696357727 0.020331177498317428 0.03412225594123205
0 0.33182209730148315 0.7428143620491028 0.020331177498317428 0.03412225594123205
0 0.23974622786045074 0.7424309849739075 0.020331177498317428 0.03412225594123205