0 0.7183402180671692 0.2658344507217407 0.033932541807492576 0.033932541807492576
0 0.6424202919006348 0.2660358250141144 0.033932541807492576 0.033932541807492576
0 0.5666536092758179 0.2662367820739746 0.033932541807492576 0.033932541807492576
0 0.4910397231578827 0.2664373517036438 0.033932541807492576 0.033932541807492576
0 0.4155781865119934 0.26663750410079956 0.033932541807492576 0.033932541807492576
0 0.34026849269866943 0.2668372690677643 0.033932541807492576 0.033932541807492576
0 0.26511022448539734 0.2670366168022156 0.033932541807492576 0.033932541807492576
0 0.7261584997177124 0.3282860219478607 0.033932541807492576 0.033932541807492576
0 0.6473188400268555 0.32842957973480225 0.033932541807492576 0.033932541807492576
0 0.5686444044113159 0.3285728693008423 0.033932541807492576 0.033932541807492576
0 0.49013471603393555 0.32871583104133606 0.033932541807492576 0.033932541807492576
0 0.41178926825523376 0.32885852456092834 0.033932541807492576 0.033932541807492576
0 0.3336074948310852 0.32900089025497437 0.033932541807492576 0.033932541807492576
0 0.25558891892433167 0.3291429877281189 0.033932541807492576 0.033932541807492576
0 0.7346010208129883 0.3957240581512451 0.033932541807492576 0.033932541807492576
0 0.6526080369949341 0.39579978585243225 0.033932541807492576 0.033932541807492576
0 0.5707938075065613 0.39587536454200745 0.033932541807492576 0.033932541807492576
0 0.48915770649909973 0.3959507644176483 0.033932541807492576 0.033932541807492576
0 0.4076991379261017 0.39602598547935486 0.033932541807492576 0.033932541807492576
0 0.3264175057411194 0.39610108733177185 0.033932541807492576 0.033932541807492576
0 0.24531228840351105 0.39617598056793213 0.033932541807492576 0.033932541807492576
0 0.7437456250190735 0.4687706530094147 0.033932541807492576 0.033932541807492576
0 0.6583366990089417 0.46876654028892517 0.033932541807492576 0.033932541807492576
0 0.5731216073036194 0.46876242756843567 0.033932541807492576 0.033932541807492576
0 0.48809969425201416 0.46875831484794617 0.033932541807492576 0.033932541807492576
0 0.4032703638076782 0.46875420212745667 0.033932541807492576 0.033932541807492576
0 0.31863296031951904 0.46875011920928955 0.033932541807492576 0.033932541807492576
0 0.2341867983341217 0.4687460660934448 0.033932541807492576 0.033932541807492576
0 0.7536838054656982 0.5481557846069336 0.033932541807492576 0.033932541807492576
0 0.6645618081092834 0.5480573773384094 0.033932541807492576 0.033932541807492576
0 0.5756508708000183 0.5479592084884644 0.033932541807492576 0.033932541807492576
0 0.48695021867752075 0.5478612780570984 0.033932541807492576 0.033932541807492576
0 0.39845913648605347 0.5477635264396667 0.033932541807492576 0.033932541807492576
0 0.31017687916755676 0.547666072845459 0.033932541807492576 0.033932541807492576
0 0.22210273146629333 0.5475687980651855 0.033932541807492576 0.033932541807492576
0 0.764523446559906 0.6347419619560242 0.033932541807492576 0.033932541807492576
0 0.67135089635849 0.6345317959785461 0.033932541807492576 0.033932541807492576
0 0.57840895652771 0.6343221664428711 0.033932541807492576 0.033932541807492576
0 0.48569685220718384 0.6341130137443542 0.033932541807492576 0.033932541807492576
0 0.3932136297225952 0.6339043974876404 0.033932541807492576 0.033932541807492576
0 0.300958514213562 0.6336963176727295 0.033932541807492576 0.033932541807492576
0 0.2089306116104126 0.6334887146949768 0.033932541807492576 0.033932541807492576
0 0.7763931155204773 0.7295555472373962 0.033932541807492576 0.033932541807492576
0 0.6787842512130737 0.7292122840881348 0.033932541807492576 0.033932541807492576
0 0.5814285278320312 0.7288699746131897 0.033932541807492576 0.033932541807492576
0 0.4843248426914215 0.7285285592079163 0.033932541807492576 0.033932541807492576
0 0.3874722719192505 0.7281879782676697 0.033932541807492576 0.033932541807492576
0 0.2908698320388794 0.7278483510017395 0.033932541807492576 0.033932541807492576
0 0.19451656937599182 0.7275094985961914 0.033932541807492576 0.033932541807492576