0 0.723163366317749 0.28161856532096863 0.03441233436266581 0.03441233436266581
0 0.6478896141052246 0.27856236696243286 0.03441233436266581 0.03441233436266581
0 0.5727532505989075 0.2755117118358612 0.03441233436266581 0.03441233436266581
0 0.49775394797325134 0.27246662974357605 0.03441233436266581 0.03441233436266581
0 0.42289137840270996 0.2694271206855774 0.03441233436266581 0.03441233436266581
0 0.3481650948524475 0.26639312505722046 0.03441233436266581 0.03441233436266581
0 0.2735747992992401 0.26336467266082764 0.03441233436266581 0.03441233436266581
0 0.7330965399742126 0.33559125661849976 0.03441233436266581 0.03441233436266581
0 0.6547489166259766 0.33235928416252136 0.03441233436266581 0.03441233436266581
0 0.5765502452850342 0.3291334807872772 0.03441233436266581 0.03441233436266581
0 0.4984999895095825 0.32591375708580017 0.03441233436266581 0.03441233436266581
0 0.42059776186943054 0.322700172662735 0.03441233436266581 0.03441233436266581
0 0.3428431451320648 0.3194926679134369 0.03441233436266581 0.03441233436266581
0 0.2652357220649719 0.3162912428379059 0.03441233436266581 0.03441233436266581
0 0.7438735365867615 0.3941493332386017 0.03441233436266581 0.03441233436266581
0 0.6621904373168945 0.3907221853733063 0.03441233436266581 0.03441233436266581
0 0.5806691646575928 0.38730180263519287 0.03441233436266581 0.03441233436266581
0 0.4993091821670532 0.3838881850242615 0.03441233436266581 0.03441233436266581
0 0.41811004281044006 0.3804813027381897 0.03441233436266581 0.03441233436266581
0 0.3370712697505951 0.37708115577697754 0.03441233436266581 0.03441233436266581
0 0.2561923861503601 0.373687744140625 0.03441233436266581 0.03441233436266581
0 0.7556067705154419 0.457903116941452 0.03441233436266581 0.03441233436266581
0 0.670291543006897 0.4542580544948578 0.03441233436266581 0.03441233436266581
0 0.585152804851532 0.45062053203582764 0.03441233436266581 0.03441233436266581
0 0.5001899600028992 0.4469905197620392 0.03441233436266581 0.03441233436266581
0 0.41540253162384033 0.44336801767349243 0.03441233436266581 0.03441233436266581
0 0.3307899236679077 0.4397529661655426 0.03441233436266581 0.03441233436266581
0 0.24635159969329834 0.4361453652381897 0.03441233436266581 0.03441233436266581
0 0.7684293985366821 0.5275761485099792 0.03441233436266581 0.03441233436266581
0 0.679144024848938 0.5236865878105164 0.03441233436266581 0.03441233436266581
0 0.5900518298149109 0.5198054313659668 0.03441233436266581 0.03441233436266581
0 0.5011522769927979 0.5159326791763306 0.03441233436266581 0.03441233436266581
0 0.41244471073150635 0.5120682716369629 0.03441233436266581 0.03441233436266581
0 0.32392850518226624 0.5082122087478638 0.03441233436266581 0.03441233436266581
0 0.23560306429862976 0.5043644309043884 0.03441233436266581 0.03441233436266581
0 0.7825005054473877 0.6040329337120056 0.03441233436266581 0.03441233436266581
0 0.68885737657547 0.5998673439025879 0.03441233436266581 0.03441233436266581
0 0.5954267978668213 0.5957112312316895 0.03441233436266581 0.03441233436266581
0 0.5022079348564148 0.5915645956993103 0.03441233436266581 0.03441233436266581
0 0.4092002213001251 0.5874272584915161 0.03441233436266581 0.03441233436266581
0 0.3164028227329254 0.5832993388175964 0.03441233436266581 0.03441233436266581
0 0.22381506860256195 0.5791807174682617 0.03441233436266581 0.03441233436266581
0 0.7980117797851562 0.6883149743080139 0.03441233436266581 0.03441233436266581
0 0.69956374168396 0.6838358640670776 0.03441233436266581 0.03441233436266581
0 0.6013505458831787 0.6793674230575562 0.03441233436266581 0.03441233436266581
0 0.5033712983131409 0.6749096512794495 0.03441233436266581 0.03441233436266581
0 0.40562522411346436 0.670462429523468 0.03441233436266581 0.03441233436266581
0 0.3081114590167999 0.6660258173942566 0.03441233436266581 0.03441233436266581
0 0.21082919836044312 0.6615997552871704 0.03441233436266581 0.03441233436266581