0 0.6720806360244751 0.16231989860534668 0.024972237646579742 0.03329631686210632
0 0.6044769287109375 0.16548839211463928 0.024972237646579742 0.03329631686210632
0 0.5367575287818909 0.16866229474544525 0.024972237646579742 0.03329631686210632
0 0.4689221978187561 0.17184165120124817 0.024972237646579742 0.03329631686210632
0 0.40097054839134216 0.17502644658088684 0.024972237646579742 0.03329631686210632
0 0.33290237188339233 0.17821669578552246 0.024972237646579742 0.03329631686210632
0 0.2647172808647156 0.1814124435186386 0.024972237646579742 0.03329631686210632
0 0.6836850047111511 0.22754119336605072 0.024972237646579742 0.03329631686210632
0 0.6128650903701782 0.23091933131217957 0.024972237646579742 0.03329631686210632
0 0.541918158531189 0.2343035191297531 0.024972237646579742 0.03329631686210632
0 0.47084394097328186 0.23769377171993256 0.024972237646579742 0.03329631686210632
0 0.39964205026626587 0.24109013378620148 0.024972237646579742 0.03329631686210632
0 0.3283121883869171 0.2444925755262375 0.024972237646579742 0.03329631686210632
0 0.25685396790504456 0.24790115654468536 0.024972237646579742 0.03329631686210632
0 0.6964515447616577 0.29929423332214355 0.024972237646579742 0.03329631686210632
0 0.6220940947532654 0.30290916562080383 0.024972237646579742 0.03329631686210632
0 0.5475965738296509 0.3065309226512909 0.024972237646579742 0.03329631686210632
0 0.47295868396759033 0.31015947461128235 0.024972237646579742 0.03329631686210632
0 0.3981800079345703 0.313794881105423 0.024972237646579742 0.03329631686210632
0 0.3232601284980774 0.31743717193603516 0.024972237646579742 0.03329631686210632
0 0.24819865822792053 0.3210863173007965 0.024972237646579742 0.03329631686210632
0 0.7105640172958374 0.3786119818687439 0.024972237646579742 0.03329631686210632
0 0.6322970390319824 0.382496178150177 0.024972237646579742 0.03329631686210632
0 0.5538748502731323 0.3863880932331085 0.024972237646579742 0.03329631686210632
0 0.47529706358909607 0.39028772711753845 0.024972237646579742 0.03329631686210632
0 0.39656320214271545 0.3941951096057892 0.024972237646579742 0.03329631686210632
0 0.31767281889915466 0.3981102705001831 0.024972237646579742 0.03329631686210632
0 0.2386254221200943 0.4020332098007202 0.024972237646579742 0.03329631686210632
0 0.7262471318244934 0.46675723791122437 0.024972237646579742 0.03329631686210632
0 0.6436366438865662 0.4709499478340149 0.024972237646579742 0.03329631686210632
0 0.5608533024787903 0.4751514494419098 0.024972237646579742 0.03329631686210632
0 0.47789648175239563 0.47936174273490906 0.024972237646579742 0.03329631686210632
0 0.394765704870224 0.48358088731765747 0.024972237646579742 0.03329631686210632
0 0.31146040558815 0.48780885338783264 0.024972237646579742 0.03329631686210632
0 0.22798003256320953 0.49204573035240173 0.024972237646579742 0.03329631686210632
0 0.7437785267829895 0.5652905702590942 0.024972237646579742 0.03329631686210632
0 0.6563141942024231 0.5698396563529968 0.024972237646579742 0.03329631686210632
0 0.5686559677124023 0.5743988752365112 0.024972237646579742 0.03329631686210632
0 0.4808032810688019 0.5789681673049927 0.024972237646579742 0.03329631686210632
0 0.3927554190158844 0.5835476517677307 0.024972237646579742 0.03329631686210632
0 0.30451178550720215 0.5881373286247253 0.024972237646579742 0.03329631686210632
0 0.2160716950893402 0.5927371978759766 0.024972237646579742 0.03329631686210632
0 0.7635053396224976 0.6761631965637207 0.024972237646579742 0.03329631686210632
0 0.6705811619758606 0.6811279654502869 0.024972237646579742 0.03329631686210632
0 0.5774381160736084 0.6861043572425842 0.024972237646579742 0.03329631686210632
0 0.4840753674507141 0.6910925507545471 0.024972237646579742 0.03329631686210632
0 0.3904922306537628 0.6960924863815308 0.024972237646579742 0.03329631686210632
0 0.2966878414154053 0.7011042237281799 0.024972237646579742 0.03329631686210632
0 0.20266146957874298 0.7061278223991394 0.024972237646579742 0.03329631686210632