0 0.33846595883369446 0.3836471736431122 0.019401598721742633 0.02586879829565684
0 0.33311355113983154 0.44113829731941223 0.019401598721742633 0.02586879829565684
0 0.3274381160736084 0.5020989179611206 0.019401598721742633 0.02586879829565684
0 0.32140955328941345 0.566852867603302 0.019401598721742633 0.02586879829565684
0 0.31499379873275757 0.6357656121253967 0.019401598721742633 0.02586879829565684
0 0.30815231800079346 0.7092510461807251 0.019401598721742633 0.02586879829565684
0 0.3008413016796112 0.7877799868583679 0.019401598721742633 0.02586879829565684
0 0.4008100628852844 0.38609182834625244 0.019401598721742633 0.02586879829565684
0 0.3972861170768738 0.4436159133911133 0.019401598721742633 0.02586879829565684
0 0.3935496509075165 0.5046091079711914 0.019401598721742633 0.02586879829565684
0 0.3895808160305023 0.5693950057029724 0.019401598721742633 0.02586879829565684
0 0.3853573203086853 0.6383386254310608 0.019401598721742633 0.02586879829565684
0 0.3808537423610687 0.711853563785553 0.019401598721742633 0.02586879829565684
0 0.37604135274887085 0.7904099822044373 0.019401598721742633 0.02586879829565684
0 0.4630729556083679 0.3885332942008972 0.019401598721742633 0.02586879829565684
0 0.46137264370918274 0.4460902214050293 0.019401598721742633 0.02586879829565684
0 0.4595698416233063 0.5071158409118652 0.019401598721742633 0.02586879829565684
0 0.45765501260757446 0.5719335079193115 0.019401598721742633 0.02586879829565684
0 0.45561739802360535 0.640907883644104 0.019401598721742633 0.02586879829565684
0 0.45344477891921997 0.7144520878791809 0.019401598721742633 0.02586879829565684
0 0.45112329721450806 0.7930359244346619 0.019401598721742633 0.02586879829565684
0 0.5252548456192017 0.3909715712070465 0.019401598721742633 0.02586879829565684
0 0.5253732800483704 0.4485612213611603 0.019401598721742633 0.02586879829565684
0 0.5254989266395569 0.5096191763877869 0.019401598721742633 0.02586879829565684
0 0.525632381439209 0.5744683742523193 0.019401598721742633 0.02586879829565684
0 0.525774359703064 0.6434733271598816 0.019401598721742633 0.02586879829565684
0 0.5259256958961487 0.7170466780662537 0.019401598721742633 0.02586879829565684
0 0.5260874629020691 0.7956576943397522 0.019401598721742633 0.02586879829565684
0 0.5873557925224304 0.3934066593647003 0.019401598721742633 0.02586879829565684
0 0.5892882943153381 0.4510289132595062 0.019401598721742633 0.02586879829565684
0 0.5913370847702026 0.5121189951896667 0.019401598721742633 0.02586879829565684
0 0.593513011932373 0.5769996643066406 0.019401598721742633 0.02586879829565684
0 0.5958282947540283 0.6460350155830383 0.019401598721742633 0.02586879829565684
0 0.5982967615127563 0.719637393951416 0.019401598721742633 0.02586879829565684
0 0.6009340286254883 0.798275351524353 0.019401598721742633 0.02586879829565684
0 0.6493760347366333 0.3958386182785034 0.019401598721742633 0.02586879829565684
0 0.6531177759170532 0.4534933269023895 0.019401598721742633 0.02586879829565684
0 0.6570845246315002 0.5146154165267944 0.019401598721742633 0.02586879829565684
0 0.6612972617149353 0.5795273780822754 0.019401598721742633 0.02586879829565684
0 0.6657795310020447 0.648593008518219 0.019401598721742633 0.02586879829565684
0 0.6705581545829773 0.7222241163253784 0.019401598721742633 0.02586879829565684
0 0.675663411617279 0.8008889555931091 0.019401598721742633 0.02586879829565684
0 0.7113156914710999 0.39826738834381104 0.019401598721742633 0.02586879829565684
0 0.71686190366745 0.4559544026851654 0.019401598721742633 0.02586879829565684
0 0.722741425037384 0.5171083807945251 0.019401598721742633 0.02586879829565684
0 0.7289852499961853 0.5820514559745789 0.019401598721742633 0.02586879829565684
0 0.7356283068656921 0.651147186756134 0.019401598721742633 0.02586879829565684
0 0.7427101731300354 0.7248069643974304 0.019401598721742633 0.02586879829565684
0 0.7502757906913757 0.8034984469413757 0.019401598721742633 0.02586879829565684