0 0.2944498360157013 0.19565518200397491 0.018989323172718287 0.033758796751499176
0 0.289071649312973 0.2778968811035156 0.018989323172718287 0.033758796751499176
0 0.2833048701286316 0.3660809099674225 0.018989323172718287 0.033758796751499176
0 0.27710577845573425 0.4608754813671112 0.018989323172718287 0.033758796751499176
0 0.27042391896247864 0.5630528330802917 0.018989323172718287 0.033758796751499176
0 0.2632005512714386 0.6735104322433472 0.018989323172718287 0.033758796751499176
0 0.25536710023880005 0.793297290802002 0.018989323172718287 0.033758796751499176
0 0.35533761978149414 0.19590750336647034 0.018989323172718287 0.033758796751499176
0 0.35208919644355774 0.27798742055892944 0.018989323172718287 0.033758796751499176
0 0.34860658645629883 0.36598527431488037 0.018989323172718287 0.033758796751499176
0 0.3448634743690491 0.4605650007724762 0.018989323172718287 0.033758796751499176
0 0.3408294916152954 0.5624937415122986 0.018989323172718287 0.033758796751499176
0 0.336469441652298 0.672662615776062 0.018989323172718287 0.033758796751499176
0 0.3317420184612274 0.7921130061149597 0.018989323172718287 0.033758796751499176
0 0.41598185896873474 0.19615882635116577 0.018989323172718287 0.033758796751499176
0 0.41484594345092773 0.278077632188797 0.018989323172718287 0.033758796751499176
0 0.4136282801628113 0.3658900558948517 0.018989323172718287 0.033758796751499176
0 0.41231977939605713 0.460255891084671 0.018989323172718287 0.033758796751499176
0 0.4109098017215729 0.561937153339386 0.018989323172718287 0.033758796751499176
0 0.40938615798950195 0.6718188524246216 0.018989323172718287 0.033758796751499176
0 0.4077344238758087 0.790934681892395 0.018989323172718287 0.033758796751499176
0 0.4763840138912201 0.19640913605690002 0.018989323172718287 0.033758796751499176
0 0.47734346985816956 0.2781674265861511 0.018989323172718287 0.033758796751499176
0 0.478371798992157 0.36579522490501404 0.018989323172718287 0.033758796751499176
0 0.4794767200946808 0.4599481523036957 0.018989323172718287 0.033758796751499176
0 0.4806670844554901 0.5613831877708435 0.018989323172718287 0.033758796751499176
0 0.4819532334804535 0.6709791421890259 0.018989323172718287 0.033758796751499176
0 0.48334717750549316 0.7897622585296631 0.018989323172718287 0.033758796751499176
0 0.5365455150604248 0.1966584473848343 0.018989323172718287 0.033758796751499176
0 0.5395833849906921 0.2782568633556366 0.018989323172718287 0.033758796751499176
0 0.5428389310836792 0.3657008409500122 0.018989323172718287 0.033758796751499176
0 0.54633629322052 0.45964178442955017 0.018989323172718287 0.033758796751499176
0 0.5501035451889038 0.5608317255973816 0.018989323172718287 0.033758796751499176
0 0.5541731715202332 0.6701434850692749 0.018989323172718287 0.033758796751499176
0 0.55858314037323 0.7885956168174744 0.018989323172718287 0.033758796751499176
0 0.5964678525924683 0.19690677523612976 0.018989323172718287 0.033758796751499176
0 0.6015673279762268 0.2783459424972534 0.018989323172718287 0.033758796751499176
0 0.6070313453674316 0.36560681462287903 0.018989323172718287 0.033758796751499176
0 0.6129004955291748 0.4593367576599121 0.018989323172718287 0.033758796751499176
0 0.6192214488983154 0.560282826423645 0.018989323172718287 0.033758796751499176
0 0.6260485649108887 0.6693117618560791 0.018989323172718287 0.033758796751499176
0 0.6334450840950012 0.7874348163604736 0.018989323172718287 0.033758796751499176
0 0.6561523675918579 0.19715411961078644 0.018989323172718287 0.033758796751499176
0 0.6632968187332153 0.2784346640110016 0.018989323172718287 0.033758796751499176
0 0.6709509491920471 0.3655132055282593 0.018989323172718287 0.033758796751499176
0 0.6791712045669556 0.4590330719947815 0.018989323172718287 0.033758796751499176
0 0.6880229115486145 0.559736430644989 0.018989323172718287 0.033758796751499176
0 0.6975817084312439 0.6684840321540833 0.018989323172718287 0.033758796751499176
0 0.7079358100891113 0.7862797975540161 0.018989323172718287 0.033758796751499176