0 0.7556827664375305 0.21420104801654816 0.03953253229459127 0.03953253229459127
0 0.6716945767402649 0.21139343082904816 0.03953253229459127 0.03953253229459127
0 0.5878377556800842 0.20859020948410034 0.03953253229459127 0.03953253229459127
0 0.5041119456291199 0.20579136908054352 0.03953253229459127 0.03953253229459127
0 0.4205169081687927 0.2029968947172165 0.03953253229459127 0.03953253229459127
0 0.33705225586891174 0.20020677149295807 0.03953253229459127 0.03953253229459127
0 0.25371769070625305 0.19742101430892944 0.03953253229459127 0.03953253229459127
0 0.7659859657287598 0.2722938358783722 0.03953253229459127 0.03953253229459127
0 0.6782999634742737 0.2693154215812683 0.03953253229459127 0.03953253229459127
0 0.5907570719718933 0.266341894865036 0.03953253229459127 0.03953253229459127
0 0.5033569931983948 0.2633731961250305 0.03953253229459127 0.03953253229459127
0 0.4160993695259094 0.2604093551635742 0.03953253229459127 0.03953253229459127
0 0.3289838135242462 0.25745031237602234 0.03953253229459127 0.03953253229459127
0 0.24201001226902008 0.25449609756469727 0.03953253229459127 0.03953253229459127
0 0.7772367000579834 0.3357294499874115 0.03953253229459127 0.03953253229459127
0 0.6855122447013855 0.3325600028038025 0.03953253229459127 0.03953253229459127
0 0.5939444303512573 0.32939597964286804 0.03953253229459127 0.03953253229459127
0 0.5025327801704407 0.32623735070228577 0.03953253229459127 0.03953253229459127
0 0.4112769067287445 0.3230840861797333 0.03953253229459127 0.03953253229459127
0 0.32017648220062256 0.31993621587753296 0.03953253229459127 0.03953253229459127
0 0.22923104465007782 0.31679368019104004 0.03953253229459127 0.03953253229459127
0 0.7895721197128296 0.40528056025505066 0.03953253229459127 0.03953253229459127
0 0.6934192776679993 0.401896208524704 0.03953253229459127 0.03953253229459127
0 0.5974384546279907 0.3985178768634796 0.03953253229459127 0.03953253229459127
0 0.5016292929649353 0.39514559507369995 0.03953253229459127 0.03953253229459127
0 0.40599122643470764 0.391779363155365 0.03953253229459127 0.03953253229459127
0 0.3105238676071167 0.38841912150382996 0.03953253229459127 0.03953253229459127
0 0.21522672474384308 0.38506487011909485 0.03953253229459127 0.03953253229459127
0 0.8031569123268127 0.4818762540817261 0.03953253229459127 0.03953253229459127
0 0.7021263837814331 0.47824859619140625 0.03953253229459127 0.03953253229459127
0 0.6012857556343079 0.4746277332305908 0.03953253229459127 0.03953253229459127
0 0.5006345510482788 0.4710136950016022 0.03953253229459127 0.03953253229459127
0 0.4001721739768982 0.46740642189979553 0.03953253229459127 0.03953253229459127
0 0.2998981475830078 0.4638059139251709 0.03953253229459127 0.03953253229459127
0 0.1998119205236435 0.4602121412754059 0.03953253229459127 0.03953253229459127
0 0.8181911110877991 0.5666438937187195 0.03953253229459127 0.03953253229459127
0 0.7117615342140198 0.5627388954162598 0.03953253229459127 0.03953253229459127
0 0.6055427193641663 0.5588416457176208 0.03953253229459127 0.03953253229459127
0 0.4995339810848236 0.554952085018158 0.03953253229459127 0.03953253229459127
0 0.39373475313186646 0.5510702133178711 0.03953253229459127 0.03953253229459127
0 0.28814437985420227 0.5471960306167603 0.03953253229459127 0.03953253229459127
0 0.1827622503042221 0.5433294177055359 0.03953253229459127 0.03953253229459127
0 0.8349196910858154 0.6609650254249573 0.03953253229459127 0.03953253229459127
0 0.7224814891815186 0.6567414402961731 0.03953253229459127 0.03953253229459127
0 0.6102784276008606 0.6525267362594604 0.03953253229459127 0.03953253229459127
0 0.49830979108810425 0.6483208537101746 0.03953253229459127 0.03953253229459127
0 0.3865748345851898 0.6441236734390259 0.03953253229459127 0.03953253229459127
0 0.27507284283638 0.639935314655304 0.03953253229459127 0.03953253229459127
0 0.16380305588245392 0.6357556581497192 0.03953253229459127 0.03953253229459127