0 0.6978880763053894 0.3029819130897522 0.031520294646422066 0.031520294646422066
0 0.6246194839477539 0.3046388030052185 0.031520294646422066 0.031520294646422066
0 0.5517776608467102 0.3062860667705536 0.031520294646422066 0.031520294646422066
0 0.47935888171195984 0.3079237639904022 0.031520294646422066 0.031520294646422066
0 0.4073594808578491 0.3095519542694092 0.031520294646422066 0.031520294646422066
0 0.33577579259872437 0.311170756816864 0.031520294646422066 0.031520294646422066
0 0.26460424065589905 0.3127802312374115 0.031520294646422066 0.031520294646422066
0 0.7050163149833679 0.3668750524520874 0.031520294646422066 0.031520294646422066
0 0.6291502714157104 0.3683970272541046 0.031520294646422066 0.031520294646422066
0 0.5537416338920593 0.3699098229408264 0.031520294646422066 0.031520294646422066
0 0.4787862002849579 0.37141352891921997 0.031520294646422066 0.031520294646422066
0 0.4042799770832062 0.37290823459625244 0.031520294646422066 0.031520294646422066
0 0.3302189111709595 0.3743939995765686 0.031520294646422066 0.031520294646422066
0 0.2565990090370178 0.3758709132671356 0.031520294646422066 0.031520294646422066
0 0.7126656770706177 0.4354391098022461 0.031520294646422066 0.031520294646422066
0 0.6340112686157227 0.4368017017841339 0.031520294646422066 0.031520294646422066
0 0.555848240852356 0.43815577030181885 0.031520294646422066 0.031520294646422066
0 0.47817206382751465 0.43950140476226807 0.031520294646422066 0.031520294646422066
0 0.4009781777858734 0.44083866477012634 0.031520294646422066 0.031520294646422066
0 0.3242620825767517 0.4421676695346832 0.031520294646422066 0.031520294646422066
0 0.24801936745643616 0.4434884786605835 0.031520294646422066 0.031520294646422066
0 0.7208954691886902 0.5092057585716248 0.031520294646422066 0.031520294646422066
0 0.6392399072647095 0.5103799700737 0.031520294646422066 0.031520294646422066
0 0.558113694190979 0.5115465521812439 0.031520294646422066 0.031520294646422066
0 0.47751176357269287 0.5127055644989014 0.031520294646422066 0.031520294646422066
0 0.39742904901504517 0.5138571858406067 0.031520294646422066 0.031520294646422066
0 0.31786048412323 0.5150013566017151 0.031520294646422066 0.031520294646422066
0 0.23880121111869812 0.5161382555961609 0.031520294646422066 0.031520294646422066
0 0.7297743558883667 0.5887904167175293 0.031520294646422066 0.031520294646422066
0 0.6448795199394226 0.5897417664527893 0.031520294646422066 0.031520294646422066
0 0.5605565905570984 0.5906867384910583 0.031520294646422066 0.031520294646422066
0 0.4767999053001404 0.5916253328323364 0.031520294646422066 0.031520294646422066
0 0.39360374212265015 0.5925576686859131 0.031520294646422066 0.031520294646422066
0 0.310962438583374 0.5934837460517883 0.031520294646422066 0.031520294646422066
0 0.22887051105499268 0.5944036841392517 0.031520294646422066 0.031520294646422066
0 0.739382266998291 0.6749097108840942 0.031520294646422066 0.031520294646422066
0 0.650980532169342 0.6755970120429993 0.031520294646422066 0.031520294646422066
0 0.5631986856460571 0.6762794852256775 0.031520294646422066 0.031520294646422066
0 0.47603023052215576 0.6769571900367737 0.031520294646422066 0.031520294646422066
0 0.3894686996936798 0.6776301264762878 0.031520294646422066 0.031520294646422066
0 0.30350780487060547 0.6782984733581543 0.031520294646422066 0.031520294646422066
0 0.2181413322687149 0.6789621710777283 0.031520294646422066 0.031520294646422066
0 0.7498128414154053 0.7684029340744019 0.031520294646422066 0.031520294646422066
0 0.657602071762085 0.768776535987854 0.031520294646422066 0.031520294646422066
0 0.5660653710365295 0.7691474556922913 0.031520294646422066 0.031520294646422066
0 0.47519534826278687 0.7695156931877136 0.031520294646422066 0.031520294646422066
0 0.3849847614765167 0.7698811888694763 0.031520294646422066 0.031520294646422066
0 0.2954264283180237 0.7702441215515137 0.031520294646422066 0.031520294646422066
0 0.20651333034038544 0.7706043720245361 0.031520294646422066 0.031520294646422066