0 0.695041298866272 0.15714257955551147 0.02296654027886689 0.03434249013662338
0 0.6190716624259949 0.15584854781627655 0.02296654027886689 0.03434249013662338
0 0.5424814224243164 0.154543936252594 0.02296654027886689 0.03434249013662338
0 0.46526288986206055 0.15322862565517426 0.02296654027886689 0.03434249013662338
0 0.3874083161354065 0.1519024819135666 0.02296654027886689 0.03434249013662338
0 0.3089098632335663 0.15056535601615906 0.02296654027886689 0.03434249013662338
0 0.22975945472717285 0.1492171436548233 0.02296654027886689 0.03434249013662338
0 0.7070258855819702 0.2378581315279007 0.02296654027886689 0.03434249013662338
0 0.628387451171875 0.23685787618160248 0.02296654027886689 0.03434249013662338
0 0.549083411693573 0.23584917187690735 0.02296654027886689 0.03434249013662338
0 0.46910542249679565 0.23483188450336456 0.02296654027886689 0.03434249013662338
0 0.38844478130340576 0.23380592465400696 0.02296654027886689 0.03434249013662338
0 0.30709272623062134 0.2327711582183838 0.02296654027886689 0.03434249013662338
0 0.22504030168056488 0.2317274957895279 0.02296654027886689 0.03434249013662338
0 0.7198964953422546 0.3245405852794647 0.02296654027886689 0.03434249013662338
0 0.6383948922157288 0.32388201355934143 0.02296654027886689 0.03434249013662338
0 0.5561777949333191 0.3232176601886749 0.02296654027886689 0.03434249013662338
0 0.4732357859611511 0.32254746556282043 0.02296654027886689 0.03434249013662338
0 0.38955920934677124 0.3218713402748108 0.02296654027886689 0.03434249013662338
0 0.3051382601261139 0.32118916511535645 0.02296654027886689 0.03434249013662338
0 0.219962939620018 0.3205009400844574 0.02296654027886689 0.03434249013662338
0 0.7337550520896912 0.4178769588470459 0.02296654027886689 0.03434249013662338
0 0.6491740345954895 0.4176166355609894 0.02296654027886689 0.03434249013662338
0 0.5638217329978943 0.41735392808914185 0.02296654027886689 0.03434249013662338
0 0.4776875674724579 0.4170888066291809 0.02296654027886689 0.03434249013662338
0 0.39076074957847595 0.41682127118110657 0.02296654027886689 0.03434249013662338
0 0.3030302822589874 0.41655123233795166 0.02296654027886689 0.03434249013662338
0 0.21448495984077454 0.4162787199020386 0.02296654027886689 0.03434249013662338
0 0.7487199306488037 0.5186640620231628 0.02296654027886689 0.03434249013662338
0 0.6608176827430725 0.5188690423965454 0.02296654027886689 0.03434249013662338
0 0.5720816254615784 0.5190760493278503 0.02296654027886689 0.03434249013662338
0 0.4824998080730438 0.5192849636077881 0.02296654027886689 0.03434249013662338
0 0.3920600712299347 0.5194959044456482 0.02296654027886689 0.03434249013662338
0 0.3007499873638153 0.5197088122367859 0.02296654027886689 0.03434249013662338
0 0.20855700969696045 0.5199238657951355 0.02296654027886689 0.03434249013662338
0 0.7649290561676025 0.6278311014175415 0.02296654027886689 0.03434249013662338
0 0.6734342575073242 0.6285815238952637 0.02296654027886689 0.03434249013662338
0 0.5810350775718689 0.6293393969535828 0.02296654027886689 0.03434249013662338
0 0.4877181053161621 0.6301047801971436 0.02296654027886689 0.03434249013662338
0 0.39346954226493835 0.6308777928352356 0.02296654027886689 0.03434249013662338
0 0.2982753813266754 0.6316585540771484 0.02296654027886689 0.03434249013662338
0 0.2021212875843048 0.6324472427368164 0.02296654027886689 0.03434249013662338
0 0.7825442552566528 0.7464684247970581 0.02296654027886689 0.03434249013662338
0 0.6871508955955505 0.7478604912757874 0.02296654027886689 0.03434249013662338
0 0.5907732844352722 0.7492669224739075 0.02296654027886689 0.03434249013662338
0 0.49339616298675537 0.7506878972053528 0.02296654027886689 0.03434249013662338
0 0.3950038552284241 0.7521237134933472 0.02296654027886689 0.03434249013662338
0 0.2955804467201233 0.753574550151825 0.02296654027886689 0.03434249013662338
0 0.19510959088802338 0.7550406455993652 0.02296654027886689 0.03434249013662338