0 0.6922830939292908 0.15272921323776245 0.02309513723788162 0.03453478465477625
0 0.6174376010894775 0.1521720588207245 0.02309513723788162 0.03453478465477625
0 0.5418798923492432 0.1516095995903015 0.02309513723788162 0.03453478465477625
0 0.4655998647212982 0.15104176104068756 0.02309513723788162 0.03453478465477625
0 0.38858702778816223 0.15046848356723785 0.02309513723788162 0.03453478465477625
0 0.3108307719230652 0.14988966286182404 0.02309513723788162 0.03453478465477625
0 0.23232029378414154 0.14930522441864014 0.02309513723788162 0.03453478465477625
0 0.7042508721351624 0.23264080286026 0.02309513723788162 0.03453478465477625
0 0.6267125010490417 0.23245546221733093 0.02309513723788162 0.03453478465477625
0 0.5484090447425842 0.232268288731575 0.02309513723788162 0.03453478465477625
0 0.46932917833328247 0.23207926750183105 0.02309513723788162 0.03453478465477625
0 0.3894612491130829 0.23188836872577667 0.02309513723788162 0.03453478465477625
0 0.30879345536231995 0.23169554769992828 0.02309513723788162 0.03453478465477625
0 0.22731368243694305 0.2315007895231247 0.02309513723788162 0.03453478465477625
0 0.7171276211738586 0.31862154603004456 0.02309513723788162 0.03453478465477625
0 0.6366954445838928 0.3188673257827759 0.02309513723788162 0.03453478465477625
0 0.5554391145706177 0.31911563873291016 0.02309513723788162 0.03453478465477625
0 0.4733460545539856 0.3193665146827698 0.02309513723788162 0.03453478465477625
0 0.39040324091911316 0.3196199834346771 0.02309513723788162 0.03453478465477625
0 0.30659735202789307 0.3198760747909546 0.02309513723788162 0.03453478465477625
0 0.22191490232944489 0.32013487815856934 0.02309513723788162 0.03453478465477625
0 0.731020987033844 0.41139012575149536 0.02309513723788162 0.03453478465477625
0 0.6474706530570984 0.4121372401714325 0.02309513723788162 0.03453478465477625
0 0.5630301237106323 0.41289231181144714 0.02309513723788162 0.03453478465477625
0 0.47768518328666687 0.41365545988082886 0.02309513723788162 0.03453478465477625
0 0.39142119884490967 0.4144268333911896 0.02309513723788162 0.03453478465477625
0 0.3042232096195221 0.41520655155181885 0.02309513723788162 0.03453478465477625
0 0.21607597172260284 0.415994793176651 0.02309513723788162 0.03453478465477625
0 0.7460561990737915 0.5117834210395813 0.02309513723788162 0.03453478465477625
0 0.6591363549232483 0.5131153464317322 0.02309513723788162 0.03453478465477625
0 0.5712519884109497 0.5144620537757874 0.02309513723788162 0.03453478465477625
0 0.48238691687583923 0.5158237814903259 0.02309513723788162 0.03453478465477625
0 0.39252468943595886 0.5172008275985718 0.02309513723788162 0.03453478465477625
0 0.30164840817451477 0.5185933709144592 0.02309513723788162 0.03453478465477625
0 0.2097408026456833 0.5200017094612122 0.02309513723788162 0.03453478465477625
0 0.7623801231384277 0.6207817196846008 0.02309513723788162 0.03453478465477625
0 0.6718077063560486 0.6227984428405762 0.02309513723788162 0.03453478465477625
0 0.580186665058136 0.6248384714126587 0.02309513723788162 0.03453478465477625
0 0.4874986708164215 0.6269022226333618 0.02309513723788162 0.03453478465477625
0 0.3937249779701233 0.6289901733398438 0.02309513723788162 0.03453478465477625
0 0.29884642362594604 0.6311027407646179 0.02309513723788162 0.03453478465477625
0 0.2028433233499527 0.6332403421401978 0.02309513723788162 0.03453478465477625
0 0.7801659107208252 0.7395409345626831 0.02309513723788162 0.03453478465477625
0 0.6856206655502319 0.7423627376556396 0.02309513723788162 0.03453478465477625
0 0.5899311900138855 0.7452187538146973 0.02309513723788162 0.03453478465477625
0 0.4930765628814697 0.7481095194816589 0.02309513723788162 0.03453478465477625
0 0.39503541588783264 0.7510356903076172 0.02309513723788162 0.03453478465477625
0 0.2957857847213745 0.7539979219436646 0.02309513723788162 0.03453478465477625
0 0.19530519843101501 0.7569969296455383 0.02309513723788162 0.03453478465477625