0 0.1607462763786316 0.6126877069473267 0.03097056100765864 0.03097056100765864
0 0.24884529411792755 0.6223926544189453 0.03097056100765864 0.03097056100765864
0 0.3376931846141815 0.6321800351142883 0.03097056100765864 0.03097056100765864
0 0.4272995591163635 0.6420510411262512 0.03097056100765864 0.03097056100765864
0 0.5176741480827332 0.6520066261291504 0.03097056100765864 0.03097056100765864
0 0.6088268160820007 0.6620479822158813 0.03097056100765864 0.03097056100765864
0 0.7007677555084229 0.6721761226654053 0.03097056100765864 0.03097056100765864
0 0.17911000549793243 0.5272094011306763 0.03097056100765864 0.03097056100765864
0 0.26512011885643005 0.5363230109214783 0.03097056100765864 0.03097056100765864
0 0.35184332728385925 0.5455121994018555 0.03097056100765864 0.03097056100765864
0 0.43928852677345276 0.5547778606414795 0.03097056100765864 0.03097056100765864
0 0.527464747428894 0.5641209483146667 0.03097056100765864 0.03097056100765864
0 0.6163812279701233 0.5735425353050232 0.03097056100765864 0.03097056100765864
0 0.7060472965240479 0.5830435156822205 0.03097056100765864 0.03097056100765864
0 0.19659645855426788 0.4458145797252655 0.03097056100765864 0.03097056100765864
0 0.28061437606811523 0.45438164472579956 0.03097056100765864 0.03097056100765864
0 0.36531203985214233 0.4630180597305298 0.03097056100765864 0.03097056100765864
0 0.45069780945777893 0.47172459959983826 0.03097056100765864 0.03097056100765864
0 0.536780059337616 0.480502188205719 0.03097056100765864 0.03097056100765864
0 0.6235674023628235 0.48935166001319885 0.03097056100765864 0.03097056100765864
0 0.7110684514045715 0.49827390909194946 0.03097056100765864 0.03097056100765864
0 0.21326705813407898 0.3682173490524292 0.03097056100765864 0.03097056100765864
0 0.2953828275203705 0.37627846002578735 0.03097056100765864 0.03097056100765864
0 0.3781473934650421 0.384403258562088 0.03097056100765864 0.03097056100765864
0 0.4615684449672699 0.39259248971939087 0.03097056100765864 0.03097056100765864
0 0.5456538200378418 0.4008469581604004 0.03097056100765864 0.03097056100765864
0 0.6304115056991577 0.40916740894317627 0.03097056100765864 0.03097056100765864
0 0.7158496379852295 0.417554646730423 0.03097056100765864 0.03097056100765864
0 0.2291775941848755 0.29415804147720337 0.03097056100765864 0.03097056100765864
0 0.3094753623008728 0.30174991488456726 0.03097056100765864 0.03097056100765864
0 0.3903929889202118 0.30940040946006775 0.03097056100765864 0.03097056100765864
0 0.4719376564025879 0.31711021065711975 0.03097056100765864 0.03097056100765864
0 0.5541167259216309 0.3248799443244934 0.03097056100765864 0.03097056100765864
0 0.6369374990463257 0.3327103853225708 0.03097056100765864 0.03097056100765864
0 0.7204076647758484 0.34060221910476685 0.03097056100765864 0.03097056100765864
0 0.24437887966632843 0.2234000712633133 0.03097056100765864 0.03097056100765864
0 0.32293733954429626 0.2305561602115631 0.03097056100765864 0.03097056100765864
0 0.40208861231803894 0.23776623606681824 0.03097056100765864 0.03097056100765864
0 0.4818394184112549 0.24503092467784882 0.03097056100765864 0.03097056100765864
0 0.5621966123580933 0.2523508369922638 0.03097056100765864 0.03097056100765864
0 0.6431670784950256 0.2597266435623169 0.03097056100765864 0.03097056100765864
0 0.7247579097747803 0.26715895533561707 0.03097056100765864 0.03097056100765864
0 0.25891730189323425 0.1557275354862213 0.03097056100765864 0.03097056100765864
0 0.3358101546764374 0.1624782234430313 0.03097056100765864 0.03097056100765864
0 0.4132704734802246 0.16927872598171234 0.03097056100765864 0.03097056100765864
0 0.4913046061992645 0.17612960934638977 0.03097056100765864 0.03097056100765864
0 0.5699189305305481 0.18303142488002777 0.03097056100765864 0.03097056100765864
0 0.6491199135780334 0.1899847388267517 0.03097056100765864 0.03097056100765864
0 0.7289141416549683 0.19699016213417053 0.03097056100765864 0.03097056100765864