0 0.3348892629146576 0.6138535737991333 0.019813699647784233 0.026418266197045643
0 0.4108145534992218 0.6102110743522644 0.019813699647784233 0.026418266197045643
0 0.48643362522125244 0.6065832376480103 0.019813699647784233 0.026418266197045643
0 0.5617482662200928 0.6029700040817261 0.019813699647784233 0.026418266197045643
0 0.6367603540420532 0.5993713140487671 0.019813699647784233 0.026418266197045643
0 0.7114717364311218 0.5957870483398438 0.019813699647784233 0.026418266197045643
0 0.7858842015266418 0.5922170877456665 0.019813699647784233 0.026418266197045643
0 0.34035420417785645 0.5301428437232971 0.019813699647784233 0.026418266197045643
0 0.41260451078414917 0.5268371105194092 0.019813699647784233 0.026418266197045643
0 0.4845774173736572 0.5235440731048584 0.019813699647784233 0.026418266197045643
0 0.5562745332717896 0.520263671875 0.019813699647784233 0.026418266197045643
0 0.6276974678039551 0.5169957876205444 0.019813699647784233 0.026418266197045643
0 0.698847770690918 0.5137404203414917 0.019813699647784233 0.026418266197045643
0 0.7697270512580872 0.5104974508285522 0.019813699647784233 0.026418266197045643
0 0.34531497955322266 0.4541546702384949 0.019813699647784233 0.026418266197045643
0 0.4142296314239502 0.4511405825614929 0.019813699647784233 0.026418266197045643
0 0.48289185762405396 0.4481375217437744 0.019813699647784233 0.026418266197045643
0 0.5513030290603638 0.4451454281806946 0.019813699647784233 0.026418266197045643
0 0.6194645762443542 0.44216427206993103 0.019813699647784233 0.026418266197045643
0 0.6873778700828552 0.4391939640045166 0.019813699647784233 0.026418266197045643
0 0.755044162273407 0.4362344741821289 0.019813699647784233 0.026418266197045643
0 0.3498382866382599 0.3848675787448883 0.019813699647784233 0.026418266197045643
0 0.4157116711139679 0.382107675075531 0.019813699647784233 0.026418266197045643
0 0.48135438561439514 0.3793574571609497 0.019813699647784233 0.026418266197045643
0 0.5467676520347595 0.37661683559417725 0.019813699647784233 0.026418266197045643
0 0.6119526624679565 0.37388575077056885 0.019813699647784233 0.026418266197045643
0 0.6769105792045593 0.3711642026901245 0.019813699647784233 0.026418266197045643
0 0.7416425943374634 0.36845213174819946 0.019813699647784233 0.026418266197045643
0 0.35397952795028687 0.32143262028694153 0.019813699647784233 0.026418266197045643
0 0.4170687794685364 0.3188956379890442 0.019813699647784233 0.026418266197045643
0 0.4799463748931885 0.31636717915534973 0.019813699647784233 0.026418266197045643
0 0.5426133871078491 0.313847154378891 0.019813699647784233 0.026418266197045643
0 0.605070948600769 0.31133559346199036 0.019813699647784233 0.026418266197045643
0 0.6673200130462646 0.30883240699768066 0.019813699647784233 0.026418266197045643
0 0.7293616533279419 0.3063375651836395 0.019813699647784233 0.026418266197045643
0 0.3577851951122284 0.2631383538246155 0.019813699647784233 0.026418266197045643
0 0.4183160662651062 0.26079797744750977 0.019813699647784233 0.026418266197045643
0 0.47865208983421326 0.25846514105796814 0.019813699647784233 0.026418266197045643
0 0.538794219493866 0.2561397850513458 0.019813699647784233 0.026418266197045643
0 0.5987433195114136 0.2538219094276428 0.019813699647784233 0.026418266197045643
0 0.6585004329681396 0.25151145458221436 0.019813699647784233 0.026418266197045643
0 0.718066394329071 0.24920840561389923 0.019813699647784233 0.026418266197045643
0 0.3612944483757019 0.2093842327594757 0.019813699647784233 0.026418266197045643
0 0.4194663465023041 0.20721815526485443 0.019813699647784233 0.026418266197045643
0 0.47745826840400696 0.2050587683916092 0.019813699647784233 0.026418266197045643
0 0.5352710485458374 0.2029060423374176 0.019813699647784233 0.026418266197045643
0 0.5929055213928223 0.20075997710227966 0.019813699647784233 0.026418266197045643
0 0.650362491607666 0.1986205130815506 0.019813699647784233 0.026418266197045643
0 0.7076427340507507 0.19648762047290802 0.019813699647784233 0.026418266197045643