0 0.68370121717453 0.1753547340631485 0.025349386036396027 0.033799181381861367
0 0.617420494556427 0.17566967010498047 0.025349386036396027 0.033799181381861367
0 0.5504108667373657 0.17598804831504822 0.025349386036396027 0.033799181381861367
0 0.48266029357910156 0.1763099581003189 0.025349386036396027 0.033799181381861367
0 0.41415637731552124 0.17663545906543732 0.025349386036396027 0.033799181381861367
0 0.3448864817619324 0.17696458101272583 0.025349386036396027 0.033799181381861367
0 0.2748377323150635 0.1772974133491516 0.025349386036396027 0.033799181381861367
0 0.696225643157959 0.2385084331035614 0.025349386036396027 0.033799181381861367
0 0.6267969012260437 0.23920078575611115 0.025349386036396027 0.033799181381861367
0 0.5565673112869263 0.2399011254310608 0.025349386036396027 0.033799181381861367
0 0.4855230152606964 0.24060958623886108 0.025349386036396027 0.033799181381861367
0 0.41364970803260803 0.24132631719112396 0.025349386036396027 0.033799181381861367
0 0.34093281626701355 0.24205145239830017 0.025349386036396027 0.033799181381861367
0 0.26735737919807434 0.24278515577316284 0.025349386036396027 0.033799181381861367
0 0.7100213766098022 0.30807265639305115 0.025349386036396027 0.033799181381861367
0 0.6371307969093323 0.3092195987701416 0.025349386036396027 0.033799181381861367
0 0.5633562803268433 0.3103804588317871 0.025349386036396027 0.033799181381861367
0 0.4886816442012787 0.3115554749965668 0.025349386036396027 0.033799181381861367
0 0.41309037804603577 0.31274494528770447 0.025349386036396027 0.033799181381861367
0 0.33656543493270874 0.3139490783214569 0.025349386036396027 0.033799181381861367
0 0.2590894401073456 0.315168172121048 0.025349386036396027 0.033799181381861367
0 0.7252923250198364 0.3850756585597992 0.025349386036396027 0.033799181381861367
0 0.6485767364501953 0.38677334785461426 0.025349386036396027 0.033799181381861367
0 0.5708804726600647 0.38849279284477234 0.025349386036396027 0.033799181381861367
0 0.492184579372406 0.3902343213558197 0.025349386036396027 0.033799181381861367
0 0.41246968507766724 0.39199841022491455 0.025349386036396027 0.033799181381861367
0 0.33171582221984863 0.3937855064868927 0.025349386036396027 0.033799181381861367
0 0.24990257620811462 0.3955960273742676 0.025349386036396027 0.033799181381861367
0 0.7422884702682495 0.4707779884338379 0.025349386036396027 0.033799181381861367
0 0.6613244414329529 0.47314751148223877 0.025349386036396027 0.033799181381861367
0 0.5792661905288696 0.47554904222488403 0.025349386036396027 0.033799181381861367
0 0.4960913062095642 0.4779832661151886 0.025349386036396027 0.033799181381861367
0 0.41177693009376526 0.480450838804245 0.025349386036396027 0.033799181381861367
0 0.32629942893981934 0.48295244574546814 0.025349386036396027 0.033799181381861367
0 0.23963457345962524 0.48548880219459534 0.025349386036396027 0.033799181381861367
0 0.7613197565078735 0.5667421817779541 0.025349386036396027 0.033799181381861367
0 0.6756094694137573 0.569937527179718 0.025349386036396027 0.033799181381861367
0 0.5886703729629517 0.5731787085533142 0.025349386036396027 0.033799181381861367
0 0.5004759430885315 0.5764666795730591 0.025349386036396027 0.033799181381861367
0 0.41099879145622253 0.5798024535179138 0.025349386036396027 0.033799181381861367
0 0.320210725069046 0.5831871032714844 0.025349386036396027 0.033799181381861367
0 0.22808267176151276 0.5866217613220215 0.025349386036396027 0.033799181381861367
0 0.7827749252319336 0.674928605556488 0.025349386036396027 0.033799181381861367
0 0.6917275786399841 0.6791483759880066 0.025349386036396027 0.033799181381861367
0 0.5992906093597412 0.6834325194358826 0.025349386036396027 0.033799181381861367
0 0.5054319500923157 0.6877825856208801 0.025349386036396027 0.033799181381861367
0 0.4101185202598572 0.6922000646591187 0.025349386036396027 0.033799181381861367
0 0.3133162558078766 0.6966865658760071 0.025349386036396027 0.033799181381861367
0 0.21498998999595642 0.7012436389923096 0.025349386036396027 0.033799181381861367