0 0.33717721700668335 0.38192689418792725 0.01939964294433594 0.025866190592447918
0 0.3320194184780121 0.43966609239578247 0.01939964294433594 0.025866190592447918
0 0.3265463411808014 0.500934362411499 0.01939964294433594 0.025866190592447918
0 0.32072821259498596 0.5660654902458191 0.01939964294433594 0.025866190592447918
0 0.3145313262939453 0.6354366540908813 0.01939964294433594 0.025866190592447918
0 0.30791741609573364 0.7094758749008179 0.01939964294433594 0.025866190592447918
0 0.3008429706096649 0.7886707186698914 0.01939964294433594 0.025866190592447918
0 0.39946553111076355 0.38435685634613037 0.01939964294433594 0.025866190592447918
0 0.3961583077907562 0.44210779666900635 0.01939964294433594 0.025866190592447918
0 0.3926491439342499 0.5033847689628601 0.01939964294433594 0.025866190592447918
0 0.3889189660549164 0.5685208439826965 0.01939964294433594 0.025866190592447918
0 0.38494622707366943 0.6378924250602722 0.01939964294433594 0.025866190592447918
0 0.3807065188884735 0.7119265198707581 0.01939964294433594 0.025866190592447918
0 0.37617191672325134 0.7911096215248108 0.01939964294433594 0.025866190592447918
0 0.4616277813911438 0.38678187131881714 0.01939964294433594 0.025866190592447918
0 0.46016353368759155 0.44454440474510193 0.01939964294433594 0.025866190592447918
0 0.4586099684238434 0.5058298707008362 0.01939964294433594 0.025866190592447918
0 0.45695868134498596 0.5709707140922546 0.01939964294433594 0.025866190592447918
0 0.4552001357078552 0.6403425335884094 0.01939964294433594 0.025866190592447918
0 0.4533235430717468 0.714371383190155 0.01939964294433594 0.025866190592447918
0 0.45131656527519226 0.7935425639152527 0.01939964294433594 0.025866190592447918
0 0.5236642956733704 0.3892019987106323 0.01939964294433594 0.025866190592447918
0 0.5240355134010315 0.4469759464263916 0.01939964294433594 0.025866190592447918
0 0.5244292616844177 0.508269727230072 0.01939964294433594 0.025866190592447918
0 0.5248478055000305 0.5734151601791382 0.01939964294433594 0.025866190592447918
0 0.5252935290336609 0.6427870988845825 0.01939964294433594 0.025866190592447918
0 0.5257691144943237 0.7168105244636536 0.01939964294433594 0.025866190592447918
0 0.5262776613235474 0.795969545841217 0.01939964294433594 0.025866190592447918
0 0.585575520992279 0.3916172385215759 0.01939964294433594 0.025866190592447918
0 0.5877746343612671 0.44940245151519775 0.01939964294433594 0.025866190592447918
0 0.5901075601577759 0.5107043981552124 0.01939964294433594 0.025866190592447918
0 0.5925869345664978 0.5758542418479919 0.01939964294433594 0.025866190592447918
0 0.5952270030975342 0.645226001739502 0.01939964294433594 0.025866190592447918
0 0.5980438590049744 0.7192438244819641 0.01939964294433594 0.025866190592447918
0 0.6010558605194092 0.7983906269073486 0.01939964294433594 0.025866190592447918
0 0.6473618149757385 0.39402762055397034 0.01939964294433594 0.025866190592447918
0 0.6513813734054565 0.451823890209198 0.01939964294433594 0.025866190592447918
0 0.6556452512741089 0.5131338238716125 0.01939964294433594 0.025866190592447918
0 0.6601765155792236 0.5782879590988159 0.01939964294433594 0.025866190592447918
0 0.6650010347366333 0.647659420967102 0.01939964294433594 0.025866190592447918
0 0.6701483130455017 0.721671462059021 0.01939964294433594 0.025866190592447918
0 0.6756518483161926 0.8008058071136475 0.01939964294433594 0.025866190592447918
0 0.7090235948562622 0.39643311500549316 0.01939964294433594 0.025866190592447918
0 0.7148560881614685 0.4542403221130371 0.01939964294433594 0.025866190592447918
0 0.721042811870575 0.5155580639839172 0.01939964294433594 0.025866190592447918
0 0.7276170253753662 0.5807162523269653 0.01939964294433594 0.025866190592447918
0 0.7346162796020508 0.650087296962738 0.01939964294433594 0.025866190592447918
0 0.7420831918716431 0.7240933775901794 0.01939964294433594 0.025866190592447918
0 0.7500662803649902 0.8032151460647583 0.01939964294433594 0.025866190592447918