0 0.7280002236366272 0.1818975955247879 0.0252214428037405 0.033628590404987335
0 0.6599145531654358 0.17963269352912903 0.0252214428037405 0.033628590404987335
0 0.5916657447814941 0.1773623675107956 0.0252214428037405 0.033628590404987335
0 0.5232531428337097 0.17508657276630402 0.0252214428037405 0.033628590404987335
0 0.45467618107795715 0.1728053241968155 0.0252214428037405 0.033628590404987335
0 0.3859342634677887 0.17051859200000763 0.0252214428037405 0.033628590404987335
0 0.317026823759079 0.16822634637355804 0.0252214428037405 0.033628590404987335
0 0.738997220993042 0.24586454033851624 0.0252214428037405 0.033628590404987335
0 0.6676612496376038 0.24357128143310547 0.0252214428037405 0.033628590404987335
0 0.5961461067199707 0.24127225577831268 0.0252214428037405 0.033628590404987335
0 0.5244510769844055 0.23896746337413788 0.0252214428037405 0.033628590404987335
0 0.45257556438446045 0.23665685951709747 0.0252214428037405 0.033628590404987335
0 0.3805188238620758 0.23434042930603027 0.0252214428037405 0.033628590404987335
0 0.30828019976615906 0.23201815783977509 0.0252214428037405 0.033628590404987335
0 0.7511003017425537 0.31626516580581665 0.0252214428037405 0.033628590404987335
0 0.6761881113052368 0.3139491677284241 0.0252214428037405 0.033628590404987335
0 0.6010783314704895 0.3116270899772644 0.0252214428037405 0.033628590404987335
0 0.5257700681686401 0.3092988431453705 0.0252214428037405 0.033628590404987335
0 0.45026257634162903 0.3069644570350647 0.0252214428037405 0.033628590404987335
0 0.3745551109313965 0.30462387204170227 0.0252214428037405 0.033628590404987335
0 0.29864680767059326 0.3022770881652832 0.0252214428037405 0.033628590404987335
0 0.7644851803779602 0.3941214978694916 0.0252214428037405 0.033628590404987335
0 0.6856192946434021 0.3917907178401947 0.0252214428037405 0.033628590404987335
0 0.6065343022346497 0.3894534707069397 0.0252214428037405 0.033628590404987335
0 0.5272292494773865 0.3871096968650818 0.0252214428037405 0.033628590404987335
0 0.4477032721042633 0.38475939631462097 0.0252214428037405 0.033628590404987335
0 0.36795538663864136 0.38240256905555725 0.0252214428037405 0.033628590404987335
0 0.287984699010849 0.38003912568092346 0.0252214428037405 0.033628590404987335
0 0.7793667912483215 0.48068416118621826 0.0252214428037405 0.033628590404987335
0 0.6961066722869873 0.4783496856689453 0.0252214428037405 0.033628590404987335
0 0.612602174282074 0.4760083556175232 0.0252214428037405 0.033628590404987335
0 0.5288523435592651 0.4736601412296295 0.0252214428037405 0.033628590404987335
0 0.44485607743263245 0.4713050127029419 0.0252214428037405 0.033628590404987335
0 0.3606122136116028 0.4689429700374603 0.0252214428037405 0.033628590404987335
0 0.2761197090148926 0.46657392382621765 0.0252214428037405 0.033628590404987335
0 0.7960110902786255 0.57750004529953 0.0252214428037405 0.033628590404987335
0 0.7078381180763245 0.5751773715019226 0.0252214428037405 0.033628590404987335
0 0.6193910837173462 0.5728474259376526 0.0252214428037405 0.033628590404987335
0 0.5306686162948608 0.57051020860672 0.0252214428037405 0.033628590404987335
0 0.4416695237159729 0.5681657791137695 0.0252214428037405 0.033628590404987335
0 0.3523924648761749 0.5658139586448669 0.0252214428037405 0.033628590404987335
0 0.26283615827560425 0.563454806804657 0.0252214428037405 0.033628590404987335
0 0.8147510290145874 0.6865055561065674 0.0252214428037405 0.033628590404987335
0 0.7210491299629211 0.6842162013053894 0.0252214428037405 0.033628590404987335
0 0.627037525177002 0.681919276714325 0.0252214428037405 0.033628590404987335
0 0.5327147245407104 0.679614782333374 0.0252214428037405 0.033628590404987335
0 0.4380791187286377 0.6773026585578918 0.0252214428037405 0.033628590404987335
0 0.3431292176246643 0.6749827861785889 0.0252214428037405 0.033628590404987335
0 0.24786342680454254 0.6726552248001099 0.0252214428037405 0.033628590404987335