0 0.7537874579429626 0.19445064663887024 0.03525640815496445 0.03525640815496445
0 0.676917552947998 0.19467833638191223 0.03525640815496445 0.03525640815496445
0 0.6001174449920654 0.1949058324098587 0.03525640815496445 0.03525640815496445
0 0.5233868956565857 0.19513310492038727 0.03525640815496445 0.03525640815496445
0 0.4467259645462036 0.1953601837158203 0.03525640815496445 0.03525640815496445
0 0.37013447284698486 0.19558705389499664 0.03525640815496445 0.03525640815496445
0 0.29361236095428467 0.19581373035907745 0.03525640815496445 0.03525640815496445
0 0.7630703449249268 0.24852079153060913 0.03525640815496445 0.03525640815496445
0 0.6830511689186096 0.24873225390911102 0.03525640815496445 0.03525640815496445
0 0.6031075119972229 0.2489435225725174 0.03525640815496445 0.03525640815496445
0 0.5232393741607666 0.24915459752082825 0.03525640815496445 0.03525640815496445
0 0.4434466063976288 0.24936546385288239 0.03525640815496445 0.03525640815496445
0 0.3637290596961975 0.249576136469841 0.03525640815496445 0.03525640815496445
0 0.2840866446495056 0.2497866004705429 0.03525640815496445 0.03525640815496445
0 0.7731455564498901 0.3072061538696289 0.03525640815496445 0.03525640815496445
0 0.6897079944610596 0.3073977530002594 0.03525640815496445 0.03525640815496445
0 0.6063526272773743 0.3075891435146332 0.03525640815496445 0.03525640815496445
0 0.5230792760848999 0.30778032541275024 0.03525640815496445 0.03525640815496445
0 0.4398878514766693 0.30797135829925537 0.03525640815496445 0.03525640815496445
0 0.35677823424339294 0.3081621825695038 0.03525640815496445 0.03525640815496445
0 0.27375027537345886 0.30835282802581787 0.03525640815496445 0.03525640815496445
0 0.7841190695762634 0.3711239993572235 0.03525640815496445 0.03525640815496445
0 0.696958065032959 0.37129124999046326 0.03525640815496445 0.03525640815496445
0 0.6098867654800415 0.3714582920074463 0.03525640815496445 0.03525640815496445
0 0.5229049324989319 0.3716251850128174 0.03525640815496445 0.03525640815496445
0 0.43601247668266296 0.37179189920425415 0.03525640815496445 0.03525640815496445
0 0.3492092490196228 0.371958464384079 0.03525640815496445 0.03525640815496445
0 0.26249513030052185 0.3721248209476471 0.03525640815496445 0.03525640815496445
0 0.7961166501045227 0.4410068094730377 0.03525640815496445 0.03525640815496445
0 0.70488440990448 0.441144198179245 0.03525640815496445 0.03525640815496445
0 0.6137503385543823 0.4412814676761627 0.03525640815496445 0.03525640815496445
0 0.5227143168449402 0.4414185583591461 0.03525640815496445 0.03525640815496445
0 0.431776225566864 0.44155552983283997 0.03525640815496445 0.03525640815496445
0 0.3409358263015747 0.4416923224925995 0.03525640815496445 0.03525640815496445
0 0.2501929998397827 0.44182899594306946 0.03525640815496445 0.03525640815496445
0 0.8092886805534363 0.5177304148674011 0.03525640815496445 0.03525640815496445
0 0.713586151599884 0.5178312063217163 0.03525640815496445 0.03525640815496445
0 0.6179916858673096 0.5179318785667419 0.03525640815496445 0.03525640815496445
0 0.5225051045417786 0.518032431602478 0.03525640815496445 0.03525640815496445
0 0.4271261990070343 0.5181328654289246 0.03525640815496445 0.03525640815496445
0 0.33185479044914246 0.5182331800460815 0.03525640815496445 0.03525640815496445
0 0.2366907149553299 0.518333375453949 0.03525640815496445 0.03525640815496445
0 0.8238164782524109 0.6023509502410889 0.03525640815496445 0.03525640815496445
0 0.7231830954551697 0.6024066805839539 0.03525640815496445 0.03525640815496445
0 0.6226691007614136 0.6024622917175293 0.03525640815496445 0.03525640815496445
0 0.522274374961853 0.6025179028511047 0.03525640815496445 0.03525640815496445
0 0.4219987094402313 0.6025733947753906 0.03525640815496445 0.03525640815496445
0 0.321841835975647 0.6026288270950317 0.03525640815496445 0.03525640815496445
0 0.22180360555648804 0.6026841998100281 0.03525640815496445 0.03525640815496445