0 0.7019105553627014 0.18170344829559326 0.02466517686843872 0.032886902491251625
0 0.635910153388977 0.18330265581607819 0.02466517686843872 0.032886902491251625
0 0.5698234438896179 0.18490393459796906 0.02466517686843872 0.032886902491251625
0 0.5036502480506897 0.18650732934474945 0.02466517686843872 0.032886902491251625
0 0.43739038705825806 0.18811281025409698 0.02466517686843872 0.032886902491251625
0 0.37104371190071106 0.18972039222717285 0.02466517686843872 0.032886902491251625
0 0.304610013961792 0.19133009016513824 0.02466517686843872 0.032886902491251625
0 0.7133240103721619 0.2437150925397873 0.02466517686843872 0.032886902491251625
0 0.6440846920013428 0.24543547630310059 0.02466517686843872 0.032886902491251625
0 0.5747503638267517 0.2471582293510437 0.02466517686843872 0.032886902491251625
0 0.5053207874298096 0.24888333678245544 0.02466517686843872 0.032886902491251625
0 0.4357958137989044 0.2506108283996582 0.02466517686843872 0.032886902491251625
0 0.36617526412010193 0.2523406744003296 0.02466517686843872 0.032886902491251625
0 0.2964588701725006 0.2540729343891144 0.02466517686843872 0.032886902491251625
0 0.7259176969528198 0.3121388852596283 0.02466517686843872 0.032886902491251625
0 0.6531051397323608 0.31399762630462646 0.02466517686843872 0.032886902491251625
0 0.5801874399185181 0.3158590495586395 0.02466517686843872 0.032886902491251625
0 0.5071644186973572 0.3177231550216675 0.02466517686843872 0.032886902491251625
0 0.43403589725494385 0.3195899724960327 0.02466517686843872 0.032886902491251625
0 0.3608015775680542 0.32145947217941284 0.02466517686843872 0.032886902491251625
0 0.2874612510204315 0.32333168387413025 0.02466517686843872 0.032886902491251625
0 0.739884614944458 0.38802361488342285 0.02466517686843872 0.032886902491251625
0 0.6631098985671997 0.3900414705276489 0.02466517686843872 0.032886902491251625
0 0.5862182974815369 0.39206239581108093 0.02466517686843872 0.032886902491251625
0 0.5092095732688904 0.39408642053604126 0.02466517686843872 0.032886902491251625
0 0.43208348751068115 0.3961135149002075 0.02466517686843872 0.032886902491251625
0 0.3548397123813629 0.3981437087059021 0.02466517686843872 0.032886902491251625
0 0.2774779796600342 0.400177001953125 0.02466517686843872 0.032886902491251625
0 0.7554622888565063 0.4726599156856537 0.02466517686843872 0.032886902491251625
0 0.674269437789917 0.47486230731010437 0.02466517686843872 0.032886902491251625
0 0.5929458141326904 0.4770682454109192 0.02466517686843872 0.032886902491251625
0 0.5114911794662476 0.47927775979042053 0.02466517686843872 0.032886902491251625
0 0.4299051761627197 0.481490820646286 0.02466517686843872 0.032886902491251625
0 0.34818750619888306 0.483707457780838 0.02466517686843872 0.032886902491251625
0 0.2663378119468689 0.48592764139175415 0.02466517686843872 0.032886902491251625
0 0.7729464173316956 0.5676544308662415 0.02466517686843872 0.032886902491251625
0 0.6867958307266235 0.5700728297233582 0.02466517686843872 0.032886902491251625
0 0.6004980802536011 0.5724952816963196 0.02466517686843872 0.032886902491251625
0 0.51405268907547 0.5749219655990601 0.02466517686843872 0.032886902491251625
0 0.42745935916900635 0.57735276222229 0.02466517686843872 0.032886902491251625
0 0.3407176733016968 0.5797877311706543 0.02466517686843872 0.032886902491251625
0 0.2538272738456726 0.5822268724441528 0.02466517686843872 0.032886902491251625
0 0.7927098274230957 0.6750326156616211 0.02466517686843872 0.032886902491251625
0 0.7009567618370056 0.6777064204216003 0.02466517686843872 0.032886902491251625
0 0.6090366244316101 0.6803850531578064 0.02466517686843872 0.032886902491251625
0 0.5169490575790405 0.683068573474884 0.02466517686843872 0.032886902491251625
0 0.4246935248374939 0.685757040977478 0.02466517686843872 0.032886902491251625
0 0.3322696387767792 0.6884503364562988 0.02466517686843872 0.032886902491251625
0 0.23967686295509338 0.6911486387252808 0.02466517686843872 0.032886902491251625