0 0.2703225314617157 0.2173396199941635 0.03437537203232447 0.03437537203232447
0 0.3453245759010315 0.21708054840564728 0.03437537203232447 0.03437537203232447
0 0.4202985167503357 0.2168215960264206 0.03437537203232447 0.03437537203232447
0 0.4952443838119507 0.21656273305416107 0.03437537203232447 0.03437537203232447
0 0.5701621770858765 0.2163039594888687 0.03437537203232447 0.03437537203232447
0 0.6450519561767578 0.2160452902317047 0.03437537203232447 0.03437537203232447
0 0.7199137210845947 0.21578671038150787 0.03437537203232447 0.03437537203232447
0 0.2620469927787781 0.26962175965309143 0.03437537203232447 0.03437537203232447
0 0.3401002585887909 0.26934197545051575 0.03437537203232447 0.03437537203232447
0 0.41812312602996826 0.2690623104572296 0.03437537203232447 0.03437537203232447
0 0.4961155951023102 0.26878273487091064 0.03437537203232447 0.03437537203232447
0 0.5740776658058167 0.2685032784938812 0.03437537203232447 0.03437537203232447
0 0.6520093679428101 0.26822394132614136 0.03437537203232447 0.03437537203232447
0 0.7299107313156128 0.26794469356536865 0.03437537203232447 0.03437537203232447
0 0.25306978821754456 0.32633668184280396 0.03437537203232447 0.03437537203232447
0 0.33443310856819153 0.3260335326194763 0.03437537203232447 0.03437537203232447
0 0.41576337814331055 0.32573047280311584 0.03437537203232447 0.03437537203232447
0 0.497060626745224 0.3254275619983673 0.03437537203232447 0.03437537203232447
0 0.5783248543739319 0.3251247704029083 0.03437537203232447 0.03437537203232447
0 0.6595560908317566 0.3248220980167389 0.03437537203232447 0.03437537203232447
0 0.7407543659210205 0.324519544839859 0.03437537203232447 0.03437537203232447
0 0.24329774081707 0.3880730867385864 0.03437537203232447 0.03437537203232447
0 0.3282642960548401 0.38774341344833374 0.03437537203232447 0.03437537203232447
0 0.41319480538368225 0.3874138593673706 0.03437537203232447 0.03437537203232447
0 0.4980892837047577 0.3870844841003418 0.03437537203232447 0.03437537203232447
0 0.5829477906227112 0.38675519824028015 0.03437537203232447 0.03437537203232447
0 0.667770266532898 0.38642609119415283 0.03437537203232447 0.03437537203232447
0 0.7525568008422852 0.38609710335731506 0.03437537203232447 0.03437537203232447
0 0.23262041807174683 0.45552876591682434 0.03437537203232447 0.03437537203232447
0 0.32152411341667175 0.45516884326934814 0.03437537203232447 0.03437537203232447
0 0.41038835048675537 0.4548090696334839 0.03437537203232447 0.03437537203232447
0 0.49921315908432007 0.45444947481155396 0.03437537203232447 0.03437537203232447
0 0.5879985690116882 0.45409002900123596 0.03437537203232447 0.03437537203232447
0 0.6767445802688599 0.4537307322025299 0.03437537203232447 0.03437537203232447
0 0.765451192855835 0.4533716142177582 0.03437537203232447 0.03437537203232447
0 0.22090591490268707 0.5295370221138 0.03437537203232447 0.03437537203232447
0 0.3141293525695801 0.5291423797607422 0.03437537203232447 0.03437537203232447
0 0.4073094427585602 0.5287479758262634 0.03437537203232447 0.03437537203232447
0 0.5004461407661438 0.5283536911010742 0.03437537203232447 0.03437537203232447
0 0.5935395359992981 0.5279596447944641 0.03437537203232447 0.03437537203232447
0 0.6865895986557007 0.5275657176971436 0.03437537203232447 0.03437537203232447
0 0.7795964479446411 0.5271720290184021 0.03437537203232447 0.03437537203232447
0 0.20799537003040314 0.6111014485359192 0.03437537203232447 0.03437537203232447
0 0.30597978830337524 0.6106666922569275 0.03437537203232447 0.03437537203232447
0 0.40391629934310913 0.6102322340011597 0.03437537203232447 0.03437537203232447
0 0.5018048882484436 0.6097978949546814 0.03437537203232447 0.03437537203232447
0 0.5996456742286682 0.609363853931427 0.03437537203232447 0.03437537203232447
0 0.6974385976791382 0.6089299917221069 0.03437537203232447 0.03437537203232447
0 0.7951837182044983 0.6084963083267212 0.03437537203232447 0.03437537203232447