0 0.8048327565193176 0.1530194729566574 0.020313029622452128 0.03409179796775182
0 0.7324580550193787 0.15332159399986267 0.020313029622452128 0.03409179796775182
0 0.6601938009262085 0.15362323820590973 0.020313029622452128 0.03409179796775182
0 0.5880398750305176 0.15392442047595978 0.020313029622452128 0.03409179796775182
0 0.515995979309082 0.154225155711174 0.020313029622452128 0.03409179796775182
0 0.444061815738678 0.15452542901039124 0.020313029622452128 0.03409179796775182
0 0.3722371757030487 0.15482524037361145 0.020313029622452128 0.03409179796775182
0 0.8053210973739624 0.231854647397995 0.020313029622452128 0.03409179796775182
0 0.7300577759742737 0.23210616409778595 0.020313029622452128 0.03409179796775182
0 0.6549140214920044 0.23235727846622467 0.020313029622452128 0.03409179796775182
0 0.5798894762992859 0.23260800540447235 0.020313029622452128 0.03409179796775182
0 0.5049839019775391 0.2328583300113678 0.020313029622452128 0.03409179796775182
0 0.43019697070121765 0.2331082671880722 0.020313029622452128 0.03409179796775182
0 0.35552841424942017 0.23335778713226318 0.020313029622452128 0.03409179796775182
0 0.8058500289916992 0.31724873185157776 0.020313029622452128 0.03409179796775182
0 0.7274580597877502 0.317440003156662 0.020313029622452128 0.03409179796775182
0 0.649195671081543 0.3176310062408447 0.020313029622452128 0.03409179796775182
0 0.5710626840591431 0.3178216516971588 0.020313029622452128 0.03409179796775182
0 0.4930586516857147 0.3180120289325714 0.020313029622452128 0.03409179796775182
0 0.41518333554267883 0.31820204854011536 0.020313029622452128 0.03409179796775182
0 0.33743640780448914 0.3183917701244354 0.020313029622452128 0.03409179796775182
0 0.8064249157905579 0.4100557565689087 0.020313029622452128 0.03409179796775182
0 0.7246327996253967 0.4101752042770386 0.020313029622452128 0.03409179796775182
0 0.642981767654419 0.41029447317123413 0.020313029622452128 0.03409179796775182
0 0.5614715814590454 0.4104135036468506 0.020313029622452128 0.03409179796775182
0 0.4801017642021179 0.4105323255062103 0.020313029622452128 0.03409179796775182
0 0.3988720178604126 0.41065096855163574 0.020313029622452128 0.03409179796775182
0 0.3177819550037384 0.41076937317848206 0.020313029622452128 0.03409179796775182
0 0.807051956653595 0.5112848281860352 0.020313029622452128 0.03409179796775182
0 0.7215513586997986 0.5113183259963989 0.020313029622452128 0.03409179796775182
0 0.6362050175666809 0.5113517642021179 0.020313029622452128 0.03409179796775182
0 0.5510124564170837 0.5113851428031921 0.020313029622452128 0.03409179796775182
0 0.4659733176231384 0.5114184021949768 0.020313029622452128 0.03409179796775182
0 0.38108712434768677 0.5114516615867615 0.020313029622452128 0.03409179796775182
0 0.2963535189628601 0.5114848613739014 0.020313029622452128 0.03409179796775182
0 0.8077386021614075 0.6221368908882141 0.020313029622452128 0.03409179796775182
0 0.718177318572998 0.6220671534538269 0.020313029622452128 0.03409179796775182
0 0.628785252571106 0.6219975352287292 0.020313029622452128 0.03409179796775182
0 0.539561927318573 0.6219280362129211 0.020313029622452128 0.03409179796775182
0 0.45050686597824097 0.6218587160110474 0.020313029622452128 0.03409179796775182
0 0.3616195619106293 0.6217894554138184 0.020313029622452128 0.03409179796775182
0 0.2728995680809021 0.6217203736305237 0.020313029622452128 0.03409179796775182
0 0.8084937930107117 0.7440524697303772 0.020313029622452128 0.03409179796775182
0 0.7144668698310852 0.7438582181930542 0.020313029622452128 0.03409179796775182
0 0.6206264495849609 0.7436643838882446 0.020313029622452128 0.03409179796775182
0 0.5269719362258911 0.7434709072113037 0.020313029622452128 0.03409179796775182
0 0.4335028827190399 0.7432777881622314 0.020313029622452128 0.03409179796775182
0 0.3402186334133148 0.7430850863456726 0.020313029622452128 0.03409179796775182
0 0.24711869657039642 0.7428927421569824 0.020313029622452128 0.03409179796775182