0 0.7024543285369873 0.19220903515815735 0.02452489547431469 0.032699860632419586
0 0.636218249797821 0.1933288723230362 0.02452489547431469 0.032699860632419586
0 0.5697890520095825 0.1944519579410553 0.02452489547431469 0.032699860632419586
0 0.5031659603118896 0.19557833671569824 0.02452489547431469 0.032699860632419586
0 0.43634817004203796 0.19670799374580383 0.02452489547431469 0.032699860632419586
0 0.36933472752571106 0.19784097373485565 0.02452489547431469 0.032699860632419586
0 0.30212482810020447 0.1989772617816925 0.02452489547431469 0.032699860632419586
0 0.7130295634269714 0.255173921585083 0.02452489547431469 0.032699860632419586
0 0.6436497569084167 0.25644317269325256 0.02452489547431469 0.032699860632419586
0 0.5740580558776855 0.2577162981033325 0.02452489547431469 0.032699860632419586
0 0.5042535066604614 0.2589932978153229 0.02452489547431469 0.032699860632419586
0 0.4342351257801056 0.2602742314338684 0.02452489547431469 0.032699860632419586
0 0.36400192975997925 0.2615590989589691 0.02452489547431469 0.032699860632419586
0 0.2935529351234436 0.262847900390625 0.02452489547431469 0.032699860632419586
0 0.7246626615524292 0.3244372010231018 0.02452489547431469 0.032699860632419586
0 0.6518258452415466 0.32588091492652893 0.02452489547431469 0.032699860632419586
0 0.5787554383277893 0.32732927799224854 0.02452489547431469 0.032699860632419586
0 0.5054503083229065 0.3287822902202606 0.02452489547431469 0.032699860632419586
0 0.43190935254096985 0.3302399516105652 0.02452489547431469 0.032699860632419586
0 0.35813137888908386 0.3317023515701294 0.02452489547431469 0.032699860632419586
0 0.2841152548789978 0.33316943049430847 0.02452489547431469 0.032699860632419586
0 0.737520694732666 0.4009937047958374 0.02452489547431469 0.032699860632419586
0 0.6608642935752869 0.4026426076889038 0.02452489547431469 0.032699860632419586
0 0.5839491486549377 0.4042970538139343 0.02452489547431469 0.032699860632419586
0 0.506773829460144 0.40595710277557373 0.02452489547431469 0.032699860632419586
0 0.4293370246887207 0.4076227843761444 0.02452489547431469 0.032699860632419586
0 0.35163742303848267 0.40929409861564636 0.02452489547431469 0.032699860632419586
0 0.2736737132072449 0.41097113490104675 0.02452489547431469 0.032699860632419586
0 0.7518078088760376 0.48605936765670776 0.02452489547431469 0.032699860632419586
0 0.6709091663360596 0.4879514276981354 0.02452489547431469 0.032699860632419586
0 0.5897221565246582 0.4898501932621002 0.02452489547431469 0.032699860632419586
0 0.5082452297210693 0.49175575375556946 0.02452489547431469 0.032699860632419586
0 0.42647674679756165 0.4936681389808655 0.02452489547431469 0.032699860632419586
0 0.34441521763801575 0.49558737874031067 0.02452489547431469 0.032699860632419586
0 0.2620590925216675 0.4975135326385498 0.02452489547431469 0.032699860632419586
0 0.7677764296531677 0.5811363458633423 0.02452489547431469 0.032699860632419586
0 0.6821384429931641 0.5833190679550171 0.02452489547431469 0.032699860632419586
0 0.5961771607398987 0.5855100750923157 0.02452489547431469 0.032699860632419586
0 0.5098907351493835 0.5877093076705933 0.02452489547431469 0.032699860632419586
0 0.4232772886753082 0.5899168848991394 0.02452489547431469 0.032699860632419586
0 0.3363349735736847 0.5921328663825989 0.02452489547431469 0.032699860632419586
0 0.2490619421005249 0.5943572521209717 0.02452489547431469 0.032699860632419586
0 0.7857418656349182 0.6881024837493896 0.02452489547431469 0.032699860632419586
0 0.6947747468948364 0.690636157989502 0.02452489547431469 0.032699860632419586
0 0.6034426093101501 0.6931799650192261 0.02452489547431469 0.032699860632419586
0 0.5117432475090027 0.6957339644432068 0.02452489547431469 0.032699860632419586
0 0.41967451572418213 0.6982982754707336 0.02452489547431469 0.032699860632419586
0 0.3272341191768646 0.7008729577064514 0.02452489547431469 0.032699860632419586
0 0.2344198077917099 0.7034580707550049 0.02452489547431469 0.032699860632419586