0 0.3362473249435425 0.38665759563446045 0.019311461597681046 0.025748615463574726
0 0.33089250326156616 0.4444481432437897 0.019311461597681046 0.025748615463574726
0 0.325226366519928 0.5055990219116211 0.019311461597681046 0.025748615463574726
0 0.3192208707332611 0.5704120397567749 0.019311461597681046 0.025748615463574726
0 0.3128446340560913 0.6392263770103455 0.019311461597681046 0.025748615463574726
0 0.3060621917247772 0.7124242782592773 0.019311461597681046 0.025748615463574726
0 0.2988334894180298 0.7904385328292847 0.019311461597681046 0.025748615463574726
0 0.39801523089408875 0.387972354888916 0.019311461597681046 0.025748615463574726
0 0.39439940452575684 0.44589751958847046 0.019311461597681046 0.025748615463574726
0 0.3905729353427887 0.5071966648101807 0.019311461597681046 0.025748615463574726
0 0.3865169584751129 0.5721734166145325 0.019311461597681046 0.025748615463574726
0 0.3822100758552551 0.6411688923835754 0.019311461597681046 0.025748615463574726
0 0.3776283264160156 0.7145679593086243 0.019311461597681046 0.025748615463574726
0 0.37274453043937683 0.7928060293197632 0.019311461597681046 0.025748615463574726
0 0.4599859416484833 0.3892914652824402 0.019311461597681046 0.025748615463574726
0 0.4581206738948822 0.4473518133163452 0.019311461597681046 0.025748615463574726
0 0.45614659786224365 0.5087998509407043 0.019311461597681046 0.025748615463574726
0 0.4540538787841797 0.5739410519599915 0.019311461597681046 0.025748615463574726
0 0.45183148980140686 0.6431186199188232 0.019311461597681046 0.025748615463574726
0 0.4494670033454895 0.7167198061943054 0.019311461597681046 0.025748615463574726
0 0.44694629311561584 0.7951827645301819 0.019311461597681046 0.025748615463574726
0 0.5221604108810425 0.39061489701271057 0.019311461597681046 0.025748615463574726
0 0.5220574736595154 0.44881099462509155 0.019311461597681046 0.025748615463574726
0 0.521948516368866 0.5104086399078369 0.019311461597681046 0.025748615463574726
0 0.5218330025672913 0.5757150650024414 0.019311461597681046 0.025748615463574726
0 0.5217103362083435 0.6450755596160889 0.019311461597681046 0.025748615463574726
0 0.5215797424316406 0.7188798189163208 0.019311461597681046 0.025748615463574726
0 0.5214405655860901 0.7975689172744751 0.019311461597681046 0.025748615463574726
0 0.5845397710800171 0.39194267988204956 0.019311461597681046 0.025748615463574726
0 0.5862109065055847 0.45027512311935425 0.019311461597681046 0.025748615463574726
0 0.5879799127578735 0.5120230317115784 0.019311461597681046 0.025748615463574726
0 0.5898556113243103 0.5774954557418823 0.019311461597681046 0.025748615463574726
0 0.5918479561805725 0.6470397710800171 0.019311461597681046 0.025748615463574726
0 0.5939681529998779 0.72104811668396 0.019311461597681046 0.025748615463574726
0 0.5962290167808533 0.7999645471572876 0.019311461597681046 0.025748615463574726
0 0.6471248865127563 0.39327484369277954 0.019311461597681046 0.025748615463574726
0 0.6505820155143738 0.4517442286014557 0.019311461597681046 0.025748615463574726
0 0.6542419195175171 0.5136430859565735 0.019311461597681046 0.025748615463574726
0 0.6581229567527771 0.5792822241783142 0.019311461597681046 0.025748615463574726
0 0.6622458100318909 0.6490112543106079 0.019311461597681046 0.025748615463574726
0 0.6666338443756104 0.7232246994972229 0.019311461597681046 0.025748615463574726
0 0.671313464641571 0.8023695945739746 0.019311461597681046 0.025748615463574726
0 0.709916889667511 0.3946114182472229 0.019311461597681046 0.025748615463574726
0 0.7151719331741333 0.45321834087371826 0.019311461597681046 0.025748615463574726
0 0.7207357883453369 0.5152687430381775 0.019311461597681046 0.025748615463574726
0 0.7266364097595215 0.5810754299163818 0.019311461597681046 0.025748615463574726
0 0.7329054474830627 0.6509900689125061 0.019311461597681046 0.025748615463574726
0 0.739578366279602 0.7254096865653992 0.019311461597681046 0.025748615463574726
0 0.7466955780982971 0.8047841787338257 0.019311461597681046 0.025748615463574726