0 0.7472294569015503 0.17194764316082 0.038149441281954445 0.038149441281954445
0 0.6656158566474915 0.17087744176387787 0.038149441281954445 0.038149441281954445
0 0.5841999053955078 0.16980981826782227 0.038149441281954445 0.038149441281954445
0 0.5029809474945068 0.1687447875738144 0.038149441281954445 0.038149441281954445
0 0.42195814847946167 0.16768233478069305 0.038149441281954445 0.038149441281954445
0 0.3411308526992798 0.16662244498729706 0.038149441281954445 0.038149441281954445
0 0.26049840450286865 0.1655651032924652 0.038149441281954445 0.038149441281954445
0 0.7564066648483276 0.2282208651304245 0.038149441281954445 0.038149441281954445
0 0.6712304949760437 0.22703289985656738 0.038149441281954445 0.038149441281954445
0 0.5862696170806885 0.22584792971611023 0.038149441281954445 0.038149441281954445
0 0.5015231370925903 0.22466596961021423 0.038149441281954445 0.038149441281954445
0 0.4169903099536896 0.2234869748353958 0.038149441281954445 0.038149441281954445
0 0.33267030119895935 0.22231094539165497 0.038149441281954445 0.038149441281954445
0 0.248562291264534 0.2211378812789917 0.038149441281954445 0.038149441281954445
0 0.7664198279380798 0.28962036967277527 0.038149441281954445 0.038149441281954445
0 0.677355945110321 0.2882971465587616 0.038149441281954445 0.038149441281954445
0 0.5885273814201355 0.2869774401187897 0.038149441281954445 0.038149441281954445
0 0.499933123588562 0.2856612205505371 0.038149441281954445 0.038149441281954445
0 0.41157233715057373 0.28434842824935913 0.038149441281954445 0.038149441281954445
0 0.32344406843185425 0.2830391228199005 0.038149441281954445 0.038149441281954445
0 0.23554740846157074 0.2817332446575165 0.038149441281954445 0.038149441281954445
0 0.7773886919021606 0.3568800985813141 0.038149441281954445 0.038149441281954445
0 0.6840652227401733 0.35540062189102173 0.038149441281954445 0.038149441281954445
0 0.590999960899353 0.35392525792121887 0.038149441281954445 0.038149441281954445
0 0.4981919825077057 0.35245394706726074 0.038149441281954445 0.038149441281954445
0 0.4056401252746582 0.3509867191314697 0.038149441281954445 0.038149441281954445
0 0.313343346118927 0.34952351450920105 0.038149441281954445 0.038149441281954445
0 0.22130060195922852 0.3480643332004547 0.038149441281954445 0.038149441281954445
0 0.7894569635391235 0.4308810830116272 0.038149441281954445 0.038149441281954445
0 0.6914459466934204 0.42921990156173706 0.038149441281954445 0.038149441281954445
0 0.5937197208404541 0.42756354808807373 0.038149441281954445 0.038149441281954445
0 0.4962770640850067 0.4259119927883148 0.038149441281954445 0.038149441281954445
0 0.39911675453186035 0.4242652356624603 0.038149441281954445 0.038149441281954445
0 0.30223754048347473 0.4226232171058655 0.038149441281954445 0.038149441281954445
0 0.20563825964927673 0.42098596692085266 0.038149441281954445 0.038149441281954445
0 0.8027985692024231 0.5126902461051941 0.038149441281954445 0.038149441281954445
0 0.6996042132377625 0.5108162760734558 0.038149441281954445 0.038149441281954445
0 0.5967255234718323 0.508948028087616 0.038149441281954445 0.038149441281954445
0 0.4941610097885132 0.5070854425430298 0.038149441281954445 0.038149441281954445
0 0.39190927147865295 0.505228579044342 0.038149441281954445 0.038149441281954445
0 0.289968878030777 0.5033773183822632 0.038149441281954445 0.038149441281954445
0 0.18833836913108826 0.501531720161438 0.038149441281954445 0.038149441281954445
0 0.8176263570785522 0.6036123037338257 0.038149441281954445 0.038149441281954445
0 0.7086698412895203 0.6014871001243591 0.038149441281954445 0.038149441281954445
0 0.6000651121139526 0.5993687510490417 0.038149441281954445 0.038149441281954445
0 0.4918104112148285 0.5972571969032288 0.038149441281954445 0.038149441281954445
0 0.3839041292667389 0.5951524972915649 0.038149441281954445 0.038149441281954445
0 0.27634453773498535 0.593054473400116 0.038149441281954445 0.038149441281954445
0 0.16912996768951416 0.5909632444381714 0.038149441281954445 0.038149441281954445