0 0.7058449387550354 0.163787379860878 0.02290472312209507 0.03425005326668421
0 0.6304365396499634 0.16255073249340057 0.02290472312209507 0.03425005326668421
0 0.5544425845146179 0.16130447387695312 0.02290472312209507 0.03425005326668421
0 0.477856308221817 0.1600484997034073 0.02290472312209507 0.03425005326668421
0 0.40067073702812195 0.1587827056646347 0.02290472312209507 0.03425005326668421
0 0.32287880778312683 0.15750695765018463 0.02290472312209507 0.03425005326668421
0 0.24447335302829742 0.1562211513519287 0.02290472312209507 0.03425005326668421
0 0.7175444960594177 0.2433857023715973 0.02290472312209507 0.03425005326668421
0 0.6393851041793823 0.24242240190505981 0.02290472312209507 0.03425005326668421
0 0.5605961680412292 0.24145135283470154 0.02290472312209507 0.03425005326668421
0 0.4811701774597168 0.2404724359512329 0.02290472312209507 0.03425005326668421
0 0.4010993242263794 0.23948557674884796 0.02290472312209507 0.03425005326668421
0 0.3203757405281067 0.23849067091941833 0.02290472312209507 0.03425005326668421
0 0.2389913946390152 0.23748762905597687 0.02290472312209507 0.03425005326668421
0 0.7301419973373413 0.32909294962882996 0.02290472312209507 0.03425005326668421
0 0.6490232944488525 0.3284495174884796 0.02290472312209507 0.03425005326668421
0 0.567225992679596 0.3278006911277771 0.02290472312209507 0.03425005326668421
0 0.48474159836769104 0.3271464407444 0.02290472312209507 0.03425005326668421
0 0.4015613794326782 0.32648664712905884 0.02290472312209507 0.03425005326668421
0 0.31767651438713074 0.32582128047943115 0.02290472312209507 0.03425005326668421
0 0.2330779731273651 0.3251502215862274 0.02290472312209507 0.03425005326668421
0 0.7437448501586914 0.42164042592048645 0.02290472312209507 0.03425005326668421
0 0.6594340205192566 0.42137211561203003 0.02290472312209507 0.03425005326668421
0 0.5743895173072815 0.42110148072242737 0.02290472312209507 0.03425005326668421
0 0.48860180377960205 0.4208284914493561 0.02290472312209507 0.03425005326668421
0 0.40206095576286316 0.4205531179904938 0.02290472312209507 0.03425005326668421
0 0.3147571086883545 0.4202752709388733 0.02290472312209507 0.03425005326668421
0 0.22668007016181946 0.4199950098991394 0.02290472312209507 0.03425005326668421
0 0.7584784030914307 0.5218810439109802 0.02290472312209507 0.03425005326668421
0 0.6707140803337097 0.5220538973808289 0.02290472312209507 0.03425005326668421
0 0.5821539759635925 0.5222283601760864 0.02290472312209507 0.03425005326668421
0 0.49278724193573 0.5224044322967529 0.02290472312209507 0.03425005326668421
0 0.40260282158851624 0.5225820541381836 0.02290472312209507 0.03425005326668421
0 0.31158944964408875 0.522761344909668 0.02290472312209507 0.03425005326668421
0 0.21973560750484467 0.522942304611206 0.02290472312209507 0.03425005326668421
0 0.7744898796081543 0.6308156251907349 0.02290472312209507 0.03425005326668421
0 0.6829770803451538 0.6315091252326965 0.02290472312209507 0.03425005326668421
0 0.5905981659889221 0.6322091221809387 0.02290472312209507 0.03425005326668421
0 0.4973408877849579 0.6329157948493958 0.02290472312209507 0.03425005326668421
0 0.40319257974624634 0.6336292624473572 0.02290472312209507 0.03425005326668421
0 0.30814045667648315 0.634349524974823 0.02290472312209507 0.03425005326668421
0 0.21217140555381775 0.6350767612457275 0.02290472312209507 0.03425005326668421
0 0.7919530272483826 0.7496265769004822 0.02290472312209507 0.03425005326668421
0 0.6963573694229126 0.7509366869926453 0.02290472312209507 0.03425005326668421
0 0.5998155474662781 0.7522597312927246 0.02290472312209507 0.03425005326668421
0 0.5023135542869568 0.7535959482192993 0.02290472312209507 0.03425005326668421
0 0.4038368761539459 0.7549455165863037 0.02290472312209507 0.03425005326668421
0 0.3043709099292755 0.7563086748123169 0.02290472312209507 0.03425005326668421
0 0.20390063524246216 0.7576855421066284 0.02290472312209507 0.03425005326668421