0 0.7320302724838257 0.15332654118537903 0.0201846183070706 0.033876282473405205
0 0.6596040725708008 0.1532568782567978 0.0201846183070706 0.033876282473405205
0 0.5873146653175354 0.1531873494386673 0.0201846183070706 0.033876282473405205
0 0.5151617527008057 0.15311795473098755 0.0201846183070706 0.033876282473405205
0 0.44314494729042053 0.15304869413375854 0.0201846183070706 0.033876282473405205
0 0.3712638318538666 0.15297956764698029 0.0201846183070706 0.033876282473405205
0 0.29951801896095276 0.15291056036949158 0.0201846183070706 0.033876282473405205
0 0.7404493093490601 0.23282484710216522 0.0201846183070706 0.033876282473405205
0 0.6651453375816345 0.2326742708683014 0.0201846183070706 0.033876282473405205
0 0.5899893045425415 0.23252399265766144 0.0201846183070706 0.033876282473405205
0 0.5149807929992676 0.23237399756908417 0.0201846183070706 0.033876282473405205
0 0.44011929631233215 0.23222431540489197 0.0201846183070706 0.033876282473405205
0 0.3654044270515442 0.23207491636276245 0.0201846183070706 0.033876282473405205
0 0.29083576798439026 0.23192580044269562 0.0201846183070706 0.033876282473405205
0 0.7495636940002441 0.3188890218734741 0.0201846183070706 0.033876282473405205
0 0.6711438298225403 0.31864413619041443 0.0201846183070706 0.033876282473405205
0 0.5928844213485718 0.31839972734451294 0.0201846183070706 0.033876282473405205
0 0.5147848725318909 0.31815585494041443 0.0201846183070706 0.033876282473405205
0 0.43684476613998413 0.3179124593734741 0.0201846183070706 0.033876282473405205
0 0.3590635657310486 0.317669540643692 0.0201846183070706 0.033876282473405205
0 0.2814408242702484 0.3174271285533905 0.0201846183070706 0.033876282473405205
0 0.7594632506370544 0.4123675227165222 0.0201846183070706 0.033876282473405205
0 0.6776585578918457 0.4120122790336609 0.0201846183070706 0.033876282473405205
0 0.5960283875465393 0.41165781021118164 0.0201846183070706 0.033876282473405205
0 0.5145721435546875 0.4113040566444397 0.0201846183070706 0.033876282473405205
0 0.4332893192768097 0.41095107793807983 0.0201846183070706 0.033876282473405205
0 0.3521793484687805 0.41059884428977966 0.0201846183070706 0.033876282473405205
0 0.2712416648864746 0.4102473855018616 0.0201846183070706 0.033876282473405205
0 0.7702540159225464 0.5142616033554077 0.0201846183070706 0.033876282473405205
0 0.6847590804100037 0.5137767195701599 0.0201846183070706 0.033876282473405205
0 0.5994547605514526 0.5132928490638733 0.0201846183070706 0.033876282473405205
0 0.514340341091156 0.5128101110458374 0.0201846183070706 0.033876282473405205
0 0.4294152557849884 0.5123284459114075 0.0201846183070706 0.033876282473405205
0 0.3446788191795349 0.5118478536605835 0.0201846183070706 0.033876282473405205
0 0.2601304352283478 0.5113682746887207 0.0201846183070706 0.033876282473405205
0 0.7820620536804199 0.6257612705230713 0.0201846183070706 0.033876282473405205
0 0.692528247833252 0.6251232624053955 0.0201846183070706 0.033876282473405205
0 0.6032034158706665 0.6244867444038391 0.0201846183070706 0.033876282473405205
0 0.5140867829322815 0.6238517165184021 0.0201846183070706 0.033876282473405205
0 0.4251776337623596 0.6232181191444397 0.0201846183070706 0.033876282473405205
0 0.33647531270980835 0.6225860714912415 0.0201846183070706 0.033876282473405205
0 0.2479790300130844 0.6219554543495178 0.0201846183070706 0.033876282473405205
0 0.7950383424758911 0.7482919096946716 0.0201846183070706 0.033876282473405205
0 0.7010650634765625 0.7474721670150757 0.0201846183070706 0.033876282473405205
0 0.6073219776153564 0.7466544508934021 0.0201846183070706 0.033876282473405205
0 0.5138081908226013 0.7458387017250061 0.0201846183070706 0.033876282473405205
0 0.42052286863327026 0.7450249195098877 0.0201846183070706 0.033876282473405205
0 0.32746514678001404 0.7442131638526917 0.0201846183070706 0.033876282473405205
0 0.23463425040245056 0.7434033751487732 0.0201846183070706 0.033876282473405205