0 0.3357478678226471 0.3858603537082672 0.01949173212051392 0.025988976160685223
0 0.33021286129951477 0.44320276379585266 0.01949173212051392 0.025988976160685223
0 0.3243407905101776 0.5040369033813477 0.01949173212051392 0.025988976160685223
0 0.3180999457836151 0.5686917304992676 0.01949173212051392 0.025988976160685223
0 0.3114544451236725 0.6375388503074646 0.01949173212051392 0.025988976160685223
0 0.3043636083602905 0.7109997272491455 0.01949173212051392 0.025988976160685223
0 0.29678109288215637 0.7895541191101074 0.01949173212051392 0.025988976160685223
0 0.3972826600074768 0.38695013523101807 0.01949173212051392 0.025988976160685223
0 0.39355799555778503 0.4444452226161957 0.01949173212051392 0.025988976160685223
0 0.3896060585975647 0.5054489374160767 0.01949173212051392 0.025988976160685223
0 0.3854053318500519 0.5702925324440002 0.01949173212051392 0.025988976160685223
0 0.3809316158294678 0.6393503546714783 0.01949173212051392 0.025988976160685223
0 0.37615740299224854 0.7130470275878906 0.01949173212051392 0.025988976160685223
0 0.3710513114929199 0.7918662428855896 0.01949173212051392 0.025988976160685223
0 0.4590689539909363 0.3880443871021271 0.01949173212051392 0.025988976160685223
0 0.4571697413921356 0.44569292664527893 0.01949173212051392 0.025988976160685223
0 0.4551543891429901 0.5068671107292175 0.01949173212051392 0.025988976160685223
0 0.4530118703842163 0.571900486946106 0.01949173212051392 0.025988976160685223
0 0.4507297873497009 0.6411702036857605 0.01949173212051392 0.025988976160685223
0 0.4482940435409546 0.7151041626930237 0.01949173212051392 0.025988976160685223
0 0.4456886053085327 0.7941897511482239 0.01949173212051392 0.025988976160685223
0 0.5211083292961121 0.38914310932159424 0.01949173212051392 0.025988976160685223
0 0.5210497975349426 0.4469459056854248 0.01949173212051392 0.025988976160685223
0 0.5209876298904419 0.5082914233207703 0.01949173212051392 0.025988976160685223
0 0.5209215879440308 0.5735156536102295 0.01949173212051392 0.025988976160685223
0 0.520851194858551 0.6429985165596008 0.01949173212051392 0.025988976160685223
0 0.5207760334014893 0.7171710729598999 0.01949173212051392 0.025988976160685223
0 0.5206956267356873 0.7965248227119446 0.01949173212051392 0.025988976160685223
0 0.5834023356437683 0.39024633169174194 0.01949173212051392 0.025988976160685223
0 0.5851998329162598 0.4482041597366333 0.01949173212051392 0.025988976160685223
0 0.5871077179908752 0.5097219347953796 0.01949173212051392 0.025988976160685223
0 0.5891364812850952 0.5751380920410156 0.01949173212051392 0.025988976160685223
0 0.5912980437278748 0.6448352336883545 0.01949173212051392 0.025988976160685223
0 0.5936058163642883 0.7192479372024536 0.01949173212051392 0.025988976160685223
0 0.5960752367973328 0.7988713979721069 0.01949173212051392 0.025988976160685223
0 0.645952582359314 0.39135411381721497 0.01949173212051392 0.025988976160685223
0 0.6496215462684631 0.4494677484035492 0.01949173212051392 0.025988976160685223
0 0.653516411781311 0.5111587047576904 0.01949173212051392 0.025988976160685223
0 0.6576586961746216 0.5767678022384644 0.01949173212051392 0.025988976160685223
0 0.6620725989341736 0.6466805338859558 0.01949173212051392 0.025988976160685223
0 0.6667858958244324 0.7213347554206848 0.01949173212051392 0.025988976160685223
0 0.6718300580978394 0.80122971534729 0.01949173212051392 0.025988976160685223
0 0.7087605595588684 0.3924664556980133 0.01949173212051392 0.025988976160685223
0 0.7143167853355408 0.4507367014884949 0.01949173212051392 0.025988976160685223
0 0.7202157378196716 0.5126017332077026 0.01949173212051392 0.025988976160685223
0 0.7264901995658875 0.5784049034118652 0.01949173212051392 0.025988976160685223
0 0.7331772446632385 0.6485344767570496 0.01949173212051392 0.025988976160685223
0 0.7403188347816467 0.7234317064285278 0.01949173212051392 0.025988976160685223
0 0.7479630708694458 0.8035998344421387 0.01949173212051392 0.025988976160685223