0 0.3012344539165497 0.6499519348144531 0.020538566634058952 0.027384755512078602
0 0.3789636492729187 0.6489935517311096 0.020538566634058952 0.027384755512078602
0 0.45671477913856506 0.648034930229187 0.020538566634058952 0.027384755512078602
0 0.5344878435134888 0.6470760703086853 0.020538566634058952 0.027384755512078602
0 0.6122828722000122 0.6461169123649597 0.020538566634058952 0.027384755512078602
0 0.6900998950004578 0.6451574563980103 0.020538566634058952 0.027384755512078602
0 0.7679389119148254 0.6441977620124817 0.020538566634058952 0.027384755512078602
0 0.31255042552948 0.560441255569458 0.020538566634058952 0.027384755512078602
0 0.38636118173599243 0.5595192313194275 0.020538566634058952 0.027384755512078602
0 0.4601916968822479 0.5585969686508179 0.020538566634058952 0.027384755512078602
0 0.5340420603752136 0.5576744675636292 0.020538566634058952 0.027384755512078602
0 0.6079121828079224 0.5567517280578613 0.020538566634058952 0.027384755512078602
0 0.6818021535873413 0.5558286905288696 0.020538566634058952 0.027384755512078602
0 0.7557119131088257 0.5549054741859436 0.020538566634058952 0.027384755512078602
0 0.32277995347976685 0.4795241951942444 0.020538566634058952 0.027384755512078602
0 0.39304837584495544 0.47863611578941345 0.020538566634058952 0.027384755512078602
0 0.4633347690105438 0.4777478277683258 0.020538566634058952 0.027384755512078602
0 0.5336390733718872 0.47685930132865906 0.020538566634058952 0.027384755512078602
0 0.6039612889289856 0.4759705662727356 0.020538566634058952 0.027384755512078602
0 0.6743015050888062 0.47508156299591064 0.020538566634058952 0.027384755512078602
0 0.7446596622467041 0.47419238090515137 0.020538566634058952 0.027384755512078602
0 0.332072377204895 0.406019926071167 0.020538566634058952 0.027384755512078602
0 0.3991229236125946 0.40516358613967896 0.020538566634058952 0.027384755512078602
0 0.46618980169296265 0.4043070375919342 0.020538566634058952 0.027384755512078602
0 0.5332729816436768 0.40345028042793274 0.020538566634058952 0.027384755512078602
0 0.6003725528717041 0.40259331464767456 0.020538566634058952 0.027384755512078602
0 0.6674884557723999 0.40173617005348206 0.020538566634058952 0.027384755512078602
0 0.7346206903457642 0.40087878704071045 0.020538566634058952 0.027384755512078602
0 0.34055081009864807 0.3389544188976288 0.020538566634058952 0.027384755512078602
0 0.4046652913093567 0.3381277918815613 0.020538566634058952 0.027384755512078602
0 0.46879467368125916 0.33730095624923706 0.020538566634058952 0.027384755512078602
0 0.5329390168190002 0.3364739418029785 0.020538566634058952 0.027384755512078602
0 0.5970982909202576 0.33564671874046326 0.020538566634058952 0.027384755512078602
0 0.6612725257873535 0.33481931686401367 0.020538566634058952 0.027384755512078602
0 0.7254617214202881 0.33399173617362976 0.020538566634058952 0.027384755512078602
0 0.3483177125453949 0.2775171399116516 0.020538566634058952 0.027384755512078602
0 0.40974247455596924 0.2767183482646942 0.020538566634058952 0.027384755512078602
0 0.47118091583251953 0.2759193480014801 0.020538566634058952 0.027384755512078602
0 0.5326330661773682 0.27512019872665405 0.020538566634058952 0.027384755512078602
0 0.5940989851951599 0.2743208706378937 0.020538566634058952 0.027384755512078602
0 0.6555785536766052 0.273521363735199 0.020538566634058952 0.027384755512078602
0 0.7170718312263489 0.27272167801856995 0.020538566634058952 0.027384755512078602
0 0.355459064245224 0.22102811932563782 0.020538566634058952 0.027384755512078602
0 0.41441068053245544 0.22025544941425323 0.020538566634058952 0.027384755512078602
0 0.4733749330043793 0.21948261559009552 0.020538566634058952 0.027384755512078602
0 0.5323517918586731 0.21870961785316467 0.020538566634058952 0.027384755512078602
0 0.5913413166999817 0.2179364562034607 0.020538566634058952 0.027384755512078602
0 0.6503434181213379 0.2171631157398224 0.020538566634058952 0.027384755512078602
0 0.7093581557273865 0.21638962626457214 0.020538566634058952 0.027384755512078602