0 0.6965268850326538 0.28226226568222046 0.03185393909613291 0.03185393909613291
0 0.6290245652198792 0.28302183747291565 0.03185393909613291 0.03185393909613291
0 0.5615847706794739 0.2837807238101959 0.03185393909613291 0.03185393909613291
0 0.4942075312137604 0.2845388948917389 0.03185393909613291 0.03185393909613291
0 0.4268927276134491 0.28529635071754456 0.03185393909613291 0.03185393909613291
0 0.3596402108669281 0.2860531210899353 0.03185393909613291 0.03185393909613291
0 0.2924499809741974 0.28680917620658875 0.03185393909613291 0.03185393909613291
0 0.7061617374420166 0.33447176218032837 0.03185393909613291 0.03185393909613291
0 0.6356798410415649 0.3352395296096802 0.03185393909613291 0.03185393909613291
0 0.5652661323547363 0.3360065519809723 0.03185393909613291 0.03185393909613291
0 0.4949205815792084 0.3367728292942047 0.03185393909613291 0.03185393909613291
0 0.42464306950569153 0.33753839135169983 0.03185393909613291 0.03185393909613291
0 0.35443347692489624 0.33830317854881287 0.03185393909613291 0.03185393909613291
0 0.28429174423217773 0.3390672504901886 0.03185393909613291 0.03185393909613291
0 0.71668541431427 0.39149773120880127 0.03185393909613291 0.03185393909613291
0 0.6429487466812134 0.3922719955444336 0.03185393909613291 0.03185393909613291
0 0.5692867040634155 0.39304548501968384 0.03185393909613291 0.03185393909613291
0 0.49569928646087646 0.393818199634552 0.03185393909613291 0.03185393909613291
0 0.4221862852573395 0.3945901393890381 0.03185393909613291 0.03185393909613291
0 0.3487476110458374 0.3953612744808197 0.03185393909613291 0.03185393909613291
0 0.2753831744194031 0.39613163471221924 0.03185393909613291 0.03185393909613291
0 0.728226900100708 0.45403891801834106 0.03185393909613291 0.03185393909613291
0 0.6509203314781189 0.45481738448143005 0.03185393909613291 0.03185393909613291
0 0.5736957788467407 0.4555950462818146 0.03185393909613291 0.03185393909613291
0 0.4965531826019287 0.45637187361717224 0.03185393909613291 0.03185393909613291
0 0.4194924235343933 0.45714786648750305 0.03185393909613291 0.03185393909613291
0 0.3425133228302002 0.4579230546951294 0.03185393909613291 0.03185393909613291
0 0.2656157612800598 0.4586974084377289 0.03185393909613291 0.03185393909613291
0 0.7409413456916809 0.5229360461235046 0.03185393909613291 0.03185393909613291
0 0.6597015857696533 0.523715615272522 0.03185393909613291 0.03185393909613291
0 0.5785524249076843 0.5244942903518677 0.03185393909613291 0.03185393909613291
0 0.497493714094162 0.5252721309661865 0.03185393909613291 0.03185393909613291
0 0.41652536392211914 0.5260490775108337 0.03185393909613291 0.03185393909613291
0 0.33564719557762146 0.5268251895904541 0.03185393909613291 0.03185393909613291
0 0.2548590302467346 0.5276004076004028 0.03185393909613291 0.03185393909613291
0 0.755017101764679 0.5992099046707153 0.03185393909613291 0.03185393909613291
0 0.669422447681427 0.5999863147735596 0.03185393909613291 0.03185393909613291
0 0.5839284062385559 0.600761890411377 0.03185393909613291 0.03185393909613291
0 0.49853479862213135 0.6015364527702332 0.03185393909613291 0.03185393909613291
0 0.4132414162158966 0.6023101806640625 0.03185393909613291 0.03185393909613291
0 0.32804808020591736 0.6030829548835754 0.03185393909613291 0.03185393909613291
0 0.24295462667942047 0.6038548350334167 0.03185393909613291 0.03185393909613291
0 0.7706851363182068 0.6841122508049011 0.03185393909613291 0.03185393909613291
0 0.6802423596382141 0.6848798394203186 0.03185393909613291 0.03185393909613291
0 0.5899118185043335 0.6856464743614197 0.03185393909613291 0.03185393909613291
0 0.4996934235095978 0.6864121556282043 0.03185393909613291 0.03185393909613291
0 0.4095868468284607 0.6871768832206726 0.03185393909613291 0.03185393909613291
0 0.3195919692516327 0.6879406571388245 0.03185393909613291 0.03185393909613291
0 0.22970853745937347 0.6887035369873047 0.03185393909613291 0.03185393909613291