0 0.30743932723999023 0.3744736313819885 0.019710477441549305 0.026280636588732403
0 0.30188989639282227 0.43772080540657043 0.019710477441549305 0.026280636588732403
0 0.2960123121738434 0.5047081112861633 0.019710477441549305 0.026280636588732403
0 0.2897765338420868 0.5757773518562317 0.019710477441549305 0.026280636588732403
0 0.283148854970932 0.6513134241104126 0.019710477441549305 0.026280636588732403
0 0.2760910987854004 0.7317510843276978 0.019710477441549305 0.026280636588732403
0 0.268559992313385 0.8175835013389587 0.019710477441549305 0.026280636588732403
0 0.37078791856765747 0.3757197856903076 0.019710477441549305 0.026280636588732403
0 0.3670569956302643 0.43901562690734863 0.019710477441549305 0.026280636588732403
0 0.3631054162979126 0.5060552358627319 0.019710477441549305 0.026280636588732403
0 0.35891294479370117 0.5771809816360474 0.019710477441549305 0.026280636588732403
0 0.35445693135261536 0.6527779698371887 0.019710477441549305 0.026280636588732403
0 0.34971171617507935 0.7332817316055298 0.019710477441549305 0.026280636588732403
0 0.344648152589798 0.8191858530044556 0.019710477441549305 0.026280636588732403
0 0.4341616630554199 0.3769664168357849 0.019710477441549305 0.026280636588732403
0 0.4322506785392761 0.4403109848499298 0.019710477441549305 0.026280636588732403
0 0.4302266836166382 0.5074030160903931 0.019710477441549305 0.026280636588732403
0 0.4280792772769928 0.578585147857666 0.019710477441549305 0.026280636588732403
0 0.42579683661460876 0.6542432308197021 0.019710477441549305 0.026280636588732403
0 0.4233662486076355 0.7348130941390991 0.019710477441549305 0.026280636588732403
0 0.4207725524902344 0.8207890391349792 0.019710477441549305 0.026280636588732403
0 0.4975605010986328 0.3782135546207428 0.019710477441549305 0.026280636588732403
0 0.4974709749221802 0.44160687923431396 0.019710477441549305 0.026280636588732403
0 0.49737614393234253 0.5087513327598572 0.019710477441549305 0.026280636588732403
0 0.49727553129196167 0.5799899697303772 0.019710477441549305 0.026280636588732403
0 0.4971686005592346 0.6557090878486633 0.019710477441549305 0.026280636588732403
0 0.49705472588539124 0.736345112323761 0.019710477441549305 0.026280636588732403
0 0.4969331920146942 0.822393000125885 0.019710477441549305 0.026280636588732403
0 0.5609844923019409 0.3794611692428589 0.019710477441549305 0.026280636588732403
0 0.562717854976654 0.4429032802581787 0.019710477441549305 0.026280636588732403
0 0.5645537972450256 0.5101001858711243 0.019710477441549305 0.026280636588732403
0 0.5665017366409302 0.5813954472541809 0.019710477441549305 0.026280636588732403
0 0.5685722231864929 0.6571756601333618 0.019710477441549305 0.026280636588732403
0 0.570777177810669 0.7378778457641602 0.019710477441549305 0.026280636588732403
0 0.5731301307678223 0.8239976763725281 0.019710477441549305 0.026280636588732403
0 0.6244335770606995 0.38070929050445557 0.019710477441549305 0.026280636588732403
0 0.6279913187026978 0.4442002475261688 0.019710477441549305 0.026280636588732403
0 0.6317597031593323 0.5114496350288391 0.019710477441549305 0.026280636588732403
0 0.6357579231262207 0.5828014612197876 0.019710477441549305 0.026280636588732403
0 0.6400076746940613 0.6586428284645081 0.019710477441549305 0.026280636588732403
0 0.6445335745811462 0.7394112944602966 0.019710477441549305 0.026280636588732403
0 0.6493633389472961 0.8256031274795532 0.019710477441549305 0.026280636588732403
0 0.6879079341888428 0.38195791840553284 0.019710477441549305 0.026280636588732403
0 0.6932914853096008 0.4454977214336395 0.019710477441549305 0.026280636588732403
0 0.6989938020706177 0.5127996802330017 0.019710477441549305 0.026280636588732403
0 0.7050440311431885 0.5842081308364868 0.019710477441549305 0.026280636588732403
0 0.7114750742912292 0.6601107120513916 0.019710477441549305 0.026280636588732403
0 0.7183240056037903 0.7409454584121704 0.019710477441549305 0.026280636588732403
0 0.7256329655647278 0.8272093534469604 0.019710477441549305 0.026280636588732403