0 0.2933497726917267 0.6513724327087402 0.020773300901055336 0.027697734534740448
0 0.3707135021686554 0.6498430371284485 0.020773300901055336 0.027697734534740448
0 0.44864988327026367 0.6483023762702942 0.020773300901055336 0.027697734534740448
0 0.5271652936935425 0.646750271320343 0.020773300901055336 0.027697734534740448
0 0.6062662601470947 0.6451865434646606 0.020773300901055336 0.027697734534740448
0 0.6859593391418457 0.6436111330986023 0.020773300901055336 0.027697734534740448
0 0.7662510871887207 0.6420238614082336 0.020773300901055336 0.027697734534740448
0 0.30411842465400696 0.5610968470573425 0.020773300901055336 0.027697734534740448
0 0.3777771294116974 0.5593247413635254 0.020773300901055336 0.027697734534740448
0 0.45195457339286804 0.5575400590896606 0.020773300901055336 0.027697734534740448
0 0.5266562700271606 0.5557428598403931 0.020773300901055336 0.027697734534740448
0 0.6018878221511841 0.5539328455924988 0.020773300901055336 0.027697734534740448
0 0.6776549220085144 0.552109956741333 0.020773300901055336 0.027697734534740448
0 0.7539631724357605 0.5502740740776062 0.020773300901055336 0.027697734534740448
0 0.3138965368270874 0.479125440120697 0.020773300901055336 0.027697734534740448
0 0.38418883085250854 0.4771606922149658 0.020773300901055336 0.027697734534740448
0 0.45495325326919556 0.47518274188041687 0.020773300901055336 0.027697734534740448
0 0.5261945724487305 0.473191499710083 0.020773300901055336 0.027697734534740448
0 0.5979176163673401 0.4711867570877075 0.020773300901055336 0.027697734534740448
0 0.6701273322105408 0.46916842460632324 0.020773300901055336 0.027697734534740448
0 0.7428286671638489 0.46713635325431824 0.020773300901055336 0.027697734534740448
0 0.3228147327899933 0.40436267852783203 0.020773300901055336 0.027697734534740448
0 0.39003488421440125 0.4022454023361206 0.020773300901055336 0.027697734534740448
0 0.45768651366233826 0.4001145362854004 0.020773300901055336 0.027697734534740448
0 0.525773823261261 0.39796996116638184 0.020773300901055336 0.027697734534740448
0 0.5943010449409485 0.395811527967453 0.020773300901055336 0.027697734534740448
0 0.663272500038147 0.39363908767700195 0.020773300901055336 0.027697734534740448
0 0.7326924204826355 0.39145252108573914 0.020773300901055336 0.027697734534740448
0 0.33098170161247253 0.3358977735042572 0.020773300901055336 0.027697734534740448
0 0.3953869342803955 0.33366015553474426 0.020773300901055336 0.027697734534740448
0 0.4601881206035614 0.3314087688922882 0.020773300901055336 0.027697734534740448
0 0.5253888964653015 0.3291435241699219 0.020773300901055336 0.027697734534740448
0 0.5909929275512695 0.3268642723560333 0.020773300901055336 0.027697734534740448
0 0.6570039987564087 0.3245708644390106 0.020773300901055336 0.027697734534740448
0 0.7234259843826294 0.3222631812095642 0.020773300901055336 0.027697734534740448
0 0.33848848938941956 0.27296707034111023 0.020773300901055336 0.027697734534740448
0 0.4003051221370697 0.2706351578235626 0.020773300901055336 0.027697734534740448
0 0.4624863266944885 0.2682894468307495 0.020773300901055336 0.027697734534740448
0 0.5250353217124939 0.2659299075603485 0.020773300901055336 0.027697734534740448
0 0.5879553556442261 0.2635563313961029 0.020773300901055336 0.027697734534740448
0 0.6512498259544373 0.2611686587333679 0.020773300901055336 0.027697734534740448
0 0.7149219512939453 0.25876671075820923 0.020773300901055336 0.027697734534740448
0 0.34541207551956177 0.21492566168308258 0.020773300901055336 0.027697734534740448
0 0.4048401117324829 0.212520569562912 0.020773300901055336 0.027697734534740448
0 0.4646049439907074 0.21010184288024902 0.020773300901055336 0.027697734534740448
0 0.5247094631195068 0.20766937732696533 0.020773300901055336 0.027697734534740448
0 0.5851565003395081 0.20522305369377136 0.020773300901055336 0.027697734534740448
0 0.6459490060806274 0.20276273787021637 0.020773300901055336 0.027697734534740448
0 0.7070900201797485 0.200288325548172 0.020773300901055336 0.027697734534740448