0 0.3353368043899536 0.6133152842521667 0.019763926044106487 0.02635190139214198
0 0.4105375409126282 0.6097848415374756 0.019763926044106487 0.02635190139214198
0 0.48568302392959595 0.6062569618225098 0.019763926044106487 0.02635190139214198
0 0.5607732534408569 0.6027317047119141 0.019763926044106487 0.02635190139214198
0 0.6358082890510559 0.5992090106010437 0.019763926044106487 0.02635190139214198
0 0.7107882499694824 0.5956888794898987 0.019763926044106487 0.02635190139214198
0 0.7857131361961365 0.5921713709831238 0.019763926044106487 0.02635190139214198
0 0.3409116566181183 0.5304367542266846 0.019763926044106487 0.02635190139214198
0 0.4125633239746094 0.5271018743515015 0.019763926044106487 0.02635190139214198
0 0.4841647744178772 0.5237693190574646 0.019763926044106487 0.02635190139214198
0 0.5557160973548889 0.520439088344574 0.019763926044106487 0.02635190139214198
0 0.6272172927856445 0.5171111822128296 0.019763926044106487 0.02635190139214198
0 0.6986684799194336 0.5137856006622314 0.019763926044106487 0.02635190139214198
0 0.7700696587562561 0.5104624032974243 0.019763926044106487 0.02635190139214198
0 0.3459841310977936 0.45502713322639465 0.019763926044106487 0.02635190139214198
0 0.41440659761428833 0.4518676996231079 0.019763926044106487 0.02635190139214198
0 0.4827832877635956 0.4487103521823883 0.019763926044106487 0.02635190139214198
0 0.5511142015457153 0.4455551505088806 0.019763926044106487 0.02635190139214198
0 0.6193994879722595 0.44240203499794006 0.019763926044106487 0.02635190139214198
0 0.6876391172409058 0.43925103545188904 0.019763926044106487 0.02635190139214198
0 0.7558331489562988 0.43610212206840515 0.019763926044106487 0.02635190139214198
0 0.3506191670894623 0.3861203193664551 0.019763926044106487 0.02635190139214198
0 0.4160909652709961 0.3831191062927246 0.019763926044106487 0.02635190139214198
0 0.4815208315849304 0.38011983036994934 0.019763926044106487 0.02635190139214198
0 0.5469087958335876 0.3771224915981293 0.019763926044106487 0.02635190139214198
0 0.6122549772262573 0.37412703037261963 0.019763926044106487 0.02635190139214198
0 0.6775593161582947 0.3711335062980652 0.019763926044106487 0.02635190139214198
0 0.7428219318389893 0.36814188957214355 0.019763926044106487 0.02635190139214198
0 0.3548710346221924 0.3229099214076996 0.019763926044106487 0.02635190139214198
0 0.41763612627983093 0.3200521469116211 0.019763926044106487 0.02635190139214198
0 0.4803626835346222 0.3171961009502411 0.019763926044106487 0.02635190139214198
0 0.5430507659912109 0.31434184312820435 0.019763926044106487 0.02635190139214198
0 0.6057003736495972 0.3114893138408661 0.019763926044106487 0.02635190139214198
0 0.668311595916748 0.3086385428905487 0.019763926044106487 0.02635190139214198
0 0.7308843731880188 0.3057895004749298 0.019763926044106487 0.02635190139214198
0 0.35878536105155945 0.26471760869026184 0.019763926044106487 0.02635190139214198
0 0.4190586507320404 0.26199039816856384 0.019763926044106487 0.02635190139214198
0 0.47929641604423523 0.2592647671699524 0.019763926044106487 0.02635190139214198
0 0.5394986867904663 0.25654077529907227 0.019763926044106487 0.02635190139214198
0 0.5996654629707336 0.2538183629512787 0.019763926044106487 0.02635190139214198
0 0.6597968339920044 0.25109755992889404 0.019763926044106487 0.02635190139214198
0 0.7198928594589233 0.24837836623191833 0.019763926044106487 0.02635190139214198
0 0.3624007999897003 0.21096867322921753 0.019763926044106487 0.02635190139214198
0 0.4203726053237915 0.20836077630519867 0.019763926044106487 0.02635190139214198
0 0.47831153869628906 0.2057543694972992 0.019763926044106487 0.02635190139214198
0 0.5362176299095154 0.20314942300319672 0.019763926044106487 0.02635190139214198
0 0.5940908789634705 0.20054596662521362 0.019763926044106487 0.02635190139214198
0 0.6519314050674438 0.19794398546218872 0.019763926044106487 0.02635190139214198
0 0.7097391486167908 0.19534346461296082 0.019763926044106487 0.02635190139214198