0 0.7004226446151733 0.13066157698631287 0.02236362701902787 0.03344093759854635
0 0.6256512999534607 0.12959155440330505 0.02236362701902787 0.03344093759854635
0 0.5505506992340088 0.1285168081521988 0.02236362701902787 0.03344093759854635
0 0.47511884570121765 0.12743732333183289 0.02236362701902787 0.03344093759854635
0 0.39935338497161865 0.12635305523872375 0.02236362701902787 0.03344093759854635
0 0.32325220108032227 0.1252640038728714 0.02236362701902787 0.03344093759854635
0 0.24681299924850464 0.12417009472846985 0.02236362701902787 0.03344093759854635
0 0.7110779881477356 0.20777171850204468 0.02236362701902787 0.03344093759854635
0 0.6336104869842529 0.20683826506137848 0.02236362701902787 0.03344093759854635
0 0.5557894706726074 0.20590056478977203 0.02236362701902787 0.03344093759854635
0 0.47761255502700806 0.20495857298374176 0.02236362701902787 0.03344093759854635
0 0.39907729625701904 0.20401227474212646 0.02236362701902787 0.03344093759854635
0 0.3201812505722046 0.20306161046028137 0.02236362701902787 0.03344093759854635
0 0.24092186987400055 0.20210658013820648 0.02236362701902787 0.03344093759854635
0 0.7225360870361328 0.29069098830223083 0.02236362701902787 0.03344093759854635
0 0.6421706676483154 0.2899181544780731 0.02236362701902787 0.03344093759854635
0 0.561424732208252 0.2891416847705841 0.02236362701902787 0.03344093759854635
0 0.48029547929763794 0.288361519575119 0.02236362701902787 0.03344093759854635
0 0.3987802267074585 0.28757765889167786 0.02236362701902787 0.03344093759854635
0 0.3168761730194092 0.28679004311561584 0.02236362701902787 0.03344093759854635
0 0.23458056151866913 0.2859986424446106 0.02236362701902787 0.03344093759854635
0 0.7348911166191101 0.3801015019416809 0.02236362701902787 0.03344093759854635
0 0.6514027118682861 0.3795178532600403 0.02236362701902787 0.03344093759854635
0 0.5675033330917358 0.37893134355545044 0.02236362701902787 0.03344093759854635
0 0.48319000005722046 0.3783419132232666 0.02236362701902787 0.03344093759854635
0 0.39845964312553406 0.37774959206581116 0.02236362701902787 0.03344093759854635
0 0.3133091628551483 0.37715432047843933 0.02236362701902787 0.03344093759854635
0 0.22773543000221252 0.3765560984611511 0.02236362701902787 0.03344093759854635
0 0.748252809047699 0.47679659724235535 0.02236362701902787 0.03344093759854635
0 0.6613887548446655 0.47643619775772095 0.02236362701902787 0.03344093759854635
0 0.574079692363739 0.4760739207267761 0.02236362701902787 0.03344093759854635
0 0.48632216453552246 0.47570979595184326 0.02236362701902787 0.03344093759854635
0 0.3981126844882965 0.4753437936306 0.02236362701902787 0.03344093759854635
0 0.3094477951526642 0.47497591376304626 0.02236362701902787 0.03344093759854635
0 0.22032395005226135 0.47460609674453735 0.02236362701902787 0.03344093759854635
0 0.7627493143081665 0.581704318523407 0.02236362701902787 0.03344093759854635
0 0.6722252368927002 0.58160799741745 0.02236362701902787 0.03344093759854635
0 0.5812175869941711 0.5815111994743347 0.02236362701902787 0.03344093759854635
0 0.48972246050834656 0.5814138650894165 0.02236362701902787 0.03344093759854635
0 0.39773595333099365 0.5813159942626953 0.02236362701902787 0.03344093759854635
0 0.3052540719509125 0.5812176465988159 0.02236362701902787 0.03344093759854635
0 0.2122727930545807 0.5811187028884888 0.02236362701902787 0.03344093759854635
0 0.7785316705703735 0.6959173679351807 0.02236362701902787 0.03344093759854635
0 0.6840255856513977 0.6961345672607422 0.02236362701902787 0.03344093759854635
0 0.588992178440094 0.6963529586791992 0.02236362701902787 0.03344093759854635
0 0.4934269189834595 0.6965726017951965 0.02236362701902787 0.03344093759854635
0 0.39732539653778076 0.6967934966087341 0.02236362701902787 0.03344093759854635
0 0.30068308115005493 0.6970155835151672 0.02236362701902787 0.03344093759854635
0 0.20349539816379547 0.6972389221191406 0.02236362701902787 0.03344093759854635