0 0.6524997353553772 0.17903167009353638 0.02536090835928917 0.03381454447905222
0 0.5869504809379578 0.18247263133525848 0.02536090835928917 0.03381454447905222
0 0.520412266254425 0.18596550822257996 0.02536090835928917 0.03381454447905222
0 0.45286259055137634 0.1895114779472351 0.02536090835928917 0.03381454447905222
0 0.38427817821502686 0.19311176240444183 0.02536090835928917 0.03381454447905222
0 0.31463512778282166 0.1967676281929016 0.02536090835928917 0.03381454447905222
0 0.24390867352485657 0.2004803568124771 0.02536090835928917 0.03381454447905222
0 0.6675991415977478 0.2408553659915924 0.02536090835928917 0.03381454447905222
0 0.5990086197853088 0.2449473738670349 0.02536090835928917 0.03381454447905222
0 0.5293329954147339 0.24910412728786469 0.02536090835928917 0.03381454447905222
0 0.45854637026786804 0.2533271610736847 0.02536090835928917 0.03381454447905222
0 0.3866219222545624 0.2576180398464203 0.02536090835928917 0.03381454447905222
0 0.3135319650173187 0.26197850704193115 0.02536090835928917 0.03381454447905222
0 0.23924797773361206 0.2664101719856262 0.02536090835928917 0.03381454447905222
0 0.6842154264450073 0.3088900148868561 0.02536090835928917 0.03381454447905222
0 0.6122881770133972 0.3137502372264862 0.02536090835928917 0.03381454447905222
0 0.5391649007797241 0.3186912536621094 0.02536090835928917 0.03381454447905222
0 0.46481555700302124 0.32371512055397034 0.02536090835928917 0.03381454447905222
0 0.3892090618610382 0.3288239538669586 0.02536090835928917 0.03381454447905222
0 0.3123132586479187 0.33401986956596375 0.02536090835928917 0.03381454447905222
0 0.23409488797187805 0.33930519223213196 0.02536090835928917 0.03381454447905222
0 0.7025893926620483 0.3841210603713989 0.02536090835928917 0.03381454447905222
0 0.6269845366477966 0.38989394903182983 0.02536090835928917 0.03381454447905222
0 0.5500549077987671 0.3957679569721222 0.02536090835928917 0.03381454447905222
0 0.4717654287815094 0.40174585580825806 0.02536090835928917 0.03381454447905222
0 0.392079621553421 0.4078303277492523 0.02536090835928917 0.03381454447905222
0 0.3109598457813263 0.41402432322502136 0.02536090835928917 0.03381454447905222
0 0.22836703062057495 0.4203307628631592 0.02536090835928917 0.03381454447905222
0 0.723015308380127 0.467754065990448 0.02536090835928917 0.03381454447905222
0 0.6433373093605042 0.4746195673942566 0.02536090835928917 0.03381454447905222
0 0.5621837377548218 0.4816122055053711 0.02536090835928917 0.03381454447905222
0 0.4795132279396057 0.48873552680015564 0.02536090835928917 0.03381454447905222
0 0.3952828645706177 0.4959932863712311 0.02536090835928917 0.03381454447905222
0 0.30944809317588806 0.503389298915863 0.02536090835928917 0.03381454447905222
0 0.221962571144104 0.5109274983406067 0.02536090835928917 0.03381454447905222
0 0.7458574175834656 0.5612797737121582 0.02536090835928917 0.03381454447905222
0 0.6616432070732117 0.5694645643234253 0.02536090835928917 0.03381454447905222
0 0.5757753849029541 0.5778101086616516 0.02536090835928917 0.03381454447905222
0 0.4882047772407532 0.5863211154937744 0.02536090835928917 0.03381454447905222
0 0.3988802134990692 0.5950025916099548 0.02536090835928917 0.03381454447905222
0 0.3077484369277954 0.6038596630096436 0.02536090835928917 0.03381454447905222
0 0.2147541046142578 0.6128978133201599 0.02536090835928917 0.03381454447905222
0 0.7715712785720825 0.666563868522644 0.02536090835928917 0.03381454447905222
0 0.6822744011878967 0.6763571500778198 0.02536090835928917 0.03381454447905222
0 0.5911115407943726 0.6863549947738647 0.02536090835928917 0.03381454447905222
0 0.49802365899086 0.6965640187263489 0.02536090835928917 0.03381454447905222
0 0.40294912457466125 0.7069908976554871 0.02536090835928917 0.03381454447905222
0 0.30582359433174133 0.7176427245140076 0.02536090835928917 0.03381454447905222
0 0.2065800577402115 0.7285268306732178 0.02536090835928917 0.03381454447905222