0 0.7076396346092224 0.16227276623249054 0.022901506039003535 0.03424524267514547
0 0.6312098503112793 0.1612474024295807 0.022901506039003535 0.03424524267514547
0 0.5543707013130188 0.1602165400981903 0.022901506039003535 0.03424524267514547
0 0.4771187901496887 0.15918013453483582 0.022901506039003535 0.03424524267514547
0 0.39945080876350403 0.15813815593719482 0.022901506039003535 0.03424524267514547
0 0.3213633894920349 0.15709054470062256 0.022901506039003535 0.03424524267514547
0 0.24285313487052917 0.15603725612163544 0.022901506039003535 0.03424524267514547
0 0.719076931476593 0.24240469932556152 0.022901506039003535 0.03424524267514547
0 0.6399039626121521 0.24156393110752106 0.022901506039003535 0.03424524267514547
0 0.5602914094924927 0.24071849882602692 0.022901506039003535 0.03424524267514547
0 0.48023560643196106 0.23986835777759552 0.022901506039003535 0.03424524267514547
0 0.3997328579425812 0.2390134632587433 0.022901506039003535 0.03424524267514547
0 0.31877943873405457 0.23815378546714783 0.022901506039003535 0.03424524267514547
0 0.23737147450447083 0.23728929460048676 0.022901506039003535 0.03424524267514547
0 0.7313735485076904 0.32855716347694397 0.022901506039003535 0.03424524267514547
0 0.6492531299591064 0.3279321789741516 0.022901506039003535 0.03424524267514547
0 0.5666595101356506 0.32730361819267273 0.022901506039003535 0.03424524267514547
0 0.48358863592147827 0.32667145133018494 0.022901506039003535 0.03424524267514547
0 0.40003636479377747 0.32603558897972107 0.022901506039003535 0.03424524267514547
0 0.31599849462509155 0.32539603114128113 0.022901506039003535 0.03424524267514547
0 0.2314707636833191 0.3247527480125427 0.022901506039003535 0.03424524267514547
0 0.7446300983428955 0.4214351177215576 0.022901506039003535 0.03424524267514547
0 0.6593343019485474 0.4210629463195801 0.022901506039003535 0.03424524267514547
0 0.5735276937484741 0.42068853974342346 0.022901506039003535 0.03424524267514547
0 0.4872058033943176 0.42031189799308777 0.022901506039003535 0.03424524267514547
0 0.40036386251449585 0.4199329614639282 0.022901506039003535 0.03424524267514547
0 0.3129971921443939 0.4195517599582672 0.022901506039003535 0.03424524267514547
0 0.2251010537147522 0.41916823387145996 0.022901506039003535 0.03424524267514547
0 0.7589635848999023 0.5218581557273865 0.022901506039003535 0.03424524267514547
0 0.6702369451522827 0.5217828154563904 0.022901506039003535 0.03424524267514547
0 0.5809573531150818 0.5217069387435913 0.022901506039003535 0.03424524267514547
0 0.49111953377723694 0.5216306447982788 0.022901506039003535 0.03424524267514547
0 0.4007182717323303 0.5215538740158081 0.022901506039003535 0.03424524267514547
0 0.30974826216697693 0.5214766263961792 0.022901506039003535 0.03424524267514547
0 0.2182040810585022 0.5213988423347473 0.022901506039003535 0.03424524267514547
0 0.7745107412338257 0.6307845115661621 0.022901506039003535 0.03424524267514547
0 0.6820658445358276 0.6310587525367737 0.022901506039003535 0.03424524267514547
0 0.5890201926231384 0.6313347816467285 0.022901506039003535 0.03424524267514547
0 0.49536794424057007 0.6316125392913818 0.022901506039003535 0.03424524267514547
0 0.40110310912132263 0.6318921446800232 0.022901506039003535 0.03424524267514547
0 0.3062196969985962 0.6321735978126526 0.022901506039003535 0.03424524267514547
0 0.21071156859397888 0.63245689868927 0.022901506039003535 0.03424524267514547
0 0.7914325594902039 0.7493420839309692 0.022901506039003535 0.03424524267514547
0 0.6949441432952881 0.7500295042991638 0.022901506039003535 0.03424524267514547
0 0.5978007912635803 0.7507215142250061 0.022901506039003535 0.03424524267514547
0 0.49999579787254333 0.7514182925224304 0.022901506039003535 0.03424524267514547
0 0.4015224277973175 0.7521198391914368 0.022901506039003535 0.03424524267514547
0 0.3023737967014313 0.7528261542320251 0.022901506039003535 0.03424524267514547
0 0.20254290103912354 0.7535373568534851 0.022901506039003535 0.03424524267514547