0 0.7135985493659973 0.18266229331493378 0.024756891652941704 0.033009188870588936
0 0.6454674005508423 0.18130365014076233 0.024756891652941704 0.033009188870588936
0 0.5774490237236023 0.17994725704193115 0.024756891652941704 0.033009188870588936
0 0.5095430612564087 0.17859311401844025 0.024756891652941704 0.033009188870588936
0 0.44174924492836 0.17724120616912842 0.024756891652941704 0.033009188870588936
0 0.3740673363208771 0.17589151859283447 0.024756891652941704 0.033009188870588936
0 0.3064970076084137 0.1745440661907196 0.024756891652941704 0.033009188870588936
0 0.7222806811332703 0.24850432574748993 0.024756891652941704 0.033009188870588936
0 0.6509299874305725 0.2470245510339737 0.024756891652941704 0.033009188870588936
0 0.5797029137611389 0.245547354221344 0.024756891652941704 0.033009188870588936
0 0.5085991024971008 0.24407270550727844 0.024756891652941704 0.033009188870588936
0 0.43761828541755676 0.24260058999061584 0.024756891652941704 0.033009188870588936
0 0.3667600750923157 0.2411310374736786 0.024756891652941704 0.033009188870588936
0 0.2960242033004761 0.2396640181541443 0.024756891652941704 0.033009188870588936
0 0.7318227887153625 0.32086771726608276 0.024756891652941704 0.033009188870588936
0 0.6569331884384155 0.31924891471862793 0.024756891652941704 0.033009188870588936
0 0.5821796655654907 0.3176330327987671 0.024756891652941704 0.033009188870588936
0 0.5075619220733643 0.31602007150650024 0.024756891652941704 0.033009188870588936
0 0.43307963013648987 0.3144100606441498 0.024756891652941704 0.033009188870588936
0 0.3587323725223541 0.3128029704093933 0.024756891652941704 0.033009188870588936
0 0.284519761800766 0.31119877099990845 0.024756891652941704 0.033009188870588936
0 0.7423592805862427 0.400771826505661 0.024756891652941704 0.033009188870588936
0 0.6635612845420837 0.39899227023124695 0.024756891652941704 0.033009188870588936
0 0.5849140286445618 0.3972161114215851 0.024756891652941704 0.033009188870588936
0 0.5064170360565186 0.395443320274353 0.024756891652941704 0.033009188870588936
0 0.4280698597431183 0.39367392659187317 0.024756891652941704 0.033009188870588936
0 0.3498721122741699 0.3919079303741455 0.024756891652941704 0.033009188870588936
0 0.27182334661483765 0.39014527201652527 0.024756891652941704 0.033009188870588936
0 0.7540540099143982 0.48946014046669006 0.024756891652941704 0.033009188870588936
0 0.6709173321723938 0.48749327659606934 0.024756891652941704 0.033009188870588936
0 0.5879483222961426 0.48553040623664856 0.024756891652941704 0.033009188870588936
0 0.5051465630531311 0.48357149958610535 0.024756891652941704 0.033009188870588936
0 0.4225115478038788 0.4816165268421173 0.024756891652941704 0.033009188870588936
0 0.34004268050193787 0.47966548800468445 0.024756891652941704 0.033009188870588936
0 0.2577395439147949 0.4777183532714844 0.024756891652941704 0.033009188870588936
0 0.767109215259552 0.5884653925895691 0.024756891652941704 0.033009188870588936
0 0.6791281700134277 0.58627849817276 0.024756891652941704 0.033009188870588936
0 0.591334879398346 0.5840962529182434 0.024756891652941704 0.033009188870588936
0 0.5037288665771484 0.5819186568260193 0.024756891652941704 0.033009188870588936
0 0.4163093864917755 0.5797457098960876 0.024756891652941704 0.033009188870588936
0 0.3290759325027466 0.5775774121284485 0.024756891652941704 0.033009188870588936
0 0.2420278787612915 0.575413703918457 0.024756891652941704 0.033009188870588936
0 0.7817768454551697 0.6996989846229553 0.024756891652941704 0.033009188870588936
0 0.6883519887924194 0.69725102186203 0.024756891652941704 0.033009188870588936
0 0.5951387882232666 0.6948086023330688 0.024756891652941704 0.033009188870588936
0 0.5021365880966187 0.692371666431427 0.024756891652941704 0.033009188870588936
0 0.4093446433544159 0.6899402737617493 0.024756891652941704 0.033009188870588936
0 0.3167622685432434 0.6875144243240356 0.024756891652941704 0.033009188870588936
0 0.22438876330852509 0.6850939989089966 0.024756891652941704 0.033009188870588936