0 0.7340661287307739 0.14962825179100037 0.02037607662172781 0.034197611113389335
0 0.6608307957649231 0.15018703043460846 0.02037607662172781 0.034197611113389335
0 0.587910532951355 0.15074340999126434 0.02037607662172781 0.034197611113389335
0 0.5153032541275024 0.15129739046096802 0.02037607662172781 0.034197611113389335
0 0.4430069625377655 0.15184900164604187 0.02037607662172781 0.034197611113389335
0 0.3710196614265442 0.1523982584476471 0.02037607662172781 0.034197611113389335
0 0.2993393838405609 0.15294517576694489 0.02037607662172781 0.034197611113389335
0 0.7422063946723938 0.2302127331495285 0.02037607662172781 0.034197611113389335
0 0.6661040782928467 0.23061279952526093 0.02037607662172781 0.034197611113389335
0 0.5903418064117432 0.23101107776165009 0.02037607662172781 0.034197611113389335
0 0.5149173736572266 0.23140756785869598 0.02037607662172781 0.034197611113389335
0 0.43982845544815063 0.231802299618721 0.02037607662172781 0.034197611113389335
0 0.3650728166103363 0.23219528794288635 0.02037607662172781 0.034197611113389335
0 0.29064831137657166 0.23258653283119202 0.02037607662172781 0.034197611113389335
0 0.7510071396827698 0.3173355162143707 0.02037607662172781 0.034197611113389335
0 0.6718041896820068 0.3175487816333771 0.02037607662172781 0.034197611113389335
0 0.5929694771766663 0.31776103377342224 0.02037607662172781 0.034197611113389335
0 0.5145003795623779 0.317972332239151 0.02037607662172781 0.034197611113389335
0 0.43639442324638367 0.31818264722824097 0.02037607662172781 0.034197611113389335
0 0.3586490750312805 0.31839197874069214 0.02037607662172781 0.034197611113389335
0 0.2812618315219879 0.3186003565788269 0.02037607662172781 0.034197611113389335
0 0.7605521082878113 0.41182592511177063 0.02037607662172781 0.034197611113389335
0 0.6779851913452148 0.4118187427520752 0.02037607662172781 0.034197611113389335
0 0.5958182215690613 0.41181161999702454 0.02037607662172781 0.034197611113389335
0 0.5140483975410461 0.4118044972419739 0.02037607662172781 0.034197611113389335
0 0.43267279863357544 0.4117974042892456 0.02037607662172781 0.034197611113389335
0 0.35168859362602234 0.4117903709411621 0.02037607662172781 0.034197611113389335
0 0.2710929811000824 0.411783367395401 0.02037607662172781 0.034197611113389335
0 0.7709399461746216 0.5146598815917969 0.02037607662172781 0.034197611113389335
0 0.6847105622291565 0.5143916606903076 0.02037607662172781 0.034197611113389335
0 0.5989173054695129 0.5141248106956482 0.02037607662172781 0.034197611113389335
0 0.5135568380355835 0.5138593316078186 0.02037607662172781 0.034197611113389335
0 0.4286258816719055 0.5135951638221741 0.02037607662172781 0.034197611113389335
0 0.3441212475299835 0.5133323669433594 0.02037607662172781 0.034197611113389335
0 0.26003971695899963 0.513070821762085 0.02037607662172781 0.034197611113389335
0 0.7822873592376709 0.6269934773445129 0.02037607662172781 0.034197611113389335
0 0.6920555830001831 0.6264150142669678 0.02037607662172781 0.034197611113389335
0 0.6023011207580566 0.6258395910263062 0.02037607662172781 0.034197611113389335
0 0.5130201578140259 0.6252672672271729 0.02037607662172781 0.034197611113389335
0 0.42420902848243713 0.6246979236602783 0.02037607662172781 0.034197611113389335
0 0.33586400747299194 0.6241315603256226 0.02037607662172781 0.034197611113389335
0 0.24798139929771423 0.6235681772232056 0.02037607662172781 0.034197611113389335
0 0.7947337627410889 0.7502067685127258 0.02037607662172781 0.034197611113389335
0 0.7001099586486816 0.7492578625679016 0.02037607662172781 0.034197611113389335
0 0.6060108542442322 0.7483142018318176 0.02037607662172781 0.034197611113389335
0 0.5124319791793823 0.7473757863044739 0.02037607662172781 0.034197611113389335
0 0.4193691313266754 0.7464424967765808 0.02037607662172781 0.034197611113389335
0 0.3268180191516876 0.7455143928527832 0.02037607662172781 0.034197611113389335
0 0.2347744107246399 0.7445913553237915 0.02037607662172781 0.034197611113389335