0 0.17667824029922485 0.6110713481903076 0.031079518298308056 0.031079518298308056
0 0.26564398407936096 0.6166982054710388 0.031079518298308056 0.031079518298308056
0 0.3552883267402649 0.6223679184913635 0.031079518298308056 0.031079518298308056
0 0.44561904668807983 0.6280811429023743 0.031079518298308056 0.031079518298308056
0 0.5366440415382385 0.6338381767272949 0.031079518298308056 0.031079518298308056
0 0.6283714175224304 0.6396397352218628 0.031079518298308056 0.031079518298308056
0 0.7208092212677002 0.6454861760139465 0.031079518298308056 0.031079518298308056
0 0.19096636772155762 0.5243720412254333 0.031079518298308056 0.031079518298308056
0 0.277799129486084 0.5295392870903015 0.031079518298308056 0.031079518298308056
0 0.36527785658836365 0.5347450375556946 0.031079518298308056 0.031079518298308056
0 0.4534098207950592 0.5399896502494812 0.031079518298308056 0.031079518298308056
0 0.5422022938728333 0.5452735424041748 0.031079518298308056 0.031079518298308056
0 0.6316628456115723 0.5505971908569336 0.031079518298308056 0.031079518298308056
0 0.7217989563941956 0.5559610724449158 0.031079518298308056 0.031079518298308056
0 0.2045716643333435 0.4418160617351532 0.031079518298308056 0.031079518298308056
0 0.2893712520599365 0.4465608298778534 0.031079518298308056 0.031079518298308056
0 0.37478652596473694 0.45134004950523376 0.031079518298308056 0.031079518298308056
0 0.4608241617679596 0.45615407824516296 0.031079518298308056 0.031079518298308056
0 0.5474910736083984 0.4610033333301544 0.031079518298308056 0.031079518298308056
0 0.6347941160202026 0.4658881723880768 0.031079518298308056 0.031079518298308056
0 0.7227403521537781 0.4708089828491211 0.031079518298308056 0.031079518298308056
0 0.21754194796085358 0.3631134033203125 0.031079518298308056 0.031079518298308056
0 0.30040135979652405 0.36746904253959656 0.031079518298308056 0.031079518298308056
0 0.3838482201099396 0.37185555696487427 0.031079518298308056 0.031079518298308056
0 0.4678887724876404 0.3762733042240143 0.031079518298308056 0.031079518298308056
0 0.5525294542312622 0.3807225823402405 0.031079518298308056 0.031079518298308056
0 0.6377766132354736 0.3852037191390991 0.031079518298308056 0.031079518298308056
0 0.7236368656158447 0.38971710205078125 0.031079518298308056 0.031079518298308056
0 0.2299206405878067 0.2880004048347473 0.031079518298308056 0.031079518298308056
0 0.3109266459941864 0.29199713468551636 0.031079518298308056 0.031079518298308056
0 0.39249372482299805 0.2960215210914612 0.031079518298308056 0.031079518298308056
0 0.474627822637558 0.30007389187812805 0.031079518298308056 0.031079518298308056
0 0.5573347806930542 0.30415454506874084 0.031079518298308056 0.031079518298308056
0 0.6406206488609314 0.30826371908187866 0.031079518298308056 0.031079518298308056
0 0.7244915962219238 0.31240180134773254 0.031079518298308056 0.031079518298308056
0 0.24174733459949493 0.21623694896697998 0.031079518298308056 0.031079518298308056
0 0.320980966091156 0.21990209817886353 0.031079518298308056 0.031079518298308056
0 0.40075111389160156 0.22359207272529602 0.031079518298308056 0.031079518298308056
0 0.48106327652931213 0.22730711102485657 0.031079518298308056 0.031079518298308056
0 0.5619229078292847 0.23104748129844666 0.031079518298308056 0.031079518298308056
0 0.64333575963974 0.23481343686580658 0.031079518298308056 0.031079518298308056
0 0.7253074049949646 0.23860524594783783 0.031079518298308056 0.031079518298308056
0 0.25305813550949097 0.14760388433933258 0.031079518298308056 0.031079518298308056
0 0.3305952847003937 0.15096230804920197 0.031079518298308056 0.031079518298308056
0 0.4086459279060364 0.15434297919273376 0.031079518298308056 0.031079518298308056
0 0.48721519112586975 0.1577461212873459 0.031079518298308056 0.031079518298308056
0 0.5663082599639893 0.16117194294929504 0.031079518298308056 0.031079518298308056
0 0.6459304094314575 0.16462068259716034 0.031079518298308056 0.031079518298308056
0 0.7260869741439819 0.16809256374835968 0.031079518298308056 0.031079518298308056