0 0.30590489506721497 0.6466891765594482 0.020397564396262172 0.02719675252834956
0 0.3824465870857239 0.6471598744392395 0.020397564396262172 0.02719675252834956
0 0.45935583114624023 0.6476328372955322 0.020397564396262172 0.02719675252834956
0 0.5366352200508118 0.6481080651283264 0.020397564396262172 0.02719675252834956
0 0.6142874956130981 0.6485855579376221 0.020397564396262172 0.02719675252834956
0 0.6923153400421143 0.649065375328064 0.020397564396262172 0.02719675252834956
0 0.7707214951515198 0.6495475172996521 0.020397564396262172 0.02719675252834956
0 0.3164740204811096 0.5593318939208984 0.020397564396262172 0.02719675252834956
0 0.3893836736679077 0.5595808625221252 0.020397564396262172 0.02719675252834956
0 0.4626266658306122 0.5598310232162476 0.020397564396262172 0.02719675252834956
0 0.5362052917480469 0.5600822567939758 0.020397564396262172 0.02719675252834956
0 0.6101218461990356 0.5603346824645996 0.020397564396262172 0.02719675252834956
0 0.6843786239624023 0.5605882406234741 0.020397564396262172 0.02719675252834956
0 0.758978009223938 0.5608429908752441 0.020397564396262172 0.02719675252834956
0 0.3260815739631653 0.47992241382598877 0.020397564396262172 0.02719675252834956
0 0.3956882655620575 0.47998717427253723 0.020397564396262172 0.02719675252834956
0 0.4655986428260803 0.48005223274230957 0.020397564396262172 0.02719675252834956
0 0.5358147025108337 0.4801175892353058 0.020397564396262172 0.02719675252834956
0 0.6063384413719177 0.4801832139492035 0.020397564396262172 0.02719675252834956
0 0.6771718859672546 0.4802491068840027 0.020397564396262172 0.02719675252834956
0 0.7483171224594116 0.48031532764434814 0.020397564396262172 0.02719675252834956
0 0.33485305309295654 0.4074232578277588 0.020397564396262172 0.02719675252834956
0 0.4014430642127991 0.40733426809310913 0.020397564396262172 0.02719675252834956
0 0.4683108925819397 0.4072449207305908 0.020397564396262172 0.02719675252834956
0 0.5354583263397217 0.40715518593788147 0.020397564396262172 0.02719675252834956
0 0.6028870344161987 0.40706509351730347 0.020397564396262172 0.02719675252834956
0 0.6705989241600037 0.4069746136665344 0.020397564396262172 0.02719675252834956
0 0.7385956645011902 0.40688374638557434 0.020397564396262172 0.02719675252834956
0 0.3428930640220642 0.3409700095653534 0.020397564396262172 0.02719675252834956
0 0.4067170023918152 0.34075218439102173 0.020397564396262172 0.02719675252834956
0 0.4707960784435272 0.3405334949493408 0.020397564396262172 0.02719675252834956
0 0.5351318120956421 0.3403139114379883 0.020397564396262172 0.02719675252834956
0 0.5997257828712463 0.3400934636592865 0.020397564396262172 0.02719675252834956
0 0.6645795702934265 0.3398721218109131 0.020397564396262172 0.02719675252834956
0 0.729694664478302 0.33964988589286804 0.020397564396262172 0.02719675252834956
0 0.35028940439224243 0.2798366844654083 0.020397564396262172 0.02719675252834956
0 0.41156789660453796 0.2795105278491974 0.020397564396262172 0.02719675252834956
0 0.4730815291404724 0.27918314933776855 0.020397564396262172 0.02719675252834956
0 0.5348316431045532 0.27885448932647705 0.020397564396262172 0.02719675252834956
0 0.5968195796012878 0.2785245478153229 0.020397564396262172 0.02719675252834956
0 0.6590467691421509 0.2781933546066284 0.020397564396262172 0.02719675252834956
0 0.7215145230293274 0.2778608798980713 0.020397564396262172 0.02719675252834956
0 0.3571164608001709 0.2234090268611908 0.020397564396262172 0.02719675252834956
0 0.4160447418689728 0.22299157083034515 0.020397564396262172 0.02719675252834956
0 0.4751904308795929 0.22257257997989655 0.020397564396262172 0.02719675252834956
0 0.534554660320282 0.22215203940868378 0.020397564396262172 0.02719675252834956
0 0.5941386818885803 0.22172993421554565 0.020397564396262172 0.02719675252834956
0 0.6539437770843506 0.22130627930164337 0.020397564396262172 0.02719675252834956
0 0.7139710783958435 0.22088102996349335 0.020397564396262172 0.02719675252834956