0 0.6960727572441101 0.33842286467552185 0.02969248096148173 0.02969248096148173
0 0.6313189268112183 0.3387235105037689 0.02969248096148173 0.02969248096148173
0 0.5664516687393188 0.33902469277381897 0.02969248096148173 0.02969248096148173
0 0.5014707446098328 0.3393263816833496 0.02969248096148173 0.02969248096148173
0 0.4363758862018585 0.3396286070346832 0.02969248096148173 0.02969248096148173
0 0.37116673588752747 0.3399313986301422 0.02969248096148173 0.02969248096148173
0 0.3058430254459381 0.3402346670627594 0.02969248096148173 0.02969248096148173
0 0.7045286297798157 0.39107581973075867 0.02969248096148173 0.02969248096148173
0 0.637190580368042 0.3914363980293274 0.02969248096148173 0.02969248096148173
0 0.5697299242019653 0.39179763197898865 0.02969248096148173 0.02969248096148173
0 0.5021463632583618 0.39215952157974243 0.02969248096148173 0.02969248096148173
0 0.434439480304718 0.39252206683158875 0.02969248096148173 0.02969248096148173
0 0.36660894751548767 0.39288529753685 0.02969248096148173 0.02969248096148173
0 0.2986544966697693 0.39324915409088135 0.02969248096148173 0.02969248096148173
0 0.7136889100074768 0.44811534881591797 0.02969248096148173 0.02969248096148173
0 0.6435518860816956 0.44854500889778137 0.02969248096148173 0.02969248096148173
0 0.5732818245887756 0.44897547364234924 0.02969248096148173 0.02969248096148173
0 0.5028783679008484 0.44940677285194397 0.02969248096148173 0.02969248096148173
0 0.4323411285877228 0.44983887672424316 0.02969248096148173 0.02969248096148173
0 0.361669659614563 0.4502718150615692 0.02969248096148173 0.02969248096148173
0 0.29086363315582275 0.4507055878639221 0.02969248096148173 0.02969248096148173
0 0.7236455082893372 0.5101134181022644 0.02969248096148173 0.02969248096148173
0 0.6504667401313782 0.5106230974197388 0.02969248096148173 0.02969248096148173
0 0.577143132686615 0.5111337900161743 0.02969248096148173 0.02969248096148173
0 0.5036742687225342 0.5116454362869263 0.02969248096148173 0.02969248096148173
0 0.43005961179733276 0.5121581554412842 0.02969248096148173 0.02969248096148173
0 0.3562988340854645 0.5126718282699585 0.02969248096148173 0.02969248096148173
0 0.2823914885520935 0.5131865739822388 0.02969248096148173 0.02969248096148173
0 0.7345070242881775 0.5777460932731628 0.02969248096148173 0.02969248096148173
0 0.658010721206665 0.5783488750457764 0.02969248096148173 0.02969248096148173
0 0.5813561081886292 0.5789528489112854 0.02969248096148173 0.02969248096148173
0 0.5045426487922668 0.5795580744743347 0.02969248096148173 0.02969248096148173
0 0.4275699257850647 0.5801646113395691 0.02969248096148173 0.02969248096148173
0 0.35043737292289734 0.5807723999023438 0.02969248096148173 0.02969248096148173
0 0.27314454317092896 0.5813814401626587 0.02969248096148173 0.02969248096148173
0 0.7464026212692261 0.6518179774284363 0.02969248096148173 0.02969248096148173
0 0.6662737131118774 0.6525296568870544 0.02969248096148173 0.02969248096148173
0 0.5859710574150085 0.6532428860664368 0.02969248096148173 0.02969248096148173
0 0.5054940581321716 0.653957724571228 0.02969248096148173 0.02969248096148173
0 0.42484214901924133 0.6546740531921387 0.02969248096148173 0.02969248096148173
0 0.34401482343673706 0.6553919315338135 0.02969248096148173 0.02969248096148173
0 0.26301145553588867 0.6561114192008972 0.02969248096148173 0.02969248096148173
0 0.7594873905181885 0.733294665813446 0.02969248096148173 0.02969248096148173
0 0.6753636598587036 0.7341346144676208 0.02969248096148173 0.02969248096148173
0 0.5910483598709106 0.7349765300750732 0.02969248096148173 0.02969248096148173
0 0.506540834903717 0.7358202934265137 0.02969248096148173 0.02969248096148173
0 0.42184045910835266 0.7366660237312317 0.02969248096148173 0.02969248096148173
0 0.3369465470314026 0.7375137209892273 0.02969248096148173 0.02969248096148173
0 0.2518584430217743 0.7383633255958557 0.02969248096148173 0.02969248096148173