0 0.5997719764709473 0.2640964984893799 0.01501355739310384 0.02669076869885127
0 0.5524045825004578 0.2643337845802307 0.01501355739310384 0.02669076869885127
0 0.5046618580818176 0.26457294821739197 0.01501355739310384 0.02669076869885127
0 0.4565393328666687 0.26481401920318604 0.01501355739310384 0.02669076869885127
0 0.40803244709968567 0.2650570273399353 0.01501355739310384 0.02669076869885127
0 0.35913658142089844 0.26530197262763977 0.01501355739310384 0.02669076869885127
0 0.30984702706336975 0.2655488848686218 0.01501355739310384 0.02669076869885127
0 0.6042667627334595 0.3280886113643646 0.01501355739310384 0.02669076869885127
0 0.5553905367851257 0.32859423756599426 0.01501355739310384 0.02669076869885127
0 0.5061144232749939 0.3291039764881134 0.01501355739310384 0.02669076869885127
0 0.45643356442451477 0.3296179175376892 0.01501355739310384 0.02669076869885127
0 0.4063429832458496 0.33013609051704407 0.01501355739310384 0.02669076869885127
0 0.35583752393722534 0.33065855503082275 0.01501355739310384 0.02669076869885127
0 0.3049120604991913 0.33118537068367004 0.01501355739310384 0.02669076869885127
0 0.6090598106384277 0.3963267207145691 0.01501355739310384 0.02669076869885127
0 0.5585753917694092 0.397136390209198 0.01501355739310384 0.02669076869885127
0 0.507664144039154 0.3979529142379761 0.01501355739310384 0.02669076869885127
0 0.45632070302963257 0.3987763822078705 0.01501355739310384 0.02669076869885127
0 0.4045394957065582 0.3996068835258484 0.01501355739310384 0.02669076869885127
0 0.35231488943099976 0.40044447779655457 0.01501355739310384 0.02669076869885127
0 0.2996411919593811 0.40128928422927856 0.01501355739310384 0.02669076869885127
0 0.6141817569732666 0.46924787759780884 0.01501355739310384 0.02669076869885127
0 0.5619797706604004 0.4704029858112335 0.01501355739310384 0.02669076869885127
0 0.5093211531639099 0.47156819701194763 0.01501355739310384 0.02669076869885127
0 0.45619997382164 0.4727436602115631 0.01501355739310384 0.02669076869885127
0 0.40261003375053406 0.4739294648170471 0.01501355739310384 0.02669076869885127
0 0.3485451340675354 0.475125789642334 0.01501355739310384 0.02669076869885127
0 0.29399895668029785 0.47633278369903564 0.01501355739310384 0.02669076869885127
0 0.6196677088737488 0.5473513007164001 0.01501355739310384 0.02669076869885127
0 0.5656271576881409 0.5488998889923096 0.01501355739310384 0.02669076869885127
0 0.5110970139503479 0.5504624843597412 0.01501355739310384 0.02669076869885127
0 0.45607054233551025 0.5520393252372742 0.01501355739310384 0.02669076869885127
0 0.4005409777164459 0.553630530834198 0.01501355739310384 0.02669076869885127
0 0.3445013463497162 0.5552363991737366 0.01501355739310384 0.02669076869885127
0 0.28794461488723755 0.5568570494651794 0.01501355739310384 0.02669076869885127
0 0.6255578994750977 0.6312098503112793 0.01501355739310384 0.02669076869885127
0 0.5695446133613586 0.6332079172134399 0.01501355739310384 0.02669076869885127
0 0.5130049586296082 0.6352247595787048 0.01501355739310384 0.02669076869885127
0 0.4559314548969269 0.6372606158256531 0.01501355739310384 0.02669076869885127
0 0.39831653237342834 0.6393157839775085 0.01501355739310384 0.02669076869885127
0 0.34015247225761414 0.6413905620574951 0.01501355739310384 0.02669076869885127
0 0.2814313471317291 0.6434852480888367 0.01501355739310384 0.02669076869885127
0 0.6318987607955933 0.7214838862419128 0.01501355739310384 0.02669076869885127
0 0.5737631916999817 0.7239971160888672 0.01501355739310384 0.02669076869885127
0 0.5150602459907532 0.726534903049469 0.01501355739310384 0.02669076869885127
0 0.4557815492153168 0.7290976047515869 0.01501355739310384 0.02669076869885127
0 0.3959185779094696 0.7316855788230896 0.01501355739310384 0.02669076869885127
0 0.33546265959739685 0.7342991232872009 0.01501355739310384 0.02669076869885127
0 0.274404913187027 0.7369387149810791 0.01501355739310384 0.02669076869885127