0 0.7067511677742004 0.16718663275241852 0.02281401699098448 0.034114417930444084
0 0.6310075521469116 0.16675513982772827 0.02281401699098448 0.034114417930444084
0 0.5548915863037109 0.1663215458393097 0.02281401699098448 0.034114417930444084
0 0.47840043902397156 0.1658858060836792 0.02281401699098448 0.034114417930444084
0 0.4015314280986786 0.1654479205608368 0.02281401699098448 0.034114417930444084
0 0.3242816925048828 0.16500785946846008 0.02281401699098448 0.034114417930444084
0 0.2466483861207962 0.16456560790538788 0.02281401699098448 0.034114417930444084
0 0.7182454466819763 0.24692273139953613 0.02281401699098448 0.034114417930444084
0 0.6397262811660767 0.24667802453041077 0.02281401699098448 0.034114417930444084
0 0.5608068108558655 0.2464320957660675 0.02281401699098448 0.034114417930444084
0 0.4814838767051697 0.24618488550186157 0.02281401699098448 0.034114417930444084
0 0.4017544388771057 0.24593642354011536 0.02281401699098448 0.034114417930444084
0 0.3216153383255005 0.24568668007850647 0.02281401699098448 0.034114417930444084
0 0.2410634160041809 0.2454356551170349 0.02281401699098448 0.034114417930444084
0 0.7306213974952698 0.33277496695518494 0.02281401699098448 0.034114417930444084
0 0.6491156220436096 0.33274757862091064 0.02281401699098448 0.034114417930444084
0 0.5671781897544861 0.3327200412750244 0.02281401699098448 0.034114417930444084
0 0.48480573296546936 0.33269235491752625 0.02281401699098448 0.034114417930444084
0 0.4019947648048401 0.33266451954841614 0.02281401699098448 0.034114417930444084
0 0.31874173879623413 0.3326365351676941 0.02281401699098448 0.034114417930444084
0 0.23504316806793213 0.3326084017753601 0.02281401699098448 0.034114417930444084
0 0.7439845204353333 0.4254751205444336 0.02281401699098448 0.034114417930444084
0 0.659255862236023 0.42570120096206665 0.02281401699098448 0.034114417930444084
0 0.5740605592727661 0.4259285628795624 0.02281401699098448 0.034114417930444084
0 0.48839470744132996 0.426157146692276 0.02281401699098448 0.034114417930444084
0 0.4022544324398041 0.4263870120048523 0.02281401699098448 0.034114417930444084
0 0.3156357705593109 0.42661812901496887 0.02281401699098448 0.034114417930444084
0 0.22853471338748932 0.4268505573272705 0.02281401699098448 0.034114417930444084
0 0.7584577798843384 0.525876522064209 0.02281401699098448 0.034114417930444084
0 0.6702409982681274 0.5263992547988892 0.02281401699098448 0.034114417930444084
0 0.5815179944038391 0.5269249677658081 0.02281401699098448 0.034114417930444084
0 0.4922844469547272 0.5274537801742554 0.02281401699098448 0.034114417930444084
0 0.40253594517707825 0.5279855728149414 0.02281401699098448 0.034114417930444084
0 0.3122680187225342 0.5285204648971558 0.02281401699098448 0.034114417930444084
0 0.22147612273693085 0.5290584564208984 0.02281401699098448 0.034114417930444084
0 0.7741855978965759 0.6349804997444153 0.02281401699098448 0.034114417930444084
0 0.6821811199188232 0.6358516216278076 0.02281401699098448 0.034114417930444084
0 0.5896256566047668 0.6367279887199402 0.02281401699098448 0.034114417930444084
0 0.49651437997817993 0.637609601020813 0.02281401699098448 0.034114417930444084
0 0.4028421640396118 0.6384965181350708 0.02281401699098448 0.034114417930444084
0 0.3086039423942566 0.6393888592720032 0.02281401699098448 0.034114417930444084
0 0.21379460394382477 0.6402865052223206 0.02281401699098448 0.034114417930444084
0 0.7913383841514587 0.7539697885513306 0.02281401699098448 0.034114417930444084
0 0.6952064037322998 0.7552518248558044 0.02281401699098448 0.034114417930444084
0 0.598472535610199 0.756541907787323 0.02281401699098448 0.034114417930444084
0 0.5011311769485474 0.757840096950531 0.02281401699098448 0.034114417930444084
0 0.4031764566898346 0.7591464519500732 0.02281401699098448 0.034114417930444084
0 0.30460265278816223 0.7604610919952393 0.02281401699098448 0.034114417930444084
0 0.20540384948253632 0.7617840766906738 0.02281401699098448 0.034114417930444084