0 0.7348599433898926 0.15450549125671387 0.020230035349312753 0.03395250687996546
0 0.6624497175216675 0.15482956171035767 0.020230035349312753 0.03395250687996546
0 0.5901034474372864 0.15515334904193878 0.020230035349312753 0.03395250687996546
0 0.5178211331367493 0.15547683835029602 0.020230035349312753 0.03395250687996546
0 0.4456026256084442 0.15580004453659058 0.020230035349312753 0.03395250687996546
0 0.37344789505004883 0.15612296760082245 0.020230035349312753 0.03395250687996546
0 0.30135685205459595 0.15644560754299164 0.020230035349312753 0.03395250687996546
0 0.7427607178688049 0.2347862869501114 0.020230035349312753 0.03395250687996546
0 0.6675339341163635 0.23508605360984802 0.020230035349312753 0.03395250687996546
0 0.5923762321472168 0.23538555204868317 0.020230035349312753 0.03395250687996546
0 0.51728755235672 0.23568478226661682 0.020230035349312753 0.03395250687996546
0 0.4422677457332611 0.235983744263649 0.020230035349312753 0.03395250687996546
0 0.36731672286987305 0.23628240823745728 0.020230035349312753 0.03395250687996546
0 0.292434424161911 0.23658081889152527 0.020230035349312753 0.03395250687996546
0 0.7513003945350647 0.32155948877334595 0.020230035349312753 0.03395250687996546
0 0.6730291247367859 0.3218299150466919 0.020230035349312753 0.03395250687996546
0 0.5948326587677002 0.32210007309913635 0.020230035349312753 0.03395250687996546
0 0.5167108774185181 0.3223699927330017 0.020230035349312753 0.03395250687996546
0 0.43866366147994995 0.3226396143436432 0.020230035349312753 0.03395250687996546
0 0.3606908917427063 0.32290902733802795 0.020230035349312753 0.03395250687996546
0 0.28279247879981995 0.32317814230918884 0.020230035349312753 0.03395250687996546
0 0.7605597972869873 0.41564589738845825 0.020230035349312753 0.03395250687996546
0 0.6789872646331787 0.41588085889816284 0.020230035349312753 0.03395250687996546
0 0.5974959135055542 0.41611555218696594 0.020230035349312753 0.03395250687996546
0 0.516085684299469 0.41635003685951233 0.020230035349312753 0.03395250687996546
0 0.43475642800331116 0.4165842831134796 0.020230035349312753 0.03395250687996546
0 0.35350802540779114 0.4168183207511902 0.020230035349312753 0.03395250687996546
0 0.2723403573036194 0.41705209016799927 0.020230035349312753 0.03395250687996546
0 0.7706339359283447 0.5180107355117798 0.020230035349312753 0.03395250687996546
0 0.6854693293571472 0.5182027816772461 0.020230035349312753 0.03395250687996546
0 0.6003932952880859 0.5183945894241333 0.020230035349312753 0.03395250687996546
0 0.5154055953025818 0.518586277961731 0.020230035349312753 0.03395250687996546
0 0.4305061399936676 0.5187777280807495 0.020230035349312753 0.03395250687996546
0 0.34569481015205383 0.5189689993858337 0.020230035349312753 0.03395250687996546
0 0.26097145676612854 0.5191600322723389 0.020230035349312753 0.03395250687996546
0 0.7816352248191833 0.6297968029975891 0.020230035349312753 0.03395250687996546
0 0.6925476789474487 0.6299368739128113 0.020230035349312753 0.03395250687996546
0 0.6035569906234741 0.6300768256187439 0.020230035349312753 0.03395250687996546
0 0.5146629810333252 0.6302165985107422 0.020230035349312753 0.03395250687996546
0 0.4258655309677124 0.6303561925888062 0.020230035349312753 0.03395250687996546
0 0.3371644616127014 0.6304956674575806 0.020230035349312753 0.03395250687996546
0 0.2485595941543579 0.6306350231170654 0.020230035349312753 0.03395250687996546
0 0.7936978936195374 0.7523674964904785 0.020230035349312753 0.03395250687996546
0 0.7003085613250732 0.7524444460868835 0.020230035349312753 0.03395250687996546
0 0.6070255637168884 0.7525213360786438 0.020230035349312753 0.03395250687996546
0 0.5138488411903381 0.7525981068611145 0.020230035349312753 0.03395250687996546
0 0.42077821493148804 0.7526748180389404 0.020230035349312753 0.03395250687996546
0 0.32781344652175903 0.7527514100074768 0.020230035349312753 0.03395250687996546
0 0.234954372048378 0.7528279423713684 0.020230035349312753 0.03395250687996546