0 0.2993209660053253 0.6458338499069214 0.02044586651027203 0.02726115534702937
0 0.3746674656867981 0.6464049816131592 0.02044586651027203 0.02726115534702937
0 0.45092666149139404 0.6469830870628357 0.02044586651027203 0.02726115534702937
0 0.5281152725219727 0.6475682258605957 0.02044586651027203 0.02726115534702937
0 0.6062503457069397 0.6481605768203735 0.02044586651027203 0.02726115534702937
0 0.6853494644165039 0.6487601399421692 0.02044586651027203 0.02726115534702937
0 0.7654305100440979 0.6493672132492065 0.02044586651027203 0.02726115534702937
0 0.309812068939209 0.5588768720626831 0.02044586651027203 0.02726115534702937
0 0.38169342279434204 0.5589223504066467 0.02044586651027203 0.02726115534702937
0 0.4544045031070709 0.5589683055877686 0.02044586651027203 0.02726115534702937
0 0.5279598236083984 0.5590147972106934 0.02044586651027203 0.02726115534702937
0 0.6023741364479065 0.5590618252754211 0.02044586651027203 0.02726115534702937
0 0.6776625514030457 0.5591093897819519 0.02044586651027203 0.02726115534702937
0 0.7538406252861023 0.5591575503349304 0.02044586651027203 0.02726115534702937
0 0.31937044858932495 0.4796510636806488 0.02044586651027203 0.02726115534702937
0 0.3880912959575653 0.4792601466178894 0.02044586651027203 0.02726115534702937
0 0.45756974816322327 0.4788649082183838 0.02044586651027203 0.02726115534702937
0 0.5278184413909912 0.47846531867980957 0.02044586651027203 0.02726115534702937
0 0.5988501906394958 0.4780612289905548 0.02044586651027203 0.02726115534702937
0 0.6706782579421997 0.4776526391506195 0.02044586651027203 0.02726115534702937
0 0.7433160543441772 0.4772394597530365 0.02044586651027203 0.02726115534702937
0 0.32811519503593445 0.4071691930294037 0.02044586651027203 0.02726115534702937
0 0.3939417004585266 0.406414657831192 0.02044586651027203 0.02726115534702937
0 0.4604627192020416 0.40565213561058044 0.02044586651027203 0.02726115534702937
0 0.5276892781257629 0.4048815369606018 0.02044586651027203 0.02726115534702937
0 0.5956326723098755 0.40410274267196655 0.02044586651027203 0.02726115534702937
0 0.6643044352531433 0.40331557393074036 0.02044586651027203 0.02726115534702937
0 0.7337163090705872 0.40251991152763367 0.02044586651027203 0.02726115534702937
0 0.33614593744277954 0.34060534834861755 0.02044586651027203 0.02726115534702937
0 0.39931201934814453 0.3395467698574066 0.02044586651027203 0.02726115534702937
0 0.4631170630455017 0.3384775221347809 0.02044586651027203 0.02726115534702937
0 0.5275707840919495 0.33739736676216125 0.02044586651027203 0.02726115534702937
0 0.5926831960678101 0.33630621433258057 0.02044586651027203 0.02726115534702937
0 0.6584643125534058 0.3352038264274597 0.02044586651027203 0.02726115534702937
0 0.724924623966217 0.33409005403518677 0.02044586651027203 0.02726115534702937
0 0.34354671835899353 0.27926310896873474 0.02044586651027203 0.02726115534702937
0 0.40425905585289 0.2779497504234314 0.02044586651027203 0.02726115534702937
0 0.465561181306839 0.2766236364841461 0.02044586651027203 0.02726115534702937
0 0.5274617671966553 0.2752845883369446 0.02044586651027203 0.02726115534702937
0 0.5899696350097656 0.2739323675632477 0.02044586651027203 0.02726115534702937
0 0.653093695640564 0.27256685495376587 0.02044586651027203 0.02726115534702937
0 0.7168431282043457 0.27118778228759766 0.02044586651027203 0.02726115534702937
0 0.35038885474205017 0.22255131602287292 0.02044586651027203 0.02726115534702937
0 0.4088309109210968 0.2210240215063095 0.02044586651027203 0.02726115534702937
0 0.46781909465789795 0.2194824367761612 0.02044586651027203 0.02726115534702937
0 0.5273610949516296 0.21792638301849365 0.02044586651027203 0.02726115534702937
0 0.5874647498130798 0.21635565161705017 0.02044586651027203 0.02726115534702937
0 0.6481380462646484 0.21477004885673523 0.02044586651027203 0.02726115534702937
0 0.7093890905380249 0.21316932141780853 0.02044586651027203 0.02726115534702937