0 0.703525722026825 0.1921515315771103 0.02516910806298256 0.03355881075064341
0 0.6360713243484497 0.19139300286769867 0.02516910806298256 0.03355881075064341
0 0.5685631036758423 0.1906338632106781 0.02516910806298256 0.03355881075064341
0 0.5010010004043579 0.18987411260604858 0.02516910806298256 0.03355881075064341
0 0.4333849847316742 0.1891137659549713 0.02516910806298256 0.03355881075064341
0 0.365714967250824 0.1883528083562851 0.02516910806298256 0.03355881075064341
0 0.2979908585548401 0.18759123980998993 0.02516910806298256 0.03355881075064341
0 0.7133344411849976 0.25713855028152466 0.02516910806298256 0.03355881075064341
0 0.6425641775131226 0.25636985898017883 0.02516910806298256 0.03355881075064341
0 0.5717347264289856 0.25560054183006287 0.02516910806298256 0.03355881075064341
0 0.5008459687232971 0.25483056902885437 0.02516910806298256 0.03355881075064341
0 0.4298977851867676 0.25405994057655334 0.02516910806298256 0.03355881075064341
0 0.35889020562171936 0.2532886862754822 0.02516910806298256 0.03355881075064341
0 0.28782305121421814 0.2525167763233185 0.02516910806298256 0.03355881075064341
0 0.7241581678390503 0.32885071635246277 0.02516910806298256 0.03355881075064341
0 0.6497292518615723 0.32807379961013794 0.02516910806298256 0.03355881075064341
0 0.5752348303794861 0.3272961974143982 0.02516910806298256 0.03355881075064341
0 0.500674843788147 0.32651787996292114 0.02516910806298256 0.03355881075064341
0 0.4260491132736206 0.32573890686035156 0.02516910806298256 0.03355881075064341
0 0.3513576090335846 0.32495924830436707 0.02516910806298256 0.03355881075064341
0 0.27660027146339417 0.32417887449264526 0.02516910806298256 0.03355881075064341
0 0.7361631393432617 0.4083889424800873 0.02516910806298256 0.03355881075064341
0 0.657676637172699 0.4076065123081207 0.02516910806298256 0.03355881075064341
0 0.5791172981262207 0.4068233370780945 0.02516910806298256 0.03355881075064341
0 0.5004850029945374 0.40603944659233093 0.02516910806298256 0.03355881075064341
0 0.4217796325683594 0.4052548408508301 0.02516910806298256 0.03355881075064341
0 0.3430010974407196 0.40446949005126953 0.02516910806298256 0.03355881075064341
0 0.2641492784023285 0.4036833941936493 0.02516910806298256 0.03355881075064341
0 0.7495537996292114 0.49710825085639954 0.02516910806298256 0.03355881075064341
0 0.6665418744087219 0.4963241517543793 0.02516910806298256 0.03355881075064341
0 0.5834483504295349 0.4955393075942993 0.02516910806298256 0.03355881075064341
0 0.5002732276916504 0.4947536885738373 0.02516910806298256 0.03355881075064341
0 0.4170163571834564 0.49396729469299316 0.02516910806298256 0.03355881075064341
0 0.33367758989334106 0.49318012595176697 0.02516910806298256 0.03355881075064341
0 0.25025683641433716 0.4923921823501587 0.02516910806298256 0.03355881075064341
0 0.7645848393440247 0.5966956615447998 0.02516910806298256 0.03355881075064341
0 0.6764935851097107 0.5959153771400452 0.02516910806298256 0.03355881075064341
0 0.5883104801177979 0.5951343178749084 0.02516910806298256 0.03355881075064341
0 0.5000354647636414 0.5943524241447449 0.02516910806298256 0.03355881075064341
0 0.4116683602333069 0.5935696959495544 0.02516910806298256 0.03355881075064341
0 0.3232089877128601 0.5927861928939819 0.02516910806298256 0.03355881075064341
0 0.23465724289417267 0.5920018553733826 0.02516910806298256 0.03355881075064341
0 0.7815773487091064 0.7092784643173218 0.02516910806298256 0.03355881075064341
0 0.687744677066803 0.7085097432136536 0.02516910806298256 0.03355881075064341
0 0.5938078165054321 0.7077401280403137 0.02516910806298256 0.03355881075064341
0 0.49976664781570435 0.706969678401947 0.02516910806298256 0.03355881075064341
0 0.4056209325790405 0.7061983942985535 0.02516910806298256 0.03355881075064341
0 0.31137052178382874 0.7054262161254883 0.02516910806298256 0.03355881075064341
0 0.21701523661613464 0.7046532034873962 0.02516910806298256 0.03355881075064341