0 0.7168157696723938 0.1866244524717331 0.025548832491040233 0.03406510998805364
0 0.6465705633163452 0.18896348774433136 0.025548832491040233 0.03406510998805364
0 0.577165424823761 0.19127453863620758 0.025548832491040233 0.03406510998805364
0 0.5085853934288025 0.19355812668800354 0.025548832491040233 0.03406510998805364
0 0.44081586599349976 0.19581471383571625 0.025548832491040233 0.03406510998805364
0 0.3738425672054291 0.1980448067188263 0.025548832491040233 0.03406510998805364
0 0.3076515197753906 0.2002488374710083 0.025548832491040233 0.03406510998805364
0 0.7252126932144165 0.25084078311920166 0.025548832491040233 0.03406510998805364
0 0.6513595581054688 0.25289231538772583 0.025548832491040233 0.03406510998805364
0 0.5784340500831604 0.25491809844970703 0.025548832491040233 0.03406510998805364
0 0.5064188241958618 0.2569185793399811 0.025548832491040233 0.03406510998805364
0 0.43529701232910156 0.25889426469802856 0.025548832491040233 0.03406510998805364
0 0.3650520443916321 0.2608455717563629 0.025548832491040233 0.03406510998805364
0 0.29566776752471924 0.26277297735214233 0.025548832491040233 0.03406510998805364
0 0.7345107793807983 0.32194894552230835 0.025548832491040233 0.03406510998805364
0 0.6566590666770935 0.3236364722251892 0.025548832491040233 0.03406510998805364
0 0.5798370242118835 0.3253016769886017 0.025548832491040233 0.03406510998805364
0 0.5040243864059448 0.3269450068473816 0.025548832491040233 0.03406510998805364
0 0.4292013347148895 0.32856687903404236 0.025548832491040233 0.03406510998805364
0 0.3553486764431 0.3301677107810974 0.025548832491040233 0.03406510998805364
0 0.28244760632514954 0.33174794912338257 0.025548832491040233 0.03406510998805364
0 0.7448633313179016 0.4011213183403015 0.025548832491040233 0.03406510998805364
0 0.6625553965568542 0.4023471474647522 0.025548832491040233 0.03406510998805364
0 0.5813969373703003 0.40355584025382996 0.025548832491040233 0.03406510998805364
0 0.50136399269104 0.40474775433540344 0.025548832491040233 0.03406510998805364
0 0.42243340611457825 0.4059232771396637 0.025548832491040233 0.03406510998805364
0 0.3445824980735779 0.4070827066898346 0.025548832491040233 0.03406510998805364
0 0.2677892744541168 0.4082263708114624 0.025548832491040233 0.03406510998805364
0 0.7564605474472046 0.4898122251033783 0.025548832491040233 0.03406510998805364
0 0.6691552996635437 0.49045029282569885 0.025548832491040233 0.03406510998805364
0 0.583141565322876 0.4910789132118225 0.025548832491040233 0.03406510998805364
0 0.4983908236026764 0.49169832468032837 0.025548832491040233 0.03406510998805364
0 0.41487550735473633 0.49230867624282837 0.025548832491040233 0.03406510998805364
0 0.3325687646865845 0.4929102063179016 0.025548832491040233 0.03406510998805364
0 0.25144460797309875 0.4935031235218048 0.025548832491040233 0.03406510998805364
0 0.7695412039756775 0.5898479223251343 0.025548832491040233 0.03406510998805364
0 0.6765927672386169 0.5897337794303894 0.025548832491040233 0.03406510998805364
0 0.585105836391449 0.5896214246749878 0.025548832491040233 0.03406510998805364
0 0.4950462281703949 0.5895107984542847 0.025548832491040233 0.03406510998805364
0 0.4063807725906372 0.58940190076828 0.025548832491040233 0.03406510998805364
0 0.31907737255096436 0.5892946720123291 0.025548832491040233 0.03406510998805364
0 0.2331048548221588 0.5891891121864319 0.025548832491040233 0.03406510998805364
0 0.7844094038009644 0.7035539150238037 0.025548832491040233 0.03406510998805364
0 0.6850379705429077 0.7024699449539185 0.025548832491040233 0.03406510998805364
0 0.5873340368270874 0.7014041543006897 0.025548832491040233 0.03406510998805364
0 0.4912559688091278 0.700356125831604 0.025548832491040233 0.03406510998805364
0 0.39676350355148315 0.6993253827095032 0.025548832491040233 0.03406510998805364
0 0.3038177192211151 0.6983115077018738 0.025548832491040233 0.03406510998805364
0 0.21238094568252563 0.6973140835762024 0.025548832491040233 0.03406510998805364