0 0.7070189118385315 0.15907138586044312 0.022839949637030562 0.0341531957189242
0 0.6315334439277649 0.15811030566692352 0.022839949637030562 0.0341531957189242
0 0.5553994178771973 0.15714097023010254 0.022839949637030562 0.0341531957189242
0 0.47860845923423767 0.1561632752418518 0.022839949637030562 0.0341531957189242
0 0.40115195512771606 0.15517710149288177 0.022839949637030562 0.0341531957189242
0 0.3230212926864624 0.1541823297739029 0.022839949637030562 0.0341531957189242
0 0.24420754611492157 0.1531788855791092 0.022839949637030562 0.0341531957189242
0 0.7186233997344971 0.2388668954372406 0.022839949637030562 0.0341531957189242
0 0.6404614448547363 0.23822474479675293 0.022839949637030562 0.0341531957189242
0 0.5616036057472229 0.2375769019126892 0.022839949637030562 0.0341531957189242
0 0.4820404350757599 0.2369232475757599 0.022839949637030562 0.0341531957189242
0 0.4017624855041504 0.2362637221813202 0.022839949637030562 0.0341531957189242
0 0.3207601010799408 0.23559825122356415 0.022839949637030562 0.0341531957189242
0 0.2390233725309372 0.2349267452955246 0.022839949637030562 0.0341531957189242
0 0.7310940623283386 0.3246185779571533 0.022839949637030562 0.0341531957189242
0 0.650058925151825 0.3243466913700104 0.022839949637030562 0.0341531957189242
0 0.5682750940322876 0.32407230138778687 0.022839949637030562 0.0341531957189242
0 0.48573216795921326 0.323795348405838 0.022839949637030562 0.0341531957189242
0 0.40241944789886475 0.32351580262184143 0.022839949637030562 0.0341531957189242
0 0.3183261752128601 0.3232336640357971 0.022839949637030562 0.0341531957189242
0 0.2334412932395935 0.3229488432407379 0.022839949637030562 0.0341531957189242
0 0.7445316910743713 0.41701921820640564 0.022839949637030562 0.0341531957189242
0 0.6604041457176208 0.4171781837940216 0.022839949637030562 0.0341531957189242
0 0.575468897819519 0.41733866930007935 0.022839949637030562 0.0341531957189242
0 0.48971426486968994 0.41750070452690125 0.022839949637030562 0.0341531957189242
0 0.40312832593917847 0.4176643192768097 0.022839949637030562 0.0341531957189242
0 0.31569892168045044 0.4178295135498047 0.022839949637030562 0.0341531957189242
0 0.22741369903087616 0.417996346950531 0.022839949637030562 0.0341531957189242
0 0.7590532302856445 0.516873300075531 0.022839949637030562 0.0341531957189242
0 0.6715880036354065 0.5175350904464722 0.022839949637030562 0.0341531957189242
0 0.5832487344741821 0.5182034969329834 0.022839949637030562 0.0341531957189242
0 0.4940224289894104 0.5188786387443542 0.022839949637030562 0.0341531957189242
0 0.4038955271244049 0.5195605754852295 0.022839949637030562 0.0341531957189242
0 0.3128543794155121 0.5202494263648987 0.022839949637030562 0.0341531957189242
0 0.2208850085735321 0.5209453105926514 0.022839949637030562 0.0341531957189242
0 0.774795413017273 0.6251205205917358 0.022839949637030562 0.0341531957189242
0 0.6837167143821716 0.6263711452484131 0.022839949637030562 0.0341531957189242
0 0.5916893482208252 0.6276347637176514 0.022839949637030562 0.0341531957189242
0 0.4986983835697174 0.6289116144180298 0.022839949637030562 0.0341531957189242
0 0.40472859144210815 0.6302019357681274 0.022839949637030562 0.0341531957189242
0 0.30976444482803345 0.6315059065818787 0.022839949637030562 0.0341531957189242
0 0.21379004418849945 0.6328237056732178 0.022839949637030562 0.0341531957189242
0 0.7919188141822815 0.7428655624389648 0.022839949637030562 0.0341531957189242
0 0.6969154477119446 0.7448083162307739 0.022839949637030562 0.0341531957189242
0 0.6008785963058472 0.7467721700668335 0.022839949637030562 0.0341531957189242
0 0.5037913918495178 0.748757541179657 0.022839949637030562 0.0341531957189242
0 0.40563634037971497 0.7507647275924683 0.022839949637030562 0.0341531957189242
0 0.30639585852622986 0.752794086933136 0.022839949637030562 0.0341531957189242
0 0.2060517966747284 0.7548460364341736 0.022839949637030562 0.0341531957189242