0 0.2283869981765747 0.6346601843833923 0.03357715904712677 0.03357715904712677
0 0.3256738781929016 0.6360694169998169 0.03357715904712677 0.03357715904712677
0 0.42292869091033936 0.6374781727790833 0.03357715904712677 0.03357715904712677
0 0.5201514363288879 0.6388865113258362 0.03357715904712677 0.03357715904712677
0 0.6173421144485474 0.6402943730354309 0.03357715904712677 0.03357715904712677
0 0.7145007848739624 0.6417016983032227 0.03357715904712677 0.03357715904712677
0 0.8116274476051331 0.6431086659431458 0.03357715904712677 0.03357715904712677
0 0.2379339635372162 0.5436885356903076 0.03357715904712677 0.03357715904712677
0 0.33193811774253845 0.5450647473335266 0.03357715904712677 0.03357715904712677
0 0.42591235041618347 0.5464404821395874 0.03357715904712677 0.03357715904712677
0 0.5198566317558289 0.5478157997131348 0.03357715904712677 0.03357715904712677
0 0.6137709617614746 0.5491907000541687 0.03357715904712677 0.03357715904712677
0 0.7076553702354431 0.5505651831626892 0.03357715904712677 0.03357715904712677
0 0.8015099167823792 0.5519391894340515 0.03357715904712677 0.03357715904712677
0 0.24685786664485931 0.45865398645401 0.03357715904712677 0.03357715904712677
0 0.33779361844062805 0.45999839901924133 0.03357715904712677 0.03357715904712677
0 0.4287013113498688 0.46134239435195923 0.03357715904712677 0.03357715904712677
0 0.5195810198783875 0.4626860022544861 0.03357715904712677 0.03357715904712677
0 0.6104326844215393 0.4640291631221771 0.03357715904712677 0.03357715904712677
0 0.7012563943862915 0.46537190675735474 0.03357715904712677 0.03357715904712677
0 0.7920520901679993 0.4667142629623413 0.03357715904712677 0.03357715904712677
0 0.2552177608013153 0.3789937496185303 0.03357715904712677 0.03357715904712677
0 0.34327906370162964 0.38030755519866943 0.03357715904712677 0.03357715904712677
0 0.431314080953598 0.38162100315093994 0.03357715904712677 0.03357715904712677
0 0.5193228125572205 0.382934033870697 0.03357715904712677 0.03357715904712677
0 0.6073052883148193 0.38424670696258545 0.03357715904712677 0.03357715904712677
0 0.6952614784240723 0.38555896282196045 0.03357715904712677 0.03357715904712677
0 0.7831915020942688 0.3868708312511444 0.03357715904712677 0.03357715904712677
0 0.26306548714637756 0.30421388149261475 0.03357715904712677 0.03357715904712677
0 0.34842851758003235 0.30549830198287964 0.03357715904712677 0.03357715904712677
0 0.43376681208610535 0.3067823350429535 0.03357715904712677 0.03357715904712677
0 0.519080400466919 0.3080660104751587 0.03357715904712677 0.03357715904712677
0 0.6043693423271179 0.30934929847717285 0.03357715904712677 0.03357715904712677
0 0.6896336078643799 0.31063222885131836 0.03357715904712677 0.03357715904712677
0 0.7748732566833496 0.3119147717952728 0.03357715904712677 0.03357715904712677
0 0.2704467177391052 0.23387925326824188 0.03357715904712677 0.03357715904712677
0 0.35327187180519104 0.23513537645339966 0.03357715904712677 0.03357715904712677
0 0.43607378005981445 0.23639114201068878 0.03357715904712677 0.03357715904712677
0 0.5188524723052979 0.23764654994010925 0.03357715904712677 0.03357715904712677
0 0.6016078591346741 0.23890160024166107 0.03357715904712677 0.03357715904712677
0 0.6843400597572327 0.24015630781650543 0.03357715904712677 0.03357715904712677
0 0.7670490741729736 0.24141065776348114 0.03357715904712677 0.03357715904712677
0 0.2774018347263336 0.1676049381494522 0.03357715904712677 0.03357715904712677
0 0.35783571004867554 0.16883383691310883 0.03357715904712677 0.03357715904712677
0 0.4382476210594177 0.17006240785121918 0.03357715904712677 0.03357715904712677
0 0.5186376571655273 0.17129063606262207 0.03357715904712677 0.03357715904712677
0 0.5990056991577148 0.1725185364484787 0.03357715904712677 0.03357715904712677
0 0.6793519258499146 0.17374609410762787 0.03357715904712677 0.03357715904712677
0 0.7596761584281921 0.17497330904006958 0.03357715904712677 0.03357715904712677