0 0.30617663264274597 0.37643498182296753 0.019663190469145775 0.026217587292194366
0 0.30090102553367615 0.44019895792007446 0.019663190469145775 0.026217587292194366
0 0.2953164577484131 0.5076974034309387 0.019663190469145775 0.026217587292194366
0 0.28939494490623474 0.5792683362960815 0.019663190469145775 0.026217587292194366
0 0.2831050455570221 0.655291736125946 0.019663190469145775 0.026217587292194366
0 0.2764112651348114 0.7361965179443359 0.019663190469145775 0.026217587292194366
0 0.26927345991134644 0.8224682807922363 0.019663190469145775 0.026217587292194366
0 0.36945316195487976 0.37719759345054626 0.019663190469145775 0.026217587292194366
0 0.3659764528274536 0.44100815057754517 0.019663190469145775 0.026217587292194366
0 0.36229604482650757 0.5085574388504028 0.019663190469145775 0.026217587292194366
0 0.35839349031448364 0.5801839232444763 0.019663190469145775 0.026217587292194366
0 0.354248046875 0.6562682390213013 0.019663190469145775 0.026217587292194366
0 0.3498363196849823 0.7372400164604187 0.019663190469145775 0.026217587292194366
0 0.3451317846775055 0.8235856890678406 0.019663190469145775 0.026217587292194366
0 0.4327777028083801 0.37796080112457275 0.019663190469145775 0.026217587292194366
0 0.4311026632785797 0.4418179988861084 0.019663190469145775 0.026217587292194366
0 0.42932945489883423 0.5094181299209595 0.019663190469145775 0.026217587292194366
0 0.42744916677474976 0.5811002850532532 0.019663190469145775 0.026217587292194366
0 0.42545178532600403 0.6572456359863281 0.019663190469145775 0.026217587292194366
0 0.4233260750770569 0.7382844090461731 0.019663190469145775 0.026217587292194366
0 0.42105919122695923 0.8247040510177612 0.019663190469145775 0.026217587292194366
0 0.49615031480789185 0.378724604845047 0.019663190469145775 0.026217587292194366
0 0.4962797462940216 0.4426284730434418 0.019663190469145775 0.026217587292194366
0 0.49641674757003784 0.5102795362472534 0.019663190469145775 0.026217587292194366
0 0.49656200408935547 0.5820173621177673 0.019663190469145775 0.026217587292194366
0 0.49671632051467896 0.6582238078117371 0.019663190469145775 0.026217587292194366
0 0.49688056111335754 0.7393297553062439 0.019663190469145775 0.026217587292194366
0 0.4970557391643524 0.8258234262466431 0.019663190469145775 0.026217587292194366
0 0.5595710873603821 0.3794889748096466 0.019663190469145775 0.026217587292194366
0 0.5615077018737793 0.4434395730495453 0.019663190469145775 0.026217587292194366
0 0.5635579824447632 0.5111416578292847 0.019663190469145775 0.026217587292194366
0 0.5657321214675903 0.5829352140426636 0.019663190469145775 0.026217587292194366
0 0.5680417418479919 0.6592028141021729 0.019663190469145775 0.026217587292194366
0 0.5704999566078186 0.7403759956359863 0.019663190469145775 0.026217587292194366
0 0.5731214880943298 0.8269438743591309 0.019663190469145775 0.026217587292194366
0 0.6230400204658508 0.3802539110183716 0.019663190469145775 0.026217587292194366
0 0.6267867088317871 0.44425132870674133 0.019663190469145775 0.026217587292194366
0 0.630753219127655 0.5120044350624084 0.019663190469145775 0.026217587292194366
0 0.6349595189094543 0.5838538408279419 0.019663190469145775 0.026217587292194366
0 0.6394281387329102 0.6601826548576355 0.019663190469145775 0.026217587292194366
0 0.6441842317581177 0.7414231896400452 0.019663190469145775 0.026217587292194366
0 0.6492565870285034 0.8280652761459351 0.019663190469145775 0.026217587292194366
0 0.6865572333335876 0.3810194432735443 0.019663190469145775 0.026217587292194366
0 0.6921166777610779 0.4450637102127075 0.019663190469145775 0.026217587292194366
0 0.6980025172233582 0.5128679275512695 0.019663190469145775 0.026217587292194366
0 0.7042443752288818 0.5847732424736023 0.019663190469145775 0.026217587292194366
0 0.7108755111694336 0.661163330078125 0.019663190469145775 0.026217587292194366
0 0.7179335951805115 0.7424712777137756 0.019663190469145775 0.026217587292194366
0 0.7254611253738403 0.8291877508163452 0.019663190469145775 0.026217587292194366