0 0.6533673405647278 0.1778232902288437 0.025284957140684128 0.033713276187578835
0 0.5876966118812561 0.1814650148153305 0.025284957140684128 0.033713276187578835
0 0.5212188363075256 0.18515148758888245 0.025284957140684128 0.033713276187578835
0 0.45391911268234253 0.18888355791568756 0.025284957140684128 0.033713276187578835
0 0.38578206300735474 0.1926620453596115 0.025284957140684128 0.033713276187578835
0 0.31679198145866394 0.19648784399032593 0.025284957140684128 0.033713276187578835
0 0.2469327449798584 0.20036183297634125 0.025284957140684128 0.033713276187578835
0 0.6680471897125244 0.24026884138584137 0.025284957140684128 0.033713276187578835
0 0.5992797017097473 0.24448737502098083 0.025284957140684128 0.033713276187578835
0 0.5296258926391602 0.24876028299331665 0.025284957140684128 0.033713276187578835
0 0.4590684175491333 0.2530886232852936 0.025284957140684128 0.033713276187578835
0 0.38758960366249084 0.25747349858283997 0.025284957140684128 0.033713276187578835
0 0.3151713013648987 0.26191598176956177 0.025284957140684128 0.033713276187578835
0 0.24179485440254211 0.2664172649383545 0.025284957140684128 0.033713276187578835
0 0.684216320514679 0.30904966592788696 0.025284957140684128 0.033713276187578835
0 0.6120458841323853 0.31394654512405396 0.025284957140684128 0.033713276187578835
0 0.5388973951339722 0.31890982389450073 0.025284957140684128 0.033713276187578835
0 0.46475082635879517 0.32394081354141235 0.025284957140684128 0.033713276187578835
0 0.38958555459976196 0.32904091477394104 0.025284957140684128 0.033713276187578835
0 0.31338050961494446 0.3342115581035614 0.025284957140684128 0.033713276187578835
0 0.23611393570899963 0.3394542336463928 0.025284957140684128 0.033713276187578835
0 0.7021135687828064 0.38518133759498596 0.025284957140684128 0.033713276187578835
0 0.6261861324310303 0.39088174700737 0.025284957140684128 0.033713276187578835
0 0.5491739511489868 0.3966636061668396 0.025284957140684128 0.033713276187578835
0 0.4710536301136017 0.40252864360809326 0.025284957140684128 0.033713276187578835
0 0.39180099964141846 0.408478707075119 0.025284957140684128 0.033713276187578835
0 0.31139132380485535 0.4145156443119049 0.025284957140684128 0.033713276187578835
0 0.2297990769147873 0.42064136266708374 0.025284957140684128 0.033713276187578835
0 0.7220314741134644 0.46990886330604553 0.025284957140684128 0.033713276187578835
0 0.641934871673584 0.4765686094760895 0.025284957140684128 0.033713276187578835
0 0.560628354549408 0.4833289682865143 0.025284957140684128 0.033713276187578835
0 0.4780843257904053 0.4901922345161438 0.025284957140684128 0.033713276187578835
0 0.3942742645740509 0.49716076254844666 0.025284957140684128 0.033713276187578835
0 0.30916890501976013 0.5042369961738586 0.025284957140684128 0.033713276187578835
0 0.22273790836334229 0.5114234089851379 0.025284957140684128 0.033713276187578835
0 0.7443328499794006 0.5647750496864319 0.025284957140684128 0.033713276187578835
0 0.6595830917358398 0.5725904703140259 0.025284957140684128 0.033713276187578835
0 0.5734753608703613 0.580531120300293 0.025284957140684128 0.033713276187578835
0 0.4859766960144043 0.5886000394821167 0.025284957140684128 0.033713276187578835
0 0.39705315232276917 0.5968003869056702 0.025284957140684128 0.033713276187578835
0 0.30666959285736084 0.6051353216171265 0.025284957140684128 0.033713276187578835
0 0.21478980779647827 0.6136082410812378 0.025284957140684128 0.033713276187578835
0 0.7694726586341858 0.6717156767845154 0.025284957140684128 0.033713276187578835
0 0.6794965863227844 0.6809372305870056 0.025284957140684128 0.033713276187578835
0 0.5879853963851929 0.6903160810470581 0.025284957140684128 0.033713276187578835
0 0.49489954113960266 0.6998562812805176 0.025284957140684128 0.033713276187578835
0 0.40019798278808594 0.7095621228218079 0.025284957140684128 0.033713276187578835
0 0.3038382828235626 0.7194378972053528 0.025284957140684128 0.033713276187578835
0 0.20577649772167206 0.7294880747795105 0.025284957140684128 0.033713276187578835