0 0.7055601477622986 0.15736594796180725 0.0228631302403907 0.03418785830338796
0 0.6301211714744568 0.15699726343154907 0.0228631302403907 0.03418785830338796
0 0.5541863441467285 0.15662617981433868 0.0228631302403907 0.03418785830338796
0 0.477750688791275 0.1562526375055313 0.0228631302403907 0.03418785830338796
0 0.40080928802490234 0.15587662160396576 0.0228631302403907 0.03418785830338796
0 0.3233570456504822 0.15549810230731964 0.0228631302403907 0.03418785830338796
0 0.24538889527320862 0.15511707961559296 0.0228631302403907 0.03418785830338796
0 0.7170620560646057 0.23687325417995453 0.0228631302403907 0.03418785830338796
0 0.6388561129570007 0.23676103353500366 0.0228631302403907 0.03418785830338796
0 0.5601168870925903 0.23664802312850952 0.0228631302403907 0.03418785830338796
0 0.4808388948440552 0.2365342527627945 0.0228631302403907 0.03418785830338796
0 0.40101662278175354 0.2364197075366974 0.0228631302403907 0.03418785830338796
0 0.32064440846443176 0.2363043576478958 0.0228631302403907 0.03418785830338796
0 0.23971658945083618 0.23618821799755096 0.0228631302403907 0.03418785830338796
0 0.7294496297836304 0.32250234484672546 0.0228631302403907 0.03418785830338796
0 0.6482659578323364 0.3226879835128784 0.0228631302403907 0.03418785830338796
0 0.5665072798728943 0.32287490367889404 0.0228631302403907 0.03418785830338796
0 0.4841673970222473 0.3230631649494171 0.0228631302403907 0.03418785830338796
0 0.40124014019966125 0.32325279712677 0.0228631302403907 0.03418785830338796
0 0.3177191913127899 0.323443740606308 0.0228631302403907 0.03418785830338796
0 0.23359812796115875 0.32363608479499817 0.0228631302403907 0.03418785830338796
0 0.7428291440010071 0.41498854756355286 0.0228631302403907 0.03418785830338796
0 0.658432126045227 0.41552114486694336 0.0228631302403907 0.03418785830338796
0 0.5734131932258606 0.41605764627456665 0.0228631302403907 0.03418785830338796
0 0.4877654016017914 0.4165981411933899 0.0228631302403907 0.03418785830338796
0 0.40148183703422546 0.4171426296234131 0.0228631302403907 0.03418785830338796
0 0.3145553171634674 0.4176912009716034 0.0228631302403907 0.03418785830338796
0 0.22697870433330536 0.4182438552379608 0.0228631302403907 0.03418785830338796
0 0.7573248147964478 0.5151898860931396 0.0228631302403907 0.03418785830338796
0 0.6694495677947998 0.5161280035972595 0.0228631302403907 0.03418785830338796
0 0.5808995962142944 0.5170733332633972 0.0228631302403907 0.03418785830338796
0 0.4916670322418213 0.5180259346961975 0.0228631302403907 0.03418785830338796
0 0.40174397826194763 0.51898592710495 0.0228631302403907 0.03418785830338796
0 0.31112241744995117 0.5199533700942993 0.0228631302403907 0.03418785830338796
0 0.2197941690683365 0.5209283232688904 0.0228631302403907 0.03418785830338796
0 0.7730822563171387 0.6241137385368347 0.0228631302403907 0.03418785830338796
0 0.681429922580719 0.6255276203155518 0.0228631302403907 0.03418785830338796
0 0.5890429019927979 0.6269528865814209 0.0228631302403907 0.03418785830338796
0 0.4959123730659485 0.6283895969390869 0.0228631302403907 0.03418785830338796
0 0.4020293354988098 0.6298379302024841 0.0228631302403907 0.03418785830338796
0 0.3073846399784088 0.6312980055809021 0.0228631302403907 0.03418785830338796
0 0.21196894347667694 0.6327700018882751 0.0228631302403907 0.03418785830338796
0 0.7902738451957703 0.7429508566856384 0.0228631302403907 0.03418785830338796
0 0.6945051550865173 0.7449254393577576 0.0228631302403907 0.03418785830338796
0 0.5979335904121399 0.7469165921211243 0.0228631302403907 0.03418785830338796
0 0.5005490183830261 0.7489244341850281 0.0228631302403907 0.03418785830338796
0 0.4023410975933075 0.7509493231773376 0.0228631302403907 0.03418785830338796
0 0.3032994270324707 0.7529913783073425 0.0228631302403907 0.03418785830338796
0 0.20341330766677856 0.7550508379936218 0.0228631302403907 0.03418785830338796