0 0.704329252243042 0.1928120255470276 0.024565324187278748 0.03275376558303833
0 0.637266993522644 0.19412052631378174 0.024565324187278748 0.03275376558303833
0 0.5701930522918701 0.1954292356967926 0.024565324187278748 0.03275376558303833
0 0.503107488155365 0.19673818349838257 0.024565324187278748 0.03275376558303833
0 0.4360102415084839 0.19804735481739044 0.024565324187278748 0.03275376558303833
0 0.3689013123512268 0.19935676455497742 0.024565324187278748 0.03275376558303833
0 0.30178070068359375 0.2006663829088211 0.024565324187278748 0.03275376558303833
0 0.7147238850593567 0.2561311721801758 0.024565324187278748 0.03275376558303833
0 0.6444813013076782 0.25750747323036194 0.024565324187278748 0.03275376558303833
0 0.574225902557373 0.258884072303772 0.024565324187278748 0.03275376558303833
0 0.5039576888084412 0.2602609097957611 0.024565324187278748 0.03275376558303833
0 0.43367671966552734 0.26163798570632935 0.024565324187278748 0.03275376558303833
0 0.3633829355239868 0.2630153000354767 0.024565324187278748 0.03275376558303833
0 0.2930763363838196 0.2643928825855255 0.024565324187278748 0.03275376558303833
0 0.7261537313461304 0.3257562816143036 0.024565324187278748 0.03275376558303833
0 0.6524141430854797 0.3272078037261963 0.024565324187278748 0.03275376558303833
0 0.5786604285240173 0.32865962386131287 0.024565324187278748 0.03275376558303833
0 0.5048926472663879 0.33011171221733093 0.024565324187278748 0.03275376558303833
0 0.4311107397079468 0.3315640687942505 0.024565324187278748 0.03275376558303833
0 0.35731470584869385 0.33301669359207153 0.024565324187278748 0.03275376558303833
0 0.28350457549095154 0.33446961641311646 0.024565324187278748 0.03275376558303833
0 0.7387815713882446 0.40267881751060486 0.024565324187278748 0.03275376558303833
0 0.6611785292625427 0.40421417355537415 0.024565324187278748 0.03275376558303833
0 0.5835598707199097 0.4057497978210449 0.024565324187278748 0.03275376558303833
0 0.5059255957603455 0.40728577971458435 0.024565324187278748 0.03275376558303833
0 0.4282757043838501 0.40882202982902527 0.024565324187278748 0.03275376558303833
0 0.3506101667881012 0.41035860776901245 0.024565324187278748 0.03275376558303833
0 0.27292901277542114 0.4118954837322235 0.024565324187278748 0.03275376558303833
0 0.7528060674667358 0.4881094694137573 0.024565324187278748 0.03275376558303833
0 0.6709123849868774 0.489738792181015 0.024565324187278748 0.03275376558303833
0 0.5890012979507446 0.49136847257614136 0.024565324187278748 0.03275376558303833
0 0.5070728063583374 0.49299848079681396 0.024565324187278748 0.03275376558303833
0 0.42512694001197815 0.4946288466453552 0.024565324187278748 0.03275376558303833
0 0.3431636691093445 0.49625954031944275 0.024565324187278748 0.03275376558303833
0 0.261182963848114 0.4978906214237213 0.024565324187278748 0.03275376558303833
0 0.7684726119041443 0.5835424065589905 0.024565324187278748 0.03275376558303833
0 0.681786060333252 0.5852778553962708 0.024565324187278748 0.03275376558303833
0 0.5950799584388733 0.5870136618614197 0.024565324187278748 0.03275376558303833
0 0.5083544254302979 0.588749885559082 0.024565324187278748 0.03275376558303833
0 0.42160937190055847 0.5904865264892578 0.024565324187278748 0.03275376558303833
0 0.33484482765197754 0.5922235250473022 0.024565324187278748 0.03275376558303833
0 0.24806076288223267 0.5939609408378601 0.024565324187278748 0.03275376558303833
0 0.7860874533653259 0.6908435225486755 0.024565324187278748 0.03275376558303833
0 0.6940121054649353 0.692699670791626 0.024565324187278748 0.03275376558303833
0 0.6019147634506226 0.6945562958717346 0.024565324187278748 0.03275376558303833
0 0.5097954869270325 0.6964133977890015 0.024565324187278748 0.03275376558303833
0 0.4176541566848755 0.698270857334137 0.024565324187278748 0.03275376558303833
0 0.3254908323287964 0.7001288533210754 0.024565324187278748 0.03275376558303833
0 0.23330549895763397 0.7019872069358826 0.024565324187278748 0.03275376558303833