0 0.6814125180244446 0.17186923325061798 0.02496569231152535 0.03328758974870046
0 0.6133002042770386 0.17501625418663025 0.02496569231152535 0.03328758974870046
0 0.5451321005821228 0.17816583812236786 0.02496569231152535 0.03328758974870046
0 0.4769081473350525 0.1813180148601532 0.02496569231152535 0.03328758974870046
0 0.4086282551288605 0.18447276949882507 0.02496569231152535 0.03328758974870046
0 0.340292364358902 0.18763010203838348 0.02496569231152535 0.03328758974870046
0 0.2719004154205322 0.19079004228115082 0.02496569231152535 0.03328758974870046
0 0.6923707127571106 0.23654861748218536 0.02496569231152535 0.03328758974870046
0 0.6210485100746155 0.23987188935279846 0.02496569231152535 0.03328758974870046
0 0.5496651530265808 0.24319800734519958 0.02496569231152535 0.03328758974870046
0 0.47822052240371704 0.24652697145938873 0.02496569231152535 0.03328758974870046
0 0.4067145586013794 0.2498587965965271 0.02496569231152535 0.03328758974870046
0 0.3351471722126007 0.2531934976577759 0.02496569231152535 0.03328758974870046
0 0.2635182738304138 0.2565310597419739 0.02496569231152535 0.03328758974870046
0 0.7044140100479126 0.3076326549053192 0.02496569231152535 0.03328758974870046
0 0.6295644044876099 0.31115251779556274 0.02496569231152535 0.03328758974870046
0 0.5546474456787109 0.31467553973197937 0.02496569231152535 0.03328758974870046
0 0.47966301441192627 0.3182017505168915 0.02496569231152535 0.03328758974870046
0 0.4046109914779663 0.3217311501502991 0.02496569231152535 0.03328758974870046
0 0.3294913172721863 0.32526370882987976 0.02496569231152535 0.03328758974870046
0 0.25430387258529663 0.32879945635795593 0.02496569231152535 0.03328758974870046
0 0.7177119851112366 0.3861221969127655 0.02496569231152535 0.03328758974870046
0 0.6389679312705994 0.38986265659332275 0.02496569231152535 0.03328758974870046
0 0.5601493120193481 0.39360666275024414 0.02496569231152535 0.03328758974870046
0 0.48125600814819336 0.39735421538352966 0.02496569231152535 0.03328758974870046
0 0.40228787064552307 0.4011053144931793 0.02496569231152535 0.03328758974870046
0 0.3232448399066925 0.4048599600791931 0.02496569231152535 0.03328758974870046
0 0.24412678182125092 0.40861818194389343 0.02496569231152535 0.03328758974870046
0 0.7324714064598083 0.47323811054229736 0.02496569231152535 0.03328758974870046
0 0.6494054794311523 0.47722771763801575 0.02496569231152535 0.03328758974870046
0 0.5662564635276794 0.4812213182449341 0.02496569231152535 0.03328758974870046
0 0.48302432894706726 0.48521891236305237 0.02496569231152535 0.03328758974870046
0 0.39970892667770386 0.489220529794693 0.02496569231152535 0.03328758974870046
0 0.3163101375102997 0.4932261109352112 0.02496569231152535 0.03328758974870046
0 0.232827827334404 0.4972357153892517 0.02496569231152535 0.03328758974870046
0 0.7489473819732666 0.5704851746559143 0.02496569231152535 0.03328758974870046
0 0.6610574126243591 0.5747582912445068 0.02496569231152535 0.03328758974870046
0 0.5730745792388916 0.5790359377861023 0.02496569231152535 0.03328758974870046
0 0.4849986135959625 0.5833181142807007 0.02496569231152535 0.03328758974870046
0 0.39682939648628235 0.587604820728302 0.02496569231152535 0.03328758974870046
0 0.3085668087005615 0.5918960571289062 0.02496569231152535 0.03328758974870046
0 0.22021067142486572 0.5961918234825134 0.02496569231152535 0.03328758974870046
0 0.7674576640129089 0.6797398328781128 0.02496569231152535 0.03328758974870046
0 0.6741489768028259 0.6843382120132446 0.02496569231152535 0.03328758974870046
0 0.5807355046272278 0.6889417767524719 0.02496569231152535 0.03328758974870046
0 0.48721709847450256 0.6935504674911499 0.02496569231152535 0.03328758974870046
0 0.39359354972839355 0.6981644034385681 0.02496569231152535 0.03328758974870046
0 0.2998647093772888 0.702783465385437 0.02496569231152535 0.03328758974870046
0 0.20603036880493164 0.7074077725410461 0.02496569231152535 0.03328758974870046