0 0.23111970722675323 0.6260583996772766 0.028537005186080933 0.028537005186080933
0 0.3071080446243286 0.6330037117004395 0.028537005186080933 0.028537005186080933
0 0.38572341203689575 0.6401891708374023 0.028537005186080933 0.028537005186080933
0 0.46710440516471863 0.6476274132728577 0.028537005186080933 0.028537005186080933
0 0.5513995885848999 0.6553319692611694 0.028537005186080933 0.028537005186080933
0 0.6387683749198914 0.6633174419403076 0.028537005186080933 0.028537005186080933
0 0.7293819785118103 0.6715995073318481 0.028537005186080933 0.028537005186080933
0 0.24623775482177734 0.5475296974182129 0.028537005186080933 0.028537005186080933
0 0.3207544982433319 0.5530134439468384 0.028537005186080933 0.028537005186080933
0 0.39778801798820496 0.5586824417114258 0.028537005186080933 0.028537005186080933
0 0.47746795415878296 0.5645461678504944 0.028537005186080933 0.028537005186080933
0 0.5599331259727478 0.5706148743629456 0.028537005186080933 0.028537005186080933
0 0.6453320980072021 0.576899528503418 0.028537005186080933 0.028537005186080933
0 0.7338243722915649 0.5834117531776428 0.028537005186080933 0.028537005186080933
0 0.26069626212120056 0.4724269211292267 0.028537005186080933 0.028537005186080933
0 0.3337959349155426 0.4765695631504059 0.028537005186080933 0.028537005186080933
0 0.40930888056755066 0.4808489680290222 0.028537005186080933 0.028537005186080933
0 0.48735660314559937 0.48527204990386963 0.028537005186080933 0.028537005186080933
0 0.5680689215660095 0.4898461103439331 0.028537005186080933 0.028537005186080933
0 0.6515846252441406 0.494579017162323 0.028537005186080933 0.028537005186080933
0 0.7380523681640625 0.4994792640209198 0.028537005186080933 0.028537005186080933
0 0.27453747391700745 0.40053069591522217 0.028537005186080933 0.028537005186080933
0 0.34627172350883484 0.40344130992889404 0.028537005186080933 0.028537005186080933
0 0.4203220009803772 0.4064459204673767 0.028537005186080933 0.028537005186080933
0 0.49680230021476746 0.40954911708831787 0.028537005186080933 0.028537005186080933
0 0.5758341550827026 0.4127558469772339 0.028537005186080933 0.028537005186080933
0 0.6575475335121155 0.416071355342865 0.028537005186080933 0.028537005186080933
0 0.7420811653137207 0.41950133442878723 0.028537005186080933 0.028537005186080933
0 0.28780004382133484 0.3316399157047272 0.028537005186080933 0.028537005186080933
0 0.35821789503097534 0.3334175646305084 0.028537005186080933 0.028537005186080933
0 0.4308602213859558 0.3352513611316681 0.028537005186080933 0.028537005186080933
0 0.5058341026306152 0.33714401721954346 0.028537005186080933 0.028537005186080933
0 0.5832536816596985 0.33909842371940613 0.028537005186080933 0.028537005186080933
0 0.6632405519485474 0.34111762046813965 0.028537005186080933 0.028537005186080933
0 0.7459245324134827 0.34320491552352905 0.028537005186080933 0.028537005186080933
0 0.30051958560943604 0.2655699849128723 0.028537005186080933 0.028537005186080933
0 0.3696674406528473 0.26630470156669617 0.028537005186080933 0.028537005186080933
0 0.4409535527229309 0.26706212759017944 0.028537005186080933 0.028537005186080933
0 0.5144786834716797 0.2678433656692505 0.028537005186080933 0.028537005186080933
0 0.5903499126434326 0.26864951848983765 0.028537005186080933 0.028537005186080933
0 0.6686815023422241 0.2694818079471588 0.028537005186080933 0.028537005186080933
0 0.7495949864387512 0.27034151554107666 0.028537005186080933 0.028537005186080933
0 0.31272873282432556 0.20215116441249847 0.028537005186080933 0.028537005186080933
0 0.38065072894096375 0.20192496478557587 0.028537005186080933 0.028537005186080933
0 0.45062965154647827 0.2016919106245041 0.028537005186080933 0.028537005186080933
0 0.5227603912353516 0.20145168900489807 0.028537005186080933 0.028537005186080933
0 0.5971437096595764 0.20120395720005035 0.028537005186080933 0.028537005186080933
0 0.6738868355751038 0.20094838738441467 0.028537005186080933 0.028537005186080933
0 0.7531038522720337 0.2006845623254776 0.028537005186080933 0.028537005186080933