0 0.30821001529693604 0.3775675296783447 0.019482001662254333 0.02597600221633911
0 0.30246248841285706 0.44049257040023804 0.019482001662254333 0.02597600221633911
0 0.2963785231113434 0.5071009397506714 0.019482001662254333 0.02597600221633911
0 0.28992772102355957 0.577725887298584 0.019482001662254333 0.02597600221633911
0 0.28307580947875977 0.6527419686317444 0.019482001662254333 0.02597600221633911
0 0.2757841944694519 0.7325717806816101 0.019482001662254333 0.02597600221633911
0 0.2680091857910156 0.8176941275596619 0.019482001662254333 0.02597600221633911
0 0.37102994322776794 0.3783118724822998 0.019482001662254333 0.02597600221633911
0 0.36706849932670593 0.44126182794570923 0.019482001662254333 0.02597600221633911
0 0.36287516355514526 0.5078968405723572 0.019482001662254333 0.02597600221633911
0 0.358428955078125 0.5785502195358276 0.019482001662254333 0.02597600221633911
0 0.3537062704563141 0.653596818447113 0.019482001662254333 0.02597600221633911
0 0.3486805260181427 0.73345947265625 0.019482001662254333 0.02597600221633911
0 0.3433215618133545 0.8186171650886536 0.019482001662254333 0.02597600221633911
0 0.43385714292526245 0.37905630469322205 0.019482001662254333 0.02597600221633911
0 0.4316822290420532 0.4420311748981476 0.019482001662254333 0.02597600221633911
0 0.42937996983528137 0.5086928009986877 0.019482001662254333 0.02597600221633911
0 0.42693886160850525 0.5793746709823608 0.019482001662254333 0.02597600221633911
0 0.4243459701538086 0.6544517874717712 0.019482001662254333 0.02597600221633911
0 0.42158666253089905 0.7343472242355347 0.019482001662254333 0.02597600221633911
0 0.41864439845085144 0.81954026222229 0.019482001662254333 0.02597600221633911
0 0.49669164419174194 0.37980082631111145 0.019482001662254333 0.02597600221633911
0 0.49630364775657654 0.4428006112575531 0.019482001662254333 0.02597600221633911
0 0.4958929419517517 0.5094888806343079 0.019482001662254333 0.02597600221633911
0 0.4954574406147003 0.5801991820335388 0.019482001662254333 0.02597600221633911
0 0.4949948787689209 0.6553068161010742 0.019482001662254333 0.02597600221633911
0 0.49450260400772095 0.7352350950241089 0.019482001662254333 0.02597600221633911
0 0.49397772550582886 0.8204635381698608 0.019482001662254333 0.02597600221633911
0 0.559533417224884 0.38054540753364563 0.019482001662254333 0.02597600221633911
0 0.5609327554702759 0.44357016682624817 0.019482001662254333 0.02597600221633911
0 0.5624140501022339 0.5102850198745728 0.019482001662254333 0.02597600221633911
0 0.5639846920967102 0.5810238718986511 0.019482001662254333 0.02597600221633911
0 0.5656529664993286 0.6561620235443115 0.019482001662254333 0.02597600221633911
0 0.5674284100532532 0.7361231446266174 0.019482001662254333 0.02597600221633911
0 0.5693215131759644 0.8213869333267212 0.019482001662254333 0.02597600221633911
0 0.6223825216293335 0.38129010796546936 0.019482001662254333 0.02597600221633911
0 0.6255696415901184 0.444339781999588 0.019482001662254333 0.02597600221633911
0 0.6289433836936951 0.5110812783241272 0.019482001662254333 0.02597600221633911
0 0.6325206160545349 0.5818486213684082 0.019482001662254333 0.02597600221633911
0 0.6363203525543213 0.6570173501968384 0.019482001662254333 0.02597600221633911
0 0.6403639912605286 0.7370112538337708 0.019482001662254333 0.02597600221633911
0 0.6446757912635803 0.8223104476928711 0.019482001662254333 0.02597600221633911
0 0.6852388978004456 0.38203486800193787 0.019482001662254333 0.02597600221633911
0 0.690214216709137 0.4451095163822174 0.019482001662254333 0.02597600221633911
0 0.6954808235168457 0.5118776559829712 0.019482001662254333 0.02597600221633911
0 0.701065182685852 0.5826734304428101 0.019482001662254333 0.02597600221633911
0 0.7069969177246094 0.65787273645401 0.019482001662254333 0.02597600221633911
0 0.7133094072341919 0.7378995418548584 0.019482001662254333 0.02597600221633911
0 0.7200405597686768 0.8232340812683105 0.019482001662254333 0.02597600221633911