0 0.7344778180122375 0.15419460833072662 0.02016785845367445 0.03384815404812495
0 0.6616299152374268 0.15447251498699188 0.02016785845367445 0.03384815404812495
0 0.588939368724823 0.1547498255968094 0.02016785845367445 0.03384815404812495
0 0.5164056420326233 0.15502654016017914 0.02016785845367445 0.03384815404812495
0 0.44402822852134705 0.15530264377593994 0.02016785845367445 0.03384815404812495
0 0.3718065917491913 0.15557816624641418 0.02016785845367445 0.03384815404812495
0 0.2997402548789978 0.15585309267044067 0.02016785845367445 0.03384815404812495
0 0.7425122857093811 0.23413754999637604 0.02016785845367445 0.03384815404812495
0 0.6668279767036438 0.2343364655971527 0.02016785845367445 0.03384815404812495
0 0.5913134813308716 0.23453494906425476 0.02016785845367445 0.03384815404812495
0 0.5159682035446167 0.234732985496521 0.02016785845367445 0.03384815404812495
0 0.440791517496109 0.23493057489395142 0.02016785845367445 0.03384815404812495
0 0.3657829463481903 0.23512773215770721 0.02016785845367445 0.03384815404812495
0 0.29094189405441284 0.2353244423866272 0.02016785845367445 0.03384815404812495
0 0.7511963844299316 0.32054418325424194 0.02016785845367445 0.03384815404812495
0 0.6724458336830139 0.320650190114975 0.02016785845367445 0.03384815404812495
0 0.5938791036605835 0.3207559585571289 0.02016785845367445 0.03384815404812495
0 0.5154954791069031 0.32086148858070374 0.02016785845367445 0.03384815404812495
0 0.4372943341732025 0.32096678018569946 0.02016785845367445 0.03384815404812495
0 0.35927510261535645 0.3210718035697937 0.02016785845367445 0.03384815404812495
0 0.28143706917762756 0.32117658853530884 0.02016785845367445 0.03384815404812495
0 0.7606122493743896 0.41423147916793823 0.02016785845367445 0.03384815404812495
0 0.6785365343093872 0.4142279028892517 0.02016785845367445 0.03384815404812495
0 0.5966603755950928 0.4142243564128876 0.02016785845367445 0.03384815404812495
0 0.514983057975769 0.41422078013420105 0.02016785845367445 0.03384815404812495
0 0.4335039258003235 0.4142172336578369 0.02016785845367445 0.03384815404812495
0 0.352222204208374 0.4142136871814728 0.02016785845367445 0.03384815404812495
0 0.27113717794418335 0.41421014070510864 0.02016785845367445 0.03384815404812495
0 0.7708563804626465 0.5161601305007935 0.02016785845367445 0.03384815404812495
0 0.6851622462272644 0.5160268545150757 0.02016785845367445 0.03384815404812495
0 0.5996856689453125 0.5158939361572266 0.02016785845367445 0.03384815404812495
0 0.5144257545471191 0.5157613158226013 0.02016785845367445 0.03384815404812495
0 0.42938175797462463 0.5156290531158447 0.02016785845367445 0.03384815404812495
0 0.34455281496047974 0.5154971480369568 0.02016785845367445 0.03384815404812495
0 0.25993812084198 0.5153655409812927 0.02016785845367445 0.03384815404812495
0 0.7820430994033813 0.6274675726890564 0.02016785845367445 0.03384815404812495
0 0.6923968195915222 0.6271802186965942 0.02016785845367445 0.03384815404812495
0 0.602988600730896 0.6268936395645142 0.02016785845367445 0.03384815404812495
0 0.5138173699378967 0.6266077756881714 0.02016785845367445 0.03384815404812495
0 0.42488229274749756 0.6263227462768555 0.02016785845367445 0.03384815404812495
0 0.3361824154853821 0.6260384321212769 0.02016785845367445 0.03384815404812495
0 0.2477167695760727 0.6257548332214355 0.02016785845367445 0.03384815404812495
0 0.7943088412284851 0.7495107650756836 0.02016785845367445 0.03384815404812495
0 0.7003282308578491 0.7490395307540894 0.02016785845367445 0.03384815404812495
0 0.6066091656684875 0.7485696077346802 0.02016785845367445 0.03384815404812495
0 0.5131505727767944 0.7481009364128113 0.02016785845367445 0.03384815404812495
0 0.41995126008987427 0.7476336359977722 0.02016785845367445 0.03384815404812495
0 0.32701024413108826 0.7471676468849182 0.02016785845367445 0.03384815404812495
0 0.23432643711566925 0.7467029094696045 0.02016785845367445 0.03384815404812495