0 0.7343955636024475 0.15388210117816925 0.020240932361533244 0.03397079557180405
0 0.6614566445350647 0.1537403166294098 0.020240932361533244 0.03397079557180405
0 0.5887959003448486 0.1535990834236145 0.020240932361533244 0.03397079557180405
0 0.5164117813110352 0.153458371758461 0.020240932361533244 0.03397079557180405
0 0.44430264830589294 0.15331819653511047 0.020240932361533244 0.03397079557180405
0 0.37246695160865784 0.15317855775356293 0.020240932361533244 0.03397079557180405
0 0.3009031414985657 0.15303945541381836 0.020240932361533244 0.03397079557180405
0 0.7425438165664673 0.2338888794183731 0.020240932361533244 0.03397079557180405
0 0.6667466163635254 0.2335827648639679 0.020240932361533244 0.03397079557180405
0 0.5912496447563171 0.23327785730361938 0.020240932361533244 0.03397079557180405
0 0.5160512924194336 0.23297415673732758 0.020240932361533244 0.03397079557180405
0 0.44114968180656433 0.23267164826393127 0.020240932361533244 0.03397079557180405
0 0.36654308438301086 0.23237033188343048 0.020240932361533244 0.03397079557180405
0 0.2922297716140747 0.2320702075958252 0.020240932361533244 0.03397079557180405
0 0.7513542175292969 0.3203970193862915 0.020240932361533244 0.03397079557180405
0 0.6724655032157898 0.3198997974395752 0.020240932361533244 0.03397079557180405
0 0.5939019918441772 0.31940463185310364 0.020240932361533244 0.03397079557180405
0 0.5156617164611816 0.31891152262687683 0.020240932361533244 0.03397079557180405
0 0.4377426207065582 0.31842041015625 0.020240932361533244 0.03397079557180405
0 0.3601427972316742 0.31793132424354553 0.020240932361533244 0.03397079557180405
0 0.28286024928092957 0.31744423508644104 0.020240932361533244 0.03397079557180405
0 0.7609108686447144 0.4142325222492218 0.020240932361533244 0.03397079557180405
0 0.6786677837371826 0.41351228952407837 0.020240932361533244 0.03397079557180405
0 0.5967780351638794 0.41279515624046326 0.020240932361533244 0.03397079557180405
0 0.5152393579483032 0.4120810925960541 0.020240932361533244 0.03397079557180405
0 0.43404945731163025 0.41137006878852844 0.020240932361533244 0.03397079557180405
0 0.35320615768432617 0.41066211462020874 0.020240932361533244 0.03397079557180405
0 0.2727072536945343 0.4099571406841278 0.020240932361533244 0.03397079557180405
0 0.7713127732276917 0.516367495059967 0.020240932361533244 0.03397079557180405
0 0.6854173541069031 0.5153859257698059 0.020240932361533244 0.03397079557180405
0 0.5999072790145874 0.5144087672233582 0.020240932361533244 0.03397079557180405
0 0.5147798657417297 0.513435959815979 0.020240932361533244 0.03397079557180405
0 0.43003255128860474 0.5124674439430237 0.020240932361533244 0.03397079557180405
0 0.3456628620624542 0.5115033388137817 0.020240932361533244 0.03397079557180405
0 0.26166820526123047 0.5105434656143188 0.020240932361533244 0.03397079557180405
0 0.7826772332191467 0.6279540061950684 0.020240932361533244 0.03397079557180405
0 0.6927900910377502 0.6266647577285767 0.020240932361533244 0.03397079557180405
0 0.6033247113227844 0.6253815293312073 0.020240932361533244 0.03397079557180405
0 0.5142781138420105 0.6241042613983154 0.020240932361533244 0.03397079557180405
0 0.42564740777015686 0.6228330135345459 0.020240932361533244 0.03397079557180405
0 0.33742961287498474 0.6215676665306091 0.020240932361533244 0.03397079557180405
0 0.24962188303470612 0.6203082203865051 0.020240932361533244 0.03397079557180405
0 0.7951444387435913 0.7503677010536194 0.020240932361533244 0.03397079557180405
0 0.7008764743804932 0.74871426820755 0.020240932361533244 0.03397079557180405
0 0.6070721745491028 0.7470689415931702 0.020240932361533244 0.03397079557180405
0 0.513728141784668 0.745431661605835 0.020240932361533244 0.03397079557180405
0 0.42084091901779175 0.7438023686408997 0.020240932361533244 0.03397079557180405
0 0.32840725779533386 0.742181122303009 0.020240932361533244 0.03397079557180405
0 0.2364237904548645 0.740567684173584 0.020240932361533244 0.03397079557180405