0 0.7012991905212402 0.13440649211406708 0.02227467807630698 0.033307929833730064
0 0.6273084878921509 0.1325381100177765 0.02227467807630698 0.033307929833730064
0 0.55277019739151 0.130655899643898 0.02227467807630698 0.033307929833730064
0 0.4776782691478729 0.1287596970796585 0.02227467807630698 0.033307929833730064
0 0.402026504278183 0.12684936821460724 0.02227467807630698 0.033307929833730064
0 0.3258086144924164 0.12492474913597107 0.02227467807630698 0.033307929833730064
0 0.24901823699474335 0.12298566848039627 0.02227467807630698 0.033307929833730064
0 0.7118944525718689 0.21128009259700775 0.02227467807630698 0.033307929833730064
0 0.6352670788764954 0.20963776111602783 0.02227467807630698 0.033307929833730064
0 0.5580520033836365 0.20798282325267792 0.02227467807630698 0.033307929833730064
0 0.4802424907684326 0.20631514489650726 0.02227467807630698 0.033307929833730064
0 0.40183165669441223 0.20463457703590393 0.02227467807630698 0.033307929833730064
0 0.3228124678134918 0.20294098556041718 0.02227467807630698 0.033307929833730064
0 0.2431778460741043 0.20123419165611267 0.02227467807630698 0.033307929833730064
0 0.7232820987701416 0.2939026951789856 0.02227467807630698 0.033307929833730064
0 0.6438232064247131 0.29252615571022034 0.02227467807630698 0.033307929833730064
0 0.5637319087982178 0.2911386489868164 0.02227467807630698 0.033307929833730064
0 0.4830007553100586 0.28974008560180664 0.02227467807630698 0.033307929833730064
0 0.4016219675540924 0.2883302867412567 0.02227467807630698 0.033307929833730064
0 0.31958773732185364 0.2869091331958771 0.02227467807630698 0.033307929833730064
0 0.23689009249210358 0.2854764759540558 0.02227467807630698 0.033307929833730064
0 0.7355544567108154 0.3829442262649536 0.02227467807630698 0.033307929833730064
0 0.6530467867851257 0.38188064098358154 0.02227467807630698 0.033307929833730064
0 0.5698568224906921 0.3808082938194275 0.02227467807630698 0.033307929833730064
0 0.485975980758667 0.37972700595855713 0.02227467807630698 0.033307929833730064
0 0.4013957381248474 0.3786367177963257 0.02227467807630698 0.033307929833730064
0 0.31610721349716187 0.3775373101234436 0.02227467807630698 0.033307929833730064
0 0.23010152578353882 0.37642866373062134 0.02227467807630698 0.033307929833730064
0 0.7488187551498413 0.4791829586029053 0.02227467807630698 0.033307929833730064
0 0.6630191206932068 0.47848859429359436 0.02227467807630698 0.033307929833730064
0 0.5764809846878052 0.4777882695198059 0.02227467807630698 0.033307929833730064
0 0.4891948401927948 0.47708189487457275 0.02227467807630698 0.033307929833730064
0 0.4011508822441101 0.47636938095092773 0.02227467807630698 0.033307929833730064
0 0.31233924627304077 0.4756506383419037 0.02227467807630698 0.033307929833730064
0 0.22274982929229736 0.47492560744285583 0.02227467807630698 0.033307929833730064
0 0.7632004022598267 0.5835282802581787 0.02227467807630698 0.033307929833730064
0 0.6738352179527283 0.5832705497741699 0.02227467807630698 0.033307929833730064
0 0.5836681723594666 0.5830105543136597 0.02227467807630698 0.033307929833730064
0 0.49268847703933716 0.5827482342720032 0.02227467807630698 0.033307929833730064
0 0.40088504552841187 0.5824834704399109 0.02227467807630698 0.033307929833730064
0 0.3082466721534729 0.5822163820266724 0.02227467807630698 0.033307929833730064
0 0.214761883020401 0.5819467902183533 0.02227467807630698 0.033307929833730064
0 0.7788466811180115 0.6970494985580444 0.02227467807630698 0.033307929833730064
0 0.6856068968772888 0.6973097920417786 0.02227467807630698 0.033307929833730064
0 0.5914933085441589 0.6975725889205933 0.02227467807630698 0.033307929833730064
0 0.4964936673641205 0.6978378295898438 0.02227467807630698 0.033307929833730064
0 0.40059539675712585 0.6981055736541748 0.02227467807630698 0.033307929833730064
0 0.30378565192222595 0.6983758807182312 0.02227467807630698 0.033307929833730064
0 0.20605137944221497 0.6986488103866577 0.02227467807630698 0.033307929833730064