0 0.702150285243988 0.29701483249664307 0.032691399256388344 0.032691399256388344
0 0.6332191824913025 0.29808372259140015 0.032691399256388344 0.032691399256388344
0 0.5641964077949524 0.29915401339530945 0.032691399256388344 0.032691399256388344
0 0.49508190155029297 0.30022573471069336 0.032691399256388344 0.032691399256388344
0 0.42587539553642273 0.3012988567352295 0.032691399256388344 0.032691399256388344
0 0.35657674074172974 0.3023734390735626 0.032691399256388344 0.032691399256388344
0 0.2871857285499573 0.30344945192337036 0.032691399256388344 0.032691399256388344
0 0.71274334192276 0.34978771209716797 0.032691399256388344 0.032691399256388344
0 0.6407936215400696 0.35094010829925537 0.032691399256388344 0.032691399256388344
0 0.5687440633773804 0.3520940840244293 0.032691399256388344 0.032691399256388344
0 0.49659451842308044 0.3532496392726898 0.032691399256388344 0.032691399256388344
0 0.4243446886539459 0.35440683364868164 0.032691399256388344 0.032691399256388344
0 0.35199442505836487 0.3555656373500824 0.032691399256388344 0.032691399256388344
0 0.2795434892177582 0.3567260205745697 0.032691399256388344 0.032691399256388344
0 0.7243084907531738 0.4074030816555023 0.032691399256388344 0.032691399256388344
0 0.6490636467933655 0.40865013003349304 0.032691399256388344 0.032691399256388344
0 0.5737096667289734 0.4098989963531494 0.032691399256388344 0.032691399256388344
0 0.4982461929321289 0.41114968061447144 0.032691399256388344 0.032691399256388344
0 0.4226731061935425 0.4124021828174591 0.032691399256388344 0.032691399256388344
0 0.34699010848999023 0.4136565327644348 0.032691399256388344 0.032691399256388344
0 0.2711969316005707 0.4149126708507538 0.032691399256388344 0.032691399256388344
0 0.7369858026504517 0.4705594778060913 0.032691399256388344 0.032691399256388344
0 0.6581296324729919 0.4719145596027374 0.032691399256388344 0.032691399256388344
0 0.5791534781455994 0.4732716977596283 0.032691399256388344 0.032691399256388344
0 0.5000571012496948 0.4746308922767639 0.032691399256388344 0.032691399256388344
0 0.4208402633666992 0.4759921431541443 0.032691399256388344 0.032691399256388344
0 0.34150266647338867 0.4773554801940918 0.032691399256388344 0.032691399256388344
0 0.2620440125465393 0.47872090339660645 0.032691399256388344 0.032691399256388344
0 0.7509439587593079 0.5400967001914978 0.032691399256388344 0.032691399256388344
0 0.6681122779846191 0.5415757894515991 0.032691399256388344 0.032691399256388344
0 0.5851481556892395 0.5430572032928467 0.032691399256388344 0.032691399256388344
0 0.5020514130592346 0.54454106092453 0.032691399256388344 0.032691399256388344
0 0.41882166266441345 0.5460272431373596 0.032691399256388344 0.032691399256388344
0 0.3354586064815521 0.5475158095359802 0.032691399256388344 0.032691399256388344
0 0.251961886882782 0.5490068197250366 0.032691399256388344 0.032691399256388344
0 0.7663873434066772 0.617033064365387 0.032691399256388344 0.032691399256388344
0 0.6791580319404602 0.6186556220054626 0.032691399256388344 0.032691399256388344
0 0.5917818546295166 0.620280921459198 0.032691399256388344 0.032691399256388344
0 0.5042584538459778 0.6219089031219482 0.032691399256388344 0.032691399256388344
0 0.41658756136894226 0.6235396862030029 0.032691399256388344 0.032691399256388344
0 0.32876870036125183 0.6251732110977173 0.032691399256388344 0.032691399256388344
0 0.24080152809619904 0.6268094778060913 0.032691399256388344 0.032691399256388344
0 0.783566415309906 0.7026160955429077 0.032691399256388344 0.032691399256388344
0 0.6914462447166443 0.7044059038162231 0.032691399256388344 0.032691399256388344
0 0.5991623401641846 0.7061988711357117 0.032691399256388344 0.032691399256388344
0 0.5067142248153687 0.7079950571060181 0.032691399256388344 0.032691399256388344
0 0.4141014516353607 0.7097944617271423 0.032691399256388344 0.032691399256388344
0 0.32132360339164734 0.7115970253944397 0.032691399256388344 0.032691399256388344
0 0.22838018834590912 0.7134028673171997 0.032691399256388344 0.032691399256388344