0 0.23379123210906982 0.6512908935546875 0.03373549630244573 0.03373549630244573
0 0.33178675174713135 0.6523129940032959 0.03373549630244573 0.03373549630244573
0 0.4296036958694458 0.6533331871032715 0.03373549630244573 0.03373549630244573
0 0.5272425413131714 0.654351532459259 0.03373549630244573 0.03373549630244573
0 0.6247037649154663 0.6553680300712585 0.03373549630244573 0.03373549630244573
0 0.7219879031181335 0.65638267993927 0.03373549630244573 0.03373549630244573
0 0.8190954327583313 0.6573954820632935 0.03373549630244573 0.03373549630244573
0 0.2438041865825653 0.5585733652114868 0.03373549630244573 0.03373549630244573
0 0.3383728563785553 0.559641420841217 0.03373549630244573 0.03373549630244573
0 0.43277519941329956 0.5607075691223145 0.03373549630244573 0.03373549630244573
0 0.5270116925239563 0.561771810054779 0.03373549630244573 0.03373549630244573
0 0.6210826635360718 0.5628342628479004 0.03373549630244573 0.03373549630244573
0 0.714988648891449 0.5638948082923889 0.03373549630244573 0.03373549630244573
0 0.8087300658226013 0.5649534463882446 0.03373549630244573 0.03373549630244573
0 0.2531416118144989 0.4721110463142395 0.03373549630244573 0.03373549630244573
0 0.34451502561569214 0.47321662306785583 0.03373549630244573 0.03373549630244573
0 0.4357331097126007 0.47432029247283936 0.03373549630244573 0.03373549630244573
0 0.5267963409423828 0.47542211413383484 0.03373549630244573 0.03373549630244573
0 0.6177050471305847 0.4765220582485199 0.03373549630244573 0.03373549630244573
0 0.7084596157073975 0.4776201546192169 0.03373549630244573 0.03373549630244573
0 0.7990604639053345 0.4787163734436035 0.03373549630244573 0.03373549630244573
0 0.2618696689605713 0.3912915587425232 0.03373549630244573 0.03373549630244573
0 0.35025665163993835 0.39242759346961975 0.03373549630244573 0.03373549630244573
0 0.438498318195343 0.3935617506504059 0.03373549630244573 0.03373549630244573
0 0.5265949964523315 0.3946940302848816 0.03373549630244573 0.03373549630244573
0 0.614547073841095 0.39582446217536926 0.03373549630244573 0.03373549630244573
0 0.702354907989502 0.3969530463218689 0.03373549630244573 0.03373549630244573
0 0.7900188565254211 0.3980797529220581 0.03373549630244573 0.03373549630244573
0 0.27004608511924744 0.31557998061180115 0.03373549630244573 0.03373549630244573
0 0.35563570261001587 0.316740483045578 0.03373549630244573 0.03373549630244573
0 0.441089004278183 0.31789910793304443 0.03373549630244573 0.03373549630244573
0 0.5264063477516174 0.3190558850765228 0.03373549630244573 0.03373549630244573
0 0.6115881204605103 0.32021084427833557 0.03373549630244573 0.03373549630244573
0 0.6966345310211182 0.3213639557361603 0.03373549630244573 0.03373549630244573
0 0.7815459370613098 0.32251521944999695 0.03373549630244573 0.03373549630244573
0 0.2777215540409088 0.24450691044330597 0.03373549630244573 0.03373549630244573
0 0.36068543791770935 0.24568676948547363 0.03373549630244573 0.03373549630244573
0 0.4435212314128876 0.24686479568481445 0.03373549630244573 0.03373549630244573
0 0.5262292623519897 0.24804101884365082 0.03373549630244573 0.03373549630244573
0 0.6088098287582397 0.24921540915966034 0.03373549630244573 0.03373549630244573
0 0.6912631988525391 0.2503879964351654 0.03373549630244573 0.03373549630244573
0 0.7735897302627563 0.251558780670166 0.03373549630244573 0.03373549630244573
0 0.28494077920913696 0.17765872180461884 0.03373549630244573 0.03373549630244573
0 0.3654352128505707 0.17885364592075348 0.03373549630244573 0.03373549630244573
0 0.44580909609794617 0.18004676699638367 0.03373549630244573 0.03373549630244573
0 0.5260626673698425 0.1812380999326706 0.03373549630244573 0.03373549630244573
0 0.6061962246894836 0.18242764472961426 0.03373549630244573 0.03373549630244573
0 0.686210036277771 0.18361543118953705 0.03373549630244573 0.03373549630244573
0 0.7661043405532837 0.18480142951011658 0.03373549630244573 0.03373549630244573