0 0.3371109068393707 0.3823513388633728 0.01930949836969376 0.025745997826258343
0 0.33189666271209717 0.440483957529068 0.01930949836969376 0.025745997826258343
0 0.32636940479278564 0.5021061897277832 0.01930949836969376 0.025745997826258343
0 0.32050007581710815 0.5675420761108398 0.01930949836969376 0.025745997826258343
0 0.314255952835083 0.6371567845344543 0.01930949836969376 0.025745997826258343
0 0.30759987235069275 0.7113639712333679 0.01930949836969376 0.025745997826258343
0 0.30048972368240356 0.7906334400177002 0.01930949836969376 0.025745997826258343
0 0.39936381578445435 0.3847805857658386 0.01930949836969376 0.025745997826258343
0 0.3959670960903168 0.44292452931404114 0.01930949836969376 0.025745997826258343
0 0.3923666477203369 0.5045551657676697 0.01930949836969376 0.025745997826258343
0 0.38854366540908813 0.5699957013130188 0.01930949836969376 0.025745997826258343
0 0.38447678089141846 0.639610767364502 0.01930949836969376 0.025745997826258343
0 0.3801419138908386 0.7138130068778992 0.01930949836969376 0.025745997826258343
0 0.37551170587539673 0.7930712103843689 0.01930949836969376 0.025745997826258343
0 0.46149328351020813 0.38720500469207764 0.01930949836969376 0.025745997826258343
0 0.45990675687789917 0.44536012411117554 0.01930949836969376 0.025745997826258343
0 0.45822519063949585 0.5069988965988159 0.01930949836969376 0.025745997826258343
0 0.4564397931098938 0.5724440217018127 0.01930949836969376 0.025745997826258343
0 0.4545406103134155 0.642059326171875 0.01930949836969376 0.025745997826258343
0 0.45251643657684326 0.7162564396858215 0.01930949836969376 0.025745997826258343
0 0.45035451650619507 0.7955031394958496 0.01930949836969376 0.025745997826258343
0 0.5234996676445007 0.38962462544441223 0.01930949836969376 0.025745997826258343
0 0.5237160921096802 0.4477907717227936 0.01930949836969376 0.025745997826258343
0 0.5239454507827759 0.5094375610351562 0.01930949836969376 0.025745997826258343
0 0.5241889357566833 0.5748870968818665 0.01930949836969376 0.025745997826258343
0 0.5244479775428772 0.6445023417472839 0.01930949836969376 0.025745997826258343
0 0.524724006652832 0.7186942100524902 0.01930949836969376 0.025745997826258343
0 0.5250188708305359 0.7979292273521423 0.01930949836969376 0.025745997826258343
0 0.5853832960128784 0.3920394480228424 0.01930949836969376 0.025745997826258343
0 0.587395429611206 0.4502164423465729 0.01930949836969376 0.025745997826258343
0 0.5895278453826904 0.5118710994720459 0.01930949836969376 0.025745997826258343
0 0.5917916893959045 0.5773248076438904 0.01930949836969376 0.025745997826258343
0 0.5941994190216064 0.6469399333000183 0.01930949836969376 0.025745997826258343
0 0.5967652201652527 0.72112637758255 0.01930949836969376 0.025745997826258343
0 0.5995053052902222 0.8003495931625366 0.01930949836969376 0.025745997826258343
0 0.647144615650177 0.39444950222969055 0.01930949836969376 0.025745997826258343
0 0.650945246219635 0.4526371955871582 0.01930949836969376 0.025745997826258343
0 0.6549728512763977 0.5142995119094849 0.01930949836969376 0.025745997826258343
0 0.6592483520507812 0.5797573328018188 0.01930949836969376 0.025745997826258343
0 0.6637954115867615 0.6493721008300781 0.01930949836969376 0.025745997826258343
0 0.668640673160553 0.723552942276001 0.01930949836969376 0.025745997826258343
0 0.6738145351409912 0.8027641773223877 0.01930949836969376 0.025745997826258343
0 0.7087838649749756 0.39685478806495667 0.01930949836969376 0.025745997826258343
0 0.7143658995628357 0.4550530016422272 0.01930949836969376 0.025745997826258343
0 0.7202808856964111 0.5167228579521179 0.01930949836969376 0.025745997826258343
0 0.7265595197677612 0.5821845531463623 0.01930949836969376 0.025745997826258343
0 0.7332364916801453 0.6517988443374634 0.01930949836969376 0.025745997826258343
0 0.7403508424758911 0.725973904132843 0.01930949836969376 0.025745997826258343
0 0.7479471564292908 0.8051730394363403 0.01930949836969376 0.025745997826258343