0 0.7216362953186035 0.1279384046792984 0.022321589027221006 0.0333780770500501
0 0.6462594270706177 0.12477336078882217 0.022321589027221006 0.0333780770500501
0 0.5707113146781921 0.12160112708806992 0.022321589027221006 0.0333780770500501
0 0.4949915111064911 0.11842168122529984 0.022321589027221006 0.0333780770500501
0 0.4190993309020996 0.11523500084877014 0.022321589027221006 0.0333780770500501
0 0.34303420782089233 0.11204105615615845 0.022321589027221006 0.0333780770500501
0 0.2667955756187439 0.10883982479572296 0.022321589027221006 0.0333780770500501
0 0.7311415672302246 0.20615293085575104 0.022321589027221006 0.0333780770500501
0 0.6530749201774597 0.2029663622379303 0.022321589027221006 0.0333780770500501
0 0.5748246908187866 0.19977229833602905 0.022321589027221006 0.0333780770500501
0 0.49639013409614563 0.19657070934772491 0.022321589027221006 0.0333780770500501
0 0.417770653963089 0.1933615803718567 0.022321589027221006 0.0333780770500501
0 0.3389655649662018 0.1901448667049408 0.022321589027221006 0.0333780770500501
0 0.25997424125671387 0.18692055344581604 0.022321589027221006 0.0333780770500501
0 0.741352379322052 0.29017379879951477 0.022321589027221006 0.0333780770500501
0 0.6603969931602478 0.28697118163108826 0.022321589027221006 0.0333780770500501
0 0.5792441368103027 0.28376075625419617 0.022321589027221006 0.0333780770500501
0 0.49789297580718994 0.2805424630641937 0.022321589027221006 0.0333780770500501
0 0.4163428544998169 0.2773163318634033 0.022321589027221006 0.0333780770500501
0 0.3345930278301239 0.2740822732448578 0.022321589027221006 0.0333780770500501
0 0.25264278054237366 0.2708403170108795 0.022321589027221006 0.0333780770500501
0 0.7523504495620728 0.3806724548339844 0.022321589027221006 0.0333780770500501
0 0.6682842969894409 0.3774607479572296 0.022321589027221006 0.0333780770500501
0 0.5840051770210266 0.374240905046463 0.022321589027221006 0.0333780770500501
0 0.4995121359825134 0.3710128962993622 0.022321589027221006 0.0333780770500501
0 0.4148044288158417 0.36777666211128235 0.022321589027221006 0.0333780770500501
0 0.3298812508583069 0.3645322322845459 0.022321589027221006 0.0333780770500501
0 0.2447417676448822 0.36127951741218567 0.022321589027221006 0.0333780770500501
0 0.764230489730835 0.47842809557914734 0.022321589027221006 0.0333780770500501
0 0.6768049597740173 0.4752161204814911 0.022321589027221006 0.0333780770500501
0 0.589148998260498 0.47199568152427673 0.022321589027221006 0.0333780770500501
0 0.5012616515159607 0.4687667489051819 0.022321589027221006 0.0333780770500501
0 0.41314199566841125 0.46552926301956177 0.022321589027221006 0.0333780770500501
0 0.3247891366481781 0.4622832238674164 0.022321589027221006 0.0333780770500501
0 0.2362021505832672 0.45902860164642334 0.022321589027221006 0.0333780770500501
0 0.7771028876304626 0.584350049495697 0.022321589027221006 0.0333780770500501
0 0.6860383152961731 0.5811489820480347 0.022321589027221006 0.0333780770500501
0 0.5947237014770508 0.5779391527175903 0.022321589027221006 0.0333780770500501
0 0.5031578540802002 0.5747204422950745 0.022321589027221006 0.0333780770500501
0 0.4113399088382721 0.5714929103851318 0.022321589027221006 0.0333780770500501
0 0.31926870346069336 0.5682564973831177 0.022321589027221006 0.0333780770500501
0 0.2269432246685028 0.5650110840797424 0.022321589027221006 0.0333780770500501
0 0.7910975217819214 0.6995062232017517 0.022321589027221006 0.0333780770500501
0 0.696077823638916 0.6963302493095398 0.022321589027221006 0.0333780770500501
0 0.6007857918739319 0.693145215511322 0.022321589027221006 0.0333780770500501
0 0.5052201747894287 0.6899510025978088 0.022321589027221006 0.0333780770500501
0 0.4093798100948334 0.6867475509643555 0.022321589027221006 0.0333780770500501
0 0.31326353549957275 0.6835349202156067 0.022321589027221006 0.0333780770500501
0 0.21687014400959015 0.6803130507469177 0.022321589027221006 0.0333780770500501