0 0.7307471036911011 0.30501407384872437 0.03302400310834249 0.03302400310834249
0 0.6592462062835693 0.3070436418056488 0.03302400310834249 0.03302400310834249
0 0.5878995656967163 0.30906879901885986 0.03302400310834249 0.03302400310834249
0 0.5167067050933838 0.3110896050930023 0.03302400310834249 0.03302400310834249
0 0.4456670880317688 0.31310606002807617 0.03302400310834249 0.03302400310834249
0 0.37478023767471313 0.3151181936264038 0.03302400310834249 0.03302400310834249
0 0.3040456473827362 0.31712600588798523 0.03302400310834249 0.03302400310834249
0 0.7407093644142151 0.36302199959754944 0.03302400310834249 0.03302400310834249
0 0.6661901473999023 0.3650716543197632 0.03302400310834249 0.03302400310834249
0 0.5918384194374084 0.36711668968200684 0.03302400310834249 0.03302400310834249
0 0.5176536440849304 0.3691571056842804 0.03302400310834249 0.03302400310834249
0 0.44363531470298767 0.37119296193122864 0.03302400310834249 0.03302400310834249
0 0.36978280544281006 0.37322425842285156 0.03302400310834249 0.03302400310834249
0 0.2960955798625946 0.37525102496147156 0.03302400310834249 0.03302400310834249
0 0.7515473365783691 0.42612946033477783 0.03302400310834249 0.03302400310834249
0 0.673743724822998 0.42819494009017944 0.03302400310834249 0.03302400310834249
0 0.596122682094574 0.43025559186935425 0.03302400310834249 0.03302400310834249
0 0.5186836123466492 0.43231138586997986 0.03302400310834249 0.03302400310834249
0 0.44142577052116394 0.43436241149902344 0.03302400310834249 0.03302400310834249
0 0.3643486201763153 0.4364086091518402 0.03302400310834249 0.03302400310834249
0 0.28745147585868835 0.43845003843307495 0.03302400310834249 0.03302400310834249
0 0.7633819580078125 0.49503976106643677 0.03302400310834249 0.03302400310834249
0 0.6819911003112793 0.49711543321609497 0.03302400310834249 0.03302400310834249
0 0.6007999777793884 0.4991860091686249 0.03302400310834249 0.03302400310834249
0 0.5198078751564026 0.5012515187263489 0.03302400310834249 0.03302400310834249
0 0.4390140473842621 0.5033119320869446 0.03302400310834249 0.03302400310834249
0 0.358417809009552 0.5053673386573792 0.03302400310834249 0.03302400310834249
0 0.27801838517189026 0.5074177384376526 0.03302400310834249 0.03302400310834249
0 0.7763571739196777 0.5705918669700623 0.03302400310834249 0.03302400310834249
0 0.6910322904586792 0.5726701617240906 0.03302400310834249 0.03302400310834249
0 0.6059268712997437 0.5747430920600891 0.03302400310834249 0.03302400310834249
0 0.5210400819778442 0.5768107175827026 0.03302400310834249 0.03302400310834249
0 0.4363710582256317 0.5788729786872864 0.03302400310834249 0.03302400310834249
0 0.351919025182724 0.5809299945831299 0.03302400310834249 0.03302400310834249
0 0.2676830589771271 0.5829817652702332 0.03302400310834249 0.03302400310834249
0 0.7906463146209717 0.6537946462631226 0.03302400310834249 0.03302400310834249
0 0.7009878158569336 0.655865490436554 0.03302400310834249 0.03302400310834249
0 0.6115715503692627 0.6579306721687317 0.03302400310834249 0.03302400310834249
0 0.5223965644836426 0.6599903106689453 0.03302400310834249 0.03302400310834249
0 0.43346190452575684 0.6620444059371948 0.03302400310834249 0.03302400310834249
0 0.3447665572166443 0.6640929579734802 0.03302400310834249 0.03302400310834249
0 0.2563095986843109 0.6661360263824463 0.03302400310834249 0.03302400310834249
0 0.8064596652984619 0.7458721995353699 0.03302400310834249 0.03302400310834249
0 0.7120037078857422 0.7479221224784851 0.03302400310834249 0.03302400310834249
0 0.6178165674209595 0.7499661445617676 0.03302400310834249 0.03302400310834249
0 0.523897111415863 0.7520043849945068 0.03302400310834249 0.03302400310834249
0 0.43024417757987976 0.7540368437767029 0.03302400310834249 0.03302400310834249
0 0.3368566036224365 0.7560635209083557 0.03302400310834249 0.03302400310834249
0 0.24373328685760498 0.7580845355987549 0.03302400310834249 0.03302400310834249