0 0.7028168439865112 0.18975265324115753 0.02493645623326302 0.03324860831101736
0 0.6349882483482361 0.19016416370868683 0.02493645623326302 0.03324860831101736
0 0.5674228668212891 0.19057407975196838 0.02493645623326302 0.03324860831101736
0 0.500119149684906 0.1909824162721634 0.02493645623326302 0.03324860831101736
0 0.43307557702064514 0.19138917326927185 0.02493645623326302 0.03324860831101736
0 0.3662906885147095 0.19179435074329376 0.02493645623326302 0.03324860831101736
0 0.29976293444633484 0.1921979784965515 0.02493645623326302 0.03324860831101736
0 0.7125433683395386 0.25511693954467773 0.02493645623326302 0.03324860831101736
0 0.6413633227348328 0.2554153501987457 0.02493645623326302 0.03324860831101736
0 0.5704730153083801 0.2557125687599182 0.02493645623326302 0.03324860831101736
0 0.4998706579208374 0.2560085356235504 0.02493645623326302 0.03324860831101736
0 0.4295545816421509 0.2563033401966095 0.02493645623326302 0.03324860831101736
0 0.3595229983329773 0.25659695267677307 0.02493645623326302 0.03324860831101736
0 0.28977420926094055 0.25688937306404114 0.02493645623326302 0.03324860831101736
0 0.7232769131660461 0.32724857330322266 0.02493645623326302 0.03324860831101736
0 0.6483969688415527 0.32740768790245056 0.02493645623326302 0.03324860831101736
0 0.5738375782966614 0.32756611704826355 0.02493645623326302 0.03324860831101736
0 0.49959665536880493 0.327723890542984 0.02493645623326302 0.03324860831101736
0 0.42567217350006104 0.32788097858428955 0.02493645623326302 0.03324860831101736
0 0.3520621061325073 0.32803741097450256 0.02493645623326302 0.03324860831101736
0 0.2787644565105438 0.32819315791130066 0.02493645623326302 0.03324860831101736
0 0.7351823449134827 0.4072558879852295 0.02493645623326302 0.03324860831101736
0 0.6561968922615051 0.4072427451610565 0.02493645623326302 0.03324860831101736
0 0.5775678753852844 0.40722963213920593 0.02493645623326302 0.03324860831101736
0 0.49929291009902954 0.4072165787220001 0.02493645623326302 0.03324860831101736
0 0.42136967182159424 0.4072035849094391 0.02493645623326302 0.03324860831101736
0 0.3437957167625427 0.4071906507015228 0.02493645623326302 0.03324860831101736
0 0.26656877994537354 0.40717777609825134 0.02493645623326302 0.03324860831101736
0 0.7484627962112427 0.4965032637119293 0.02493645623326302 0.03324860831101736
0 0.6648954153060913 0.4962758719921112 0.02493645623326302 0.03324860831101736
0 0.5817269086837769 0.49604952335357666 0.02493645623326302 0.03324860831101736
0 0.4989543557167053 0.49582430720329285 0.02493645623326302 0.03324860831101736
0 0.41657498478889465 0.4956001341342926 0.02493645623326302 0.03324860831101736
0 0.334585964679718 0.4953770041465759 0.02493645623326302 0.03324860831101736
0 0.25298455357551575 0.4951549470424652 0.02493645623326302 0.03324860831101736
0 0.763370931148529 0.5966894626617432 0.02493645623326302 0.03324860831101736
0 0.67465740442276 0.5961938500404358 0.02493645623326302 0.03324860831101736
0 0.5863931179046631 0.595700740814209 0.02493645623326302 0.03324860831101736
0 0.4985746145248413 0.5952101349830627 0.02493645623326302 0.03324860831101736
0 0.41119855642318726 0.5947220325469971 0.02493645623326302 0.03324860831101736
0 0.3242615759372711 0.5942363739013672 0.02493645623326302 0.03324860831101736
0 0.23776040971279144 0.5937530994415283 0.02493645623326302 0.03324860831101736
0 0.7802256941795349 0.7099568843841553 0.02493645623326302 0.03324860831101736
0 0.6856906414031982 0.7091227769851685 0.02493645623326302 0.03324860831101736
0 0.5916653275489807 0.7082931995391846 0.02493645623326302 0.03324860831101736
0 0.4981456995010376 0.7074680924415588 0.02493645623326302 0.03324860831101736
0 0.4051276445388794 0.7066473960876465 0.02493645623326302 0.03324860831101736
0 0.31260716915130615 0.7058310508728027 0.02493645623326302 0.03324860831101736
0 0.22058026492595673 0.7050191164016724 0.02493645623326302 0.03324860831101736