0 0.708396852016449 0.1593058556318283 0.02288224174020191 0.03421643624703089
0 0.6327958106994629 0.15860673785209656 0.02288224174020191 0.03421643624703089
0 0.5566549301147461 0.15790262818336487 0.02288224174020191 0.03421643624703089
0 0.4799683690071106 0.15719346702098846 0.02288224174020191 0.03421643624703089
0 0.40273022651672363 0.15647920966148376 0.02288224174020191 0.03421643624703089
0 0.32493454217910767 0.155759796500206 0.02288224174020191 0.03421643624703089
0 0.2465752810239792 0.15503516793251038 0.02288224174020191 0.03421643624703089
0 0.7198503613471985 0.23914197087287903 0.02288224174020191 0.03421643624703089
0 0.6415038704872131 0.23871159553527832 0.02288224174020191 0.03421643624703089
0 0.5625772476196289 0.23827803134918213 0.02288224174020191 0.03421643624703089
0 0.4830639064311981 0.23784123361110687 0.02288224174020191 0.03421643624703089
0 0.40295737981796265 0.23740118741989136 0.02288224174020191 0.03421643624703089
0 0.32225096225738525 0.236957848072052 0.02288224174020191 0.03421643624703089
0 0.24093790352344513 0.23651117086410522 0.02288224174020191 0.03421643624703089
0 0.7321775555610657 0.325067937374115 0.02288224174020191 0.03421643624703089
0 0.6508787274360657 0.3249501883983612 0.02288224174020191 0.03421643624703089
0 0.5689547061920166 0.3248315453529358 0.02288224174020191 0.03421643624703089
0 0.486398309469223 0.32471197843551636 0.02288224174020191 0.03421643624703089
0 0.4032021164894104 0.3245914876461029 0.02288224174020191 0.03421643624703089
0 0.3193586766719818 0.32447007298469543 0.02288224174020191 0.03421643624703089
0 0.23486042022705078 0.32434770464897156 0.02288224174020191 0.03421643624703089
0 0.7454822659492493 0.4178081154823303 0.02288224174020191 0.03421643624703089
0 0.6610000133514404 0.41805505752563477 0.02288224174020191 0.03421643624703089
0 0.575842022895813 0.4183039665222168 0.02288224174020191 0.03421643624703089
0 0.49000033736228943 0.4185548722743988 0.02288224174020191 0.03421643624703089
0 0.4034665822982788 0.4188078045845032 0.02288224174020191 0.03421643624703089
0 0.3162324130535126 0.4190627932548523 0.02288224174020191 0.03421643624703089
0 0.22828923165798187 0.41931983828544617 0.02288224174020191 0.03421643624703089
0 0.7598857283592224 0.5182066559791565 0.02288224174020191 0.03421643624703089
0 0.6719605326652527 0.5188802480697632 0.02288224174020191 0.03421643624703089
0 0.5833028554916382 0.5195595026016235 0.02288224174020191 0.03421643624703089
0 0.4939035475254059 0.5202443599700928 0.02288224174020191 0.03421643624703089
0 0.40375328063964844 0.52093505859375 0.02288224174020191 0.03421643624703089
0 0.3128425180912018 0.5216315388679504 0.02288224174020191 0.03421643624703089
0 0.2211616039276123 0.5223339200019836 0.02288224174020191 0.03421643624703089
0 0.7755298018455505 0.6272529363632202 0.02288224174020191 0.03421643624703089
0 0.6838691830635071 0.6284275650978088 0.02288224174020191 0.03421643624703089
0 0.5914118885993958 0.629612386226654 0.02288224174020191 0.03421643624703089
0 0.4981473386287689 0.6308075785636902 0.02288224174020191 0.03421643624703089
0 0.4040650725364685 0.632013201713562 0.02288224174020191 0.03421643624703089
0 0.309154212474823 0.6332294940948486 0.02288224174020191 0.03421643624703089
0 0.21340374648571014 0.6344565153121948 0.02288224174020191 0.03421643624703089
0 0.7925820350646973 0.7461145520210266 0.02288224174020191 0.03421643624703089
0 0.6968546509742737 0.7478799223899841 0.02288224174020191 0.03421643624703089
0 0.600257396697998 0.7496612668037415 0.02288224174020191 0.03421643624703089
0 0.5027784109115601 0.7514588832855225 0.02288224174020191 0.03421643624703089
0 0.4044054448604584 0.7532730102539062 0.02288224174020191 0.03421643624703089
0 0.30512624979019165 0.7551038265228271 0.02288224174020191 0.03421643624703089
0 0.2049282193183899 0.756951630115509 0.02288224174020191 0.03421643624703089