0 0.8031153082847595 0.1509595811367035 0.020624969175292385 0.034615332881609596
0 0.7305988073348999 0.1506369560956955 0.020624969175292385 0.034615332881609596
0 0.6580182313919067 0.15031404793262482 0.020624969175292385 0.034615332881609596
0 0.5853735208511353 0.14999084174633026 0.020624969175292385 0.034615332881609596
0 0.5126645565032959 0.14966735243797302 0.020624969175292385 0.034615332881609596
0 0.43989136815071106 0.1493435800075531 0.020624969175292385 0.034615332881609596
0 0.367053747177124 0.1490195244550705 0.020624969175292385 0.034615332881609596
0 0.803562343120575 0.23110200464725494 0.020624969175292385 0.034615332881609596
0 0.728235125541687 0.23080362379550934 0.020624969175292385 0.034615332881609596
0 0.6528388261795044 0.23050495982170105 0.020624969175292385 0.034615332881609596
0 0.5773732662200928 0.23020601272583008 0.020624969175292385 0.034615332881609596
0 0.5018384456634521 0.2299068123102188 0.020624969175292385 0.034615332881609596
0 0.42623424530029297 0.22960731387138367 0.020624969175292385 0.034615332881609596
0 0.3505605161190033 0.22930756211280823 0.020624969175292385 0.034615332881609596
0 0.8040454387664795 0.3177048861980438 0.020624969175292385 0.034615332881609596
0 0.7256808876991272 0.31743577122688293 0.020624969175292385 0.034615332881609596
0 0.6472415328025818 0.31716638803482056 0.020624969175292385 0.034615332881609596
0 0.5687272548675537 0.3168967664241791 0.020624969175292385 0.034615332881609596
0 0.4901379644870758 0.3166268765926361 0.020624969175292385 0.034615332881609596
0 0.4114735424518585 0.31635674834251404 0.020624969175292385 0.034615332881609596
0 0.3327338993549347 0.3160863518714905 0.020624969175292385 0.034615332881609596
0 0.8045691251754761 0.41158217191696167 0.020624969175292385 0.034615332881609596
0 0.7229119539260864 0.4113484025001526 0.020624969175292385 0.034615332881609596
0 0.6411736011505127 0.4111144244670868 0.020624969175292385 0.034615332881609596
0 0.5593538284301758 0.4108802080154419 0.020624969175292385 0.034615332881609596
0 0.47745266556739807 0.4106457531452179 0.020624969175292385 0.034615332881609596
0 0.39546990394592285 0.4104110598564148 0.020624969175292385 0.034615332881609596
0 0.31340545415878296 0.4101761281490326 0.020624969175292385 0.034615332881609596
0 0.8051387071609497 0.5136906504631042 0.020624969175292385 0.034615332881609596
0 0.7199001312255859 0.5134996175765991 0.020624969175292385 0.034615332881609596
0 0.6345730423927307 0.5133084058761597 0.020624969175292385 0.034615332881609596
0 0.5491573214530945 0.5131169557571411 0.020624969175292385 0.034615332881609596
0 0.4636528491973877 0.5129253268241882 0.020624969175292385 0.034615332881609596
0 0.37805941700935364 0.512733519077301 0.020624969175292385 0.034615332881609596
0 0.29237696528434753 0.5125414729118347 0.020624969175292385 0.034615332881609596
0 0.8057605624198914 0.6251624822616577 0.020624969175292385 0.034615332881609596
0 0.7166119813919067 0.6250231862068176 0.020624969175292385 0.034615332881609596
0 0.6273666024208069 0.6248837113380432 0.020624969175292385 0.034615332881609596
0 0.5380242466926575 0.6247441172599792 0.020624969175292385 0.034615332881609596
0 0.44858479499816895 0.624604344367981 0.020624969175292385 0.034615332881609596
0 0.359048068523407 0.6244644522666931 0.020624969175292385 0.034615332881609596
0 0.26941385865211487 0.624324381351471 0.020624969175292385 0.034615332881609596
0 0.806442141532898 0.7473475337028503 0.020624969175292385 0.034615332881609596
0 0.7130076289176941 0.7472710013389587 0.020624969175292385 0.034615332881609596
0 0.6194667816162109 0.7471944093704224 0.020624969175292385 0.034615332881609596
0 0.5258194208145142 0.7471177577972412 0.020624969175292385 0.034615332881609596
0 0.43206530809402466 0.7470409870147705 0.020624969175292385 0.034615332881609596
0 0.33820435404777527 0.7469640970230103 0.020624969175292385 0.034615332881609596
0 0.2442363202571869 0.7468871474266052 0.020624969175292385 0.034615332881609596