0 0.7842984199523926 0.19937211275100708 0.03523500512043635 0.03523500512043635
0 0.7046164274215698 0.1974092572927475 0.03523500512043635 0.03523500512043635
0 0.6225778460502625 0.19538834691047668 0.03523500512043635 0.03523500512043635
0 0.5380765199661255 0.19330677390098572 0.03523500512043635 0.03523500512043635
0 0.4509998857975006 0.19116176664829254 0.03523500512043635 0.03523500512043635
0 0.3612283766269684 0.18895037472248077 0.03523500512043635 0.03523500512043635
0 0.26863494515419006 0.1866694539785385 0.03523500512043635 0.03523500512043635
0 0.7988576889038086 0.27259567379951477 0.03523500512043635 0.03523500512043635
0 0.7172263264656067 0.2716754674911499 0.03523500512043635 0.03523500512043635
0 0.6331139802932739 0.2707273066043854 0.03523500512043635 0.03523500512043635
0 0.5464058518409729 0.26974987983703613 0.03523500512043635 0.03523500512043635
0 0.4569799304008484 0.26874181628227234 0.03523500512043635 0.03523500512043635
0 0.3647063672542572 0.267701655626297 0.03523500512043635 0.03523500512043635
0 0.2694469392299652 0.26662784814834595 0.03523500512043635 0.03523500512043635
0 0.8142188191413879 0.34985193610191345 0.03523500512043635 0.03523500512043635
0 0.7305413484573364 0.350094735622406 0.03523500512043635 0.03523500512043635
0 0.6442484855651855 0.3503451347351074 0.03523500512043635 0.03523500512043635
0 0.5552157759666443 0.35060349106788635 0.03523500512043635 0.03523500512043635
0 0.4633105993270874 0.35087019205093384 0.03523500512043635 0.03523500512043635
0 0.36839160323143005 0.3511456251144409 0.03523500512043635 0.03523500512043635
0 0.27030810713768005 0.3514302372932434 0.03523500512043635 0.03523500512043635
0 0.8304498791694641 0.4314834177494049 0.03523500512043635 0.03523500512043635
0 0.7446223497390747 0.43302538990974426 0.03523500512043635 0.03523500512043635
0 0.6560339331626892 0.4346170127391815 0.03523500512043635 0.03523500512043635
0 0.5645491480827332 0.4362606406211853 0.03523500512043635 0.03523500512043635
0 0.47002360224723816 0.43795889616012573 0.03523500512043635 0.03523500512043635
0 0.37230318784713745 0.43971455097198486 0.03523500512043635 0.03523500512043635
0 0.2712230980396271 0.44153058528900146 0.03523500512043635 0.03523500512043635
0 0.8476269245147705 0.5178726315498352 0.03523500512043635 0.03523500512043635
0 0.7595374584197998 0.5208683013916016 0.03523500512043635 0.03523500512043635
0 0.6685289740562439 0.5239632725715637 0.03523500512043635 0.03523500512043635
0 0.5744539499282837 0.527162492275238 0.03523500512043635 0.03523500512043635
0 0.4771547019481659 0.5304713249206543 0.03523500512043635 0.03523500512043635
0 0.3764626085758209 0.5338956117630005 0.03523500512043635 0.03523500512043635
0 0.27219706773757935 0.5374413728713989 0.03523500512043635 0.03523500512043635
0 0.8658351898193359 0.6094480752944946 0.03523500512043635 0.03523500512043635
0 0.7753629684448242 0.6140732765197754 0.03523500512043635 0.03523500512043635
0 0.6817997694015503 0.6188564896583557 0.03523500512043635 0.03523500512043635
0 0.5849843621253967 0.6238059401512146 0.03523500512043635 0.03523500512043635
0 0.4847441613674164 0.6289305090904236 0.03523500512043635 0.03523500512043635
0 0.3808942139148712 0.6342396140098572 0.03523500512043635 0.03523500512043635
0 0.2732359766960144 0.6397433876991272 0.03523500512043635 0.03523500512043635
0 0.8851703405380249 0.7066911458969116 0.03523500512043635 0.03523500512043635
0 0.7921849489212036 0.7131466269493103 0.03523500512043635 0.03523500512043635
0 0.6959208846092224 0.7198297381401062 0.03523500512043635 0.03523500512043635
0 0.5962015986442566 0.726752758026123 0.03523500512043635 0.03523500512043635
0 0.49283769726753235 0.7339287996292114 0.03523500512043635 0.03523500512043635
0 0.3856256306171417 0.7413719296455383 0.03523500512043635 0.03523500512043635
0 0.2743464708328247 0.749097466468811 0.03523500512043635 0.03523500512043635