0 0.7010698318481445 0.185540571808815 0.02545529417693615 0.033940392235914864
0 0.632388710975647 0.18662133812904358 0.02545529417693615 0.033940392235914864
0 0.5636169910430908 0.18770353496074677 0.02545529417693615 0.033940392235914864
0 0.4947545826435089 0.18878714740276337 0.02545529417693615 0.033940392235914864
0 0.42580124735832214 0.18987219035625458 0.02545529417693615 0.033940392235914864
0 0.3567568063735962 0.1909586787223816 0.02545529417693615 0.033940392235914864
0 0.2876211404800415 0.19204659759998322 0.02545529417693615 0.033940392235914864
0 0.7111176252365112 0.2522062063217163 0.02545529417693615 0.033940392235914864
0 0.6391246914863586 0.2533852159976959 0.02545529417693615 0.033940392235914864
0 0.5670323371887207 0.25456589460372925 0.02545529417693615 0.033940392235914864
0 0.49484020471572876 0.2557481825351715 0.02545529417693615 0.033940392235914864
0 0.42254817485809326 0.2569321095943451 0.02545529417693615 0.033940392235914864
0 0.3501560091972351 0.25811767578125 0.02545529417693615 0.033940392235914864
0 0.2776634991168976 0.25930488109588623 0.02545529417693615 0.033940392235914864
0 0.722184956073761 0.325636625289917 0.02545529417693615 0.033940392235914864
0 0.6465447545051575 0.3269288241863251 0.02545529417693615 0.033940392235914864
0 0.5707947015762329 0.3282228708267212 0.02545529417693615 0.033940392235914864
0 0.4949345290660858 0.32951879501342773 0.02545529417693615 0.033940392235914864
0 0.4189640283584595 0.3308166265487671 0.02545529417693615 0.033940392235914864
0 0.3428829312324524 0.33211633563041687 0.02545529417693615 0.033940392235914864
0 0.26669102907180786 0.33341795206069946 0.02545529417693615 0.033940392235914864
0 0.7344353795051575 0.4069165885448456 0.02545529417693615 0.033940392235914864
0 0.654758632183075 0.4083400070667267 0.02545529417693615 0.033940392235914864
0 0.5749598741531372 0.4097656309604645 0.02545529417693615 0.033940392235914864
0 0.4950389862060547 0.4111934304237366 0.02545529417693615 0.033940392235914864
0 0.41499558091163635 0.41262340545654297 0.02545529417693615 0.033940392235914864
0 0.3348294198513031 0.41405558586120605 0.02545529417693615 0.033940392235914864
0 0.25454023480415344 0.41548997163772583 0.02545529417693615 0.033940392235914864
0 0.7480693459510803 0.4973757565021515 0.02545529417693615 0.033940392235914864
0 0.6639007925987244 0.4989526867866516 0.02545529417693615 0.033940392235914864
0 0.579596221446991 0.5005322098731995 0.02545529417693615 0.033940392235914864
0 0.4951552450656891 0.5021142363548279 0.02545529417693615 0.033940392235914864
0 0.4105775058269501 0.5036988258361816 0.02545529417693615 0.033940392235914864
0 0.32586273550987244 0.5052860379219055 0.02545529417693615 0.033940392235914864
0 0.24101053178310394 0.50687575340271 0.02545529417693615 0.033940392235914864
0 0.763335108757019 0.5986621975898743 0.02545529417693615 0.033940392235914864
0 0.6741381883621216 0.6004202961921692 0.02545529417693615 0.033940392235914864
0 0.58478844165802 0.6021813750267029 0.02545529417693615 0.033940392235914864
0 0.4952854514122009 0.6039455533027649 0.02545529417693615 0.033940392235914864
0 0.40562883019447327 0.6057127118110657 0.02545529417693615 0.033940392235914864
0 0.3158181607723236 0.60748291015625 0.02545529417693615 0.033940392235914864
0 0.2258530706167221 0.6092561483383179 0.02545529417693615 0.033940392235914864
0 0.7805444002151489 0.7128434777259827 0.02545529417693615 0.033940392235914864
0 0.685680091381073 0.7148175835609436 0.02545529417693615 0.033940392235914864
0 0.5906429290771484 0.7167952656745911 0.02545529417693615 0.033940392235914864
0 0.4954322874546051 0.7187765836715698 0.02545529417693615 0.033940392235914864
0 0.40004780888557434 0.7207614779472351 0.02545529417693615 0.033940392235914864
0 0.3044889569282532 0.7227500081062317 0.02545529417693615 0.033940392235914864
0 0.20875529944896698 0.7247422337532043 0.02545529417693615 0.033940392235914864