0 0.33624663949012756 0.38665688037872314 0.019401598721742633 0.02586879829565684
0 0.3308197259902954 0.4436258375644684 0.019401598721742633 0.02586879829565684
0 0.32505446672439575 0.5041466951370239 0.019401598721742633 0.02586879829565684
0 0.3189181983470917 0.568562388420105 0.019401598721742633 0.02586879829565684
0 0.3123738765716553 0.6372613310813904 0.019401598721742633 0.02586879829565684
0 0.3053794503211975 0.7106854915618896 0.019401598721742633 0.02586879829565684
0 0.29788678884506226 0.7893397212028503 0.019401598721742633 0.02586879829565684
0 0.39795851707458496 0.3888739049434662 0.019401598721742633 0.02586879829565684
0 0.39439815282821655 0.4458962678909302 0.019401598721742633 0.02586879829565684
0 0.3906158208847046 0.5064730048179626 0.019401598721742633 0.02586879829565684
0 0.3865901529788971 0.5709471702575684 0.019401598721742633 0.02586879829565684
0 0.3822968900203705 0.6397073864936829 0.019401598721742633 0.02586879829565684
0 0.377708375453949 0.7131957411766052 0.019401598721742633 0.02586879829565684
0 0.37279313802719116 0.7919172644615173 0.019401598721742633 0.02586879829565684
0 0.45964187383651733 0.39108985662460327 0.019401598721742633 0.02586879829565684
0 0.457946240901947 0.4481655955314636 0.019401598721742633 0.02586879829565684
0 0.45614495873451233 0.5087981820106506 0.019401598721742633 0.02586879829565684
0 0.4542278051376343 0.5733307600021362 0.019401598721742633 0.02586879829565684
0 0.45218321681022644 0.6421521902084351 0.019401598721742633 0.02586879829565684
0 0.4499981105327606 0.715704619884491 0.019401598721742633 0.02586879829565684
0 0.44765740633010864 0.7944933176040649 0.019401598721742633 0.02586879829565684
0 0.5212966799736023 0.39330482482910156 0.019401598721742633 0.02586879829565684
0 0.5214640498161316 0.4504338502883911 0.019401598721742633 0.02586879829565684
0 0.5216418504714966 0.5111221671104431 0.019401598721742633 0.02586879829565684
0 0.5218310952186584 0.5757131576538086 0.019401598721742633 0.02586879829565684
0 0.5220329165458679 0.6445956230163574 0.019401598721742633 0.02586879829565684
0 0.5222486257553101 0.7182121276855469 0.019401598721742633 0.02586879829565684
0 0.5224796533584595 0.7970679402351379 0.019401598721742633 0.02586879829565684
0 0.5829229950904846 0.3955187499523163 0.019401598721742633 0.02586879829565684
0 0.584951639175415 0.45270103216171265 0.019401598721742633 0.02586879829565684
0 0.5871066451072693 0.5134450793266296 0.019401598721742633 0.02586879829565684
0 0.5894001722335815 0.5780943036079407 0.019401598721742633 0.02586879829565684
0 0.5918460488319397 0.6470378637313843 0.019401598721742633 0.02586879829565684
0 0.5944600105285645 0.720718264579773 0.019401598721742633 0.02586879829565684
0 0.5972599387168884 0.7996411323547363 0.019401598721742633 0.02586879829565684
0 0.6445207595825195 0.39773163199424744 0.019401598721742633 0.02586879829565684
0 0.6484089493751526 0.4549671411514282 0.019401598721742633 0.02586879829565684
0 0.6525391936302185 0.5157667994499207 0.019401598721742633 0.02586879829565684
0 0.656934916973114 0.5804742574691772 0.019401598721742633 0.02586879829565684
0 0.6616225838661194 0.6494787931442261 0.019401598721742633 0.02586879829565684
0 0.6666322350502014 0.723223090171814 0.019401598721742633 0.02586879829565684
0 0.6719982028007507 0.8022128343582153 0.019401598721742633 0.02586879829565684
0 0.7060900926589966 0.3999435305595398 0.019401598721742633 0.02586879829565684
0 0.7118359804153442 0.45723214745521545 0.019401598721742633 0.02586879829565684
0 0.7179396748542786 0.5180873870849609 0.019401598721742633 0.02586879829565684
0 0.7244355082511902 0.5828530192375183 0.019401598721742633 0.02586879829565684
0 0.7313625812530518 0.6519184112548828 0.019401598721742633 0.02586879829565684
0 0.7387653589248657 0.7257264852523804 0.019401598721742633 0.02586879829565684
0 0.7466945648193359 0.8047831654548645 0.019401598721742633 0.02586879829565684