0 0.6911330223083496 0.1586989015340805 0.024608300998806953 0.03281106799840927
0 0.621870756149292 0.16043640673160553 0.024608300998806953 0.03281106799840927
0 0.5528315305709839 0.16216829419136047 0.024608300998806953 0.03281106799840927
0 0.4840143918991089 0.1638946235179901 0.024608300998806953 0.03281106799840927
0 0.41541820764541626 0.16561540961265564 0.024608300998806953 0.03281106799840927
0 0.34704193472862244 0.16733068227767944 0.024608300998806953 0.03281106799840927
0 0.27888453006744385 0.1690404713153839 0.024608300998806953 0.03281106799840927
0 0.7011798620223999 0.22536009550094604 0.024608300998806953 0.03281106799840927
0 0.6287693381309509 0.22706374526023865 0.024608300998806953 0.03281106799840927
0 0.5566025972366333 0.22876164317131042 0.024608300998806953 0.03281106799840927
0 0.4846784472465515 0.23045384883880615 0.024608300998806953 0.03281106799840927
0 0.4129956066608429 0.23214037716388702 0.024608300998806953 0.03281106799840927
0 0.34155288338661194 0.23382124304771423 0.024608300998806953 0.03281106799840927
0 0.27034908533096313 0.23549650609493256 0.024608300998806953 0.03281106799840927
0 0.7121797204017639 0.2983452081680298 0.024608300998806953 0.03281106799840927
0 0.6363212466239929 0.3000006079673767 0.024608300998806953 0.03281106799840927
0 0.5607301592826843 0.30165019631385803 0.024608300998806953 0.03281106799840927
0 0.4854051470756531 0.30329397320747375 0.024608300998806953 0.03281106799840927
0 0.41034477949142456 0.30493196845054626 0.024608300998806953 0.03281106799840927
0 0.33554768562316895 0.30656421184539795 0.024608300998806953 0.03281106799840927
0 0.2610124349594116 0.3081907629966736 0.024608300998806953 0.03281106799840927
0 0.7242751121520996 0.3785988986492157 0.024608300998806953 0.03281106799840927
0 0.6446238160133362 0.3801878094673157 0.024608300998806953 0.03281106799840927
0 0.5652672648429871 0.3817708492279053 0.024608300998806953 0.03281106799840927
0 0.4862038195133209 0.3833480477333069 0.024608300998806953 0.03281106799840927
0 0.4074319005012512 0.3849194347858429 0.024608300998806953 0.03281106799840927
0 0.328949898481369 0.3864850103855133 0.024608300998806953 0.03281106799840927
0 0.2507562041282654 0.3880448639392853 0.024608300998806953 0.03281106799840927
0 0.7376382350921631 0.4672639071941376 0.024608300998806953 0.03281106799840927
0 0.6537948846817017 0.46876296401023865 0.024608300998806953 0.03281106799840927
0 0.570277988910675 0.47025617957115173 0.024608300998806953 0.03281106799840927
0 0.4870857000350952 0.4717436134815216 0.024608300998806953 0.03281106799840927
0 0.40421611070632935 0.47322526574134827 0.024608300998806953 0.03281106799840927
0 0.32166731357574463 0.4747011959552765 0.024608300998806953 0.03281106799840927
0 0.23943746089935303 0.4761714041233063 0.024608300998806953 0.03281106799840927
0 0.7524793148040771 0.5657357573509216 0.024608300998806953 0.03281106799840927
0 0.6639782190322876 0.5671148300170898 0.024608300998806953 0.03281106799840927
0 0.5758407115936279 0.5684882998466492 0.024608300998806953 0.03281106799840927
0 0.48806455731391907 0.5698561072349548 0.024608300998806953 0.03281106799840927
0 0.40064752101898193 0.5712183117866516 0.024608300998806953 0.03281106799840927
0 0.3135874569416046 0.5725749135017395 0.024608300998806953 0.03281106799840927
0 0.22688212990760803 0.5739260315895081 0.024608300998806953 0.03281106799840927
0 0.7690580487251282 0.6757367253303528 0.024608300998806953 0.03281106799840927
0 0.6753512620925903 0.6769567131996155 0.024608300998806953 0.03281106799840927
0 0.5820518732070923 0.6781713962554932 0.024608300998806953 0.03281106799840927
0 0.48915722966194153 0.6793808341026306 0.024608300998806953 0.03281106799840927
0 0.3966647684574127 0.6805850267410278 0.024608300998806953 0.03281106799840927
0 0.30457180738449097 0.6817840337753296 0.024608300998806953 0.03281106799840927
0 0.21287581324577332 0.6829778552055359 0.024608300998806953 0.03281106799840927