0 0.7099748253822327 0.33060792088508606 0.0319365585843722 0.0319365585843722
0 0.6389027833938599 0.33087673783302307 0.0319365585843722 0.0319365585843722
0 0.5678048729896545 0.33114564418792725 0.0319365585843722 0.0319365585843722
0 0.49668100476264954 0.33141466975212097 0.0319365585843722 0.0319365585843722
0 0.425531268119812 0.3316837549209595 0.0319365585843722 0.0319365585843722
0 0.3543555736541748 0.3319529592990875 0.0319365585843722 0.0319365585843722
0 0.2831539213657379 0.3322222828865051 0.0319365585843722 0.0319365585843722
0 0.7186331152915955 0.39185792207717896 0.0319365585843722 0.0319365585843722
0 0.6448492407798767 0.39214858412742615 0.0319365585843722 0.0319365585843722
0 0.5710374712944031 0.3924393653869629 0.0319365585843722 0.0319365585843722
0 0.49719780683517456 0.3927302360534668 0.0319365585843722 0.0319365585843722
0 0.4233301877975464 0.39302122592926025 0.0319365585843722 0.0319365585843722
0 0.34943461418151855 0.3933123052120209 0.0319365585843722 0.0319365585843722
0 0.27551108598709106 0.39360353350639343 0.0319365585843722 0.0319365585843722
0 0.7279786467552185 0.4579695463180542 0.0319365585843722 0.0319365585843722
0 0.6512678265571594 0.45828473567962646 0.0319365585843722 0.0319365585843722
0 0.574526846408844 0.4586000442504883 0.0319365585843722 0.0319365585843722
0 0.49775567650794983 0.45891550183296204 0.0319365585843722 0.0319365585843722
0 0.42095428705215454 0.45923104882240295 0.0319365585843722 0.0319365585843722
0 0.3441227078437805 0.4595467448234558 0.0319365585843722 0.0319365585843722
0 0.267260879278183 0.4598625600337982 0.0319365585843722 0.0319365585843722
0 0.7380965948104858 0.5295455455780029 0.0319365585843722 0.0319365585843722
0 0.6582170128822327 0.529888391494751 0.0319365585843722 0.0319365585843722
0 0.5783047080039978 0.5302314162254333 0.0319365585843722 0.0319365585843722
0 0.49835965037345886 0.5305745601654053 0.0319365585843722 0.0319365585843722
0 0.41838186979293823 0.5309178233146667 0.0319365585843722 0.0319365585843722
0 0.33837130665779114 0.5312612652778625 0.0319365585843722 0.0319365585843722
0 0.2583279609680176 0.5316048264503479 0.0319365585843722 0.0319365585843722
0 0.7490869164466858 0.6072925329208374 0.0319365585843722 0.0319365585843722
0 0.6657654643058777 0.6076667904853821 0.0319365585843722 0.0319365585843722
0 0.5824084281921387 0.6080411672592163 0.0319365585843722 0.0319365585843722
0 0.499015748500824 0.6084157824516296 0.0319365585843722 0.0319365585843722
0 0.415587455034256 0.6087905168533325 0.0319365585843722 0.0319365585843722
0 0.3321234881877899 0.609165370464325 0.0319365585843722 0.0319365585843722
0 0.24862384796142578 0.6095404624938965 0.0319365585843722 0.0319365585843722
0 0.7610674500465393 0.6920445561408997 0.0319365585843722 0.0319365585843722
0 0.6739941835403442 0.6924545764923096 0.0319365585843722 0.0319365585843722
0 0.5868820548057556 0.6928647756576538 0.0319365585843722 0.0319365585843722
0 0.49973100423812866 0.6932752132415771 0.0319365585843722 0.0319365585843722
0 0.4125410318374634 0.69368577003479 0.0319365585843722 0.0319365585843722
0 0.32531213760375977 0.694096565246582 0.0319365585843722 0.0319365585843722
0 0.23804424703121185 0.6945074796676636 0.0319365585843722 0.0319365585843722
0 0.7741783857345581 0.7847930192947388 0.0319365585843722 0.0319365585843722
0 0.6829994916915894 0.7852441072463989 0.0319365585843722 0.0319365585843722
0 0.5917779803276062 0.7856953740119934 0.0319365585843722 0.0319365585843722
0 0.5005137920379639 0.7861468195915222 0.0319365585843722 0.0319365585843722
0 0.40920692682266235 0.7865985035896301 0.0319365585843722 0.0319365585843722
0 0.3178573548793793 0.7870504260063171 0.0319365585843722 0.0319365585843722
0 0.22646503150463104 0.7875025272369385 0.0319365585843722 0.0319365585843722