0 0.2354593425989151 0.6512488722801208 0.03349368770917257 0.03349368770917257
0 0.3331204056739807 0.6516347527503967 0.03349368770917257 0.03349368770917257
0 0.43048161268234253 0.6520194411277771 0.03349368770917257 0.03349368770917257
0 0.527544379234314 0.6524029970169067 0.03349368770917257 0.03349368770917257
0 0.6243099570274353 0.6527853608131409 0.03349368770917257 0.03349368770917257
0 0.7207798361778259 0.6531665325164795 0.03349368770917257 0.03349368770917257
0 0.8169553279876709 0.6535465121269226 0.03349368770917257 0.03349368770917257
0 0.24549634754657745 0.5590649247169495 0.03349368770917257 0.03349368770917257
0 0.3397882282733917 0.5595744252204895 0.03349368770917257 0.03349368770917257
0 0.4338005483150482 0.5600824356079102 0.03349368770917257 0.03349368770917257
0 0.5275344848632812 0.5605888962745667 0.03349368770917257 0.03349368770917257
0 0.6209913492202759 0.5610938668251038 0.03349368770917257 0.03349368770917257
0 0.7141723036766052 0.5615974068641663 0.03349368770917257 0.03349368770917257
0 0.8070786595344543 0.5620993971824646 0.03349368770917257 0.03349368770917257
0 0.254865825176239 0.4730118215084076 0.03349368770917257 0.03349368770917257
0 0.34601324796676636 0.4736279249191284 0.03349368770917257 0.03349368770917257
0 0.4368993639945984 0.47424226999282837 0.03349368770917257 0.03349368770917257
0 0.5275253057479858 0.47485485672950745 0.03349368770917257 0.03349368770917257
0 0.6178921461105347 0.47546568512916565 0.03349368770917257 0.03349368770917257
0 0.7080010771751404 0.47607478499412537 0.03349368770917257 0.03349368770917257
0 0.7978531718254089 0.4766821265220642 0.03349368770917257 0.03349368770917257
0 0.26363223791122437 0.3924976587295532 0.03349368770917257 0.03349368770917257
0 0.3518381118774414 0.39320582151412964 0.03349368770917257 0.03349368770917257
0 0.4397992789745331 0.39391201734542847 0.03349368770917257 0.03349368770917257
0 0.5275166630744934 0.3946162760257721 0.03349368770917257 0.03349368770917257
0 0.6149913668632507 0.39531856775283813 0.03349368770917257 0.03349368770917257
0 0.7022243142127991 0.396018922328949 0.03349368770917257 0.03349368770917257
0 0.7892165780067444 0.3967173397541046 0.03349368770917257 0.03349368770917257
0 0.27185195684432983 0.3170042932033539 0.03349368770917257 0.03349368770917257
0 0.3573002517223358 0.31779202818870544 0.03349368770917257 0.03349368770917257
0 0.44251883029937744 0.3185776472091675 0.03349368770917257 0.03349368770917257
0 0.5275086164474487 0.31936115026474 0.03349368770917257 0.03349368770917257
0 0.6122704744338989 0.32014256715774536 0.03349368770917257 0.03349368770917257
0 0.6968054175376892 0.3209218680858612 0.03349368770917257 0.03349368770917257
0 0.7811142802238464 0.3216991126537323 0.03349368770917257 0.03349368770917257
0 0.27957460284233093 0.2460763305425644 0.03349368770917257 0.03349368770917257
0 0.3624325096607208 0.24693286418914795 0.03349368770917257 0.03349368770917257
0 0.4450743496417999 0.24778716266155243 0.03349368770917257 0.03349368770917257
0 0.5275009870529175 0.24863924086093903 0.03349368770917257 0.03349368770917257
0 0.6097133159637451 0.24948909878730774 0.03349368770917257 0.03349368770917257
0 0.6917120814323425 0.25033676624298096 0.03349368770917257 0.03349368770917257
0 0.7734981179237366 0.2511822283267975 0.03349368770917257 0.03349368770917257
0 0.2868439555168152 0.17931175231933594 0.03349368770917257 0.03349368770917257
0 0.36726388335227966 0.18022778630256653 0.03349368770917257 0.03349368770917257
0 0.4474802613258362 0.18114149570465088 0.03349368770917257 0.03349368770917257
0 0.5274938344955444 0.18205289542675018 0.03349368770917257 0.03349368770917257
0 0.6073054671287537 0.18296198546886444 0.03349368770917257 0.03349368770917257
0 0.6869158148765564 0.18386879563331604 0.03349368770917257 0.03349368770917257
0 0.7663256525993347 0.18477332592010498 0.03349368770917257 0.03349368770917257