0 0.2343391478061676 0.6574189066886902 0.03357410182555517 0.03357410182555517
0 0.3326408565044403 0.6580426096916199 0.03357410182555517 0.03357410182555517
0 0.4306298494338989 0.6586642861366272 0.03357410182555517 0.03357410182555517
0 0.5283075571060181 0.6592840552330017 0.03357410182555517 0.03357410182555517
0 0.6256755590438843 0.6599017977714539 0.03357410182555517 0.03357410182555517
0 0.7227352261543274 0.6605176329612732 0.03357410182555517 0.03357410182555517
0 0.8194881081581116 0.6611315011978149 0.03357410182555517 0.03357410182555517
0 0.24313874542713165 0.5664920210838318 0.03357410182555517 0.03357410182555517
0 0.3383953273296356 0.5672369003295898 0.03357410182555517 0.03357410182555517
0 0.43335819244384766 0.5679794549942017 0.03357410182555517 0.03357410182555517
0 0.5280287265777588 0.568719744682312 0.03357410182555517 0.03357410182555517
0 0.6224082112312317 0.5694577097892761 0.03357410182555517 0.03357410182555517
0 0.716498076915741 0.5701934695243835 0.03357410182555517 0.03357410182555517
0 0.8102995753288269 0.5709269642829895 0.03357410182555517 0.03357410182555517
0 0.2514110505580902 0.4810137450695038 0.03357410182555517 0.03357410182555517
0 0.3438054621219635 0.4818643629550934 0.03357410182555517 0.03357410182555517
0 0.4359235465526581 0.48271241784095764 0.03357410182555517 0.03357410182555517
0 0.5277664661407471 0.48355796933174133 0.03357410182555517 0.03357410182555517
0 0.6193354725837708 0.48440098762512207 0.03357410182555517 0.03357410182555517
0 0.710631787776947 0.48524147272109985 0.03357410182555517 0.03357410182555517
0 0.8016566634178162 0.48607948422431946 0.03357410182555517 0.03357410182555517
0 0.2592020630836487 0.4005085825920105 0.03357410182555517 0.03357410182555517
0 0.34890133142471313 0.40145158767700195 0.03357410182555517 0.03357410182555517
0 0.43834006786346436 0.40239182114601135 0.03357410182555517 0.03357410182555517
0 0.5275194048881531 0.40332934260368347 0.03357410182555517 0.03357410182555517
0 0.61644047498703 0.4042641520500183 0.03357410182555517 0.03357410182555517
0 0.705104410648346 0.40519624948501587 0.03357410182555517 0.03357410182555517
0 0.7935122847557068 0.40612566471099854 0.03357410182555517 0.03357410182555517
0 0.266552597284317 0.32455480098724365 0.03357410182555517 0.03357410182555517
0 0.35370948910713196 0.325578510761261 0.03357410182555517 0.03357410182555517
0 0.4406203627586365 0.3265993297100067 0.03357410182555517 0.03357410182555517
0 0.5272862911224365 0.3276172876358032 0.03357410182555517 0.03357410182555517
0 0.6137082576751709 0.3286323547363281 0.03357410182555517 0.03357410182555517
0 0.6998872756958008 0.3296445906162262 0.03357410182555517 0.03357410182555517
0 0.7858244776725769 0.33065396547317505 0.03357410182555517 0.03357410182555517
0 0.2734990119934082 0.25277701020240784 0.03357410182555517 0.03357410182555517
0 0.3582536578178406 0.25387126207351685 0.03357410182555517 0.03357410182555517
0 0.4427756369113922 0.2549625337123871 0.03357410182555517 0.03357410182555517
0 0.5270658731460571 0.25605082511901855 0.03357410182555517 0.03357410182555517
0 0.6111254096031189 0.25713610649108887 0.03357410182555517 0.03357410182555517
0 0.694955050945282 0.2582184374332428 0.03357410182555517 0.03357410182555517
0 0.7785558700561523 0.25929778814315796 0.03357410182555517 0.03357410182555517
0 0.28007370233535767 0.18484005331993103 0.03357410182555517 0.03357410182555517
0 0.36255499720573425 0.18599596619606018 0.03357410182555517 0.03357410182555517
0 0.44481587409973145 0.1871487945318222 0.03357410182555517 0.03357410182555517
0 0.5268572568893433 0.1882985383272171 0.03357410182555517 0.03357410182555517
0 0.608680009841919 0.18944522738456726 0.03357410182555517 0.03357410182555517
0 0.6902850270271301 0.19058886170387268 0.03357410182555517 0.03357410182555517
0 0.7716731429100037 0.19172945618629456 0.03357410182555517 0.03357410182555517