0 0.29660511016845703 0.6438462138175964 0.020724177360534668 0.02763223648071289
0 0.37321051955223083 0.6433407664299011 0.020724177360534668 0.02763223648071289
0 0.45060473680496216 0.6428301930427551 0.020724177360534668 0.02763223648071289
0 0.5288000702857971 0.6423142552375793 0.020724177360534668 0.02763223648071289
0 0.6078089475631714 0.6417930126190186 0.020724177360534668 0.02763223648071289
0 0.6876441836357117 0.6412662863731384 0.020724177360534668 0.02763223648071289
0 0.768318772315979 0.6407340168952942 0.020724177360534668 0.02763223648071289
0 0.3072090744972229 0.5546737909317017 0.020724177360534668 0.02763223648071289
0 0.38016176223754883 0.5537581443786621 0.020724177360534668 0.02763223648071289
0 0.4538291394710541 0.5528335571289062 0.020724177360534668 0.02763223648071289
0 0.5282217860221863 0.5518998503684998 0.020724177360534668 0.02763223648071289
0 0.6033504605293274 0.5509568452835083 0.020724177360534668 0.02763223648071289
0 0.6792261600494385 0.5500045418739319 0.020724177360534668 0.02763223648071289
0 0.7558600902557373 0.5490427017211914 0.020724177360534668 0.02763223648071289
0 0.316839337348938 0.4736897945404053 0.020724177360534668 0.02763223648071289
0 0.3864717185497284 0.47243982553482056 0.020724177360534668 0.02763223648071289
0 0.4567546844482422 0.47117820382118225 0.020724177360534668 0.02763223648071289
0 0.5276973843574524 0.46990469098091125 0.020724177360534668 0.02763223648071289
0 0.5993091464042664 0.4686191976070404 0.020724177360534668 0.02763223648071289
0 0.6715994477272034 0.467321515083313 0.020724177360534668 0.02763223648071289
0 0.7445780634880066 0.46601149439811707 0.020724177360534668 0.02763223648071289
0 0.32562410831451416 0.39981579780578613 0.020724177360534668 0.02763223648071289
0 0.3922252357006073 0.398292601108551 0.020724177360534668 0.02763223648071289
0 0.4594210982322693 0.39675581455230713 0.020724177360534668 0.02763223648071289
0 0.5272195935249329 0.39520519971847534 0.020724177360534668 0.02763223648071289
0 0.5956289768218994 0.3936406672000885 0.020724177360534668 0.02763223648071289
0 0.664657473564148 0.3920619487762451 0.020724177360534668 0.02763223648071289
0 0.7343135476112366 0.39046886563301086 0.020724177360534668 0.02763223648071289
0 0.3336700201034546 0.33215487003326416 0.020724177360534668 0.02763223648071289
0 0.39749282598495483 0.3304079473018646 0.020724177360534668 0.02763223648071289
0 0.4618613123893738 0.32864609360694885 0.020724177360534668 0.02763223648071289
0 0.5267825722694397 0.3268691301345825 0.020724177360534668 0.02763223648071289
0 0.5922636985778809 0.3250768184661865 0.020724177360534668 0.02763223648071289
0 0.6583120226860046 0.3232690095901489 0.020724177360534668 0.02763223648071289
0 0.7249348759651184 0.32144543528556824 0.020724177360534668 0.02763223648071289
0 0.3410665690898895 0.2699548006057739 0.020724177360534668 0.02763223648071289
0 0.40233349800109863 0.26802459359169006 0.020724177360534668 0.02763223648071289
0 0.46410298347473145 0.2660785913467407 0.020724177360534668 0.02763223648071289
0 0.5263811945915222 0.2641165554523468 0.020724177360534668 0.02763223648071289
0 0.5891745090484619 0.2621382772922516 0.020724177360534668 0.02763223648071289
0 0.6524893045425415 0.26014357805252075 0.020724177360534668 0.02763223648071289
0 0.7163320779800415 0.2581322193145752 0.020724177360534668 0.02763223648071289
0 0.3478893041610718 0.2125801295042038 0.020724177360534668 0.02763223648071289
0 0.4067972004413605 0.21049988269805908 0.020724177360534668 0.02763223648071289
0 0.4661693871021271 0.20840324461460114 0.020724177360534668 0.02763223648071289
0 0.5260113477706909 0.20629000663757324 0.020724177360534668 0.02763223648071289
0 0.5863288044929504 0.20415998995304108 0.020724177360534668 0.02763223648071289
0 0.6471273303031921 0.20201298594474792 0.020724177360534668 0.02763223648071289
0 0.7084127068519592 0.19984878599643707 0.020724177360534668 0.02763223648071289