0 0.677402913570404 0.16060686111450195 0.024785397574305538 0.033047196765740715
0 0.609732449054718 0.16401900351047516 0.024785397574305538 0.033047196765740715
0 0.5419901013374329 0.16743478178977966 0.024785397574305538 0.033047196765740715
0 0.4741758704185486 0.17085418105125427 0.024785397574305538 0.033047196765740715
0 0.4062895178794861 0.174277201294899 0.024785397574305538 0.033047196765740715
0 0.3383309841156006 0.1777038723230362 0.024785397574305538 0.033047196765740715
0 0.27030014991760254 0.1811341941356659 0.024785397574305538 0.033047196765740715
0 0.6884179711341858 0.22577528655529022 0.024785397574305538 0.033047196765740715
0 0.6175723075866699 0.22938403487205505 0.024785397574305538 0.033047196765740715
0 0.5466479063034058 0.23299680650234222 0.024785397574305538 0.033047196765740715
0 0.47564461827278137 0.23661360144615173 0.024785397574305538 0.033047196765740715
0 0.4045622944831848 0.24023441970348358 0.024785397574305538 0.033047196765740715
0 0.33340081572532654 0.24385926127433777 0.024785397574305538 0.033047196765740715
0 0.262160062789917 0.24748815596103668 0.024785397574305538 0.033047196765740715
0 0.7005192637443542 0.2973696291446686 0.024785397574305538 0.033047196765740715
0 0.6261857151985168 0.3011981248855591 0.024785397574305538 0.033047196765740715
0 0.551765501499176 0.3050311207771301 0.024785397574305538 0.033047196765740715
0 0.47725844383239746 0.3088685870170593 0.024785397574305538 0.033047196765740715
0 0.4026643633842468 0.3127105236053467 0.024785397574305538 0.033047196765740715
0 0.3279831111431122 0.3165569305419922 0.024785397574305538 0.033047196765740715
0 0.2532145380973816 0.3204078674316406 0.024785397574305538 0.033047196765740715
0 0.7138755917549133 0.37638959288597107 0.024785397574305538 0.033047196765740715
0 0.6356930732727051 0.38046523928642273 0.024785397574305538 0.033047196765740715
0 0.5574145913124084 0.38454586267471313 0.024785397574305538 0.033047196765740715
0 0.4790399670600891 0.38863152265548706 0.024785397574305538 0.033047196765740715
0 0.4005690813064575 0.3927221894264221 0.024785397574305538 0.033047196765740715
0 0.32200172543525696 0.3968178629875183 0.024785397574305538 0.033047196765740715
0 0.2433377355337143 0.4009186029434204 0.024785397574305538 0.033047196765740715
0 0.7286930084228516 0.4640536606311798 0.024785397574305538 0.033047196765740715
0 0.6462410688400269 0.46840906143188477 0.024785397574305538 0.033047196765740715
0 0.5636823773384094 0.472770094871521 0.024785397574305538 0.033047196765740715
0 0.48101675510406494 0.4771367609500885 0.024785397574305538 0.033047196765740715
0 0.3982440233230591 0.48150911927223206 0.024785397574305538 0.033047196765740715
0 0.31536394357681274 0.4858871102333069 0.024785397574305538 0.033047196765740715
0 0.2323763072490692 0.49027079343795776 0.024785397574305538 0.033047196765740715
0 0.7452251315116882 0.5618622899055481 0.024785397574305538 0.033047196765740715
0 0.6580105423927307 0.5665367841720581 0.024785397574305538 0.033047196765740715
0 0.5706765055656433 0.5712176561355591 0.024785397574305538 0.033047196765740715
0 0.4832227826118469 0.5759049654006958 0.024785397574305538 0.033047196765740715
0 0.39564916491508484 0.5805987119674683 0.024785397574305538 0.033047196765740715
0 0.30795538425445557 0.5852988362312317 0.024785397574305538 0.033047196765740715
0 0.2201411873102188 0.5900054574012756 0.024785397574305538 0.033047196765740715
0 0.7637878656387329 0.6716844439506531 0.024785397574305538 0.033047196765740715
0 0.6712266802787781 0.6767259836196899 0.024785397574305538 0.033047196765740715
0 0.5785309076309204 0.6817748546600342 0.024785397574305538 0.033047196765740715
0 0.4857003390789032 0.6868310570716858 0.024785397574305538 0.033047196765740715
0 0.3927346467971802 0.6918946504592896 0.024785397574305538 0.033047196765740715
0 0.29963353276252747 0.6969655752182007 0.024785397574305538 0.033047196765740715
0 0.20639668405056 0.702043890953064 0.024785397574305538 0.033047196765740715