0 0.6998043656349182 0.1823577731847763 0.025265749543905258 0.033687666058540344
0 0.6312042474746704 0.18512120842933655 0.025265749543905258 0.033687666058540344
0 0.5629324913024902 0.18787141144275665 0.025265749543905258 0.033687666058540344
0 0.49498677253723145 0.19060847163200378 0.025265749543905258 0.033687666058540344
0 0.4273647964000702 0.1933324933052063 0.025265749543905258 0.033687666058540344
0 0.36006423830986023 0.19604358077049255 0.025265749543905258 0.033687666058540344
0 0.2930828034877777 0.19874180853366852 0.025265749543905258 0.033687666058540344
0 0.7103612422943115 0.2481098473072052 0.025265749543905258 0.033687666058540344
0 0.6383345723152161 0.25084465742111206 0.025265749543905258 0.033687666058540344
0 0.566669762134552 0.2535657286643982 0.025265749543905258 0.033687666058540344
0 0.49536409974098206 0.25627318024635315 0.025265749543905258 0.033687666058540344
0 0.42441484332084656 0.2589670717716217 0.025265749543905258 0.033687666058540344
0 0.3538193702697754 0.2616475224494934 0.025265749543905258 0.033687666058540344
0 0.28357502818107605 0.2643146812915802 0.025265749543905258 0.033687666058540344
0 0.7220220565795898 0.3207375705242157 0.025265749543905258 0.033687666058540344
0 0.6462085843086243 0.32342255115509033 0.025265749543905258 0.033687666058540344
0 0.5707957744598389 0.3260933458805084 0.025265749543905258 0.033687666058540344
0 0.4957805275917053 0.3287500739097595 0.025265749543905258 0.033687666058540344
0 0.42115965485572815 0.3313928246498108 0.025265749543905258 0.033687666058540344
0 0.34693002700805664 0.3340217173099518 0.025265749543905258 0.033687666058540344
0 0.27308863401412964 0.33663687109947205 0.025265749543905258 0.033687666058540344
0 0.7349694967269897 0.40137889981269836 0.025265749543905258 0.033687666058540344
0 0.6549489498138428 0.4039861857891083 0.025265749543905258 0.033687666058540344
0 0.5753745436668396 0.406578928232193 0.025265749543905258 0.033687666058540344
0 0.49624255299568176 0.40915724635124207 0.025265749543905258 0.033687666058540344
0 0.4175492525100708 0.41172128915786743 0.025265749543905258 0.033687666058540344
0 0.3392910361289978 0.41427117586135864 0.025265749543905258 0.033687666058540344
0 0.26146432757377625 0.4168069660663605 0.025265749543905258 0.033687666058540344
0 0.749428927898407 0.4914375841617584 0.025265749543905258 0.033687666058540344
0 0.6647070646286011 0.49393028020858765 0.025265749543905258 0.033687666058540344
0 0.5804848670959473 0.49640822410583496 0.025265749543905258 0.033687666058540344
0 0.49675804376602173 0.4988716244697571 0.025265749543905258 0.033687666058540344
0 0.4135221838951111 0.5013206005096436 0.025265749543905258 0.033687666058540344
0 0.3307729959487915 0.5037552118301392 0.025265749543905258 0.033687666058540344
0 0.24850624799728394 0.5061756372451782 0.025265749543905258 0.033687666058540344
0 0.7656816840171814 0.5926656126976013 0.025265749543905258 0.033687666058540344
0 0.6756715178489685 0.5949944257736206 0.025265749543905258 0.033687666058540344
0 0.5862249732017517 0.5973086357116699 0.025265749543905258 0.033687666058540344
0 0.49733686447143555 0.5996084213256836 0.025265749543905258 0.033687666058540344
0 0.409001886844635 0.6018939018249512 0.025265749543905258 0.033687666058540344
0 0.3212149441242218 0.6041651964187622 0.025265749543905258 0.033687666058540344
0 0.23397091031074524 0.6064224243164062 0.025265749543905258 0.033687666058540344
0 0.7840834259986877 0.7072781920433044 0.025265749543905258 0.033687666058540344
0 0.688080906867981 0.7093767523765564 0.025265749543905258 0.033687666058540344
0 0.5927190184593201 0.7114613056182861 0.025265749543905258 0.033687666058540344
0 0.4979914426803589 0.7135319709777832 0.025265749543905258 0.033687666058540344
0 0.40389183163642883 0.7155889272689819 0.025265749543905258 0.033687666058540344
0 0.3104139268398285 0.7176322937011719 0.025265749543905258 0.033687666058540344
0 0.21755164861679077 0.7196621894836426 0.025265749543905258 0.033687666058540344