0 0.22096571326255798 0.7053540349006653 0.02944217622280121 0.02944217622280121
0 0.305573970079422 0.7046481370925903 0.02944217622280121 0.02944217622280121
0 0.39016178250312805 0.7039424777030945 0.02944217622280121 0.02944217622280121
0 0.47472915053367615 0.7032369375228882 0.02944217622280121 0.02944217622280121
0 0.5592761039733887 0.7025315761566162 0.02944217622280121 0.02944217622280121
0 0.6438025832176208 0.7018263339996338 0.02944217622280121 0.02944217622280121
0 0.7283086180686951 0.7011213302612305 0.02944217622280121 0.02944217622280121
0 0.23088915646076202 0.6206063628196716 0.02944217622280121 0.02944217622280121
0 0.3120352029800415 0.6199392080307007 0.02944217622280121 0.02944217622280121
0 0.39316239953041077 0.6192721724510193 0.02944217622280121 0.02944217622280121
0 0.4742708206176758 0.6186053156852722 0.02944217622280121 0.02944217622280121
0 0.5553604364395142 0.6179385781288147 0.02944217622280121 0.02944217622280121
0 0.6364312171936035 0.6172720789909363 0.02944217622280121 0.02944217622280121
0 0.7174832224845886 0.6166056394577026 0.02944217622280121 0.02944217622280121
0 0.24003253877162933 0.5425205230712891 0.02944217622280121 0.02944217622280121
0 0.3179885447025299 0.5418882966041565 0.02944217622280121 0.02944217622280121
0 0.39592719078063965 0.5412561893463135 0.02944217622280121 0.02944217622280121
0 0.47384846210479736 0.54062420129776 0.02944217622280121 0.02944217622280121
0 0.5517523884773254 0.5399923920631409 0.02944217622280121 0.02944217622280121
0 0.6296389698982239 0.5393607020378113 0.02944217622280121 0.02944217622280121
0 0.7075082063674927 0.5387291312217712 0.02944217622280121 0.02944217622280121
0 0.24848437309265137 0.4703407287597656 0.02944217622280121 0.02944217622280121
0 0.3234916925430298 0.4697401225566864 0.02944217622280121 0.02944217622280121
0 0.39848291873931885 0.4691396653652191 0.02944217622280121 0.02944217622280121
0 0.47345808148384094 0.468539297580719 0.02944217622280121 0.02944217622280121
0 0.5484171509742737 0.4679390788078308 0.02944217622280121 0.02944217622280121
0 0.6233602166175842 0.4673389792442322 0.02944217622280121 0.02944217622280121
0 0.6982871890068054 0.4667390286922455 0.02944217622280121 0.02944217622280121
0 0.2563202381134033 0.4034213423728943 0.02944217622280121 0.02944217622280121
0 0.32859379053115845 0.4028495252132416 0.02944217622280121 0.02944217622280121
0 0.40085241198539734 0.4022778272628784 0.02944217622280121 0.02944217622280121
0 0.4730961322784424 0.4017062485218048 0.02944217622280121 0.02944217622280121
0 0.5453249216079712 0.40113478899002075 0.02944217622280121 0.02944217622280121
0 0.6175387501716614 0.40056344866752625 0.02944217622280121 0.02944217622280121
0 0.6897377371788025 0.3999922275543213 0.02944217622280121 0.02944217622280121
0 0.2636050879955292 0.34120747447013855 0.02944217622280121 0.02944217622280121
0 0.3333371579647064 0.3406619727611542 0.02944217622280121 0.02944217622280121
0 0.403055340051651 0.34011656045913696 0.02944217622280121 0.02944217622280121
0 0.4727596044540405 0.3395712673664093 0.02944217622280121 0.02944217622280121
0 0.5424500107765198 0.3390260934829712 0.02944217622280121 0.02944217622280121
0 0.6121264696121216 0.33848100900650024 0.02944217622280121 0.02944217622280121
0 0.6817891001701355 0.33793604373931885 0.02944217622280121 0.02944217622280121
0 0.2703951299190521 0.28321972489356995 0.02944217622280121 0.02944217622280121
0 0.3377583622932434 0.2826983332633972 0.02944217622280121 0.02944217622280121
0 0.40510863065719604 0.28217700123786926 0.02944217622280121 0.02944217622280121
0 0.47244593501091003 0.28165581822395325 0.02944217622280121 0.02944217622280121
0 0.5397703051567078 0.2811347246170044 0.02944217622280121 0.02944217622280121
0 0.6070817112922668 0.2806137204170227 0.02944217622280121 0.02944217622280121
0 0.6743801236152649 0.2800928056240082 0.02944217622280121 0.02944217622280121