0 0.18336966633796692 0.6184978485107422 0.0317248006661733 0.0317248006661733
0 0.2716517448425293 0.6264990568161011 0.0317248006661733 0.0317248006661733
0 0.3613274395465851 0.6346266269683838 0.0317248006661733 0.0317248006661733
0 0.4524300694465637 0.6428835391998291 0.0317248006661733 0.0317248006661733
0 0.5449938774108887 0.6512728333473206 0.0317248006661733 0.0317248006661733
0 0.6390544176101685 0.6597977876663208 0.0317248006661733 0.0317248006661733
0 0.7346481680870056 0.6684617400169373 0.0317248006661733 0.0317248006661733
0 0.20124521851539612 0.5315331816673279 0.0317248006661733 0.0317248006661733
0 0.2871037423610687 0.5386411547660828 0.0317248006661733 0.0317248006661733
0 0.3742780387401581 0.5458580851554871 0.0317248006661733 0.0317248006661733
0 0.4627986252307892 0.5531864166259766 0.0317248006661733 0.0317248006661733
0 0.5526968836784363 0.5606288313865662 0.0317248006661733 0.0317248006661733
0 0.6440052390098572 0.5681880116462708 0.0317248006661733 0.0317248006661733
0 0.7367571592330933 0.5758666396141052 0.0317248006661733 0.0317248006661733
0 0.21812085807323456 0.4494330883026123 0.0317248006661733 0.0317248006661733
0 0.30168500542640686 0.4557340741157532 0.0317248006661733 0.0317248006661733
0 0.386493444442749 0.4621288776397705 0.0317248006661733 0.0317248006661733
0 0.4725741446018219 0.46861961483955383 0.0317248006661733 0.0317248006661733
0 0.5599559545516968 0.47520849108695984 0.0317248006661733 0.0317248006661733
0 0.648668646812439 0.4818976819515228 0.0317248006661733 0.0317248006661733
0 0.7387427687644958 0.4886895418167114 0.0317248006661733 0.0317248006661733
0 0.23407821357250214 0.3718004524707794 0.0317248006661733 0.0317248006661733
0 0.31546714901924133 0.37737080454826355 0.0317248006661733 0.0317248006661733
0 0.3980345129966736 0.3830218017101288 0.0317248006661733 0.0317248006661733
0 0.48180609941482544 0.388755202293396 0.0317248006661733 0.0317248006661733
0 0.5668084621429443 0.3945728540420532 0.0317248006661733 0.0317248006661733
0 0.6530688405036926 0.4004766047000885 0.0317248006661733 0.0317248006661733
0 0.7406154274940491 0.40646839141845703 0.0317248006661733 0.0317248006661733
0 0.24919025599956512 0.2982803285121918 0.0317248006661733 0.0317248006661733
0 0.32851409912109375 0.303187757730484 0.0317248006661733 0.0317248006661733
0 0.4089556038379669 0.3081643581390381 0.0317248006661733 0.0317248006661733
0 0.4905385971069336 0.3132115602493286 0.0317248006661733 0.0317248006661733
0 0.5732875466346741 0.31833088397979736 0.0317248006661733 0.0317248006661733
0 0.6572275757789612 0.3235239088535309 0.0317248006661733 0.0317248006661733
0 0.7423846125602722 0.3287922143936157 0.0317248006661733 0.0317248006661733
0 0.2635224163532257 0.22855433821678162 0.0317248006661733 0.0317248006661733
0 0.34088313579559326 0.23285916447639465 0.0317248006661733 0.0317248006661733
0 0.41930535435676575 0.2372230738401413 0.0317248006661733 0.0317248006661733
0 0.49881109595298767 0.24164725840091705 0.0317248006661733 0.0317248006661733
0 0.5794229507446289 0.2461330145597458 0.0317248006661733 0.0317248006661733
0 0.6611641645431519 0.250681608915329 0.0317248006661733 0.0317248006661733
0 0.7440586686134338 0.2552943825721741 0.0317248006661733 0.0317248006661733
0 0.2771335244178772 0.16233617067337036 0.0317248006661733 0.0317248006661733
0 0.3526257574558258 0.16609221696853638 0.0317248006661733 0.0317248006661733
0 0.42912745475769043 0.16989848017692566 0.0317248006661733 0.0317248006661733
0 0.5066590309143066 0.17375598847866058 0.0317248006661733 0.0317248006661733
0 0.5852413177490234 0.17766577005386353 0.0317248006661733 0.0317248006661733
0 0.6648959517478943 0.18162891268730164 0.0317248006661733 0.0317248006661733
0 0.7456449866294861 0.18564650416374207 0.0317248006661733 0.0317248006661733