0 0.7066388726234436 0.16217556595802307 0.022903455886989832 0.03424815833568573
0 0.6306072473526001 0.1611936241388321 0.022903455886989832 0.03424815833568573
0 0.5540848970413208 0.16020534932613373 0.022903455886989832 0.03424815833568573
0 0.47706711292266846 0.159210667014122 0.022903455886989832 0.03424815833568573
0 0.3995489776134491 0.15820951759815216 0.022903455886989832 0.03424815833568573
0 0.3215256333351135 0.1572018563747406 0.022903455886989832 0.03424815833568573
0 0.24299213290214539 0.15618760883808136 0.022903455886989832 0.03424815833568573
0 0.7182250618934631 0.2422345131635666 0.022903455886989832 0.03424815833568573
0 0.6394516825675964 0.24148361384868622 0.022903455886989832 0.03424815833568573
0 0.5601512789726257 0.24072767794132233 0.022903455886989832 0.03424815833568573
0 0.48031845688819885 0.23996667563915253 0.022903455886989832 0.03424815833568573
0 0.3999478816986084 0.23920054733753204 0.022903455886989832 0.03424815833568573
0 0.3190340995788574 0.2384292334318161 0.022903455886989832 0.03424815833568573
0 0.237571582198143 0.23765268921852112 0.022903455886989832 0.03424815833568573
0 0.7306877374649048 0.3283500671386719 0.022903455886989832 0.03424815833568573
0 0.6489675641059875 0.3278687000274658 0.022903455886989832 0.03424815833568573
0 0.5666797161102295 0.32738399505615234 0.022903455886989832 0.03424815833568573
0 0.48381832242012024 0.32689589262008667 0.022903455886989832 0.03424815833568573
0 0.40037739276885986 0.3264043927192688 0.022903455886989832 0.03424815833568573
0 0.3163507580757141 0.32590943574905396 0.022903455886989832 0.03424815833568573
0 0.2317322939634323 0.32541099190711975 0.022903455886989832 0.03424815833568573
0 0.7441303133964539 0.4212365448474884 0.022903455886989832 0.03424815833568573
0 0.6592342853546143 0.4210703372955322 0.022903455886989832 0.03424815833568573
0 0.573725163936615 0.42090293765068054 0.022903455886989832 0.03424815833568573
0 0.48759639263153076 0.42073431611061096 0.022903455886989832 0.03424815833568573
0 0.4008411467075348 0.4205644726753235 0.022903455886989832 0.03424815833568573
0 0.3134526014328003 0.4203933775424957 0.022903455886989832 0.03424815833568573
0 0.22542378306388855 0.4202210605144501 0.022903455886989832 0.03424815833568573
0 0.7586731314659119 0.5217251777648926 0.022903455886989832 0.03424815833568573
0 0.6703444123268127 0.5219284892082214 0.022903455886989832 0.03424815833568573
0 0.5813515782356262 0.5221333503723145 0.022903455886989832 0.03424815833568573
0 0.491687148809433 0.5223397612571716 0.022903455886989832 0.03424815833568573
0 0.4013434648513794 0.522547721862793 0.022903455886989832 0.03424815833568573
0 0.31031274795532227 0.5227572321891785 0.022903455886989832 0.03424815833568573
0 0.21858714520931244 0.5229683518409729 0.022903455886989832 0.03424815833568573
0 0.7744569182395935 0.630789041519165 0.022903455886989832 0.03424815833568573
0 0.6824063658714294 0.6314270496368408 0.022903455886989832 0.03424815833568573
0 0.5896339416503906 0.6320700645446777 0.022903455886989832 0.03424815833568573
0 0.49613112211227417 0.6327180862426758 0.022903455886989832 0.03424815833568573
0 0.40188929438591003 0.6333712935447693 0.022903455886989832 0.03424815833568573
0 0.3068996071815491 0.6340296268463135 0.022903455886989832 0.03424815833568573
0 0.21115316450595856 0.6346932649612427 0.022903455886989832 0.03424815833568573
0 0.7916476726531982 0.7495747804641724 0.022903455886989832 0.03424815833568573
0 0.695547878742218 0.7507259845733643 0.022903455886989832 0.03424815833568573
0 0.5986605882644653 0.7518866658210754 0.022903455886989832 0.03424815833568573
0 0.5009761452674866 0.7530568838119507 0.022903455886989832 0.03424815833568573
0 0.40248459577560425 0.7542368173599243 0.022903455886989832 0.03424815833568573
0 0.3031759262084961 0.7554264664649963 0.022903455886989832 0.03424815833568573
0 0.2030399590730667 0.7566260695457458 0.022903455886989832 0.03424815833568573