0 0.5983625054359436 0.2614797055721283 0.014947494026273489 0.02657332271337509
0 0.5509822368621826 0.2623904347419739 0.014947494026273489 0.02657332271337509
0 0.5032972693443298 0.26330700516700745 0.014947494026273489 0.02657332271337509
0 0.45530465245246887 0.26422950625419617 0.014947494026273489 0.02657332271337509
0 0.4070013165473938 0.2651579976081848 0.014947494026273489 0.02657332271337509
0 0.35838428139686584 0.2660925090312958 0.014947494026273489 0.02657332271337509
0 0.3094504773616791 0.26703310012817383 0.014947494026273489 0.02657332271337509
0 0.6031046509742737 0.3250695765018463 0.014947494026273489 0.02657332271337509
0 0.5541718006134033 0.3262210488319397 0.014947494026273489 0.02657332271337509
0 0.5049137473106384 0.32738015055656433 0.014947494026273489 0.02657332271337509
0 0.45532727241516113 0.32854700088500977 0.014947494026273489 0.02657332271337509
0 0.4054090678691864 0.3297216594219208 0.014947494026273489 0.02657332271337509
0 0.3551557958126068 0.33090418577194214 0.014947494026273489 0.02657332271337509
0 0.30456408858299255 0.3320946991443634 0.014947494026273489 0.02657332271337509
0 0.6081703901290894 0.39299851655960083 0.014947494026273489 0.02657332271337509
0 0.5575796961784363 0.3944220542907715 0.014947494026273489 0.02657332271337509
0 0.5066412091255188 0.3958553969860077 0.014947494026273489 0.02657332271337509
0 0.45535144209861755 0.3972986042499542 0.014947494026273489 0.02657332271337509
0 0.4037066698074341 0.39875179529190063 0.014947494026273489 0.02657332271337509
0 0.3517031967639923 0.40021511912345886 0.014947494026273489 0.02657332271337509
0 0.29933732748031616 0.4016886055469513 0.014947494026273489 0.02657332271337509
0 0.6135939955711365 0.4657263159751892 0.014947494026273489 0.02657332271337509
0 0.5612291693687439 0.46745824813842773 0.014947494026273489 0.02657332271337509
0 0.5084916353225708 0.46920251846313477 0.014947494026273489 0.02657332271337509
0 0.45537734031677246 0.47095924615859985 0.014947494026273489 0.02657332271337509
0 0.4018822908401489 0.47272855043411255 0.014947494026273489 0.02657332271337509
0 0.3480023145675659 0.4745106101036072 0.014947494026273489 0.02657332271337509
0 0.29373326897621155 0.4763055145740509 0.014947494026273489 0.02657332271337509
0 0.6194148063659668 0.5437801480293274 0.014947494026273489 0.02657332271337509
0 0.5651469230651855 0.5458627343177795 0.014947494026273489 0.02657332271337509
0 0.5104785561561584 0.547960638999939 0.014947494026273489 0.02657332271337509
0 0.45540517568588257 0.5500741600990295 0.014947494026273489 0.02657332271337509
0 0.39992231130599976 0.552203357219696 0.014947494026273489 0.02657332271337509
0 0.3440253436565399 0.5543484091758728 0.014947494026273489 0.02657332271337509
0 0.28770962357521057 0.5565095543861389 0.014947494026273489 0.02657332271337509
0 0.6256780624389648 0.6277672648429871 0.014947494026273489 0.02657332271337509
0 0.5693636536598206 0.6302498579025269 0.014947494026273489 0.02657332271337509
0 0.5126176476478577 0.6327515244483948 0.014947494026273489 0.02657332271337509
0 0.4554351270198822 0.6352723836898804 0.014947494026273489 0.02657332271337509
0 0.39781102538108826 0.6378127336502075 0.014947494026273489 0.02657332271337509
0 0.33974018692970276 0.6403728127479553 0.014947494026273489 0.02657332271337509
0 0.28121739625930786 0.6429527401924133 0.014947494026273489 0.02657332271337509
0 0.632436215877533 0.718390941619873 0.014947494026273489 0.02657332271337509
0 0.5739148259162903 0.7213317155838013 0.014947494026273489 0.02657332271337509
0 0.5149271488189697 0.7242958545684814 0.014947494026273489 0.02657332271337509
0 0.45546749234199524 0.7272837162017822 0.014947494026273489 0.02657332271337509
0 0.39553025364875793 0.7302955985069275 0.014947494026273489 0.02657332271337509
0 0.3351095914840698 0.7333317399024963 0.014947494026273489 0.02657332271337509
0 0.2741996943950653 0.7363924980163574 0.014947494026273489 0.02657332271337509