0 0.3083694577217102 0.6474998593330383 0.020258763805031776 0.027011685073375702
0 0.38385140895843506 0.6482975482940674 0.020258763805031776 0.027011685073375702
0 0.4599061906337738 0.6491012573242188 0.020258763805031776 0.027011685073375702
0 0.5365403294563293 0.649911105632782 0.020258763805031776 0.027011685073375702
0 0.6137604713439941 0.6507271528244019 0.020258763805031776 0.027011685073375702
0 0.6915733218193054 0.6515494585037231 0.020258763805031776 0.027011685073375702
0 0.7699858546257019 0.6523781418800354 0.020258763805031776 0.027011685073375702
0 0.31970685720443726 0.5604028701782227 0.020258763805031776 0.027011685073375702
0 0.391635537147522 0.5608490109443665 0.020258763805031776 0.027011685073375702
0 0.4640839695930481 0.5612983703613281 0.020258763805031776 0.027011685073375702
0 0.5370578169822693 0.5617510080337524 0.020258763805031776 0.027011685073375702
0 0.610562801361084 0.5622069239616394 0.020258763805031776 0.027011685073375702
0 0.6846047639846802 0.5626661777496338 0.020258763805031776 0.027011685073375702
0 0.7591896653175354 0.5631287693977356 0.020258763805031776 0.027011685073375702
0 0.33001720905303955 0.4811960756778717 0.020258763805031776 0.027011685073375702
0 0.39871203899383545 0.48134973645210266 0.020258763805031776 0.027011685073375702
0 0.46788063645362854 0.4815044701099396 0.020258763805031776 0.027011685073375702
0 0.5375279188156128 0.48166027665138245 0.020258763805031776 0.027011685073375702
0 0.607658863067627 0.48181718587875366 0.020258763805031776 0.027011685073375702
0 0.6782785058021545 0.48197516798973083 0.020258763805031776 0.027011685073375702
0 0.749392032623291 0.48213425278663635 0.020258763805031776 0.027011685073375702
0 0.3394339680671692 0.40885379910469055 0.020258763805031776 0.027011685073375702
0 0.40517324209213257 0.40876299142837524 0.020258763805031776 0.027011685073375702
0 0.4713461101055145 0.40867161750793457 0.020258763805031776 0.027011685073375702
0 0.5379568934440613 0.40857961773872375 0.020258763805031776 0.027011685073375702
0 0.605009913444519 0.4084869921207428 0.020258763805031776 0.027011685073375702
0 0.6725096702575684 0.4083937704563141 0.020258763805031776 0.027011685073375702
0 0.7404605150222778 0.40829992294311523 0.020258763805031776 0.027011685073375702
0 0.3480685353279114 0.34252071380615234 0.020258763805031776 0.027011685073375702
0 0.41109606623649597 0.34222474694252014 0.020258763805031776 0.027011685073375702
0 0.4745219051837921 0.3419269323348999 0.020258763805031776 0.027011685073375702
0 0.5383498668670654 0.34162721037864685 0.020258763805031776 0.027011685073375702
0 0.6025838255882263 0.3413255512714386 0.020258763805031776 0.027011685073375702
0 0.6672276258468628 0.3410220146179199 0.020258763805031776 0.027011685073375702
0 0.73228520154953 0.34071651101112366 0.020258763805031776 0.027011685073375702
0 0.3560144603252411 0.2814779579639435 0.020258763805031776 0.027011685073375702
0 0.4165450632572174 0.2810092270374298 0.020258763805031776 0.027011685073375702
0 0.4774428904056549 0.2805376648902893 0.020258763805031776 0.027011685073375702
0 0.5387112498283386 0.2800632119178772 0.020258763805031776 0.027011685073375702
0 0.6003535985946655 0.27958589792251587 0.020258763805031776 0.027011685073375702
0 0.6623733043670654 0.27910563349723816 0.020258763805031776 0.027011685073375702
0 0.7247738838195801 0.27862241864204407 0.020258763805031776 0.027011685073375702
0 0.3633509874343872 0.22511689364910126 0.020258763805031776 0.027011685073375702
0 0.4215749502182007 0.2245023101568222 0.020258763805031776 0.027011685073375702
0 0.48013854026794434 0.22388413548469543 0.020258763805031776 0.027011685073375702
0 0.5390446782112122 0.22326235473155975 0.020258763805031776 0.027011685073375702
0 0.5982964038848877 0.22263692319393158 0.020258763805031776 0.027011685073375702
0 0.6578967571258545 0.22200781106948853 0.020258763805031776 0.027011685073375702
0 0.7178488373756409 0.2213749885559082 0.020258763805031776 0.027011685073375702