0 0.29362717270851135 0.6498391628265381 0.020820075646042824 0.02776010086139043
0 0.37073230743408203 0.6482072472572327 0.020820075646042824 0.02776010086139043
0 0.4485814869403839 0.6465595960617065 0.020820075646042824 0.02776010086139043
0 0.5271855592727661 0.6448959708213806 0.020820075646042824 0.02776010086139043
0 0.6065555214881897 0.6432161331176758 0.020820075646042824 0.02776010086139043
0 0.6867027282714844 0.6415199041366577 0.020820075646042824 0.02776010086139043
0 0.7676385045051575 0.6398069262504578 0.020820075646042824 0.02776010086139043
0 0.30374911427497864 0.5599038600921631 0.020820075646042824 0.02776010086139043
0 0.37719297409057617 0.557939350605011 0.020820075646042824 0.02776010086139043
0 0.4513113498687744 0.5559567809104919 0.020820075646042824 0.02776010086139043
0 0.5261135697364807 0.5539559125900269 0.020820075646042824 0.02776010086139043
0 0.6016091108322144 0.5519365072250366 0.020820075646042824 0.02776010086139043
0 0.6778076887130737 0.5498982667922974 0.020820075646042824 0.02776010086139043
0 0.7547191381454468 0.5478410124778748 0.020820075646042824 0.02776010086139043
0 0.3129463195800781 0.4781847596168518 0.020820075646042824 0.02776010086139043
0 0.38306084275245667 0.47595396637916565 0.020820075646042824 0.02776010086139043
0 0.4537896513938904 0.47370362281799316 0.020820075646042824 0.02776010086139043
0 0.5251407623291016 0.47143349051475525 0.020820075646042824 0.02776010086139043
0 0.5971225500106812 0.4691433012485504 0.020820075646042824 0.02776010086139043
0 0.6697432994842529 0.4668327569961548 0.020820075646042824 0.02776010086139043
0 0.7430116534233093 0.46450161933898926 0.020820075646042824 0.02776010086139043
0 0.32133999466896057 0.403605192899704 0.020820075646042824 0.02776010086139043
0 0.3884139358997345 0.401161253452301 0.020820075646042824 0.02776010086139043
0 0.4560495913028717 0.3986968696117401 0.020820075646042824 0.02776010086139043
0 0.5242540836334229 0.39621174335479736 0.020820075646042824 0.02776010086139043
0 0.593034565448761 0.3937056362628937 0.020820075646042824 0.02776010086139043
0 0.6623984575271606 0.3911782503128052 0.020820075646042824 0.02776010086139043
0 0.732353150844574 0.38862937688827515 0.020820075646042824 0.02776010086139043
0 0.3290310502052307 0.33526864647865295 0.020820075646042824 0.02776010086139043
0 0.3933171033859253 0.3326544463634491 0.020820075646042824 0.02776010086139043
0 0.45811885595321655 0.3300192654132843 0.020820075646042824 0.02776010086139043
0 0.5234425067901611 0.3273628354072571 0.020820075646042824 0.02776010086139043
0 0.5892943739891052 0.3246849477291107 0.020820075646042824 0.02776010086139043
0 0.6556808948516846 0.32198530435562134 0.020820075646042824 0.02776010086139043
0 0.7226086258888245 0.31926366686820984 0.020820075646042824 0.02776010086139043
0 0.3361041247844696 0.27242276072502136 0.020820075646042824 0.02776010086139043
0 0.39782482385635376 0.26967301964759827 0.020820075646042824 0.02776010086139043
0 0.4600205719470978 0.2669021487236023 0.020820075646042824 0.02776010086139043
0 0.522696852684021 0.26410984992980957 0.020820075646042824 0.02776010086139043
0 0.5858592987060547 0.261295884847641 0.020820075646042824 0.02776010086139043
0 0.6495136022567749 0.25846004486083984 0.020820075646042824 0.02776010086139043
0 0.7136654257774353 0.25560200214385986 0.020820075646042824 0.02776010086139043
0 0.34263089299201965 0.2144312858581543 0.020820075646042824 0.02776010086139043
0 0.4019830822944641 0.2115744650363922 0.020820075646042824 0.02776010086139043
0 0.4617743194103241 0.20869649946689606 0.020820075646042824 0.02776010086139043
0 0.5220094919204712 0.20579716563224792 0.020820075646042824 0.02776010086139043
0 0.5826935768127441 0.2028762251138687 0.020820075646042824 0.02776010086139043
0 0.6438315510749817 0.19993343949317932 0.020820075646042824 0.02776010086139043
0 0.7054286599159241 0.19696857035160065 0.020820075646042824 0.02776010086139043