0 0.69425368309021 0.1574498862028122 0.02290784221452971 0.034254717330137886
0 0.6183618307113647 0.15653550624847412 0.02290784221452971 0.034254717330137886
0 0.5418533086776733 0.1556137055158615 0.02290784221452971 0.034254717330137886
0 0.46472039818763733 0.154684379696846 0.02290784221452971 0.034254717330137886
0 0.3869555592536926 0.15374742448329926 0.02290784221452971 0.034254717330137886
0 0.3085509240627289 0.15280278027057648 0.02290784221452971 0.034254717330137886
0 0.22949860990047455 0.15185032784938812 0.02290784221452971 0.034254717330137886
0 0.7060842514038086 0.23752854764461517 0.02290784221452971 0.034254717330137886
0 0.6274892687797546 0.23691684007644653 0.02290784221452971 0.034254717330137886
0 0.5482322573661804 0.23629997670650482 0.02290784221452971 0.034254717330137886
0 0.46830493211746216 0.23567788302898407 0.02290784221452971 0.034254717330137886
0 0.38769862055778503 0.2350505143404007 0.02290784221452971 0.034254717330137886
0 0.306404709815979 0.23441779613494873 0.02290784221452971 0.034254717330137886
0 0.22441436350345612 0.2337796539068222 0.02290784221452971 0.034254717330137886
0 0.7188014984130859 0.32360905408859253 0.02290784221452971 0.034254717330137886
0 0.6373037099838257 0.32334890961647034 0.02290784221452971 0.034254717330137886
0 0.5550935864448547 0.3230864703655243 0.02290784221452971 0.034254717330137886
0 0.4721616208553314 0.3228217363357544 0.02290784221452971 0.034254717330137886
0 0.38849836587905884 0.32255467772483826 0.02290784221452971 0.034254717330137886
0 0.3040941059589386 0.3222852349281311 0.02290784221452971 0.034254717330137886
0 0.2189388871192932 0.32201340794563293 0.02290784221452971 0.034254717330137886
0 0.7325090765953064 0.41639241576194763 0.02290784221452971 0.034254717330137886
0 0.6478859186172485 0.4165416359901428 0.02290784221452971 0.034254717330137886
0 0.5624939799308777 0.41669219732284546 0.02290784221452971 0.034254717330137886
0 0.4763227701187134 0.4168441593647003 0.02290784221452971 0.034254717330137886
0 0.38936153054237366 0.416997492313385 0.02290784221452971 0.034254717330137886
0 0.301599383354187 0.4171522259712219 0.02290784221452971 0.034254717330137886
0 0.21302521228790283 0.41730841994285583 0.02290784221452971 0.034254717330137886
0 0.7473272085189819 0.5166932344436646 0.02290784221452971 0.034254717330137886
0 0.6593294739723206 0.5173205137252808 0.02290784221452971 0.034254717330137886
0 0.5704996585845947 0.5179537534713745 0.02290784221452971 0.034254717330137886
0 0.48082584142684937 0.5185930132865906 0.02290784221452971 0.034254717330137886
0 0.39029598236083984 0.5192383527755737 0.02290784221452971 0.034254717330137886
0 0.29889774322509766 0.5198898315429688 0.02290784221452971 0.034254717330137886
0 0.2066185623407364 0.52054762840271 0.02290784221452971 0.034254717330137886
0 0.7633966207504272 0.6254637241363525 0.02290784221452971 0.034254717330137886
0 0.6717441082000732 0.6266512274742126 0.02290784221452971 0.034254717330137886
0 0.5791879892349243 0.6278504133224487 0.02290784221452971 0.034254717330137886
0 0.4857148230075836 0.6290614604949951 0.02290784221452971 0.034254717330137886
0 0.3913108706474304 0.6302846074104309 0.02290784221452971 0.034254717330137886
0 0.29596221446990967 0.6315199136734009 0.02290784221452971 0.034254717330137886
0 0.19965457916259766 0.6327677369117737 0.02290784221452971 0.034254717330137886
0 0.7808827757835388 0.7438240051269531 0.02290784221452971 0.034254717330137886
0 0.6852589249610901 0.7456704378128052 0.02290784221452971 0.034254717330137886
0 0.5886502861976624 0.7475358843803406 0.02290784221452971 0.034254717330137886
0 0.49104154109954834 0.7494206428527832 0.02290784221452971 0.034254717330137886
0 0.39241713285446167 0.7513250112533569 0.02290784221452971 0.034254717330137886
0 0.2927611470222473 0.7532492876052856 0.02290784221452971 0.034254717330137886
0 0.19205725193023682 0.7551937699317932 0.02290784221452971 0.034254717330137886