0 0.7347294092178345 0.17748181521892548 0.03493672360976537 0.03493672360976537
0 0.6588736772537231 0.17730404436588287 0.03493672360976537 0.03493672360976537
0 0.5827997922897339 0.17712576687335968 0.03493672360976537 0.03493672360976537
0 0.5065068602561951 0.1769469827413559 0.03493672360976537 0.03493672360976537
0 0.4299938976764679 0.17676767706871033 0.03493672360976537 0.03493672360976537
0 0.35325995087623596 0.17658784985542297 0.03493672360976537 0.03493672360976537
0 0.2763040363788605 0.17640750110149384 0.03493672360976537 0.03493672360976537
0 0.7449908256530762 0.23027627170085907 0.03493672360976537 0.03493672360976537
0 0.6661032438278198 0.23017022013664246 0.03493672360976537 0.03493672360976537
0 0.5869796872138977 0.23006384074687958 0.03493672360976537 0.03493672360976537
0 0.5076190233230591 0.22995713353157043 0.03493672360976537 0.03493672360976537
0 0.42802032828330994 0.22985011339187622 0.03493672360976537 0.03493672360976537
0 0.34818241000175476 0.22974278032779694 0.03493672360976537 0.03493672360976537
0 0.2681042551994324 0.2296351045370102 0.03493672360976537 0.03493672360976537
0 0.7561098337173462 0.28748297691345215 0.03493672360976537 0.03493672360976537
0 0.6739379167556763 0.2874614894390106 0.03493672360976537 0.03493672360976537
0 0.5915099382400513 0.2874399423599243 0.03493672360976537 0.03493672360976537
0 0.5088245868682861 0.28741830587387085 0.03493672360976537 0.03493672360976537
0 0.4258807897567749 0.2873966097831726 0.03493672360976537 0.03493672360976537
0 0.34267720580101013 0.2873748540878296 0.03493672360976537 0.03493672360976537
0 0.2592127025127411 0.2873530387878418 0.03493672360976537 0.03493672360976537
0 0.7681986689567566 0.34967920184135437 0.03493672360976537 0.03493672360976537
0 0.6824570894241333 0.34975776076316833 0.03493672360976537 0.03493672360976537
0 0.596436619758606 0.3498365879058838 0.03493672360976537 0.03493672360976537
0 0.5101358294487 0.34991568326950073 0.03493672360976537 0.03493672360976537
0 0.4235534071922302 0.3499950170516968 0.03493672360976537 0.03493672360976537
0 0.33668792247772217 0.3500746190547943 0.03493672360976537 0.03493672360976537
0 0.24953803420066833 0.35015448927879333 0.03493672360976537 0.03493672360976537
0 0.7813898921012878 0.41754743456840515 0.03493672360976537 0.03493672360976537
0 0.6917544603347778 0.41774481534957886 0.03493672360976537 0.03493672360976537
0 0.6018140912055969 0.41794291138648987 0.03493672360976537 0.03493672360976537
0 0.511567234992981 0.4181416630744934 0.03493672360976537 0.03493672360976537
0 0.42101234197616577 0.4183410704135895 0.03493672360976537 0.03493672360976537
0 0.33014780282974243 0.41854119300842285 0.03493672360976537 0.03493672360976537
0 0.238972008228302 0.41874200105667114 0.03493672360976537 0.03493672360976537
0 0.7958415746688843 0.49190065264701843 0.03493672360976537 0.03493672360976537
0 0.7019418478012085 0.4922398030757904 0.03493672360976537 0.03493672360976537
0 0.6077072620391846 0.4925801455974579 0.03493672360976537 0.03493672360976537
0 0.5131362080574036 0.49292173981666565 0.03493672360976537 0.03493672360976537
0 0.4182267487049103 0.4932645261287689 0.03493672360976537 0.03493672360976537
0 0.32297712564468384 0.4936085641384125 0.03493672360976537 0.03493672360976537
0 0.2273854911327362 0.4939538240432739 0.03493672360976537 0.03493672360976537
0 0.8117434978485107 0.5737149715423584 0.03493672360976537 0.03493672360976537
0 0.7131533622741699 0.574224054813385 0.03493672360976537 0.03493672360976537
0 0.6141940355300903 0.5747351050376892 0.03493672360976537 0.03493672360976537
0 0.5148634314537048 0.5752480030059814 0.03493672360976537 0.03493672360976537
0 0.41515952348709106 0.5757628679275513 0.03493672360976537 0.03493672360976537
0 0.31508010625839233 0.5762796401977539 0.03493672360976537 0.03493672360976537
0 0.21462315320968628 0.5767983794212341 0.03493672360976537 0.03493672360976537