0 0.7025585770606995 0.18887506425380707 0.025216428562998775 0.03362190475066503
0 0.6342199444770813 0.18857824802398682 0.025216428562998775 0.03362190475066503
0 0.5659618377685547 0.18828177452087402 0.025216428562998775 0.03362190475066503
0 0.49778416752815247 0.1879856437444687 0.025216428562998775 0.03362190475066503
0 0.42968669533729553 0.187689870595932 0.025216428562998775 0.03362190475066503
0 0.3616693615913391 0.18739444017410278 0.025216428562998775 0.03362190475066503
0 0.2937319874763489 0.18709935247898102 0.025216428562998775 0.03362190475066503
0 0.7123836874961853 0.25404319167137146 0.025216428562998775 0.03362190475066503
0 0.6407135128974915 0.2536916136741638 0.025216428562998775 0.03362190475066503
0 0.5691319704055786 0.253340482711792 0.025216428562998775 0.03362190475066503
0 0.4976387917995453 0.252989798784256 0.025216428562998775 0.03362190475066503
0 0.42623385787010193 0.2526395320892334 0.025216428562998775 0.03362190475066503
0 0.3549170196056366 0.25228971242904663 0.025216428562998775 0.03362190475066503
0 0.2836880683898926 0.2519403100013733 0.025216428562998775 0.03362190475066503
0 0.7232145667076111 0.32588234543800354 0.025216428562998775 0.03362190475066503
0 0.6478714346885681 0.325466126203537 0.025216428562998775 0.03362190475066503
0 0.5726261734962463 0.3250504434108734 0.025216428562998775 0.03362190475066503
0 0.4974786043167114 0.3246352970600128 0.025216428562998775 0.03362190475066503
0 0.4224284887313843 0.3242206871509552 0.025216428562998775 0.03362190475066503
0 0.34747567772865295 0.32380661368370056 0.025216428562998775 0.03362190475066503
0 0.27261999249458313 0.3233930766582489 0.025216428562998775 0.03362190475066503
0 0.7352139353752136 0.40547218918800354 0.025216428562998775 0.03362190475066503
0 0.6558010578155518 0.40497902035713196 0.025216428562998775 0.03362190475066503
0 0.5764968395233154 0.4044865071773529 0.025216428562998775 0.03362190475066503
0 0.4973011314868927 0.40399467945098877 0.025216428562998775 0.03362190475066503
0 0.41821369528770447 0.40350353717803955 0.025216428562998775 0.03362190475066503
0 0.33923426270484924 0.40301305055618286 0.025216428562998775 0.03362190475066503
0 0.2603626549243927 0.4025232195854187 0.025216428562998775 0.03362190475066503
0 0.7485818266868591 0.49413856863975525 0.025216428562998775 0.03362190475066503
0 0.6646343469619751 0.493553102016449 0.025216428562998775 0.03362190475066503
0 0.5808082818984985 0.49296846985816956 0.025216428562998775 0.03362190475066503
0 0.4971034824848175 0.4923847019672394 0.025216428562998775 0.03362190475066503
0 0.41351959109306335 0.49180176854133606 0.025216428562998775 0.03362190475066503
0 0.330056369304657 0.4912196695804596 0.025216428562998775 0.03362190475066503
0 0.2467135488986969 0.4906384348869324 0.025216428562998775 0.03362190475066503
0 0.7635663151741028 0.5935279726982117 0.025216428562998775 0.03362190475066503
0 0.6745350360870361 0.5928308367729187 0.025216428562998775 0.03362190475066503
0 0.5856403708457947 0.5921347737312317 0.025216428562998775 0.03362190475066503
0 0.49688199162483215 0.5914397239685059 0.025216428562998775 0.03362190475066503
0 0.4082595705986023 0.5907458066940308 0.025216428562998775 0.03362190475066503
0 0.31977277994155884 0.5900529026985168 0.025216428562998775 0.03362190475066503
0 0.2314213365316391 0.5893611311912537 0.025216428562998775 0.03362190475066503
0 0.7804796099662781 0.7057108283042908 0.025216428562998775 0.03362190475066503
0 0.6857091784477234 0.7048771977424622 0.025216428562998775 0.03362190475066503
0 0.5910934209823608 0.7040449380874634 0.025216428562998775 0.03362190475066503
0 0.49663203954696655 0.7032139897346497 0.025216428562998775 0.03362190475066503
0 0.4023246467113495 0.7023844718933105 0.025216428562998775 0.03362190475066503
0 0.3081708550453186 0.7015562653541565 0.025216428562998775 0.03362190475066503
0 0.21417030692100525 0.7007293701171875 0.025216428562998775 0.03362190475066503