0 0.7284956574440002 0.17743782699108124 0.025177761912345886 0.03357034921646118
0 0.6612282991409302 0.17467202246189117 0.025177761912345886 0.03357034921646118
0 0.5937620401382446 0.1718980371952057 0.025177761912345886 0.03357034921646118
0 0.526095986366272 0.1691158264875412 0.025177761912345886 0.03357034921646118
0 0.45822930335998535 0.1663253754377365 0.025177761912345886 0.03357034921646118
0 0.39016106724739075 0.16352663934230804 0.025177761912345886 0.03357034921646118
0 0.32189035415649414 0.16071957349777222 0.025177761912345886 0.03357034921646118
0 0.7391073703765869 0.24153226613998413 0.025177761912345886 0.03357034921646118
0 0.6685710549354553 0.23873059451580048 0.025177761912345886 0.03357034921646118
0 0.597815990447998 0.235920250415802 0.025177761912345886 0.03357034921646118
0 0.5268411040306091 0.23310117423534393 0.025177761912345886 0.03357034921646118
0 0.45564547181129456 0.23027333617210388 0.025177761912345886 0.03357034921646118
0 0.384227991104126 0.22743667662143707 0.025177761912345886 0.03357034921646118
0 0.3125876188278198 0.22459116578102112 0.025177761912345886 0.03357034921646118
0 0.7508070468902588 0.312198281288147 0.025177761912345886 0.03357034921646118
0 0.6766678690910339 0.3093678057193756 0.025177761912345886 0.03357034921646118
0 0.6022868752479553 0.30652809143066406 0.025177761912345886 0.03357034921646118
0 0.527662992477417 0.30367907881736755 0.025177761912345886 0.03357034921646118
0 0.45279496908187866 0.3008207678794861 0.025177761912345886 0.03357034921646118
0 0.37768158316612244 0.2979530692100525 0.025177761912345886 0.03357034921646118
0 0.3023217022418976 0.2950759828090668 0.025177761912345886 0.03357034921646118
0 0.7637711763381958 0.3905012309551239 0.025177761912345886 0.03357034921646118
0 0.6856412291526794 0.38765189051628113 0.025177761912345886 0.03357034921646118
0 0.6072426438331604 0.3847927451133728 0.025177761912345886 0.03357034921646118
0 0.5285741686820984 0.38192376494407654 0.025177761912345886 0.03357034921646118
0 0.44963428378105164 0.37904489040374756 0.025177761912345886 0.03357034921646118
0 0.3704216182231903 0.3761560618877411 0.025177761912345886 0.03357034921646118
0 0.29093480110168457 0.37325721979141235 0.025177761912345886 0.03357034921646118
0 0.7782163023948669 0.4777497351169586 0.025177761912345886 0.03357034921646118
0 0.6956415772438049 0.4748956263065338 0.025177761912345886 0.03357034921646118
0 0.6127666234970093 0.4720311164855957 0.025177761912345886 0.03357034921646118
0 0.5295899510383606 0.4691562056541443 0.025177761912345886 0.03357034921646118
0 0.4461098909378052 0.46627077460289 0.025177761912345886 0.03357034921646118
0 0.36232468485832214 0.4633748233318329 0.025177761912345886 0.03357034921646118
0 0.27823272347450256 0.46046826243400574 0.025177761912345886 0.03357034921646118
0 0.7944117188453674 0.5755696892738342 0.025177761912345886 0.03357034921646118
0 0.7068558931350708 0.572730541229248 0.025177761912345886 0.03357034921646118
0 0.6189625263214111 0.5698804259300232 0.025177761912345886 0.03357034921646118
0 0.5307295918464661 0.5670193433761597 0.025177761912345886 0.03357034921646118
0 0.442155122756958 0.5641471743583679 0.025177761912345886 0.03357034921646118
0 0.35323718190193176 0.5612638592720032 0.025177761912345886 0.03357034921646118
0 0.2639736831188202 0.5583693385124207 0.025177761912345886 0.03357034921646118
0 0.8126959800720215 0.6860063076019287 0.025177761912345886 0.03357034921646118
0 0.7195196747779846 0.6832098960876465 0.025177761912345886 0.03357034921646118
0 0.6259608268737793 0.6804020404815674 0.025177761912345886 0.03357034921646118
0 0.5320171117782593 0.6775826215744019 0.025177761912345886 0.03357034921646118
0 0.43768611550331116 0.6747515797615051 0.025177761912345886 0.03357034921646118
0 0.3429654538631439 0.6719088554382324 0.025177761912345886 0.03357034921646118
0 0.24785271286964417 0.669054388999939 0.025177761912345886 0.03357034921646118