0 0.7078315615653992 0.1600903570652008 0.02290472312209507 0.03425005326668421
0 0.6316147446632385 0.15968173742294312 0.02290472312209507 0.03425005326668421
0 0.5549788475036621 0.15927088260650635 0.02290472312209507 0.03425005326668421
0 0.4779205024242401 0.15885776281356812 0.02290472312209507 0.03425005326668421
0 0.4004361629486084 0.15844234824180603 0.02290472312209507 0.03425005326668421
0 0.32252228260040283 0.1580246388912201 0.02290472312209507 0.03425005326668421
0 0.2441752701997757 0.15760460495948792 0.02290472312209507 0.03425005326668421
0 0.7192317843437195 0.23986214399337769 0.02290472312209507 0.03425005326668421
0 0.640259325504303 0.23966526985168457 0.02290472312209507 0.03425005326668421
0 0.5608367323875427 0.23946727812290192 0.02290472312209507 0.03425005326668421
0 0.4809601902961731 0.23926813900470734 0.02290472312209507 0.03425005326668421
0 0.4006257653236389 0.23906786739826202 0.02290472312209507 0.03425005326668421
0 0.319829523563385 0.23886644840240479 0.02290472312209507 0.03425005326668421
0 0.2385675013065338 0.23866386711597443 0.02290472312209507 0.03425005326668421
0 0.731495201587677 0.3256738781929016 0.02290472312209507 0.03425005326668421
0 0.6495603919029236 0.3257226347923279 0.02290472312209507 0.03425005326668421
0 0.5671407580375671 0.325771689414978 0.02290472312209507 0.03425005326668421
0 0.4842320680618286 0.32582101225852966 0.02290472312209507 0.03425005326668421
0 0.40082991123199463 0.3258706331253052 0.02290472312209507 0.03425005326668421
0 0.3169298768043518 0.32592058181762695 0.02290472312209507 0.03425005326668421
0 0.23252750933170319 0.3259707987308502 0.02290472312209507 0.03425005326668421
0 0.7447237372398376 0.4182385504245758 0.02290472312209507 0.03425005326668421
0 0.6595956087112427 0.4185730218887329 0.02290472312209507 0.03425005326668421
0 0.5739439129829407 0.41890954971313477 0.02290472312209507 0.03425005326668421
0 0.48776379227638245 0.41924816370010376 0.02290472312209507 0.03425005326668421
0 0.40105029940605164 0.4195888638496399 0.02290472312209507 0.03425005326668421
0 0.3137984871864319 0.41993170976638794 0.02290472312209507 0.03425005326668421
0 0.22600331902503967 0.4202766418457031 0.02290472312209507 0.03425005326668421
0 0.7590358257293701 0.5183858871459961 0.02290472312209507 0.03425005326668421
0 0.6704555749893188 0.5190537571907043 0.02290472312209507 0.03425005326668421
0 0.5813080072402954 0.5197259187698364 0.02290472312209507 0.03425005326668421
0 0.49158763885498047 0.5204024314880371 0.02290472312209507 0.03425005326668421
0 0.4012889862060547 0.5210832953453064 0.02290472312209507 0.03425005326668421
0 0.3104064464569092 0.5217685103416443 0.02290472312209507 0.03425005326668421
0 0.21893428266048431 0.5224581956863403 0.02290472312209507 0.03425005326668421
0 0.7745704650878906 0.6270874738693237 0.02290472312209507 0.03425005326668421
0 0.682246208190918 0.6281458139419556 0.02290472312209507 0.03425005326668421
0 0.5893052220344543 0.6292111873626709 0.02290472312209507 0.03425005326668421
0 0.4957413673400879 0.630283772945404 0.02290472312209507 0.03425005326668421
0 0.4015483260154724 0.6313635110855103 0.02290472312209507 0.03425005326668421
0 0.30671975016593933 0.6324505805969238 0.02290472312209507 0.03425005326668421
0 0.21124917268753052 0.6335449814796448 0.02290472312209507 0.03425005326668421
0 0.7914912104606628 0.745488166809082 0.02290472312209507 0.03425005326668421
0 0.695092499256134 0.7470056414604187 0.02290472312209507 0.03425005326668421
0 0.5980210304260254 0.7485337257385254 0.02290472312209507 0.03425005326668421
0 0.5002696514129639 0.7500724792480469 0.02290472312209507 0.03425005326668421
0 0.40183115005493164 0.7516220808029175 0.02290472312209507 0.03425005326668421
0 0.3026983439922333 0.7531826496124268 0.02290472312209507 0.03425005326668421
0 0.20286378264427185 0.7547541856765747 0.02290472312209507 0.03425005326668421