0 0.6948912739753723 0.3730241656303406 0.029359837373097736 0.029359837373097736
0 0.6310709118843079 0.37309008836746216 0.029359837373097736 0.029359837373097736
0 0.5670737028121948 0.37315621972084045 0.029359837373097736 0.029359837373097736
0 0.5028989911079407 0.3732225298881531 0.029359837373097736 0.029359837373097736
0 0.4385460317134857 0.3732890486717224 0.029359837373097736 0.029359837373097736
0 0.3740140199661255 0.3733557164669037 0.029359837373097736 0.029359837373097736
0 0.3093022406101227 0.3734225928783417 0.029359837373097736 0.029359837373097736
0 0.703194797039032 0.424513578414917 0.029359837373097736 0.029359837373097736
0 0.6368294954299927 0.4246562719345093 0.029359837373097736 0.029359837373097736
0 0.5702729821205139 0.4247993230819702 0.029359837373097736 0.029359837373097736
0 0.5035243630409241 0.42494282126426697 0.029359837373097736 0.029359837373097736
0 0.43658289313316345 0.42508673667907715 0.029359837373097736 0.029359837373097736
0 0.3694476783275604 0.42523103952407837 0.029359837373097736 0.029359837373097736
0 0.3021179139614105 0.4253757894039154 0.029359837373097736 0.029359837373097736
0 0.7121904492378235 0.48029449582099915 0.029359837373097736 0.029359837373097736
0 0.643068790435791 0.48052671551704407 0.029359837373097736 0.029359837373097736
0 0.5737396478652954 0.4807596504688263 0.029359837373097736 0.029359837373097736
0 0.5042020678520203 0.48099327087402344 0.029359837373097736 0.029359837373097736
0 0.43445515632629395 0.4812275767326355 0.029359837373097736 0.029359837373097736
0 0.3644979000091553 0.48146259784698486 0.029359837373097736 0.029359837373097736
0 0.29432934522628784 0.48169833421707153 0.029359837373097736 0.029359837373097736
0 0.721968412399292 0.5409267544746399 0.029359837373097736 0.029359837373097736
0 0.6498515605926514 0.5412639379501343 0.029359837373097736 0.029359837373097736
0 0.577508807182312 0.5416021347045898 0.029359837373097736 0.029359837373097736
0 0.5049390196800232 0.5419414043426514 0.029359837373097736 0.029359837373097736
0 0.43214118480682373 0.5422817468643188 0.029359837373097736 0.029359837373097736
0 0.35911422967910767 0.5426231622695923 0.029359837373097736 0.029359837373097736
0 0.28585702180862427 0.5429656505584717 0.029359837373097736 0.029359837373097736
0 0.7326354384422302 0.6070719957351685 0.029359837373097736 0.029359837373097736
0 0.6572520732879639 0.6075326800346375 0.029359837373097736 0.029359837373097736
0 0.5816217660903931 0.6079948544502258 0.029359837373097736 0.029359837373097736
0 0.5057433247566223 0.6084585785865784 0.029359837373097736 0.029359837373097736
0 0.42961546778678894 0.6089237928390503 0.029359837373097736 0.029359837373097736
0 0.35323700308799744 0.6093905568122864 0.029359837373097736 0.029359837373097736
0 0.2766067087650299 0.6098588109016418 0.029359837373097736 0.029359837373097736
0 0.7443186044692993 0.679517924785614 0.029359837373097736 0.029359837373097736
0 0.6653587222099304 0.6801247000694275 0.029359837373097736 0.029359837373097736
0 0.5861278772354126 0.6807335615158081 0.029359837373097736 0.029359837373097736
0 0.5066245794296265 0.6813445091247559 0.029359837373097736 0.029359837373097736
0 0.4268474876880646 0.6819575428962708 0.029359837373097736 0.029359837373097736
0 0.34679514169692993 0.6825727224349976 0.029359837373097736 0.029359837373097736
0 0.2664661407470703 0.6831900477409363 0.029359837373097736 0.029359837373097736
0 0.7571702599525452 0.759209930896759 0.029359837373097736 0.029359837373097736
0 0.674277663230896 0.7599904537200928 0.029359837373097736 0.029359837373097736
0 0.5910862684249878 0.760773777961731 0.029359837373097736 0.029359837373097736
0 0.5075944662094116 0.7615599632263184 0.029359837373097736 0.029359837373097736
0 0.42380064725875854 0.762349009513855 0.029359837373097736 0.029359837373097736
0 0.33970311284065247 0.7631409168243408 0.029359837373097736 0.029359837373097736
0 0.25530025362968445 0.7639356255531311 0.029359837373097736 0.029359837373097736