0 0.6936201453208923 0.1538856476545334 0.022833561974888048 0.034143644074598946
0 0.6168690919876099 0.15404216945171356 0.022833561974888048 0.034143644074598946
0 0.5397995114326477 0.15419934689998627 0.022833561974888048 0.034143644074598946
0 0.46240952610969543 0.1543571799993515 0.022833561974888048 0.034143644074598946
0 0.3846970796585083 0.15451568365097046 0.022833561974888048 0.034143644074598946
0 0.30666014552116394 0.15467482805252075 0.022833561974888048 0.034143644074598946
0 0.2282966673374176 0.15483465790748596 0.022833561974888048 0.034143644074598946
0 0.7051638960838318 0.2348964959383011 0.022833561974888048 0.034143644074598946
0 0.6256866455078125 0.2352323830127716 0.022833561974888048 0.034143644074598946
0 0.5458677411079407 0.23556971549987793 0.022833561974888048 0.034143644074598946
0 0.4657049775123596 0.23590849339962006 0.022833561974888048 0.034143644074598946
0 0.38519614934921265 0.23624873161315918 0.022833561974888048 0.034143644074598946
0 0.3043390214443207 0.2365904450416565 0.022833561974888048 0.034143644074598946
0 0.22313129901885986 0.236933633685112 0.022833561974888048 0.034143644074598946
0 0.7175641059875488 0.32191720604896545 0.022833561974888048 0.034143644074598946
0 0.6351597905158997 0.3224591314792633 0.022833561974888048 0.034143644074598946
0 0.5523881316184998 0.32300350069999695 0.022833561974888048 0.034143644074598946
0 0.4692465364933014 0.323550283908844 0.022833561974888048 0.034143644074598946
0 0.38573259115219116 0.32409951090812683 0.022833561974888048 0.034143644074598946
0 0.3018437922000885 0.32465121150016785 0.022833561974888048 0.034143644074598946
0 0.21757757663726807 0.32520538568496704 0.022833561974888048 0.034143644074598946
0 0.7309196591377258 0.41564229130744934 0.022833561974888048 0.034143644074598946
0 0.64536452293396 0.41642168164253235 0.022833561974888048 0.034143644074598946
0 0.5594131946563721 0.41720467805862427 0.022833561974888048 0.034143644074598946
0 0.4730628430843353 0.4179913103580475 0.022833561974888048 0.034143644074598946
0 0.38631072640419006 0.4187816083431244 0.022833561974888048 0.034143644074598946
0 0.29915404319763184 0.41957560181617737 0.022833561974888048 0.034143644074598946
0 0.2115899622440338 0.4203732907772064 0.022833561974888048 0.034143644074598946
0 0.7453453540802002 0.5168775916099548 0.022833561974888048 0.034143644074598946
0 0.6563888788223267 0.5179315209388733 0.022833561974888048 0.034143644074598946
0 0.5670038461685181 0.5189905762672424 0.022833561974888048 0.034143644074598946
0 0.4771871566772461 0.5200547575950623 0.022833561974888048 0.034143644074598946
0 0.38693565130233765 0.5211240649223328 0.022833561974888048 0.034143644074598946
0 0.296246200799942 0.5221985578536987 0.022833561974888048 0.034143644074598946
0 0.20511555671691895 0.5232782959938049 0.022833561974888048 0.034143644074598946
0 0.7609752416610718 0.6265634298324585 0.022833561974888048 0.034143644074598946
0 0.6683358550071716 0.6279361248016357 0.022833561974888048 0.034143644074598946
0 0.5752313733100891 0.6293156743049622 0.022833561974888048 0.034143644074598946
0 0.48165836930274963 0.6307021975517273 0.022833561974888048 0.034143644074598946
0 0.3876132667064667 0.6320956945419312 0.022833561974888048 0.034143644074598946
0 0.2930925190448761 0.6334962248802185 0.022833561974888048 0.034143644074598946
0 0.1980924904346466 0.6349039077758789 0.022833561974888048 0.034143644074598946
0 0.7779666781425476 0.7458040714263916 0.022833561974888048 0.034143644074598946
0 0.6813262104988098 0.7475482821464539 0.022833561974888048 0.034143644074598946
0 0.5841793417930603 0.7493016123771667 0.022833561974888048 0.034143644074598946
0 0.4865221083164215 0.751064121723175 0.022833561974888048 0.034143644074598946
0 0.38835054636001587 0.7528359293937683 0.022833561974888048 0.034143644074598946
0 0.2896605134010315 0.7546170949935913 0.022833561974888048 0.034143644074598946
0 0.19044792652130127 0.7564077377319336 0.022833561974888048 0.034143644074598946