0 0.7336676716804504 0.15108324587345123 0.02031968118002017 0.03410296142101288
0 0.661243736743927 0.15101358294487 0.02031968118002017 0.03410296142101288
0 0.5889557600021362 0.1509440690279007 0.02031968118002017 0.03410296142101288
0 0.5168032646179199 0.15087467432022095 0.02031968118002017 0.03410296142101288
0 0.4447859823703766 0.15080539882183075 0.02031968118002017 0.03410296142101288
0 0.372903436422348 0.1507362723350525 0.02031968118002017 0.03410296142101288
0 0.30115532875061035 0.15066726505756378 0.02031968118002017 0.03410296142101288
0 0.7420870065689087 0.2311253696680069 0.02031968118002017 0.03410296142101288
0 0.6667855381965637 0.23097479343414307 0.02031968118002017 0.03410296142101288
0 0.5916309952735901 0.2308245152235031 0.02031968118002017 0.03410296142101288
0 0.5166229605674744 0.23067452013492584 0.02031968118002017 0.03410296142101288
0 0.44176095724105835 0.23052483797073364 0.02031968118002017 0.03410296142101288
0 0.367044597864151 0.23037542402744293 0.02031968118002017 0.03410296142101288
0 0.2924734055995941 0.2302263230085373 0.02031968118002017 0.03410296142101288
0 0.7512017488479614 0.3177781403064728 0.02031968118002017 0.03410296142101288
0 0.6727846264839172 0.3175332546234131 0.02031968118002017 0.03410296142101288
0 0.5945268273353577 0.3172888457775116 0.02031968118002017 0.03410296142101288
0 0.5164278149604797 0.3170449435710907 0.02031968118002017 0.03410296142101288
0 0.43848711252212524 0.3168015480041504 0.02031968118002017 0.03410296142101288
0 0.3607042729854584 0.3165586590766907 0.02031968118002017 0.03410296142101288
0 0.2830788195133209 0.31631624698638916 0.02031968118002017 0.03410296142101288
0 0.7611017227172852 0.4118957817554474 0.02031968118002017 0.03410296142101288
0 0.6792999505996704 0.41154053807258606 0.02031968118002017 0.03410296142101288
0 0.5976715087890625 0.4111860394477844 0.02031968118002017 0.03410296142101288
0 0.5162158608436584 0.41083231568336487 0.02031968118002017 0.03410296142101288
0 0.4349324405193329 0.410479336977005 0.02031968118002017 0.03410296142101288
0 0.35382068157196045 0.41012710332870483 0.02031968118002017 0.03410296142101288
0 0.27288004755973816 0.40977558493614197 0.02031968118002017 0.03410296142101288
0 0.7718928456306458 0.5144863128662109 0.02031968118002017 0.03410296142101288
0 0.6864011883735657 0.5140014290809631 0.02031968118002017 0.03410296142101288
0 0.6010987162590027 0.5135176181793213 0.02031968118002017 0.03410296142101288
0 0.5159849524497986 0.5130348205566406 0.02031968118002017 0.03410296142101288
0 0.43105918169021606 0.5125531554222107 0.02031968118002017 0.03410296142101288
0 0.346320778131485 0.5120725035667419 0.02031968118002017 0.03410296142101288
0 0.26176917552948 0.5115929841995239 0.02031968118002017 0.03410296142101288
0 0.7837013006210327 0.6267478466033936 0.02031968118002017 0.03410296142101288
0 0.6941710114479065 0.6261098384857178 0.02031968118002017 0.03410296142101288
0 0.6048482656478882 0.6254733800888062 0.02031968118002017 0.03410296142101288
0 0.5157322883605957 0.6248382925987244 0.02031968118002017 0.03410296142101288
0 0.4268224537372589 0.6242047548294067 0.02031968118002017 0.03410296142101288
0 0.3381179869174957 0.6235726475715637 0.02031968118002017 0.03410296142101288
0 0.24961818754673004 0.6229420304298401 0.02031968118002017 0.03410296142101288
0 0.7966779470443726 0.7501155138015747 0.02031968118002017 0.03410296142101288
0 0.7027086019515991 0.7492957711219788 0.02031968118002017 0.03410296142101288
0 0.6089678406715393 0.7484780550003052 0.02031968118002017 0.03410296142101288
0 0.5154547691345215 0.7476623058319092 0.02031968118002017 0.03410296142101288
0 0.42216864228248596 0.7468485236167908 0.02031968118002017 0.03410296142101288
0 0.3291085958480835 0.7460367679595947 0.02031968118002017 0.03410296142101288
0 0.23627381026744843 0.7452269196510315 0.02031968118002017 0.03410296142101288