0 0.3321710526943207 0.61296546459198 0.019907142966985703 0.02654285728931427
0 0.4082834720611572 0.6093275547027588 0.019907142966985703 0.02654285728931427
0 0.484098345041275 0.6057038903236389 0.019907142966985703 0.02654285728931427
0 0.5596174001693726 0.6020944118499756 0.019907142966985703 0.02654285728931427
0 0.6348423361778259 0.5984989404678345 0.019907142966985703 0.02654285728931427
0 0.709774911403656 0.5949174165725708 0.019907142966985703 0.02654285728931427
0 0.7844167947769165 0.5913498401641846 0.019907142966985703 0.02654285728931427
0 0.337552934885025 0.5287654399871826 0.019907142966985703 0.02654285728931427
0 0.4098539352416992 0.5254659652709961 0.019907142966985703 0.02654285728931427
0 0.4818863272666931 0.5221787095069885 0.019907142966985703 0.02654285728931427
0 0.5536516308784485 0.5189036130905151 0.019907142966985703 0.02654285728931427
0 0.6251513957977295 0.5156406760215759 0.019907142966985703 0.02654285728931427
0 0.696386992931366 0.5123897790908813 0.019907142966985703 0.02654285728931427
0 0.7673599123954773 0.5091508626937866 0.019907142966985703 0.02654285728931427
0 0.34242188930511475 0.45259031653404236 0.019907142966985703 0.02654285728931427
0 0.4112749397754669 0.4495827853679657 0.019907142966985703 0.02654285728931427
0 0.47988438606262207 0.44658586382865906 0.019907142966985703 0.02654285728931427
0 0.5482515096664429 0.44359952211380005 0.019907142966985703 0.02654285728931427
0 0.6163775324821472 0.4406237304210663 0.019907142966985703 0.02654285728931427
0 0.6842638254165649 0.4376583993434906 0.019907142966985703 0.02654285728931427
0 0.7519115805625916 0.4347034990787506 0.019907142966985703 0.02654285728931427
0 0.34684792160987854 0.38334500789642334 0.019907142966985703 0.02654285728931427
0 0.4125669300556183 0.38059118390083313 0.019907142966985703 0.02654285728931427
0 0.4780639410018921 0.3778466284275055 0.019907142966985703 0.02654285728931427
0 0.5433400869369507 0.3751113712787628 0.019907142966985703 0.02654285728931427
0 0.6083965301513672 0.37238529324531555 0.019907142966985703 0.02654285728931427
0 0.6732342839241028 0.3696683943271637 0.019907142966985703 0.02654285728931427
0 0.7378544807434082 0.3669605851173401 0.019907142966985703 0.02654285728931427
0 0.35088881850242615 0.320125013589859 0.019907142966985703 0.02654285728931427
0 0.4137466549873352 0.3175930976867676 0.019907142966985703 0.02654285728931427
0 0.4764013886451721 0.31506937742233276 0.019907142966985703 0.02654285728931427
0 0.5388540029525757 0.3125537931919098 0.019907142966985703 0.02654285728931427
0 0.6011054515838623 0.31004631519317627 0.019907142966985703 0.02654285728931427
0 0.6631566882133484 0.3075468838214874 0.019907142966985703 0.02654285728931427
0 0.7250087261199951 0.30505549907684326 0.019907142966985703 0.02654285728931427
0 0.3545927405357361 0.2621766924858093 0.019907142966985703 0.02654285728931427
0 0.41482818126678467 0.25984007120132446 0.019907142966985703 0.02654285728931427
0 0.4748770594596863 0.2575106620788574 0.019907142966985703 0.02654285728931427
0 0.5347402691841125 0.2551884651184082 0.019907142966985703 0.02654285728931427
0 0.5944185853004456 0.2528734505176544 0.019907142966985703 0.02654285728931427
0 0.6539130210876465 0.2505655586719513 0.019907142966985703 0.02654285728931427
0 0.7132242918014526 0.24826477468013763 0.019907142966985703 0.02654285728931427
0 0.3580001890659332 0.20886707305908203 0.019907142966985703 0.02654285728931427
0 0.4158232510089874 0.20670320093631744 0.019907142966985703 0.02654285728931427
0 0.473474383354187 0.2045457661151886 0.019907142966985703 0.02654285728931427
0 0.5309543609619141 0.20239472389221191 0.019907142966985703 0.02654285728931427
0 0.5882638692855835 0.2002500742673874 0.019907142966985703 0.02654285728931427
0 0.6454038023948669 0.19811175763607025 0.019907142966985703 0.02654285728931427
0 0.7023747563362122 0.1959797739982605 0.019907142966985703 0.02654285728931427