0 0.70090252161026 0.30074751377105713 0.032684738437334694 0.032684738437334694
0 0.6321613788604736 0.3010004162788391 0.032684738437334694 0.032684738437334694
0 0.5634421110153198 0.30125322937965393 0.032684738437334694 0.032684738437334694
0 0.4947447180747986 0.301505982875824 0.032684738437334694 0.032684738437334694
0 0.4260691702365875 0.30175864696502686 0.032684738437334694 0.032684738437334694
0 0.35741543769836426 0.3020112216472626 0.032684738437334694 0.032684738437334694
0 0.28878355026245117 0.30226370692253113 0.032684738437334694 0.032684738437334694
0 0.7100082635879517 0.35195648670196533 0.032684738437334694 0.032684738437334694
0 0.6381919384002686 0.35221216082572937 0.032684738437334694 0.032684738437334694
0 0.5663994550704956 0.35246777534484863 0.032684738437334694 0.032684738437334694
0 0.4946308732032776 0.35272330045700073 0.032684738437334694 0.032684738437334694
0 0.4228861331939697 0.35297873616218567 0.032684738437334694 0.032684738437334694
0 0.351165235042572 0.35323411226272583 0.032684738437334694 0.032684738437334694
0 0.2794681489467621 0.35348936915397644 0.032684738437334694 0.032684738437334694
0 0.719966471195221 0.40796008706092834 0.032684738437334694 0.032684738437334694
0 0.6447869539260864 0.40821799635887146 0.032684738437334694 0.032684738437334694
0 0.5696336030960083 0.4084758460521698 0.032684738437334694 0.032684738437334694
0 0.4945063889026642 0.4087335765361786 0.032684738437334694 0.032684738437334694
0 0.4194052815437317 0.4089912176132202 0.032684738437334694 0.032684738437334694
0 0.3443303108215332 0.4092487692832947 0.032684738437334694 0.032684738437334694
0 0.26928144693374634 0.40950626134872437 0.032684738437334694 0.032684738437334694
0 0.730902910232544 0.46946480870246887 0.032684738437334694 0.032684738437334694
0 0.6520296931266785 0.469724178314209 0.032684738437334694 0.032684738437334694
0 0.5731853246688843 0.46998342871665955 0.032684738437334694 0.032684738437334694
0 0.49436965584754944 0.47024258971214294 0.032684738437334694 0.032684738437334694
0 0.4155827760696411 0.4705016613006592 0.032684738437334694 0.032684738437334694
0 0.3368246257305145 0.47076064348220825 0.032684738437334694 0.032684738437334694
0 0.25809523463249207 0.47101953625679016 0.032684738437334694 0.032684738437334694
0 0.7429690957069397 0.5373230576515198 0.032684738437334694 0.032684738437334694
0 0.6600205302238464 0.5375827550888062 0.032684738437334694 0.032684738437334694
0 0.5771037340164185 0.5378423929214478 0.032684738437334694 0.032684738437334694
0 0.4942188262939453 0.5381019115447998 0.032684738437334694 0.032684738437334694
0 0.41136568784713745 0.5383613705635071 0.032684738437334694 0.032684738437334694
0 0.32854434847831726 0.53862065076828 0.032684738437334694 0.032684738437334694
0 0.24575477838516235 0.5388798713684082 0.032684738437334694 0.032684738437334694
0 0.7563496232032776 0.6125729084014893 0.032684738437334694 0.032684738437334694
0 0.6688815355300903 0.6128315925598145 0.032684738437334694 0.032684738437334694
0 0.5814488530158997 0.6130900979042053 0.032684738437334694 0.032684738437334694
0 0.4940515458583832 0.6133484840393066 0.032684738437334694 0.032684738437334694
0 0.4066896140575409 0.6136068105697632 0.032684738437334694 0.032684738437334694
0 0.3193630278110504 0.6138650178909302 0.032684738437334694 0.032684738437334694
0 0.23207174241542816 0.6141231656074524 0.032684738437334694 0.032684738437334694
0 0.7712715864181519 0.6964917182922363 0.032684738437334694 0.032684738437334694
0 0.6787631511688232 0.6967473030090332 0.032684738437334694 0.032684738437334694
0 0.5862942934036255 0.6970027685165405 0.032684738437334694 0.032684738437334694
0 0.493865042924881 0.6972581148147583 0.032684738437334694 0.032684738437334694
0 0.40147531032562256 0.6975133419036865 0.032684738437334694 0.032684738437334694
0 0.3091251254081726 0.6977684497833252 0.032684738437334694 0.032684738437334694
0 0.21681442856788635 0.6980234384536743 0.032684738437334694 0.032684738437334694