0 0.24106091260910034 0.24235253036022186 0.03581766535838445 0.03581766535838445
0 0.3197547197341919 0.24209335446357727 0.03581766535838445 0.03581766535838445
0 0.3984203338623047 0.24183426797389984 0.03581766535838445 0.03581766535838445
0 0.4770577549934387 0.24157528579235077 0.03581766535838445 0.03581766535838445
0 0.555666983127594 0.24131639301776886 0.03581766535838445 0.03581766535838445
0 0.6342480182647705 0.24105757474899292 0.03581766535838445 0.03581766535838445
0 0.7128009796142578 0.24079887568950653 0.03581766535838445 0.03581766535838445
0 0.23053143918514252 0.2987247109413147 0.03581766535838445 0.03581766535838445
0 0.31236451864242554 0.2984447181224823 0.03581766535838445 0.03581766535838445
0 0.39416709542274475 0.2981647849082947 0.03581766535838445 0.03581766535838445
0 0.47593918442726135 0.2978849709033966 0.03581766535838445 0.03581766535838445
0 0.5576807856559753 0.2976052761077881 0.03581766535838445 0.03581766535838445
0 0.6393919587135315 0.29732567071914673 0.03581766535838445 0.03581766535838445
0 0.7210726737976074 0.2970461845397949 0.03581766535838445 0.03581766535838445
0 0.219127357006073 0.3597792685031891 0.03581766535838445 0.03581766535838445
0 0.30436059832572937 0.3594757616519928 0.03581766535838445 0.03581766535838445
0 0.389560729265213 0.35917237401008606 0.03581766535838445 0.03581766535838445
0 0.4747277796268463 0.35886913537979126 0.03581766535838445 0.03581766535838445
0 0.5598617792129517 0.3585659861564636 0.03581766535838445 0.03581766535838445
0 0.644962728023529 0.35826295614242554 0.03581766535838445 0.03581766535838445
0 0.7300307154655457 0.357960045337677 0.03581766535838445 0.03581766535838445
0 0.2067350149154663 0.42612484097480774 0.03581766535838445 0.03581766535838445
0 0.29566317796707153 0.4257947504520416 0.03581766535838445 0.03581766535838445
0 0.38455531001091003 0.42546477913856506 0.03581766535838445 0.03581766535838445
0 0.4734114408493042 0.42513495683670044 0.03581766535838445 0.03581766535838445
0 0.5622316002845764 0.42480528354644775 0.03581766535838445 0.03581766535838445
0 0.6510158181190491 0.4244757294654846 0.03581766535838445 0.03581766535838445
0 0.7397640943527222 0.42414629459381104 0.03581766535838445 0.03581766535838445
0 0.1932200938463211 0.49848034977912903 0.03581766535838445 0.03581766535838445
0 0.2861780822277069 0.498119980096817 0.03581766535838445 0.03581766535838445
0 0.3790966868400574 0.49775975942611694 0.03581766535838445 0.03581766535838445
0 0.4719759523868561 0.4973997175693512 0.03581766535838445 0.03581766535838445
0 0.5648159384727478 0.4970398247241974 0.03581766535838445 0.03581766535838445
0 0.6576166152954102 0.4966800808906555 0.03581766535838445 0.03581766535838445
0 0.7503780126571655 0.4963204860687256 0.03581766535838445 0.03581766535838445
0 0.17842283844947815 0.5777011513710022 0.03581766535838445 0.03581766535838445
0 0.275793194770813 0.5773061513900757 0.03581766535838445 0.03581766535838445
0 0.37312033772468567 0.5769112706184387 0.03581766535838445 0.03581766535838445
0 0.47040435671806335 0.5765166282653809 0.03581766535838445 0.03581766535838445
0 0.567645251750946 0.5761221051216125 0.03581766535838445 0.03581766535838445
0 0.6648430228233337 0.5757278203964233 0.03581766535838445 0.03581766535838445
0 0.7619977593421936 0.5753336548805237 0.03581766535838445 0.03581766535838445
0 0.16215164959430695 0.6648130416870117 0.03581766535838445 0.03581766535838445
0 0.26437410712242126 0.6643781065940857 0.03581766535838445 0.03581766535838445
0 0.36654898524284363 0.6639432907104492 0.03581766535838445 0.03581766535838445
0 0.4686763286590576 0.6635087132453918 0.03581766535838445 0.03581766535838445
0 0.5707560777664185 0.6630743741989136 0.03581766535838445 0.03581766535838445
0 0.6727883815765381 0.6626402139663696 0.03581766535838445 0.03581766535838445
0 0.7747732400894165 0.66220623254776 0.03581766535838445 0.03581766535838445