0 0.29881688952445984 0.19504451751708984 0.01877119950950146 0.033371021350224815
0 0.2935609519481659 0.2755589783191681 0.01877119950950146 0.033371021350224815
0 0.2879100739955902 0.36212360858917236 0.01877119950950146 0.033371021350224815
0 0.2818179726600647 0.4554469883441925 0.01877119950950146 0.033371021350224815
0 0.27523091435432434 0.5563527941703796 0.01877119950950146 0.033371021350224815
0 0.2680859863758087 0.6658043265342712 0.01877119950950146 0.033371021350224815
0 0.2603091895580292 0.7849351763725281 0.01877119950950146 0.033371021350224815
0 0.3586328625679016 0.1964673399925232 0.01877119950950146 0.033371021350224815
0 0.35555195808410645 0.2767988443374634 0.01877119950950146 0.033371021350224815
0 0.3522402346134186 0.3631485402584076 0.01877119950950146 0.033371021350224815
0 0.34867072105407715 0.4562190771102905 0.01877119950950146 0.033371021350224815
0 0.34481215476989746 0.5568268299102783 0.01877119950950146 0.033371021350224815
0 0.3406279385089874 0.6659260392189026 0.01877119950950146 0.033371021350224815
0 0.33607497811317444 0.7846391797065735 0.01877119950950146 0.033371021350224815
0 0.4181137681007385 0.19788219034671783 0.01877119950950146 0.033371021350224815
0 0.41718316078186035 0.27803152799606323 0.01877119950950146 0.033371021350224815
0 0.41618308424949646 0.36416733264923096 0.01877119950950146 0.033371021350224815
0 0.4151053726673126 0.45698633790016174 0.01877119950950146 0.033371021350224815
0 0.4139406979084015 0.5572977662086487 0.01877119950950146 0.033371021350224815
0 0.4126780331134796 0.6660469174385071 0.01877119950950146 0.033371021350224815
0 0.4113045036792755 0.7843452095985413 0.01877119950950146 0.033371021350224815
0 0.47726234793663025 0.19928914308547974 0.01877119950950146 0.033371021350224815
0 0.4784577190876007 0.27925705909729004 0.01877119950950146 0.033371021350224815
0 0.4797421097755432 0.36517998576164246 0.01877119950950146 0.033371021350224815
0 0.4811258316040039 0.45774880051612854 0.01877119950950146 0.033371021350224815
0 0.48262089490890503 0.5577656030654907 0.01877119950950146 0.033371021350224815
0 0.4842412769794464 0.6661669611930847 0.01877119950950146 0.033371021350224815
0 0.48600345849990845 0.784053385257721 0.01877119950950146 0.033371021350224815
0 0.5360814332962036 0.20068824291229248 0.01877119950950146 0.033371021350224815
0 0.5393787026405334 0.28047552704811096 0.01877119950950146 0.033371021350224815
0 0.5429207682609558 0.36618658900260925 0.01877119950950146 0.033371021350224815
0 0.546735942363739 0.4585065543651581 0.01877119950950146 0.033371021350224815
0 0.5508571267127991 0.558230459690094 0.01877119950950146 0.033371021350224815
0 0.5553225874900818 0.6662862300872803 0.01877119950950146 0.033371021350224815
0 0.5601773858070374 0.783763587474823 0.01877119950950146 0.033371021350224815
0 0.5945737957954407 0.20207957923412323 0.01877119950950146 0.033371021350224815
0 0.5999491810798645 0.2816869914531708 0.01877119950950146 0.033371021350224815
0 0.6057224869728088 0.36718717217445374 0.01877119950950146 0.033371021350224815
0 0.611939549446106 0.45925959944725037 0.01877119950950146 0.033371021350224815
0 0.6186536550521851 0.5586923360824585 0.01877119950950146 0.033371021350224815
0 0.6259267926216125 0.6664047241210938 0.01877119950950146 0.033371021350224815
0 0.6338319182395935 0.7834758162498474 0.01877119950950146 0.033371021350224815
0 0.6527420878410339 0.20346321165561676 0.01877119950950146 0.033371021350224815
0 0.660172164440155 0.28289148211479187 0.01877119950950146 0.033371021350224815
0 0.6681506037712097 0.36818182468414307 0.01877119950950146 0.033371021350224815
0 0.6767404079437256 0.46000799536705017 0.01877119950950146 0.033371021350224815
0 0.686014711856842 0.5591512322425842 0.01877119950950146 0.033371021350224815
0 0.6960587501525879 0.6665223836898804 0.01877119950950146 0.033371021350224815
0 0.7069723606109619 0.7831900119781494 0.01877119950950146 0.033371021350224815