0 0.6494050025939941 0.1864698976278305 0.02539745718240738 0.03386327624320984
0 0.5815721750259399 0.19221508502960205 0.02539745718240738 0.03386327624320984
0 0.5137523412704468 0.19795915484428406 0.02539745718240738 0.03386327624320984
0 0.4459455609321594 0.20370212197303772 0.02539745718240738 0.03386327624320984
0 0.3781518042087555 0.20944400131702423 0.02539745718240738 0.03386327624320984
0 0.3103710412979126 0.2151847630739212 0.02539745718240738 0.03386327624320984
0 0.24260331690311432 0.22092443704605103 0.02539745718240738 0.03386327624320984
0 0.6610541939735413 0.2493634670972824 0.02539745718240738 0.03386327624320984
0 0.589860737323761 0.2553868293762207 0.02539745718240738 0.03386327624320984
0 0.5186816453933716 0.2614089846611023 0.02539745718240738 0.03386327624320984
0 0.44751691818237305 0.2674299478530884 0.02539745718240738 0.03386327624320984
0 0.376366525888443 0.2734496593475342 0.02539745718240738 0.03386327624320984
0 0.3052304685115814 0.2794681787490845 0.02539745718240738 0.03386327624320984
0 0.23410871624946594 0.28548547625541687 0.02539745718240738 0.03386327624320984
0 0.6739175319671631 0.31881195306777954 0.02539745718240738 0.03386327624320984
0 0.5990131497383118 0.3251418173313141 0.02539745718240738 0.03386327624320984
0 0.5241246223449707 0.3314703404903412 0.02539745718240738 0.03386327624320984
0 0.44925200939178467 0.33779749274253845 0.02539745718240738 0.03386327624320984
0 0.3743952512741089 0.34412333369255066 0.02539745718240738 0.03386327624320984
0 0.29955437779426575 0.3504478335380554 0.02539745718240738 0.03386327624320984
0 0.22472935914993286 0.35677096247673035 0.02539745718240738 0.03386327624320984
0 0.6881951689720154 0.39589646458625793 0.02539745718240738 0.03386327624320984
0 0.6091716885566711 0.4025656282901764 0.02539745718240738 0.03386327624320984
0 0.5301659107208252 0.40923333168029785 0.02539745718240738 0.03386327624320984
0 0.45117777585983276 0.4158995449542999 0.02539745718240738 0.03386327624320984
0 0.3722073435783386 0.42256423830986023 0.02539745718240738 0.03386327624320984
0 0.293254554271698 0.42922747135162354 0.02539745718240738 0.03386327624320984
0 0.2143194079399109 0.43588918447494507 0.02539745718240738 0.03386327624320984
0 0.7041340470314026 0.4819496273994446 0.02539745718240738 0.03386327624320984
0 0.620512068271637 0.48899656534194946 0.02539745718240738 0.03386327624320984
0 0.5369099378585815 0.49604180455207825 0.02539745718240738 0.03386327624320984
0 0.45332756638526917 0.5030853748321533 0.02539745718240738 0.03386327624320984
0 0.3697649836540222 0.5101273059844971 0.02539745718240738 0.03386327624320984
0 0.2862221598625183 0.5171675682067871 0.02539745718240738 0.03386327624320984
0 0.20269913971424103 0.5242061614990234 0.02539745718240738 0.03386327624320984
0 0.7220419049263 0.5786333680152893 0.02539745718240738 0.03386327624320984
0 0.6332532167434692 0.5861033797264099 0.02539745718240738 0.03386327624320984
0 0.5444868803024292 0.5935714840888977 0.02539745718240738 0.03386327624320984
0 0.45574280619621277 0.6010377407073975 0.02539745718240738 0.03386327624320984
0 0.3670210540294647 0.6085020899772644 0.02539745718240738 0.03386327624320984
0 0.27832159399986267 0.6159645915031433 0.02539745718240738 0.03386327624320984
0 0.18964442610740662 0.6234251856803894 0.02539745718240738 0.03386327624320984
0 0.7423076629638672 0.6880472898483276 0.02539745718240738 0.03386327624320984
0 0.6476716995239258 0.6959943175315857 0.02539745718240738 0.03386327624320984
0 0.5530611276626587 0.7039392590522766 0.02539745718240738 0.03386327624320984
0 0.45847591757774353 0.7118820548057556 0.02539745718240738 0.03386327624320984
0 0.3639160394668579 0.7198227047920227 0.02539745718240738 0.03386327624320984
0 0.26938146352767944 0.7277612090110779 0.02539745718240738 0.03386327624320984
0 0.17487221956253052 0.7356976270675659 0.02539745718240738 0.03386327624320984