0 0.7070656418800354 0.16197197139263153 0.02285098272065322 0.03416969378789266
0 0.6315497756004333 0.1610063910484314 0.02285098272065322 0.03416969378789266
0 0.5554450154304504 0.16003328561782837 0.02285098272065322 0.03416969378789266
0 0.47874441742897034 0.1590525507926941 0.02285098272065322 0.03416969378789266
0 0.40144091844558716 0.1580641120672226 0.02285098272065322 0.03416969378789266
0 0.32352739572525024 0.15706788003444672 0.02285098272065322 0.03416969378789266
0 0.24499663710594177 0.1560637503862381 0.02285098272065322 0.03416969378789266
0 0.7187666296958923 0.24168163537979126 0.02285098272065322 0.03416969378789266
0 0.6405297517776489 0.24100162088871002 0.02285098272065322 0.03416969378789266
0 0.5616602301597595 0.24031610786914825 0.02285098272065322 0.03416969378789266
0 0.4821503758430481 0.23962503671646118 0.02285098272065322 0.03416969378789266
0 0.4019923806190491 0.23892833292484283 0.02285098272065322 0.03416969378789266
0 0.3211783170700073 0.23822592198848724 0.02285098272065322 0.03416969378789266
0 0.23970003426074982 0.23751774430274963 0.02285098272065322 0.03416969378789266
0 0.7313544750213623 0.3274322748184204 0.02285098272065322 0.03416969378789266
0 0.6501930952072144 0.32708480954170227 0.02285098272065322 0.03416969378789266
0 0.5683503746986389 0.32673442363739014 0.02285098272065322 0.03416969378789266
0 0.48581773042678833 0.3263810873031616 0.02285098272065322 0.03416969378789266
0 0.4025863707065582 0.32602477073669434 0.02285098272065322 0.03416969378789266
0 0.3186473846435547 0.3256654143333435 0.02285098272065322 0.03416969378789266
0 0.23399172723293304 0.32530301809310913 0.02285098272065322 0.03416969378789266
0 0.7449338436126709 0.4199376702308655 0.02285098272065322 0.03416969378789266
0 0.660620927810669 0.41997841000556946 0.02285098272065322 0.03416969378789266
0 0.57557213306427 0.4200195074081421 0.02285098272065322 0.03416969378789266
0 0.4897777736186981 0.42006099224090576 0.02285098272065322 0.03416969378789266
0 0.4032279849052429 0.4201028048992157 0.02285098272065322 0.03416969378789266
0 0.3159126937389374 0.4201450049877167 0.02285098272065322 0.03416969378789266
0 0.22782178223133087 0.4201875925064087 0.02285098272065322 0.03416969378789266
0 0.7596267461776733 0.5200286507606506 0.02285098272065322 0.03416969378789266
0 0.6719077825546265 0.5205239057540894 0.02285098272065322 0.03416969378789266
0 0.5833914875984192 0.521023690700531 0.02285098272065322 0.03416969378789266
0 0.4940670132637024 0.5215280055999756 0.02285098272065322 0.03416969378789266
0 0.4039231538772583 0.5220369696617126 0.02285098272065322 0.03416969378789266
0 0.312948614358902 0.5225505828857422 0.02285098272065322 0.03416969378789266
0 0.221131831407547 0.5230689644813538 0.02285098272065322 0.03416969378789266
0 0.7755759954452515 0.6286782026290894 0.02285098272065322 0.03416969378789266
0 0.68416428565979 0.629707396030426 0.02285098272065322 0.03416969378789266
0 0.5918858051300049 0.6307463645935059 0.02285098272065322 0.03416969378789266
0 0.4987282454967499 0.6317952275276184 0.02285098272065322 0.03416969378789266
0 0.40467891097068787 0.6328541040420532 0.02285098272065322 0.03416969378789266
0 0.30972495675086975 0.6339231729507446 0.02285098272065322 0.03416969378789266
0 0.21385326981544495 0.635002613067627 0.02285098272065322 0.03416969378789266
0 0.792949914932251 0.7470330595970154 0.02285098272065322 0.03416969378789266
0 0.6975209712982178 0.748691976070404 0.02285098272065322 0.03416969378789266
0 0.601146399974823 0.7503673434257507 0.02285098272065322 0.03416969378789266
0 0.5038120746612549 0.7520594000816345 0.02285098272065322 0.03416969378789266
0 0.405503511428833 0.7537683844566345 0.02285098272065322 0.03416969378789266
0 0.3062061071395874 0.7554945349693298 0.02285098272065322 0.03416969378789266
0 0.20590481162071228 0.7572381496429443 0.02285098272065322 0.03416969378789266