0 0.7298846244812012 0.19306580722332 0.024704458191990852 0.032939277589321136
0 0.6631619930267334 0.1924859583377838 0.024704458191990852 0.032939277589321136
0 0.5965662598609924 0.19190719723701477 0.024704458191990852 0.032939277589321136
0 0.5300970673561096 0.19132953882217407 0.024704458191990852 0.032939277589321136
0 0.46375414729118347 0.19075298309326172 0.024704458191990852 0.032939277589321136
0 0.3975370526313782 0.19017751514911652 0.024704458191990852 0.032939277589321136
0 0.33144548535346985 0.18960314989089966 0.024704458191990852 0.032939277589321136
0 0.7400939464569092 0.25660616159439087 0.024704458191990852 0.032939277589321136
0 0.6700761318206787 0.25593429803848267 0.024704458191990852 0.032939277589321136
0 0.6001980900764465 0.2552637457847595 0.024704458191990852 0.032939277589321136
0 0.5304593443870544 0.2545945346355438 0.024704458191990852 0.032939277589321136
0 0.4608595669269562 0.25392666459083557 0.024704458191990852 0.032939277589321136
0 0.39139828085899353 0.2532601058483124 0.024704458191990852 0.032939277589321136
0 0.32207509875297546 0.25259488821029663 0.024704458191990852 0.032939277589321136
0 0.7513616681098938 0.3267339766025543 0.024704458191990852 0.032939277589321136
0 0.6777063608169556 0.3259536027908325 0.024704458191990852 0.032939277589321136
0 0.6042056679725647 0.32517489790916443 0.024704458191990852 0.032939277589321136
0 0.5308590531349182 0.3243978023529053 0.024704458191990852 0.032939277589321136
0 0.45766615867614746 0.32362234592437744 0.024704458191990852 0.032939277589321136
0 0.3846263885498047 0.32284849882125854 0.024704458191990852 0.032939277589321136
0 0.31173932552337646 0.3220762610435486 0.024704458191990852 0.032939277589321136
0 0.7638614773750305 0.4045296609401703 0.024704458191990852 0.032939277589321136
0 0.6861699223518372 0.40362048149108887 0.024704458191990852 0.032939277589321136
0 0.6086504459381104 0.4027132987976074 0.024704458191990852 0.032939277589321136
0 0.5313023328781128 0.40180814266204834 0.024704458191990852 0.032939277589321136
0 0.4541251063346863 0.40090495347976685 0.024704458191990852 0.032939277589321136
0 0.37711814045906067 0.4000037908554077 0.024704458191990852 0.032939277589321136
0 0.30028092861175537 0.39910459518432617 0.024704458191990852 0.032939277589321136
0 0.7778069972991943 0.4913235604763031 0.024704458191990852 0.032939277589321136
0 0.6956113576889038 0.49026012420654297 0.024704458191990852 0.032939277589321136
0 0.6136081218719482 0.489199161529541 0.024704458191990852 0.032939277589321136
0 0.5317966938018799 0.48814070224761963 0.024704458191990852 0.032939277589321136
0 0.4501763880252838 0.4870847165584564 0.024704458191990852 0.032939277589321136
0 0.3687465190887451 0.486031174659729 0.024704458191990852 0.032939277589321136
0 0.28750643134117126 0.48498010635375977 0.024704458191990852 0.032939277589321136
0 0.7934646010398865 0.5887726545333862 0.024704458191990852 0.032939277589321136
0 0.7062103748321533 0.5875228047370911 0.024704458191990852 0.032939277589321136
0 0.6191729307174683 0.5862760543823242 0.024704458191990852 0.032939277589321136
0 0.532351553440094 0.5850324034690857 0.024704458191990852 0.032939277589321136
0 0.4457453191280365 0.5837918519973755 0.024704458191990852 0.032939277589321136
0 0.35935351252555847 0.5825543403625488 0.024704458191990852 0.032939277589321136
0 0.27317532896995544 0.5813198685646057 0.024704458191990852 0.032939277589321136
0 0.8111701011657715 0.698967456817627 0.024704458191990852 0.032939277589321136
0 0.7181938290596008 0.6974899172782898 0.024704458191990852 0.032939277589321136
0 0.6254636645317078 0.6960163116455078 0.024704458191990852 0.032939277589321136
0 0.5329786539077759 0.6945465803146362 0.024704458191990852 0.032939277589321136
0 0.4407377541065216 0.6930807828903198 0.024704458191990852 0.032939277589321136
0 0.3487400710582733 0.691618800163269 0.024704458191990852 0.032939277589321136
0 0.2569846212863922 0.6901606917381287 0.024704458191990852 0.032939277589321136