0 0.2809852063655853 0.6712366342544556 0.02143170684576035 0.028575609127680462
0 0.358572393655777 0.6685237884521484 0.02143170684576035 0.028575609127680462
0 0.43756309151649475 0.6657618284225464 0.02143170684576035 0.028575609127680462
0 0.5179957747459412 0.6629494428634644 0.02143170684576035 0.028575609127680462
0 0.5999101996421814 0.6600852608680725 0.02143170684576035 0.028575609127680462
0 0.683347761631012 0.6571678519248962 0.02143170684576035 0.028575609127680462
0 0.7683513760566711 0.6541956067085266 0.02143170684576035 0.028575609127680462
0 0.29208362102508545 0.579564094543457 0.02143170684576035 0.028575609127680462
0 0.3660300076007843 0.5761996507644653 0.02143170684576035 0.028575609127680462
0 0.4412491023540497 0.5727773308753967 0.02143170684576035 0.028575609127680462
0 0.5177740454673767 0.5692955255508423 0.02143170684576035 0.028575609127680462
0 0.5956391096115112 0.5657528042793274 0.02143170684576035 0.028575609127680462
0 0.6748798489570618 0.5621474981307983 0.02143170684576035 0.028575609127680462
0 0.7555330395698547 0.5584779381752014 0.02143170684576035 0.028575609127680462
0 0.30217069387435913 0.49624529480934143 0.02143170684576035 0.028575609127680462
0 0.3728025257587433 0.49235716462135315 0.02143170684576035 0.028575609127680462
0 0.4445936977863312 0.4884052276611328 0.02143170684576035 0.028575609127680462
0 0.5175729990005493 0.48438790440559387 0.02143170684576035 0.028575609127680462
0 0.5917702317237854 0.48030349612236023 0.02143170684576035 0.028575609127680462
0 0.6672160029411316 0.47615039348602295 0.02143170684576035 0.028575609127680462
0 0.7439422607421875 0.4719267785549164 0.02143170684576035 0.028575609127680462
0 0.3113786280155182 0.42018821835517883 0.02143170684576035 0.028575609127680462
0 0.3789801597595215 0.41587892174720764 0.02143170684576035 0.028575609127680462
0 0.4476422071456909 0.41150203347206116 0.02143170684576035 0.028575609127680462
0 0.5173899531364441 0.40705591440200806 0.02143170684576035 0.028575609127680462
0 0.5882492661476135 0.4025389552116394 0.02143170684576035 0.028575609127680462
0 0.6602469682693481 0.3979494273662567 0.02143170684576035 0.028575609127680462
0 0.7334107160568237 0.3932855725288391 0.02143170684576035 0.028575609127680462
0 0.31981754302978516 0.35048314929008484 0.02143170684576035 0.028575609127680462
0 0.3846380412578583 0.34583547711372375 0.02143170684576035 0.028575609127680462
0 0.45043233036994934 0.3411179780960083 0.02143170684576035 0.028575609127680462
0 0.5172224640846252 0.33632907271385193 0.02143170684576035 0.028575609127680462
0 0.5850313305854797 0.3314671218395233 0.02143170684576035 0.028575609127680462
0 0.6538823246955872 0.32653045654296875 0.02143170684576035 0.028575609127680462
0 0.7237996459007263 0.32151731848716736 0.02143170684576035 0.028575609127680462
0 0.32757991552352905 0.28636622428894043 0.02143170684576035 0.028575609127680462
0 0.3898390829563141 0.28144747018814087 0.02143170684576035 0.028575609127680462
0 0.45299550890922546 0.276457816362381 0.02143170684576035 0.028575609127680462
0 0.5170687437057495 0.271395742893219 0.02143170684576035 0.028575609127680462
0 0.5820789337158203 0.2662596106529236 0.02143170684576035 0.028575609127680462
0 0.6480466723442078 0.2610478699207306 0.02143170684576035 0.028575609127680462
0 0.7149933576583862 0.25575876235961914 0.02143170684576035 0.028575609127680462
0 0.3347439765930176 0.22719137370586395 0.02143170684576035 0.028575609127680462
0 0.39463648200035095 0.2220565378665924 0.02143170684576035 0.028575609127680462
0 0.4553584158420563 0.21685060858726501 0.02143170684576035 0.028575609127680462
0 0.5169271230697632 0.2115720808506012 0.02143170684576035 0.028575609127680462
0 0.5793604850769043 0.20621941983699799 0.02143170684576035 0.028575609127680462
0 0.6426767706871033 0.20079106092453003 0.02143170684576035 0.028575609127680462
0 0.7068948745727539 0.1952853798866272 0.02143170684576035 0.028575609127680462