0 0.2961522042751312 0.6489160656929016 0.020772455260157585 0.027696607013543446
0 0.37274470925331116 0.6473942399024963 0.020772455260157585 0.027696607013543446
0 0.4502983093261719 0.6458533406257629 0.020772455260157585 0.027696607013543446
0 0.5288312435150146 0.6442930102348328 0.020772455260157585 0.027696607013543446
0 0.608362078666687 0.6427128314971924 0.020772455260157585 0.027696607013543446
0 0.6889100074768066 0.6411124467849731 0.020772455260157585 0.027696607013543446
0 0.7704946994781494 0.6394914984703064 0.020772455260157585 0.027696607013543446
0 0.30549147725105286 0.5609799027442932 0.020772455260157585 0.027696607013543446
0 0.37867051362991333 0.5590035915374756 0.020772455260157585 0.027696607013543446
0 0.45272594690322876 0.5570036172866821 0.020772455260157585 0.027696607013543446
0 0.527673602104187 0.5549795627593994 0.020772455260157585 0.027696607013543446
0 0.6035298109054565 0.5529309511184692 0.020772455260157585 0.027696607013543446
0 0.6803110241889954 0.5508573651313782 0.020772455260157585 0.027696607013543446
0 0.7580344080924988 0.548758327960968 0.020772455260157585 0.027696607013543446
0 0.31402599811553955 0.48062124848365784 0.020772455260157585 0.027696607013543446
0 0.38408276438713074 0.4782729744911194 0.020772455260157585 0.027696607013543446
0 0.4549419581890106 0.47589778900146484 0.020772455260157585 0.027696607013543446
0 0.5266175270080566 0.4734952449798584 0.020772455260157585 0.027696607013543446
0 0.5991235375404358 0.47106486558914185 0.020772455260157585 0.027696607013543446
0 0.6724746227264404 0.468606173992157 0.020772455260157585 0.027696607013543446
0 0.7466856241226196 0.46611863374710083 0.020772455260157585 0.027696607013543446
0 0.32185548543930054 0.4069010317325592 0.020772455260157585 0.027696607013543446
0 0.38904547691345215 0.404247909784317 0.020772455260157585 0.027696607013543446
0 0.4569729268550873 0.40156567096710205 0.020772455260157585 0.027696607013543446
0 0.5256500840187073 0.3988538086414337 0.020772455260157585 0.027696607013543446
0 0.5950893759727478 0.3961118757724762 0.020772455260157585 0.027696607013543446
0 0.665303647518158 0.3933393359184265 0.020772455260157585 0.027696607013543446
0 0.7363058924674988 0.3905356824398041 0.020772455260157585 0.027696607013543446
0 0.3290638327598572 0.33902934193611145 0.020772455260157585 0.027696607013543446
0 0.3936123847961426 0.33612632751464844 0.020772455260157585 0.027696607013543446
0 0.4588410556316376 0.33319273591041565 0.020772455260157585 0.027696607013543446
0 0.5247606039047241 0.3302280604839325 0.020772455260157585 0.027696607013543446
0 0.5913820862770081 0.32723182439804077 0.020772455260157585 0.027696607013543446
0 0.6587167978286743 0.3242035210132599 0.020772455260157585 0.027696607013543446
0 0.7267761826515198 0.32114261388778687 0.020772455260157585 0.027696607013543446
0 0.3357221186161041 0.2763366997241974 0.020772455260157585 0.027696607013543446
0 0.3978290855884552 0.27322906255722046 0.020772455260157585 0.027696607013543446
0 0.4605652093887329 0.2700899541378021 0.020772455260157585 0.027696607013543446
0 0.5239400863647461 0.2669188976287842 0.020772455260157585 0.027696607013543446
0 0.5879635214805603 0.26371535658836365 0.020772455260157585 0.027696607013543446
0 0.652645468711853 0.2604788839817047 0.020772455260157585 0.027696607013543446
0 0.7179962396621704 0.2572089433670044 0.020772455260157585 0.027696607013543446
0 0.34189102053642273 0.21825212240219116 0.020772455260157585 0.027696607013543446
0 0.401734322309494 0.21497735381126404 0.020772455260157585 0.027696607013543446
0 0.4621613919734955 0.2116706371307373 0.020772455260157585 0.027696607013543446
0 0.5231807231903076 0.20833151042461395 0.020772455260157585 0.027696607013543446
0 0.5848011374473572 0.20495949685573578 0.020772455260157585 0.027696607013543446
0 0.6470314860343933 0.2015540897846222 0.020772455260157585 0.027696607013543446
0 0.7098809480667114 0.19811482727527618 0.020772455260157585 0.027696607013543446