0 0.7014567255973816 0.13470879197120667 0.022313268125678104 0.03336563458045324
0 0.6279041171073914 0.13250739872455597 0.022313268125678104 0.03336563458045324
0 0.5536276698112488 0.13028433918952942 0.022313268125678104 0.03336563458045324
0 0.4786166548728943 0.12803930044174194 0.022313268125678104 0.03336563458045324
0 0.402860164642334 0.12577193975448608 0.022313268125678104 0.03336563458045324
0 0.3263470232486725 0.12348193675279617 0.022313268125678104 0.03336563458045324
0 0.2490658015012741 0.12116894870996475 0.022313268125678104 0.03336563458045324
0 0.7122622728347778 0.2113655060529709 0.022313268125678104 0.03336563458045324
0 0.636095404624939 0.20947317779064178 0.022313268125678104 0.03336563458045324
0 0.5591517090797424 0.20756155252456665 0.022313268125678104 0.03336563458045324
0 0.4814192056655884 0.2056303173303604 0.022313268125678104 0.03336563458045324
0 0.40288567543029785 0.2036791890859604 0.022313268125678104 0.03336563458045324
0 0.3235386908054352 0.2017078548669815 0.022313268125678104 0.03336563458045324
0 0.24336554110050201 0.1997159868478775 0.022313268125678104 0.03336563458045324
0 0.7238772511482239 0.29376477003097534 0.022313268125678104 0.03336563458045324
0 0.6449036002159119 0.29223501682281494 0.022313268125678104 0.03336563458045324
0 0.565093994140625 0.290689080953598 0.022313268125678104 0.03336563458045324
0 0.4844350516796112 0.2891266942024231 0.022313268125678104 0.03336563458045324
0 0.4029131233692169 0.2875475585460663 0.022313268125678104 0.03336563458045324
0 0.3205143213272095 0.2859514653682709 0.022313268125678104 0.03336563458045324
0 0.23722440004348755 0.284338116645813 0.022313268125678104 0.03336563458045324
0 0.7363961935043335 0.38257700204849243 0.022313268125678104 0.03336563458045324
0 0.6544010639190674 0.38147327303886414 0.022313268125678104 0.03336563458045324
0 0.5715038180351257 0.38035741448402405 0.022313268125678104 0.03336563458045324
0 0.4876894950866699 0.37922921776771545 0.022313268125678104 0.03336563458045324
0 0.4029427766799927 0.37808844447135925 0.022313268125678104 0.03336563458045324
0 0.31724798679351807 0.3769349455833435 0.022313268125678104 0.03336563458045324
0 0.23058918118476868 0.3757684528827667 0.022313268125678104 0.03336563458045324
0 0.7499289512634277 0.47858113050460815 0.022313268125678104 0.03336563458045324
0 0.6646720170974731 0.4779790937900543 0.022313268125678104 0.03336563458045324
0 0.5784386992454529 0.47737017273902893 0.022313268125678104 0.03336563458045324
0 0.49121204018592834 0.47675421833992004 0.022313268125678104 0.03336563458045324
0 0.4029748737812042 0.4761311411857605 0.022313268125678104 0.03336563458045324
0 0.31370946764945984 0.47550079226493835 0.022313268125678104 0.03336563458045324
0 0.22339774668216705 0.47486308217048645 0.022313268125678104 0.03336563458045324
0 0.7646037936210632 0.5826876759529114 0.022313268125678104 0.03336563458045324
0 0.6758149266242981 0.5826780200004578 0.022313268125678104 0.03336563458045324
0 0.5859658122062683 0.5826681852340698 0.022313268125678104 0.03336563458045324
0 0.4950372576713562 0.5826582908630371 0.022313268125678104 0.03336563458045324
0 0.4030097424983978 0.5826482772827148 0.022313268125678104 0.03336563458045324
0 0.30986320972442627 0.582638144493103 0.022313268125678104 0.03336563458045324
0 0.2155771255493164 0.5826278328895569 0.022313268125678104 0.03336563458045324
0 0.780571699142456 0.6959674954414368 0.022313268125678104 0.03336563458045324
0 0.6879457831382751 0.6966595649719238 0.022313268125678104 0.03336563458045324
0 0.5941644310951233 0.6973602771759033 0.022313268125678104 0.03336563458045324
0 0.4992058575153351 0.6980697512626648 0.022313268125678104 0.03336563458045324
0 0.40304774045944214 0.6987882256507874 0.022313268125678104 0.03336563458045324
0 0.30566728115081787 0.6995158195495605 0.022313268125678104 0.03336563458045324
0 0.207040935754776 0.7002527117729187 0.022313268125678104 0.03336563458045324