0 0.7052171230316162 0.16465876996517181 0.02290238297233979 0.03424655397733053
0 0.6291525959968567 0.16420555114746094 0.02290238297233979 0.03424655397733053
0 0.5527563691139221 0.16375036537647247 0.02290238297233979 0.03424655397733053
0 0.4760262966156006 0.16329316794872284 0.02290238297233979 0.03424655397733053
0 0.3989602029323578 0.16283398866653442 0.02290238297233979 0.03424655397733053
0 0.32155585289001465 0.16237278282642365 0.02290238297233979 0.03424655397733053
0 0.24381104111671448 0.1619095504283905 0.02290238297233979 0.03424655397733053
0 0.7171518206596375 0.2442801296710968 0.02290238297233979 0.03424655397733053
0 0.638286292552948 0.2439897060394287 0.02290238297233979 0.03424655397733053
0 0.5590640902519226 0.24369797110557556 0.02290238297233979 0.03424655397733053
0 0.4794827997684479 0.24340492486953735 0.02290238297233979 0.03424655397733053
0 0.39953991770744324 0.2431105375289917 0.02290238297233979 0.03424655397733053
0 0.3192329704761505 0.2428148090839386 0.02290238297233979 0.03424655397733053
0 0.2385595142841339 0.24251772463321686 0.02290238297233979 0.03424655397733053
0 0.7300059795379639 0.330035924911499 0.02290238297233979 0.03424655397733053
0 0.648125410079956 0.3299352526664734 0.02290238297233979 0.03424655397733053
0 0.5658601522445679 0.32983413338661194 0.02290238297233979 0.03424655397733053
0 0.48320746421813965 0.3297325074672699 0.02290238297233979 0.03424655397733053
0 0.4001646935939789 0.32963040471076965 0.02290238297233979 0.03424655397733053
0 0.31672900915145874 0.3295278251171112 0.02290238297233979 0.03424655397733053
0 0.23289763927459717 0.32942476868629456 0.02290238297233979 0.03424655397733053
0 0.7438902258872986 0.42266353964805603 0.02290238297233979 0.03424655397733053
0 0.658754825592041 0.42278459668159485 0.02290238297233979 0.03424655397733053
0 0.5732033848762512 0.4229062795639038 0.02290238297233979 0.03424655397733053
0 0.4872328042984009 0.42302852869033813 0.02290238297233979 0.03424655397733053
0 0.40084001421928406 0.4231514036655426 0.02290238297233979 0.03424655397733053
0 0.31402191519737244 0.4232748746871948 0.02290238297233979 0.03424655397733053
0 0.22677534818649292 0.4233989417552948 0.02290238297233979 0.03424655397733053
0 0.7589334845542908 0.5230234265327454 0.02290238297233979 0.03424655397733053
0 0.6702738404273987 0.5234044194221497 0.02290238297233979 0.03424655397733053
0 0.5811627507209778 0.5237873792648315 0.02290238297233979 0.03424655397733053
0 0.4915967285633087 0.5241722464561462 0.02290238297233979 0.03424655397733053
0 0.4015723168849945 0.5245591402053833 0.02290238297233979 0.03424655397733053
0 0.31108593940734863 0.524948000907898 0.02290238297233979 0.03424655397733053
0 0.22013409435749054 0.5253388285636902 0.02290238297233979 0.03424655397733053
0 0.7752871513366699 0.6321258544921875 0.02290238297233979 0.03424655397733053
0 0.6827989220619202 0.6328126788139343 0.02290238297233979 0.03424655397733053
0 0.5898191332817078 0.6335031986236572 0.02290238297233979 0.03424655397733053
0 0.49634385108947754 0.6341972947120667 0.02290238297233979 0.03424655397733053
0 0.40236908197402954 0.6348952054977417 0.02290238297233979 0.03424655397733053
0 0.30789080262184143 0.635596752166748 0.02290238297233979 0.03424655397733053
0 0.21290498971939087 0.6363021731376648 0.02290238297233979 0.03424655397733053
0 0.7931303381919861 0.7511653900146484 0.02290238297233979 0.03424655397733053
0 0.6964679956436157 0.7522134780883789 0.02290238297233979 0.03424655397733053
0 0.59926837682724 0.7532674074172974 0.02290238297233979 0.03424655397733053
0 0.501526951789856 0.7543272376060486 0.02290238297233979 0.03424655397733053
0 0.4032392203807831 0.7553929686546326 0.02290238297233979 0.03424655397733053
0 0.30440056324005127 0.7564646601676941 0.02290238297233979 0.03424655397733053
0 0.20500634610652924 0.7575423717498779 0.02290238297233979 0.03424655397733053