0 0.7136658430099487 0.1789666712284088 0.025127902626991272 0.033503870169321694
0 0.6453191637992859 0.17787855863571167 0.025127902626991272 0.033503870169321694
0 0.5770648717880249 0.17679192125797272 0.025127902626991272 0.033503870169321694
0 0.5089028477668762 0.17570674419403076 0.025127902626991272 0.033503870169321694
0 0.44083282351493835 0.174623042345047 0.025127902626991272 0.033503870169321694
0 0.37285467982292175 0.17354080080986023 0.025127902626991272 0.033503870169321694
0 0.3049682080745697 0.17246001958847046 0.025127902626991272 0.033503870169321694
0 0.7225739359855652 0.24499768018722534 0.025127902626991272 0.033503870169321694
0 0.6509186029434204 0.24381016194820404 0.025127902626991272 0.033503870169321694
0 0.5793648362159729 0.24262434244155884 0.025127902626991272 0.033503870169321694
0 0.5079124569892883 0.24144017696380615 0.025127902626991272 0.033503870169321694
0 0.4365612268447876 0.24025769531726837 0.025127902626991272 0.033503870169321694
0 0.365310937166214 0.2390768975019455 0.025127902626991272 0.033503870169321694
0 0.294161319732666 0.23789775371551514 0.025127902626991272 0.033503870169321694
0 0.732387125492096 0.31773847341537476 0.025127902626991272 0.033503870169321694
0 0.6570866107940674 0.31643643975257874 0.025127902626991272 0.033503870169321694
0 0.5818982124328613 0.3151363730430603 0.025127902626991272 0.033503870169321694
0 0.5068216919898987 0.3138382136821747 0.025127902626991272 0.033503870169321694
0 0.4318568706512451 0.31254202127456665 0.025127902626991272 0.033503870169321694
0 0.35700345039367676 0.31124770641326904 0.025127902626991272 0.033503870169321694
0 0.2822611927986145 0.309955358505249 0.025127902626991272 0.033503870169321694
0 0.7432509064674377 0.398266464471817 0.025127902626991272 0.033503870169321694
0 0.6639143824577332 0.39683160185813904 0.025127902626991272 0.033503870169321694
0 0.5847023129463196 0.39539894461631775 0.025127902626991272 0.033503870169321694
0 0.5056144595146179 0.3939685821533203 0.025127902626991272 0.033503870169321694
0 0.4266504645347595 0.39254042506217957 0.025127902626991272 0.033503870169321694
0 0.34781011939048767 0.3911145031452179 0.025127902626991272 0.033503870169321694
0 0.2690930664539337 0.3896908462047577 0.025127902626991272 0.033503870169321694
0 0.755343496799469 0.4879029095172882 0.025127902626991272 0.033503870169321694
0 0.6715137958526611 0.486312597990036 0.025127902626991272 0.033503870169321694
0 0.5878230929374695 0.48472490906715393 0.025127902626991272 0.033503870169321694
0 0.5042709708213806 0.48313984274864197 0.025127902626991272 0.033503870169321694
0 0.42085713148117065 0.4815574288368225 0.025127902626991272 0.033503870169321694
0 0.33758121728897095 0.4799776077270508 0.025127902626991272 0.033503870169321694
0 0.25444287061691284 0.47840040922164917 0.025127902626991272 0.033503870169321694
0 0.7688858509063721 0.5882858037948608 0.025127902626991272 0.033503870169321694
0 0.6800235509872437 0.5865119695663452 0.025127902626991272 0.033503870169321694
0 0.591317355632782 0.5847412347793579 0.025127902626991272 0.033503870169321694
0 0.5027668476104736 0.5829736590385437 0.025127902626991272 0.033503870169321694
0 0.41437166929244995 0.5812091827392578 0.025127902626991272 0.033503870169321694
0 0.3261313736438751 0.5794477462768555 0.025127902626991272 0.033503870169321694
0 0.23804552853107452 0.5776894092559814 0.025127902626991272 0.033503870169321694
0 0.7841553092002869 0.7014709115028381 0.025127902626991272 0.033503870169321694
0 0.6896175146102905 0.6994782090187073 0.025127902626991272 0.033503870169321694
0 0.5952563881874084 0.6974892616271973 0.025127902626991272 0.033503870169321694
0 0.5010714530944824 0.6955040097236633 0.025127902626991272 0.033503870169321694
0 0.4070621728897095 0.6935224533081055 0.025127902626991272 0.033503870169321694
0 0.3132280707359314 0.6915446519851685 0.025127902626991272 0.033503870169321694
0 0.2195686399936676 0.6895704865455627 0.025127902626991272 0.033503870169321694