0 0.70525723695755 0.16269753873348236 0.022861472703516485 0.03418537974357605
0 0.6293425559997559 0.1623099148273468 0.022861472703516485 0.03418537974357605
0 0.5529702305793762 0.1619199812412262 0.022861472703516485 0.03418537974357605
0 0.47613608837127686 0.16152766346931458 0.022861472703516485 0.03418537974357605
0 0.3988358974456787 0.16113297641277313 0.022861472703516485 0.03418537974357605
0 0.3210654556751251 0.16073589026927948 0.022861472703516485 0.03418537974357605
0 0.24282041192054749 0.16033639013767242 0.022861472703516485 0.03418537974357605
0 0.7169883847236633 0.2427028864622116 0.022861472703516485 0.03418537974357605
0 0.6383272409439087 0.2425503134727478 0.022861472703516485 0.03418537974357605
0 0.5591744184494019 0.24239680171012878 0.022861472703516485 0.03418537974357605
0 0.4795253574848175 0.24224232137203217 0.022861472703516485 0.03418537974357605
0 0.3993752598762512 0.24208687245845795 0.022861472703516485 0.03418537974357605
0 0.3187194764614105 0.24193044006824493 0.022861472703516485 0.03418537974357605
0 0.23755314946174622 0.24177302420139313 0.022861472703516485 0.03418537974357605
0 0.7296095490455627 0.32877781987190247 0.022861472703516485 0.03418537974357605
0 0.6479957699775696 0.3288978338241577 0.022861472703516485 0.03418537974357605
0 0.5658524036407471 0.32901859283447266 0.022861472703516485 0.03418537974357605
0 0.48317423462867737 0.32914018630981445 0.022861472703516485 0.03418537974357605
0 0.399956077337265 0.32926252484321594 0.022861472703516485 0.03418537974357605
0 0.3161925971508026 0.3293856978416443 0.022861472703516485 0.03418537974357605
0 0.231878399848938 0.3295096755027771 0.022861472703516485 0.03418537974357605
0 0.7432259321212769 0.4216402769088745 0.022861472703516485 0.03418537974357605
0 0.6584292650222778 0.4220772385597229 0.022861472703516485 0.03418537974357605
0 0.5730604529380798 0.42251715064048767 0.022861472703516485 0.03418537974357605
0 0.4871137738227844 0.4229600429534912 0.022861472703516485 0.03418537974357605
0 0.40058329701423645 0.4234059154987335 0.022861472703516485 0.03418537974357605
0 0.3134630620479584 0.42385485768318176 0.022861472703516485 0.03418537974357605
0 0.2257469892501831 0.42430683970451355 0.022861472703516485 0.03418537974357605
0 0.7579601407051086 0.5221260786056519 0.022861472703516485 0.03418537974357605
0 0.6697222590446472 0.522932767868042 0.022861472703516485 0.03418537974357605
0 0.580864429473877 0.5237451791763306 0.022861472703516485 0.03418537974357605
0 0.49138015508651733 0.5245632529258728 0.022861472703516485 0.03418537974357605
0 0.4012627601623535 0.525387167930603 0.022861472703516485 0.03418537974357605
0 0.3105054497718811 0.5262169241905212 0.022861472703516485 0.03418537974357605
0 0.2191014587879181 0.5270525217056274 0.022861472703516485 0.03418537974357605
0 0.7739557027816772 0.6312141418457031 0.022861472703516485 0.03418537974357605
0 0.6819855570793152 0.6324537992477417 0.022861472703516485 0.03418537974357605
0 0.589341402053833 0.6337025165557861 0.022861472703516485 0.03418537974357605
0 0.4960158169269562 0.634960412979126 0.022861472703516485 0.03418537974357605
0 0.4020012319087982 0.636227548122406 0.022861472703516485 0.03418537974357605
0 0.3072899878025055 0.6375041604042053 0.022861472703516485 0.03418537974357605
0 0.2118743509054184 0.6387901902198792 0.022861472703516485 0.03418537974357605
0 0.7913818359375 0.7500584721565247 0.022861472703516485 0.03418537974357605
0 0.6953498125076294 0.7518070936203003 0.022861472703516485 0.03418537974357605
0 0.5985822677612305 0.7535691261291504 0.022861472703516485 0.03418537974357605
0 0.5010707974433899 0.7553446888923645 0.022861472703516485 0.03418537974357605
0 0.40280675888061523 0.757133960723877 0.022861472703516485 0.03418537974357605
0 0.3037813901901245 0.7589371204376221 0.022861472703516485 0.03418537974357605
0 0.203985795378685 0.7607542872428894 0.022861472703516485 0.03418537974357605