0 0.7037003040313721 0.16285938024520874 0.0229061846776555 0.03425223877032598
0 0.6278037428855896 0.16274701058864594 0.0229061846776555 0.03425223877032598
0 0.5515100359916687 0.16263404488563538 0.0229061846776555 0.03425223877032598
0 0.47481611371040344 0.16252048313617706 0.0229061846776555 0.03425223877032598
0 0.39771878719329834 0.1624063402414322 0.0229061846776555 0.03425223877032598
0 0.3202148675918579 0.16229158639907837 0.0229061846776555 0.03425223877032598
0 0.2423011213541031 0.1621762216091156 0.0229061846776555 0.03425223877032598
0 0.7154961824417114 0.24280013144016266 0.0229061846776555 0.03425223877032598
0 0.6368114352226257 0.24289992451667786 0.0229061846776555 0.03425223877032598
0 0.5576996207237244 0.24300025403499603 0.0229061846776555 0.03425223877032598
0 0.4781573414802551 0.24310113489627838 0.0229061846776555 0.03425223877032598
0 0.3981809616088867 0.2432025671005249 0.0229061846776555 0.03425223877032598
0 0.3177669644355774 0.2433045506477356 0.0229061846776555 0.03425223877032598
0 0.23691175878047943 0.24340710043907166 0.0229061846776555 0.03425223877032598
0 0.7281999588012695 0.3288935720920563 0.0229061846776555 0.03425223877032598
0 0.646514356136322 0.3292391896247864 0.0229061846776555 0.03425223877032598
0 0.5643683075904846 0.32958677411079407 0.0229061846776555 0.03425223877032598
0 0.48175790905952454 0.32993632555007935 0.0229061846776555 0.03425223877032598
0 0.39867910742759705 0.3302878439426422 0.0229061846776555 0.03425223877032598
0 0.31512799859046936 0.33064135909080505 0.0229061846776555 0.03425223877032598
0 0.23110051453113556 0.33099690079689026 0.0229061846776555 0.03425223877032598
0 0.7419205904006958 0.421878457069397 0.0229061846776555 0.03425223877032598
0 0.6569962501525879 0.4225097894668579 0.0229061846776555 0.03425223877032598
0 0.5715739727020264 0.4231448471546173 0.0229061846776555 0.03425223877032598
0 0.4856491982936859 0.42378363013267517 0.0229061846776555 0.03425223877032598
0 0.3992176055908203 0.42442619800567627 0.0229061846776555 0.03425223877032598
0 0.31227466464042664 0.4250725507736206 0.0229061846776555 0.03425223877032598
0 0.22481580078601837 0.42572274804115295 0.0229061846776555 0.03425223877032598
0 0.7567852735519409 0.5226167440414429 0.0229061846776555 0.03425223877032598
0 0.668354868888855 0.523581326007843 0.0229061846776555 0.03425223877032598
0 0.5793840885162354 0.5245517492294312 0.0229061846776555 0.03425223877032598
0 0.4898679852485657 0.5255281925201416 0.0229061846776555 0.03425223877032598
0 0.3998015820980072 0.5265106558799744 0.0229061846776555 0.03425223877032598
0 0.30917975306510925 0.5274991393089294 0.0229061846776555 0.03425223877032598
0 0.21799734234809875 0.5284937024116516 0.0229061846776555 0.03425223877032598
0 0.7729434370994568 0.6321203112602234 0.0229061846776555 0.03425223877032598
0 0.6807048916816711 0.6334750652313232 0.0229061846776555 0.03425223877032598
0 0.5878781080245972 0.6348385214805603 0.0229061846776555 0.03425223877032598
0 0.4944573640823364 0.6362106204032898 0.0229061846776555 0.03425223877032598
0 0.40043699741363525 0.637591540813446 0.0229061846776555 0.03425223877032598
0 0.30581119656562805 0.6389814019203186 0.0229061846776555 0.03425223877032598
0 0.21057409048080444 0.6403802037239075 0.0229061846776555 0.03425223877032598
0 0.790571391582489 0.7515853047370911 0.0229061846776555 0.03425223877032598
0 0.6941820979118347 0.7533989548683167 0.0229061846776555 0.03425223877032598
0 0.5971499681472778 0.7552247643470764 0.0229061846776555 0.03425223877032598
0 0.4994684159755707 0.7570627331733704 0.0229061846776555 0.03425223877032598
0 0.4011309742927551 0.7589130401611328 0.0229061846776555 0.03425223877032598
0 0.3021310567855835 0.7607758641242981 0.0229061846776555 0.03425223877032598
0 0.2024618685245514 0.762651264667511 0.0229061846776555 0.03425223877032598