0 0.6945034861564636 0.1552320122718811 0.02309951193941136 0.03454132626454035
0 0.6188018918037415 0.15436026453971863 0.02309951193941136 0.03454132626454035
0 0.5424055457115173 0.15348052978515625 0.02309951193941136 0.03454132626454035
0 0.4653048813343048 0.15259267389774323 0.02309951193941136 0.03454132626454035
0 0.3874901533126831 0.1516965925693512 0.02309951193941136 0.03454132626454035
0 0.30895137786865234 0.1507921814918518 0.02309951193941136 0.03454132626454035
0 0.22967839241027832 0.1498793065547943 0.02309951193941136 0.03454132626454035
0 0.7063257694244385 0.23552332818508148 0.02309951193941136 0.03454132626454035
0 0.6279205679893494 0.2349998950958252 0.02309951193941136 0.03454132626454035
0 0.5487695336341858 0.23447148501873016 0.02309951193941136 0.03454132626454035
0 0.4688619375228882 0.23393802344799042 0.02309951193941136 0.03454132626454035
0 0.38818687200546265 0.23339945077896118 0.02309951193941136 0.03454132626454035
0 0.30673328042030334 0.2328556627035141 0.02309951193941136 0.03454132626454035
0 0.22448977828025818 0.2323066145181656 0.02309951193941136 0.03454132626454035
0 0.7190381288528442 0.32186001539230347 0.02309951193941136 0.03454132626454035
0 0.6377292275428772 0.3217409551143646 0.02309951193941136 0.03454132626454035
0 0.5556173920631409 0.32162073254585266 0.02309951193941136 0.03454132626454035
0 0.47269076108932495 0.3214992880821228 0.02309951193941136 0.03454132626454035
0 0.3889370858669281 0.32137665152549744 0.02309951193941136 0.03454132626454035
0 0.30434396862983704 0.3212527930736542 0.02309951193941136 0.03454132626454035
0 0.2188986837863922 0.32112768292427063 0.02309951193941136 0.03454132626454035
0 0.7327450513839722 0.4149515628814697 0.02309951193941136 0.03454132626454035
0 0.6483091711997986 0.41530314087867737 0.02309951193941136 0.03454132626454035
0 0.563006579875946 0.4156583547592163 0.02309951193941136 0.03454132626454035
0 0.4768238067626953 0.41601723432540894 0.02309951193941136 0.03454132626454035
0 0.3897472321987152 0.4163798391819 0.02309951193941136 0.03454132626454035
0 0.3017628490924835 0.41674622893333435 0.02309951193941136 0.03454132626454035
0 0.21285639703273773 0.4171164631843567 0.02309951193941136 0.03454132626454035
0 0.7475681304931641 0.5156229138374329 0.02309951193941136 0.03454132626454035
0 0.6597551703453064 0.5165240168571472 0.02309951193941136 0.03454132626454035
0 0.571003794670105 0.5174347162246704 0.02309951193941136 0.03454132626454035
0 0.4812988042831421 0.5183552503585815 0.02309951193941136 0.03454132626454035
0 0.3906247615814209 0.5192856788635254 0.02309951193941136 0.03454132626454035
0 0.2989658713340759 0.520226240158081 0.02309951193941136 0.03454132626454035
0 0.20630602538585663 0.5211770534515381 0.02309951193941136 0.03454132626454035
0 0.7636492848396301 0.6248392462730408 0.02309951193941136 0.03454132626454035
0 0.6721780896186829 0.6263840794563293 0.02309951193941136 0.03454132626454035
0 0.5796873569488525 0.6279460787773132 0.02309951193941136 0.03454132626454035
0 0.486160010099411 0.6295256614685059 0.02309951193941136 0.03454132626454035
0 0.39157843589782715 0.6311229467391968 0.02309951193941136 0.03454132626454035
0 0.29592475295066833 0.6327384114265442 0.02309951193941136 0.03454132626454035
0 0.19918063282966614 0.6343722939491272 0.02309951193941136 0.03454132626454035
0 0.7811560034751892 0.7437366247177124 0.02309951193941136 0.03454132626454035
0 0.6857085824012756 0.7460386157035828 0.02309951193941136 0.03454132626454035
0 0.5891496539115906 0.7483673691749573 0.02309951193941136 0.03454132626454035
0 0.4914596676826477 0.7507234215736389 0.02309951193941136 0.03454132626454035
0 0.3926186263561249 0.7531072497367859 0.02309951193941136 0.03454132626454035
0 0.29260608553886414 0.7555193305015564 0.02309951193941136 0.03454132626454035
0 0.19140104949474335 0.7579602003097534 0.02309951193941136 0.03454132626454035