0 0.2344704121351242 0.658683717250824 0.03365470468997955 0.03365470468997955
0 0.3328549563884735 0.6595560312271118 0.03365470468997955 0.03365470468997955
0 0.43089914321899414 0.6604253649711609 0.03365470468997955 0.03365470468997955
0 0.5286048054695129 0.6612917184829712 0.03365470468997955 0.03365470468997955
0 0.625973641872406 0.6621550917625427 0.03365470468997955 0.03365470468997955
0 0.7230073809623718 0.6630154252052307 0.03365470468997955 0.03365470468997955
0 0.8197078108787537 0.6638728380203247 0.03365470468997955 0.03365470468997955
0 0.24482591450214386 0.5673069953918457 0.03365470468997955 0.03365470468997955
0 0.3399602770805359 0.5683038234710693 0.03365470468997955 0.03365470468997955
0 0.4347763657569885 0.5692972540855408 0.03365470468997955 0.03365470468997955
0 0.5292757153511047 0.5702874064445496 0.03365470468997955 0.03365470468997955
0 0.6234599947929382 0.5712742805480957 0.03365470468997955 0.03365470468997955
0 0.7173307538032532 0.5722578167915344 0.03365470468997955 0.03365470468997955
0 0.8108895421028137 0.5732381343841553 0.03365470468997955 0.03365470468997955
0 0.2545214593410492 0.48175379633903503 0.03365470468997955 0.03365470468997955
0 0.3466135263442993 0.48285767436027527 0.03365470468997955 0.03365470468997955
0 0.4384072422981262 0.483957976102829 0.03365470468997955 0.03365470468997955
0 0.5299041271209717 0.48505473136901855 0.03365470468997955 0.03365470468997955
0 0.6211055517196655 0.486147940158844 0.03365470468997955 0.03365470468997955
0 0.7120130062103271 0.4872376024723053 0.03365470468997955 0.03365470468997955
0 0.8026278018951416 0.48832377791404724 0.03365470468997955 0.03365470468997955
0 0.2636181712150574 0.40148454904556274 0.03365470468997955 0.03365470468997955
0 0.35285648703575134 0.4026806056499481 0.03365470468997955 0.03365470468997955
0 0.4418146014213562 0.40387290716171265 0.03365470468997955 0.03365470468997955
0 0.5304938554763794 0.4050614833831787 0.03365470468997955 0.03365470468997955
0 0.6188955903053284 0.4062463045120239 0.03365470468997955 0.03365470468997955
0 0.7070210576057434 0.40742745995521545 0.03365470468997955 0.03365470468997955
0 0.7948715686798096 0.4086049199104309 0.03365470468997955 0.03365470468997955
0 0.27216988801956177 0.32602444291114807 0.03365470468997955 0.03365470468997955
0 0.35872596502304077 0.3272998332977295 0.03365470468997955 0.03365470468997955
0 0.4450184404850006 0.3285713195800781 0.03365470468997955 0.03365470468997955
0 0.5310484766960144 0.32983896136283875 0.03365470468997955 0.03365470468997955
0 0.6168172359466553 0.33110272884368896 0.03365470468997955 0.03365470468997955
0 0.7023259401321411 0.33236268162727356 0.03365470468997955 0.03365470468997955
0 0.7875758409500122 0.33361881971359253 0.03365470468997955 0.03365470468997955
0 0.28022414445877075 0.25495386123657227 0.03365470468997955 0.03365470468997955
0 0.36425456404685974 0.2562974691390991 0.03365470468997955 0.03365470468997955
0 0.44803646206855774 0.257637083530426 0.03365470468997955 0.03365470468997955
0 0.5315709114074707 0.25897273421287537 0.03365470468997955 0.03365470468997955
0 0.6148590445518494 0.26030445098876953 0.03365470468997955 0.03365470468997955
0 0.6979019641876221 0.2616322636604309 0.03365470468997955 0.03365470468997955
0 0.78070068359375 0.2629561722278595 0.03365470468997955 0.03365470468997955
0 0.2878231108188629 0.1879005879163742 0.03365470468997955 0.03365470468997955
0 0.36947107315063477 0.18930277228355408 0.03365470468997955 0.03365470468997955
0 0.4508843719959259 0.19070091843605042 0.03365470468997955 0.03365470468997955
0 0.5320639610290527 0.19209504127502441 0.03365470468997955 0.03365470468997955
0 0.6130109429359436 0.19348518550395966 0.03365470468997955 0.03365470468997955
0 0.6937262415885925 0.19487133622169495 0.03365470468997955 0.03365470468997955
0 0.7742108702659607 0.19625353813171387 0.03365470468997955 0.03365470468997955