0 0.7209663987159729 0.22036951780319214 0.031920102735360466 0.031920102735360466
0 0.6390252709388733 0.22304648160934448 0.031920102735360466 0.031920102735360466
0 0.5587614178657532 0.22566863894462585 0.031920102735360466 0.031920102735360466
0 0.4801238477230072 0.22823768854141235 0.031920102735360466 0.031920102735360466
0 0.40306365489959717 0.23075519502162933 0.031920102735360466 0.031920102735360466
0 0.3275338113307953 0.23322270810604095 0.031920102735360466 0.031920102735360466
0 0.253489226102829 0.2356416881084442 0.031920102735360466 0.031920102735360466
0 0.7234333157539368 0.2912134528160095 0.031920102735360466 0.031920102735360466
0 0.6391544938087463 0.2932127118110657 0.031920102735360466 0.031920102735360466
0 0.5566489696502686 0.2951698899269104 0.031920102735360466 0.031920102735360466
0 0.4758613705635071 0.29708632826805115 0.031920102735360466 0.031920102735360466
0 0.39673852920532227 0.2989632785320282 0.031920102735360466 0.031920102735360466
0 0.3192295432090759 0.30080193281173706 0.031920102735360466 0.031920102735360466
0 0.24328552186489105 0.30260348320007324 0.031920102735360466 0.031920102735360466
0 0.7260450124740601 0.36621567606925964 0.031920102735360466 0.031920102735360466
0 0.6392912864685059 0.36745238304138184 0.031920102735360466 0.031920102735360466
0 0.5544152855873108 0.3686623275279999 0.031920102735360466 0.031920102735360466
0 0.47135671973228455 0.369846373796463 0.031920102735360466 0.031920102735360466
0 0.39005786180496216 0.3710053265094757 0.031920102735360466 0.031920102735360466
0 0.3104633688926697 0.37213996052742004 0.031920102735360466 0.031920102735360466
0 0.2325201779603958 0.3732510805130005 0.031920102735360466 0.031920102735360466
0 0.7288146615028381 0.44575342535972595 0.031920102735360466 0.031920102735360466
0 0.6394361853599548 0.4461309015750885 0.031920102735360466 0.031920102735360466
0 0.5520495176315308 0.44649994373321533 0.031920102735360466 0.031920102735360466
0 0.46658870577812195 0.4468608498573303 0.031920102735360466 0.031920102735360466
0 0.38299083709716797 0.44721391797065735 0.031920102735360466 0.031920102735360466
0 0.3011956810951233 0.4475593566894531 0.031920102735360466 0.031920102735360466
0 0.22114549577236176 0.44789743423461914 0.031920102735360466 0.031920102735360466
0 0.7317570447921753 0.5302509069442749 0.031920102735360466 0.031920102735360466
0 0.6395900845527649 0.5296585559844971 0.031920102735360466 0.031920102735360466
0 0.5495395660400391 0.529079794883728 0.031920102735360466 0.031920102735360466
0 0.46153345704078674 0.5285142064094543 0.031920102735360466 0.031920102735360466
0 0.37550291419029236 0.5279613137245178 0.031920102735360466 0.031920102735360466
0 0.2913821339607239 0.5274206399917603 0.031920102735360466 0.031920102735360466
0 0.20910823345184326 0.5268918871879578 0.031920102735360466 0.031920102735360466
0 0.7348887324333191 0.6201869249343872 0.031920102735360466 0.031920102735360466
0 0.6397536993026733 0.6184979677200317 0.031920102735360466 0.031920102735360466
0 0.5468719005584717 0.6168489456176758 0.031920102735360466 0.031920102735360466
0 0.45616430044174194 0.6152385473251343 0.031920102735360466 0.031920102735360466
0 0.3675553500652313 0.6136654019355774 0.031920102735360466 0.031920102735360466
0 0.28097307682037354 0.6121282577514648 0.031920102735360466 0.031920102735360466
0 0.19634877145290375 0.6106258034706116 0.031920102735360466 0.031920102735360466
0 0.7382287383079529 0.7161040902137756 0.031920102735360466 0.031920102735360466
0 0.6399281024932861 0.7131723761558533 0.031920102735360466 0.031920102735360466
0 0.5440312027931213 0.7103123068809509 0.031920102735360466 0.031920102735360466
0 0.45045098662376404 0.707521378993988 0.031920102735360466 0.031920102735360466
0 0.3591044545173645 0.7047970294952393 0.031920102735360466 0.031920102735360466
0 0.26991263031959534 0.7021369934082031 0.031920102735360466 0.031920102735360466
0 0.18280011415481567 0.6995389461517334 0.031920102735360466 0.031920102735360466