0 0.6803169846534729 0.17293933033943176 0.025310060009360317 0.03374674667914709
0 0.6147645115852356 0.17350825667381287 0.025310060009360317 0.03374674667914709
0 0.5484835505485535 0.17408350110054016 0.025310060009360317 0.03374674667914709
0 0.48146188259124756 0.1746651828289032 0.025310060009360317 0.03374674667914709
0 0.41368699073791504 0.17525340616703033 0.025310060009360317 0.03374674667914709
0 0.345146119594574 0.17584827542304993 0.025310060009360317 0.03374674667914709
0 0.27582621574401855 0.17644989490509033 0.025310060009360317 0.03374674667914709
0 0.6932616829872131 0.23547710478305817 0.025310060009360317 0.03374674667914709
0 0.6245373487472534 0.23643691837787628 0.025310060009360317 0.03374674667914709
0 0.5550112128257751 0.23740792274475098 0.025310060009360317 0.03374674667914709
0 0.48466914892196655 0.23839032649993896 0.025310060009360317 0.03374674667914709
0 0.4134967029094696 0.23938432335853577 0.025310060009360317 0.03374674667914709
0 0.3414791226387024 0.2403901219367981 0.025310060009360317 0.03374674667914709
0 0.2686012089252472 0.24140794575214386 0.025310060009360317 0.03374674667914709
0 0.7075473666191101 0.3044934570789337 0.025310060009360317 0.03374674667914709
0 0.6353287696838379 0.3059244155883789 0.025310060009360317 0.03374674667914709
0 0.5622233748435974 0.30737292766571045 0.025310060009360317 0.03374674667914709
0 0.4882148206233978 0.308839350938797 0.025310060009360317 0.03374674667914709
0 0.4132862389087677 0.3103240132331848 0.025310060009360317 0.03374674667914709
0 0.33742037415504456 0.31182724237442017 0.025310060009360317 0.03374674667914709
0 0.2605994939804077 0.3133493959903717 0.025310060009360317 0.03374674667914709
0 0.7233937978744507 0.3810500502586365 0.025310060009360317 0.03374674667914709
0 0.6473067402839661 0.3830525279045105 0.025310060009360317 0.03374674667914709
0 0.5702337026596069 0.3850809335708618 0.025310060009360317 0.03374674667914709
0 0.4921554625034332 0.387135773897171 0.025310060009360317 0.03374674667914709
0 0.41305217146873474 0.3892176151275635 0.025310060009360317 0.03374674667914709
0 0.33290353417396545 0.3913269639015198 0.025310060009360317 0.03374674667914709
0 0.2516886591911316 0.3934643864631653 0.025310060009360317 0.03374674667914709
0 0.7410715222358704 0.46645405888557434 0.025310060009360317 0.03374674667914709
0 0.6606783866882324 0.4691547751426697 0.025310060009360317 0.03374674667914709
0 0.579182505607605 0.4718925356864929 0.025310060009360317 0.03374674667914709
0 0.4965609312057495 0.47466811537742615 0.025310060009360317 0.03374674667914709
0 0.41279029846191406 0.47748228907585144 0.025310060009360317 0.03374674667914709
0 0.3278464078903198 0.48033589124679565 0.025310060009360317 0.03374674667914709
0 0.24170444905757904 0.48322975635528564 0.025310060009360317 0.03374674667914709
0 0.7609175443649292 0.5623331665992737 0.025310060009360317 0.03374674667914709
0 0.6757020354270935 0.5658941864967346 0.025310060009360317 0.03374674667914709
0 0.5892448425292969 0.5695070624351501 0.025310060009360317 0.03374674667914709
0 0.5015186667442322 0.5731729865074158 0.025310060009360317 0.03374674667914709
0 0.41249534487724304 0.5768930912017822 0.025310060009360317 0.03374674667914709
0 0.322145938873291 0.5806686878204346 0.025310060009360317 0.03374674667914709
0 0.23044051229953766 0.5845008492469788 0.025310060009360317 0.03374674667914709
0 0.7833567261695862 0.67074054479599 0.025310060009360317 0.03374674667914709
0 0.6927038431167603 0.6753717064857483 0.025310060009360317 0.03374674667914709
0 0.6006424427032471 0.6800748109817505 0.025310060009360317 0.03374674667914709
0 0.5071393847465515 0.6848515272140503 0.025310060009360317 0.03374674667914709
0 0.4121606647968292 0.6897037029266357 0.025310060009360317 0.03374674667914709
0 0.3156709372997284 0.6946330070495605 0.025310060009360317 0.03374674667914709
0 0.2176339477300644 0.6996414065361023 0.025310060009360317 0.03374674667914709