0 0.7016386985778809 0.18862205743789673 0.025312522426247597 0.03375002990166346
0 0.6335421800613403 0.18967673182487488 0.025312522426247597 0.03375002990166346
0 0.5654206275939941 0.19073177874088287 0.025312522426247597 0.03375002990166346
0 0.4972739815711975 0.1917872130870819 0.025312522426247597 0.03375002990166346
0 0.4291022717952728 0.19284304976463318 0.025312522426247597 0.03375002990166346
0 0.3609054684638977 0.1938992589712143 0.025312522426247597 0.03375002990166346
0 0.29268354177474976 0.19495587050914764 0.025312522426247597 0.03375002990166346
0 0.7117316722869873 0.25436297059059143 0.025312522426247597 0.03375002990166346
0 0.6403043866157532 0.2554819583892822 0.025312522426247597 0.03375002990166346
0 0.5688495635986328 0.25660133361816406 0.025312522426247597 0.03375002990166346
0 0.49736711382865906 0.2577211558818817 0.025312522426247597 0.03375002990166346
0 0.4258570969104767 0.2588414251804352 0.025312522426247597 0.03375002990166346
0 0.3543194532394409 0.2599621117115021 0.025312522426247597 0.03375002990166346
0 0.28275415301322937 0.2610832452774048 0.025312522426247597 0.03375002990166346
0 0.7228632569313049 0.32686853408813477 0.025312522426247597 0.03375002990166346
0 0.6477625966072083 0.3280597925186157 0.025312522426247597 0.03375002990166346
0 0.5726314783096313 0.3292515277862549 0.025312522426247597 0.03375002990166346
0 0.49746984243392944 0.33044376969337463 0.025312522426247597 0.03375002990166346
0 0.4222777187824249 0.3316364586353302 0.025312522426247597 0.03375002990166346
0 0.347055047750473 0.33282965421676636 0.025312522426247597 0.03375002990166346
0 0.27180182933807373 0.3340233266353607 0.025312522426247597 0.03375002990166346
0 0.7352023720741272 0.40723949670791626 0.025312522426247597 0.03375002990166346
0 0.6560300588607788 0.40851256251335144 0.025312522426247597 0.03375002990166346
0 0.5768238306045532 0.409786194562912 0.025312522426247597 0.03375002990166346
0 0.4975837171077728 0.4110603332519531 0.025312522426247597 0.03375002990166346
0 0.4183097183704376 0.41233503818511963 0.025312522426247597 0.03375002990166346
0 0.33900174498558044 0.4136103093624115 0.025312522426247597 0.03375002990166346
0 0.2596598267555237 0.41488608717918396 0.025312522426247597 0.03375002990166346
0 0.7489567995071411 0.496829092502594 0.025312522426247597 0.03375002990166346
0 0.6652459502220154 0.49819543957710266 0.025312522426247597 0.03375002990166346
0 0.5814972519874573 0.49956241250038147 0.025312522426247597 0.03375002990166346
0 0.4977106750011444 0.5009300112724304 0.025312522426247597 0.03375002990166346
0 0.413886159658432 0.5022982358932495 0.025312522426247597 0.03375002990166346
0 0.33002370595932007 0.5036670565605164 0.025312522426247597 0.03375002990166346
0 0.246123269200325 0.5050365328788757 0.025312522426247597 0.03375002990166346
0 0.7643848657608032 0.5973199009895325 0.025312522426247597 0.03375002990166346
0 0.6755836009979248 0.5987935066223145 0.025312522426247597 0.03375002990166346
0 0.5867396593093872 0.6002678275108337 0.025312522426247597 0.03375002990166346
0 0.4978530704975128 0.6017428636550903 0.025312522426247597 0.03375002990166346
0 0.40892383456230164 0.6032186150550842 0.025312522426247597 0.03375002990166346
0 0.3199518918991089 0.6046950221061707 0.025312522426247597 0.03375002990166346
0 0.230937197804451 0.6061722040176392 0.025312522426247597 0.03375002990166346
0 0.7818118333816528 0.7108305096626282 0.025312522426247597 0.03375002990166346
0 0.6872608661651611 0.712428629398346 0.025312522426247597 0.03375002990166346
0 0.5926615595817566 0.7140275239944458 0.025312522426247597 0.03375002990166346
0 0.4980139434337616 0.7156272530555725 0.025312522426247597 0.03375002990166346
0 0.403317928314209 0.7172278165817261 0.025312522426247597 0.03375002990166346
0 0.30857348442077637 0.7188291549682617 0.025312522426247597 0.03375002990166346
0 0.21378056704998016 0.7204313278198242 0.025312522426247597 0.03375002990166346