0 0.7227129340171814 0.12905269861221313 0.022321589027221006 0.0333780770500501
0 0.6481729745864868 0.12474742531776428 0.022321589027221006 0.0333780770500501
0 0.5732117295265198 0.12041781842708588 0.022321589027221006 0.0333780770500501
0 0.497825562953949 0.1160636693239212 0.022321589027221006 0.0333780770500501
0 0.4220108389854431 0.11168477684259415 0.022321589027221006 0.0333780770500501
0 0.3457639515399933 0.1072809100151062 0.022321589027221006 0.0333780770500501
0 0.26908111572265625 0.10285187512636185 0.022321589027221006 0.0333780770500501
0 0.7322614192962646 0.2070644646883011 0.022321589027221006 0.0333780770500501
0 0.6550633907318115 0.20283183455467224 0.022321589027221006 0.0333780770500501
0 0.5774132609367371 0.19857440888881683 0.022321589027221006 0.0333780770500501
0 0.4993070065975189 0.19429199397563934 0.022321589027221006 0.0333780770500501
0 0.42074060440063477 0.18998433649539948 0.022321589027221006 0.0333780770500501
0 0.34171000123023987 0.18565122783184052 0.022321589027221006 0.0333780770500501
0 0.26221105456352234 0.18129244446754456 0.022321589027221006 0.0333780770500501
0 0.7425216436386108 0.2908909320831299 0.022321589027221006 0.0333780770500501
0 0.6624689698219299 0.28675398230552673 0.022321589027221006 0.0333780770500501
0 0.5819298624992371 0.28259190917015076 0.022321589027221006 0.0333780770500501
0 0.5008999109268188 0.27840444445610046 0.022321589027221006 0.0333780770500501
0 0.41937455534935 0.27419140934944153 0.022321589027221006 0.0333780770500501
0 0.3373492956161499 0.2699525058269501 0.022321589027221006 0.0333780770500501
0 0.25481948256492615 0.2656875550746918 0.022321589027221006 0.0333780770500501
0 0.7535762190818787 0.38120734691619873 0.022321589027221006 0.0333780770500501
0 0.6704496741294861 0.3771939277648926 0.022321589027221006 0.0333780770500501
0 0.5867983102798462 0.3731552064418793 0.022321589027221006 0.0333780770500501
0 0.5026172399520874 0.36909088492393494 0.022321589027221006 0.0333780770500501
0 0.4179013669490814 0.36500072479248047 0.022321589027221006 0.0333780770500501
0 0.33264556527137756 0.36088451743125916 0.022321589027221006 0.0333780770500501
0 0.24684464931488037 0.3567419946193695 0.022321589027221006 0.0333780770500501
0 0.7655211091041565 0.4787977635860443 0.022321589027221006 0.0333780770500501
0 0.6790752410888672 0.4749417006969452 0.022321589027221006 0.0333780770500501
0 0.5920615196228027 0.47106030583381653 0.022321589027221006 0.0333780770500501
0 0.5044742822647095 0.46715331077575684 0.022321589027221006 0.0333780770500501
0 0.4163079857826233 0.463220477104187 0.022321589027221006 0.0333780770500501
0 0.3275567293167114 0.45926156640052795 0.022321589027221006 0.0333780770500501
0 0.23821471631526947 0.4552763104438782 0.022321589027221006 0.0333780770500501
0 0.7784683704376221 0.5845778584480286 0.022321589027221006 0.0333780770500501
0 0.6884270906448364 0.5809202790260315 0.022321589027221006 0.0333780770500501
0 0.5977693796157837 0.5772377252578735 0.022321589027221006 0.0333780770500501
0 0.5064888000488281 0.5735297799110413 0.022321589027221006 0.0333780770500501
0 0.41457903385162354 0.5697963237762451 0.022321589027221006 0.0333780770500501
0 0.32203346490859985 0.5660370588302612 0.022321589027221006 0.0333780770500501
0 0.2288454920053482 0.5622516870498657 0.022321589027221006 0.0333780770500501
0 0.792549729347229 0.6996236443519592 0.022321589027221006 0.0333780770500501
0 0.6986010670661926 0.696215033531189 0.022321589027221006 0.0333780770500501
0 0.6039807796478271 0.6927821040153503 0.022321589027221006 0.0333780770500501
0 0.5086816549301147 0.6893244981765747 0.022321589027221006 0.0333780770500501
0 0.4126964509487152 0.6858420372009277 0.022321589027221006 0.0333780770500501
0 0.31601762771606445 0.6823344230651855 0.022321589027221006 0.0333780770500501
0 0.21863771975040436 0.6788012981414795 0.022321589027221006 0.0333780770500501