0 0.30873945355415344 0.3775116801261902 0.019616628065705303 0.026155504087607067
0 0.30320972204208374 0.4404311776161194 0.019616628065705303 0.026155504087607067
0 0.29735085368156433 0.5070955157279968 0.019616628065705303 0.026155504087607067
0 0.2911325693130493 0.5778493881225586 0.019616628065705303 0.026155504087607067
0 0.2845207452774048 0.653080940246582 0.019616628065705303 0.026155504087607067
0 0.27747684717178345 0.7332291603088379 0.019616628065705303 0.026155504087607067
0 0.269957035779953 0.8187922835350037 0.019616628065705303 0.026155504087607067
0 0.3718743622303009 0.3782378137111664 0.019616628065705303 0.026155504087607067
0 0.36817023158073425 0.44116055965423584 0.019616628065705303 0.026155504087607067
0 0.3642456829547882 0.5078273415565491 0.019616628065705303 0.026155504087607067
0 0.3600804805755615 0.5785824656486511 0.019616628065705303 0.026155504087607067
0 0.35565173625946045 0.6538140773773193 0.019616628065705303 0.026155504087607067
0 0.35093364119529724 0.7339606881141663 0.019616628065705303 0.026155504087607067
0 0.3458969295024872 0.8195204138755798 0.019616628065705303 0.026155504087607067
0 0.4349747598171234 0.37896353006362915 0.019616628065705303 0.026155504087607067
0 0.43309420347213745 0.44188955426216125 0.019616628065705303 0.026155504087607067
0 0.4311017692089081 0.5085586905479431 0.019616628065705303 0.026155504087607067
0 0.42898720502853394 0.5793151259422302 0.019616628065705303 0.026155504087607067
0 0.4267388880252838 0.6545466780662537 0.019616628065705303 0.026155504087607067
0 0.4243437349796295 0.7346917986869812 0.019616628065705303 0.026155504087607067
0 0.4217868447303772 0.820248007774353 0.019616628065705303 0.026155504087607067
0 0.49804064631462097 0.3796888589859009 0.019616628065705303 0.026155504087607067
0 0.49798163771629333 0.44261813163757324 0.019616628065705303 0.026155504087607067
0 0.49791914224624634 0.5092896223068237 0.019616628065705303 0.026155504087607067
0 0.49785277247428894 0.5800473093986511 0.019616628065705303 0.026155504087607067
0 0.49778226017951965 0.6552788615226746 0.019616628065705303 0.026155504087607067
0 0.4977070987224579 0.7354223728179932 0.019616628065705303 0.026155504087607067
0 0.4976269006729126 0.820975124835968 0.019616628065705303 0.026155504087607067
0 0.561072051525116 0.38041380047798157 0.019616628065705303 0.026155504087607067
0 0.5628325939178467 0.4433462917804718 0.019616628065705303 0.026155504087607067
0 0.564697802066803 0.5100200772285461 0.019616628065705303 0.026155504087607067
0 0.5666772723197937 0.5807791352272034 0.019616628065705303 0.026155504087607067
0 0.568781852722168 0.656010627746582 0.019616628065705303 0.026155504087607067
0 0.5710238218307495 0.7361525297164917 0.019616628065705303 0.026155504087607067
0 0.573417067527771 0.8217018246650696 0.019616628065705303 0.026155504087607067
0 0.6240690350532532 0.3811383545398712 0.019616628065705303 0.026155504087607067
0 0.6276471018791199 0.44407403469085693 0.019616628065705303 0.026155504087607067
0 0.6314377784729004 0.5107501745223999 0.019616628065705303 0.026155504087607067
0 0.6354607343673706 0.5815104246139526 0.019616628065705303 0.026155504087607067
0 0.6397377848625183 0.6567419171333313 0.019616628065705303 0.026155504087607067
0 0.644294023513794 0.736882209777832 0.019616628065705303 0.026155504087607067
0 0.6491575241088867 0.8224279880523682 0.019616628065705303 0.026155504087607067
0 0.6870315670967102 0.38186249136924744 0.019616628065705303 0.026155504087607067
0 0.6924251317977905 0.444801390171051 0.019616628065705303 0.026155504087607067
0 0.6981391906738281 0.5114798545837402 0.019616628065705303 0.026155504087607067
0 0.7042031288146973 0.5822413563728333 0.019616628065705303 0.026155504087607067
0 0.7106500864028931 0.6574727296829224 0.019616628065705303 0.026155504087607067
0 0.717517614364624 0.7376114130020142 0.019616628065705303 0.026155504087607067
0 0.7248481512069702 0.8231536746025085 0.019616628065705303 0.026155504087607067