0 0.706099808216095 0.2777932584285736 0.03236264983812968 0.03236264983812968
0 0.6356679201126099 0.278424471616745 0.03236264983812968 0.03236264983812968
0 0.564923882484436 0.2790584862232208 0.03236264983812968 0.03236264983812968
0 0.49386557936668396 0.2796953320503235 0.03236264983812968 0.03236264983812968
0 0.4224909543991089 0.280335009098053 0.03236264983812968 0.03236264983812968
0 0.3507978618144989 0.2809775471687317 0.03236264983812968 0.03236264983812968
0 0.27878421545028687 0.2816229462623596 0.03236264983812968 0.03236264983812968
0 0.716045081615448 0.3357667922973633 0.03236264983812968 0.03236264983812968
0 0.6428616046905518 0.3365561366081238 0.03236264983812968 0.03236264983812968
0 0.5693410038948059 0.3373490869998932 0.03236264983812968 0.03236264983812968
0 0.4954809248447418 0.3381457030773163 0.03236264983812968 0.03236264983812968
0 0.4212789535522461 0.33894601464271545 0.03236264983812968 0.03236264983812968
0 0.3467327952384949 0.3397500514984131 0.03236264983812968 0.03236264983812968
0 0.27183997631073 0.3405578136444092 0.03236264983812968 0.03236264983812968
0 0.7268040180206299 0.39848360419273376 0.03236264983812968 0.03236264983812968
0 0.6506453156471252 0.39945533871650696 0.03236264983812968 0.03236264983812968
0 0.5741212964057922 0.400431752204895 0.03236264983812968 0.03236264983812968
0 0.49722936749458313 0.40141284465789795 0.03236264983812968 0.03236264983812968
0 0.41996684670448303 0.4023986756801605 0.03236264983812968 0.03236264983812968
0 0.34233108162879944 0.40338924527168274 0.03236264983812968 0.03236264983812968
0 0.2643193304538727 0.40438464283943176 0.03236264983812968 0.03236264983812968
0 0.738480806350708 0.4665506184101105 0.03236264983812968 0.03236264983812968
0 0.6590946316719055 0.4677337110042572 0.03236264983812968 0.03236264983812968
0 0.5793114304542542 0.4689227342605591 0.03236264983812968 0.03236264983812968
0 0.4991281032562256 0.4701177179813385 0.03236264983812968 0.03236264983812968
0 0.41854169964790344 0.47131872177124023 0.03236264983812968 0.03236264983812968
0 0.3375491499900818 0.4725257456302643 0.03236264983812968 0.03236264983812968
0 0.2561473846435547 0.4737389087677002 0.03236264983812968 0.03236264983812968
0 0.7511980533599854 0.5406829714775085 0.03236264983812968 0.03236264983812968
0 0.6682988405227661 0.5421121120452881 0.03236264983812968 0.03236264983812968
0 0.5849664211273193 0.5435487627983093 0.03236264983812968 0.03236264983812968
0 0.501197338104248 0.5449929237365723 0.03236264983812968 0.03236264983812968
0 0.41698822379112244 0.5464446544647217 0.03236264983812968 0.03236264983812968
0 0.332335501909256 0.5479040145874023 0.03236264983812968 0.03236264983812968
0 0.2472357451915741 0.5493711233139038 0.03236264983812968 0.03236264983812968
0 0.7651013731956482 0.6217291355133057 0.03236264983812968 0.03236264983812968
0 0.6783638596534729 0.6234462261199951 0.03236264983812968 0.03236264983812968
0 0.5911517143249512 0.6251727342605591 0.03236264983812968 0.03236264983812968
0 0.5034611821174622 0.6269086599349976 0.03236264983812968 0.03236264983812968
0 0.4152882397174835 0.6286541223526001 0.03236264983812968 0.03236264983812968
0 0.3266289234161377 0.630409300327301 0.03236264983812968 0.03236264983812968
0 0.23747915029525757 0.6321741342544556 0.03236264983812968 0.03236264983812968
0 0.7803648114204407 0.7107037305831909 0.03236264983812968 0.03236264983812968
0 0.689416229724884 0.7127596735954285 0.03236264983812968 0.03236264983812968
0 0.5979455709457397 0.7148274183273315 0.03236264983812968 0.03236264983812968
0 0.5059484243392944 0.7169070243835449 0.03236264983812968 0.03236264983812968
0 0.41342005133628845 0.7189986705780029 0.03236264983812968 0.03236264983812968
0 0.32035598158836365 0.7211024761199951 0.03236264983812968 0.03236264983812968
0 0.22675150632858276 0.7232184410095215 0.03236264983812968 0.03236264983812968