0 0.7028021216392517 0.2883952856063843 0.03235463549693426 0.03235463549693426
0 0.6330686807632446 0.289183646440506 0.03235463549693426 0.03235463549693426
0 0.5633056163787842 0.28997233510017395 0.03235463549693426 0.03235463549693426
0 0.493512898683548 0.2907613515853882 0.03235463549693426 0.03235463549693426
0 0.4236905574798584 0.29155072569847107 0.03235463549693426 0.03235463549693426
0 0.3538385331630707 0.2923404276371002 0.03235463549693426 0.03235463549693426
0 0.2839567959308624 0.29313045740127563 0.03235463549693426 0.03235463549693426
0 0.712925374507904 0.3427043557167053 0.03235463549693426 0.03235463549693426
0 0.6402814984321594 0.34353765845298767 0.03235463549693426 0.03235463549693426
0 0.5676054954528809 0.34437134861946106 0.03235463549693426 0.03235463549693426
0 0.49489733576774597 0.3452053666114807 0.03235463549693426 0.03235463549693426
0 0.42215695977211 0.3460397720336914 0.03235463549693426 0.03235463549693426
0 0.3493843972682953 0.34687456488609314 0.03235463549693426 0.03235463549693426
0 0.2765795886516571 0.3477097153663635 0.03235463549693426 0.03235463549693426
0 0.7239310145378113 0.401746928691864 0.03235463549693426 0.03235463549693426
0 0.6481232047080994 0.40263018012046814 0.03235463549693426 0.03235463549693426
0 0.5722803473472595 0.4035138487815857 0.03235463549693426 0.03235463549693426
0 0.4964025020599365 0.4043979048728943 0.03235463549693426 0.03235463549693426
0 0.4204895794391632 0.4052824079990387 0.03235463549693426 0.03235463549693426
0 0.34454160928726196 0.40616726875305176 0.03235463549693426 0.03235463549693426
0 0.2685585021972656 0.40705257654190063 0.03235463549693426 0.03235463549693426
0 0.7359395623207092 0.4661700427532196 0.03235463549693426 0.03235463549693426
0 0.656679630279541 0.4671091139316559 0.03235463549693426 0.03235463549693426
0 0.577381432056427 0.4680486023426056 0.03235463549693426 0.03235463549693426
0 0.4980449378490448 0.4689885675907135 0.03235463549693426 0.03235463549693426
0 0.418670117855072 0.4699289798736572 0.03235463549693426 0.03235463549693426
0 0.3392569422721863 0.47086986899375916 0.03235463549693426 0.03235463549693426
0 0.2598054111003876 0.4718111753463745 0.03235463549693426 0.03235463549693426
0 0.7490946650505066 0.5367442965507507 0.03235463549693426 0.03235463549693426
0 0.6660532355308533 0.537746012210846 0.03235463549693426 0.03235463549693426
0 0.5829697847366333 0.5387482643127441 0.03235463549693426 0.03235463549693426
0 0.4998443126678467 0.5397510528564453 0.03235463549693426 0.03235463549693426
0 0.41667675971984863 0.5407543182373047 0.03235463549693426 0.03235463549693426
0 0.3334670960903168 0.5417580604553223 0.03235463549693426 0.03235463549693426
0 0.2502152919769287 0.5427623391151428 0.03235463549693426 0.03235463549693426
0 0.7635688185691833 0.6143947839736938 0.03235463549693426 0.03235463549693426
0 0.6763669848442078 0.615467369556427 0.03235463549693426 0.03235463549693426
0 0.5891187787055969 0.6165405511856079 0.03235463549693426 0.03235463549693426
0 0.5018242597579956 0.6176142692565918 0.03235463549693426 0.03235463549693426
0 0.41448330879211426 0.6186885833740234 0.03235463549693426 0.03235463549693426
0 0.3270959258079529 0.6197634935379028 0.03235463549693426 0.03235463549693426
0 0.2396620661020279 0.6208389401435852 0.03235463549693426 0.03235463549693426
0 0.7795708775520325 0.7002419829368591 0.03235463549693426 0.03235463549693426
0 0.6877697110176086 0.7013952136039734 0.03235463549693426 0.03235463549693426
0 0.5959172248840332 0.7025490999221802 0.03235463549693426 0.03235463549693426
0 0.5040133595466614 0.7037036418914795 0.03235463549693426 0.03235463549693426
0 0.4120580554008484 0.7048587799072266 0.03235463549693426 0.03235463549693426
0 0.32005128264427185 0.7060145735740662 0.03235463549693426 0.03235463549693426
0 0.227992981672287 0.7071710228919983 0.03235463549693426 0.03235463549693426