0 0.7243120074272156 0.15390492975711823 0.03609328716993332 0.03609328716993332
0 0.6445021629333496 0.1583467423915863 0.03609328716993332 0.03609328716993332
0 0.5649687647819519 0.16277317702770233 0.03609328716993332 0.03609328716993332
0 0.48571041226387024 0.16718430817127228 0.03609328716993332 0.03609328716993332
0 0.4067256450653076 0.17158019542694092 0.03609328716993332 0.03609328716993332
0 0.3280130922794342 0.1759609431028366 0.03609328716993332 0.03609328716993332
0 0.2495712786912918 0.18032662570476532 0.03609328716993332 0.03609328716993332
0 0.732063889503479 0.20948630571365356 0.03609328716993332 0.03609328716993332
0 0.6490418314933777 0.21400582790374756 0.03609328716993332 0.03609328716993332
0 0.566318929195404 0.21850906312465668 0.03609328716993332 0.03609328716993332
0 0.4838934540748596 0.22299610078334808 0.03609328716993332 0.03609328716993332
0 0.4017638564109802 0.22746703028678894 0.03609328716993332 0.03609328716993332
0 0.31992852687835693 0.2319219559431076 0.03609328716993332 0.03609328716993332
0 0.23838591575622559 0.23636093735694885 0.03609328716993332 0.03609328716993332
0 0.7404642105102539 0.2697169780731201 0.03609328716993332 0.03609328716993332
0 0.6539605855941772 0.27431195974349976 0.03609328716993332 0.03609328716993332
0 0.5677815675735474 0.27888965606689453 0.03609328716993332 0.03609328716993332
0 0.4819253385066986 0.28345024585723877 0.03609328716993332 0.03609328716993332
0 0.3963901102542877 0.28799375891685486 0.03609328716993332 0.03609328716993332
0 0.31117403507232666 0.29252034425735474 0.03609328716993332 0.03609328716993332
0 0.22627536952495575 0.2970300614833832 0.03609328716993332 0.03609328716993332
0 0.7495979070663452 0.3352057933807373 0.03609328716993332 0.03609328716993332
0 0.6593078970909119 0.33987244963645935 0.03609328716993332 0.03609328716993332
0 0.5693714022636414 0.3445208668708801 0.03609328716993332 0.03609328716993332
0 0.4797864258289337 0.349151074886322 0.03609328716993332 0.03609328716993332
0 0.3905508816242218 0.35376325249671936 0.03609328716993332 0.03609328716993332
0 0.30166271328926086 0.3583574891090393 0.03609328716993332 0.03609328716993332
0 0.21311989426612854 0.36293384432792664 0.03609328716993332 0.03609328716993332
0 0.7595652937889099 0.4066726863384247 0.03609328716993332 0.03609328716993332
0 0.665142297744751 0.4114053547382355 0.03609328716993332 0.03609328716993332
0 0.5711057782173157 0.4161186218261719 0.03609328716993332 0.03609328716993332
0 0.47745347023010254 0.4208126366138458 0.03609328716993332 0.03609328716993332
0 0.38418298959732056 0.4254875183105469 0.03609328716993332 0.03609328716993332
0 0.2912919819355011 0.4301433861255646 0.03609328716993332 0.03609328716993332
0 0.1987781673669815 0.4347803294658661 0.03609328716993332 0.03609328716993332
0 0.7704861164093018 0.4849754273891449 0.03609328716993332 0.03609328716993332
0 0.6715335845947266 0.48976564407348633 0.03609328716993332 0.03609328716993332
0 0.5730053782463074 0.49453532695770264 0.03609328716993332 0.03609328716993332
0 0.4748988151550293 0.49928462505340576 0.03609328716993332 0.03609328716993332
0 0.37721118330955505 0.5040135979652405 0.03609328716993332 0.03609328716993332
0 0.2799398601055145 0.5087224841117859 0.03609328716993332 0.03609328716993332
0 0.18308214843273163 0.513411283493042 0.03609328716993332 0.03609328716993332
0 0.7825040221214294 0.5711439847946167 0.03609328716993332 0.03609328716993332
0 0.6785654425621033 0.5759798288345337 0.03609328716993332 0.03609328716993332
0 0.5750948786735535 0.5807938575744629 0.03609328716993332 0.03609328716993332
0 0.4720892310142517 0.5855863094329834 0.03609328716993332 0.03609328716993332
0 0.3695453405380249 0.59035724401474 0.03609328716993332 0.03609328716993332
0 0.2674601078033447 0.5951068997383118 0.03609328716993332 0.03609328716993332
0 0.16583049297332764 0.5998352766036987 0.03609328716993332 0.03609328716993332