0 0.2573792040348053 0.23957759141921997 0.03445661813020706 0.03445661813020706
0 0.332363486289978 0.24032267928123474 0.03445661813020706 0.03445661813020706
0 0.4073331654071808 0.24106764793395996 0.03445661813020706 0.03445661813020706
0 0.4822881817817688 0.24181245267391205 0.03445661813020706 0.03445661813020706
0 0.5572285652160645 0.2425571233034134 0.03445661813020706 0.03445661813020706
0 0.6321542859077454 0.2433016449213028 0.03445661813020706 0.03445661813020706
0 0.7070654630661011 0.24404601752758026 0.03445661813020706 0.03445661813020706
0 0.24762755632400513 0.29201313853263855 0.03445661813020706 0.03445661813020706
0 0.32567882537841797 0.29278337955474854 0.03445661813020706 0.03445661813020706
0 0.40371420979499817 0.2935534417629242 0.03445661813020706 0.03445661813020706
0 0.4817337393760681 0.2943233847618103 0.03445661813020706 0.03445661813020706
0 0.5597373843193054 0.2950931489467621 0.03445661813020706 0.03445661813020706
0 0.6377252340316772 0.29586276412010193 0.03445661813020706 0.03445661813020706
0 0.7156972289085388 0.29663220047950745 0.03445661813020706 0.03445661813020706
0 0.23704439401626587 0.34891992807388306 0.03445661813020706 0.03445661813020706
0 0.31842419505119324 0.3497169613838196 0.03445661813020706 0.03445661813020706
0 0.39978671073913574 0.35051384568214417 0.03445661813020706 0.03445661813020706
0 0.48113203048706055 0.3513105511665344 0.03445661813020706 0.03445661813020706
0 0.5624600648880005 0.35210707783699036 0.03445661813020706 0.03445661813020706
0 0.6437709331512451 0.35290345549583435 0.03445661813020706 0.03445661813020706
0 0.7250645160675049 0.353699654340744 0.03445661813020706 0.03445661813020706
0 0.225518599152565 0.41089531779289246 0.03445661813020706 0.03445661813020706
0 0.31052345037460327 0.41172102093696594 0.03445661813020706 0.03445661813020706
0 0.3955095112323761 0.4125464856624603 0.03445661813020706 0.03445661813020706
0 0.4804767370223999 0.4133718013763428 0.03445661813020706 0.03445661813020706
0 0.5654251575469971 0.4141969382762909 0.03445661813020706 0.03445661813020706
0 0.65035480260849 0.4150218963623047 0.03445661813020706 0.03445661813020706
0 0.7352656722068787 0.41584664583206177 0.03445661813020706 0.03445661813020706
0 0.21291835606098175 0.4786481261253357 0.03445661813020706 0.03445661813020706
0 0.30188632011413574 0.47950440645217896 0.03445661813020706 0.03445661813020706
0 0.39083364605903625 0.4803605377674103 0.03445661813020706 0.03445661813020706
0 0.47976040840148926 0.4812164306640625 0.03445661813020706 0.03445661813020706
0 0.5686665177345276 0.4820721447467804 0.03445661813020706 0.03445661813020706
0 0.6575521230697632 0.4829276502132416 0.03445661813020706 0.03445661813020706
0 0.7464170455932617 0.48378297686576843 0.03445661813020706 0.03445661813020706
0 0.19908609986305237 0.5530256032943726 0.03445661813020706 0.03445661813020706
0 0.29240474104881287 0.5539147257804871 0.03445661813020706 0.03445661813020706
0 0.3857007324695587 0.5548036694526672 0.03445661813020706 0.03445661813020706
0 0.47897404432296753 0.5556923747062683 0.03445661813020706 0.03445661813020706
0 0.5722246766090393 0.5565808415412903 0.03445661813020706 0.03445661813020706
0 0.6654527187347412 0.5574690699577332 0.03445661813020706 0.03445661813020706
0 0.7586580514907837 0.5583571195602417 0.03445661813020706 0.03445661813020706
0 0.1838318258523941 0.6350494027137756 0.03445661813020706 0.03445661813020706
0 0.2819485664367676 0.6359737515449524 0.03445661813020706 0.03445661813020706
0 0.3800402581691742 0.63689786195755 0.03445661813020706 0.03445661813020706
0 0.47810688614845276 0.6378217339515686 0.03445661813020706 0.03445661813020706
0 0.5761484503746033 0.6387453675270081 0.03445661813020706 0.03445661813020706
0 0.6741649508476257 0.6396687626838684 0.03445661813020706 0.03445661813020706
0 0.7721564769744873 0.6405919194221497 0.03445661813020706 0.03445661813020706