0 0.23839406669139862 0.6526015400886536 0.0334936852256457 0.0334936852256457
0 0.3360081613063812 0.6529882550239563 0.0334936852256457 0.0334936852256457
0 0.43332239985466003 0.6533737778663635 0.0334936852256457 0.0334936852256457
0 0.5303381681442261 0.6537581086158752 0.0334936852256457 0.0334936852256457
0 0.6270568370819092 0.6541413068771362 0.0334936852256457 0.0334936852256457
0 0.7234798073768616 0.6545233130455017 0.0334936852256457 0.0334936852256457
0 0.8196083903312683 0.6549041271209717 0.0334936852256457 0.0334936852256457
0 0.24757243692874908 0.5599764585494995 0.0334936852256457 0.0334936852256457
0 0.34177613258361816 0.5604872703552246 0.0334936852256457 0.0334936852256457
0 0.43570050597190857 0.5609965324401855 0.0334936852256457 0.0334936852256457
0 0.5293468236923218 0.5615043044090271 0.0334936852256457 0.0334936852256457
0 0.6227163076400757 0.5620105266571045 0.0334936852256457 0.0334936852256457
0 0.7158101201057434 0.5625153183937073 0.0334936852256457 0.0334936852256457
0 0.80862957239151 0.5630185604095459 0.0334936852256457 0.0334936852256457
0 0.2561326324939728 0.4735899269580841 0.0334936852256457 0.0334936852256457
0 0.3471561670303345 0.47420749068260193 0.0334936852256457 0.0334936852256457
0 0.43791890144348145 0.4748232662677765 0.0334936852256457 0.0334936852256457
0 0.528421938419342 0.4754372835159302 0.0334936852256457 0.0334936852256457
0 0.6186663508415222 0.476049542427063 0.0334936852256457 0.0334936852256457
0 0.7086533308029175 0.4766600430011749 0.0334936852256457 0.0334936852256457
0 0.798383891582489 0.4772688150405884 0.0334936852256457 0.0334936852256457
0 0.26413506269454956 0.3928321599960327 0.0334936852256457 0.0334936852256457
0 0.3521861732006073 0.39354169368743896 0.0334936852256457 0.0334936852256457
0 0.4399931728839874 0.39424929022789 0.0334936852256457 0.0334936852256457
0 0.5275570750236511 0.3949549198150635 0.0334936852256457 0.0334936852256457
0 0.6148788928985596 0.39565861225128174 0.0334936852256457 0.0334936852256457
0 0.7019596695899963 0.3963603377342224 0.0334936852256457 0.0334936852256457
0 0.7888002991676331 0.3970601260662079 0.0334936852256457 0.0334936852256457
0 0.27163252234458923 0.3171703517436981 0.0334936852256457 0.0334936852256457
0 0.3568991720676422 0.3179592788219452 0.0334936852256457 0.0334936852256457
0 0.4419368803501129 0.31874606013298035 0.0334936852256457 0.0334936852256457
0 0.5267465710639954 0.31953075528144836 0.0334936852256457 0.0334936852256457
0 0.6113291382789612 0.32031333446502686 0.0334936852256457 0.0334936852256457
0 0.6956855058670044 0.3210938274860382 0.0334936852256457 0.0334936852256457
0 0.7798165678977966 0.3218722343444824 0.0334936852256457 0.0334936852256457
0 0.2786713242530823 0.24613693356513977 0.0334936852256457 0.0334936852256457
0 0.3613242506980896 0.24699433147907257 0.0334936852256457 0.0334936852256457
0 0.44376200437545776 0.2478494942188263 0.0334936852256457 0.0334936852256457
0 0.5259854197502136 0.24870243668556213 0.0334936852256457 0.0334936852256457
0 0.6079953908920288 0.2495531588792801 0.0334936852256457 0.0334936852256457
0 0.6897926926612854 0.25040167570114136 0.0334936852256457 0.0334936852256457
0 0.7713781595230103 0.25124800205230713 0.0334936852256457 0.0334936852256457
0 0.2852923572063446 0.179319828748703 0.0334936852256457 0.0334936852256457
0 0.3654870092868805 0.1802363097667694 0.0334936852256457 0.0334936852256457
0 0.44547906517982483 0.18115046620368958 0.0334936852256457 0.0334936852256457
0 0.5252693295478821 0.1820623278617859 0.0334936852256457 0.0334936852256457
0 0.6048585176467896 0.18297187983989716 0.0334936852256457 0.0334936852256457
0 0.6842474341392517 0.18387915194034576 0.0334936852256457 0.0334936852256457
0 0.7634367942810059 0.1847841441631317 0.0334936852256457 0.0334936852256457