0 0.23561453819274902 0.6524641513824463 0.03365393976370493 0.03365393976370493
0 0.33367133140563965 0.6528512835502625 0.03365393976370493 0.03365393976370493
0 0.43142637610435486 0.6532372832298279 0.03365393976370493 0.03365393976370493
0 0.5288810729980469 0.653622031211853 0.03365393976370493 0.03365393976370493
0 0.6260368227958679 0.6540055871009827 0.03365393976370493 0.03365393976370493
0 0.7228949666023254 0.6543880105018616 0.03365393976370493 0.03365393976370493
0 0.8194568753242493 0.654769241809845 0.03365393976370493 0.03365393976370493
0 0.24532601237297058 0.5597571730613708 0.03365393976370493 0.03365393976370493
0 0.3399336636066437 0.5602686405181885 0.03365393976370493 0.03365393976370493
0 0.43426039814949036 0.5607784986495972 0.03365393976370493 0.03365393976370493
0 0.5283074378967285 0.5612869262695312 0.03365393976370493 0.03365393976370493
0 0.6220760345458984 0.5617938041687012 0.03365393976370493 0.03365393976370493
0 0.715567409992218 0.5622992515563965 0.03365393976370493 0.03365393976370493
0 0.8087827563285828 0.5628031492233276 0.03365393976370493 0.03365393976370493
0 0.2543792128562927 0.47333401441574097 0.03365393976370493 0.03365393976370493
0 0.3457721471786499 0.4739522933959961 0.03365393976370493 0.03365393976370493
0 0.43690288066864014 0.47456881403923035 0.03365393976370493 0.03365393976370493
0 0.5277724862098694 0.47518354654312134 0.03365393976370493 0.03365393976370493
0 0.6183821558952332 0.47579655051231384 0.03365393976370493 0.03365393976370493
0 0.7087329030036926 0.4764077663421631 0.03365393976370493 0.03365393976370493
0 0.7988259792327881 0.47701725363731384 0.03365393976370493 0.03365393976370493
0 0.2628389000892639 0.3925767242908478 0.03365393976370493 0.03365393976370493
0 0.35122841596603394 0.39328697323799133 0.03365393976370493 0.03365393976370493
0 0.43937259912490845 0.3939952850341797 0.03365393976370493 0.03365393976370493
0 0.5272724628448486 0.39470160007476807 0.03365393976370493 0.03365393976370493
0 0.6149290800094604 0.39540597796440125 0.03365393976370493 0.03365393976370493
0 0.7023434638977051 0.3961084187030792 0.03365393976370493 0.03365393976370493
0 0.7895165085792542 0.396808922290802 0.03365393976370493 0.03365393976370493
0 0.2707615792751312 0.31694579124450684 0.03365393976370493 0.03365393976370493
0 0.356338769197464 0.31773531436920166 0.03365393976370493 0.03365393976370493
0 0.4416859447956085 0.31852272152900696 0.03365393976370493 0.03365393976370493
0 0.5268040895462036 0.31930801272392273 0.03365393976370493 0.03365393976370493
0 0.6116940975189209 0.320091187953949 0.03365393976370493 0.03365393976370493
0 0.6963568329811096 0.3208722770214081 0.03365393976370493 0.03365393976370493
0 0.7807932496070862 0.32165125012397766 0.03365393976370493 0.03365393976370493
0 0.2781968116760254 0.24596814811229706 0.03365393976370493 0.03365393976370493
0 0.3611351251602173 0.24682597815990448 0.03365393976370493 0.03365393976370493
0 0.4438573718070984 0.24768158793449402 0.03365393976370493 0.03365393976370493
0 0.5263643860816956 0.24853496253490448 0.03365393976370493 0.03365393976370493
0 0.6086570620536804 0.24938611686229706 0.03365393976370493 0.03365393976370493
0 0.6907361745834351 0.25023505091667175 0.03365393976370493 0.03365393976370493
0 0.7726025581359863 0.25108182430267334 0.03365393976370493 0.03365393976370493
0 0.285188227891922 0.17922714352607727 0.03365393976370493 0.03365393976370493
0 0.36564552783966064 0.18014384806156158 0.03365393976370493 0.03365393976370493
0 0.44589948654174805 0.18105825781822205 0.03365393976370493 0.03365393976370493
0 0.5259508490562439 0.18197034299373627 0.03365393976370493 0.03365393976370493
0 0.6058003902435303 0.18288013339042664 0.03365393976370493 0.03365393976370493
0 0.6854488849639893 0.18378762900829315 0.03365393976370493 0.03365393976370493
0 0.7648970484733582 0.1846928596496582 0.03365393976370493 0.03365393976370493