0 0.6910579800605774 0.15432511270046234 0.022900876573597392 0.03424430141846339
0 0.6158469915390015 0.15398234128952026 0.022900876573597392 0.03424430141846339
0 0.5400282740592957 0.15363681316375732 0.022900876573597392 0.03424430141846339
0 0.4635944366455078 0.15328846871852875 0.022900876573597392 0.03424430141846339
0 0.38653796911239624 0.15293729305267334 0.022900876573597392 0.03424430141846339
0 0.3088512122631073 0.1525832563638687 0.022900876573597392 0.03424430141846339
0 0.23052643239498138 0.1522262990474701 0.022900876573597392 0.03424430141846339
0 0.7033773064613342 0.233916774392128 0.022900876573597392 0.03424430141846339
0 0.6254361867904663 0.23389343917369843 0.022900876573597392 0.03424430141846339
0 0.5468418598175049 0.23386991024017334 0.022900876573597392 0.03424430141846339
0 0.4675861597061157 0.23384617269039154 0.022900876573597392 0.03424430141846339
0 0.3876606523990631 0.23382225632667542 0.022900876573597392 0.03424430141846339
0 0.30705681443214417 0.23379811644554138 0.022900876573597392 0.03424430141846339
0 0.22576597332954407 0.23377378284931183 0.022900876573597392 0.03424430141846339
0 0.7166387438774109 0.31959521770477295 0.022900876573597392 0.03424430141846339
0 0.6357618570327759 0.3199422061443329 0.022900876573597392 0.03424430141846339
0 0.5541810989379883 0.32029223442077637 0.022900876573597392 0.03424430141846339
0 0.47188717126846313 0.3206453323364258 0.022900876573597392 0.03424430141846339
0 0.3888706862926483 0.3210015296936035 0.022900876573597392 0.03424430141846339
0 0.30512213706970215 0.32136085629463196 0.022900876573597392 0.03424430141846339
0 0.22063177824020386 0.3217233717441559 0.022900876573597392 0.03424430141846339
0 0.730954647064209 0.41208645701408386 0.022900876573597392 0.03424430141846339
0 0.6469123363494873 0.4128640592098236 0.022900876573597392 0.03424430141846339
0 0.5621091723442078 0.41364872455596924 0.022900876573597392 0.03424430141846339
0 0.47653481364250183 0.4144405424594879 0.022900876573597392 0.03424430141846339
0 0.39017874002456665 0.4152395725250244 0.022900876573597392 0.03424430141846339
0 0.3030301332473755 0.4160459339618683 0.022900876573597392 0.03424430141846339
0 0.21507804095745087 0.4168597459793091 0.022900876573597392 0.03424430141846339
0 0.7464560270309448 0.5122367143630981 0.022900876573597392 0.03424430141846339
0 0.6589904427528381 0.5135167241096497 0.022900876573597392 0.03424430141846339
0 0.57069993019104 0.5148087739944458 0.022900876573597392 0.03424430141846339
0 0.48157280683517456 0.5161131024360657 0.022900876573597392 0.03424430141846339
0 0.39159712195396423 0.5174298882484436 0.022900876573597392 0.03424430141846339
0 0.3007607161998749 0.5187592506408691 0.022900876573597392 0.03424430141846339
0 0.20905114710330963 0.5201013684272766 0.022900876573597392 0.03424430141846339
0 0.7632965445518494 0.6210383772850037 0.022900876573597392 0.03424430141846339
0 0.6721170544624329 0.6229067444801331 0.022900876573597392 0.03424430141846339
0 0.5800400972366333 0.624793529510498 0.022900876573597392 0.03424430141846339
0 0.48705247044563293 0.6266989707946777 0.022900876573597392 0.03424430141846339
0 0.3931404948234558 0.628623366355896 0.022900876573597392 0.03424430141846339
0 0.2982903718948364 0.6305669546127319 0.022900876573597392 0.03424430141846339
0 0.20248793065547943 0.6325300931930542 0.022900876573597392 0.03424430141846339
0 0.7816573977470398 0.7396631836891174 0.022900876573597392 0.03424430141846339
0 0.686434805393219 0.7422236204147339 0.022900876573597392 0.03424430141846339
0 0.590232253074646 0.7448104023933411 0.022900876573597392 0.03424430141846339
0 0.4930345416069031 0.7474239468574524 0.022900876573597392 0.03424430141846339
0 0.39482611417770386 0.7500646710395813 0.022900876573597392 0.03424430141846339
0 0.29559117555618286 0.7527329921722412 0.022900876573597392 0.03424430141846339
0 0.1953134983778 0.7554293274879456 0.022900876573597392 0.03424430141846339