0 0.33133718371391296 0.22136472165584564 0.012070560827851295 0.02145877480506897
0 0.3262506127357483 0.27359887957572937 0.012070560827851295 0.02145877480506897
0 0.32079869508743286 0.32958468794822693 0.012070560827851295 0.02145877480506897
0 0.31494060158729553 0.38974133133888245 0.012070560827851295 0.02145877480506897
0 0.30862921476364136 0.4545529782772064 0.012070560827851295 0.02145877480506897
0 0.30180978775024414 0.5245816707611084 0.012070560827851295 0.02145877480506897
0 0.2944183945655823 0.6004837155342102 0.012070560827851295 0.02145877480506897
0 0.37579357624053955 0.2225203663110733 0.012070560827851295 0.02145877480506897
0 0.37225255370140076 0.2747296094894409 0.012070560827851295 0.02145877480506897
0 0.36845752596855164 0.3306838870048523 0.012070560827851295 0.02145877480506897
0 0.3643801510334015 0.3908011019229889 0.012070560827851295 0.02145877480506897
0 0.35998770594596863 0.45556381344795227 0.012070560827851295 0.02145877480506897
0 0.35524219274520874 0.525532066822052 0.012070560827851295 0.02145877480506897
0 0.35009926557540894 0.6013598442077637 0.012070560827851295 0.02145877480506897
0 0.4201432764530182 0.22367322444915771 0.012070560827851295 0.02145877480506897
0 0.4181402623653412 0.275857537984848 0.012070560827851295 0.02145877480506897
0 0.4159937798976898 0.3317802846431732 0.012070560827851295 0.02145877480506897
0 0.4136878252029419 0.3918580412864685 0.012070560827851295 0.02145877480506897
0 0.41120392084121704 0.4565718173980713 0.012070560827851295 0.02145877480506897
0 0.4085206389427185 0.5264797210693359 0.012070560827851295 0.02145877480506897
0 0.405612975358963 0.6022332906723022 0.012070560827851295 0.02145877480506897
0 0.4643866717815399 0.22482334077358246 0.012070560827851295 0.02145877480506897
0 0.4639142155647278 0.27698269486427307 0.012070560827851295 0.02145877480506897
0 0.463407963514328 0.3328738510608673 0.012070560827851295 0.02145877480506897
0 0.4628641605377197 0.3929121792316437 0.012070560827851295 0.02145877480506897
0 0.46227845549583435 0.45757704973220825 0.012070560827851295 0.02145877480506897
0 0.46164578199386597 0.527424693107605 0.012070560827851295 0.02145877480506897
0 0.4609602987766266 0.6031041741371155 0.012070560827851295 0.02145877480506897
0 0.5085241198539734 0.22597070038318634 0.012070560827851295 0.02145877480506897
0 0.509574830532074 0.2781050205230713 0.012070560827851295 0.02145877480506897
0 0.510700523853302 0.33396461606025696 0.012070560827851295 0.02145877480506897
0 0.5119097232818604 0.393963485956192 0.012070560827851295 0.02145877480506897
0 0.5132119059562683 0.45857951045036316 0.012070560827851295 0.02145877480506897
0 0.5146183371543884 0.5283669233322144 0.012070560827851295 0.02145877480506897
0 0.5161420106887817 0.6039724349975586 0.012070560827851295 0.02145877480506897
0 0.5525560975074768 0.22711530327796936 0.012070560827851295 0.02145877480506897
0 0.555122435092926 0.27922460436820984 0.012070560827851295 0.02145877480506897
0 0.55787193775177 0.33505257964134216 0.012070560827851295 0.02145877480506897
0 0.5608249306678772 0.3950120210647583 0.012070560827851295 0.02145877480506897
0 0.5640048384666443 0.459579199552536 0.012070560827851295 0.02145877480506897
0 0.5674389004707336 0.5293064713478088 0.012070560827851295 0.02145877480506897
0 0.5711588263511658 0.6048381328582764 0.012070560827851295 0.02145877480506897
0 0.5964828729629517 0.2282571792602539 0.012070560827851295 0.02145877480506897
0 0.6005575656890869 0.28034138679504395 0.012070560827851295 0.02145877480506897
0 0.6049226522445679 0.3361377418041229 0.012070560827851295 0.02145877480506897
0 0.609610378742218 0.39605778455734253 0.012070560827851295 0.02145877480506897
0 0.6146578788757324 0.4605761468410492 0.012070560827851295 0.02145877480506897
0 0.6201081275939941 0.5302433371543884 0.012070560827851295 0.02145877480506897
0 0.6260114312171936 0.605701208114624 0.012070560827851295 0.02145877480506897