0 0.7055661678314209 0.16446398198604584 0.02281528920866549 0.03411632031202316
0 0.6298582553863525 0.1635047346353531 0.02281528920866549 0.03411632031202316
0 0.5536183714866638 0.16253872215747833 0.02281528920866549 0.03411632031202316
0 0.47684091329574585 0.16156591475009918 0.02281528920866549 0.03411632031202316
0 0.3995201587677002 0.16058622300624847 0.02281528920866549 0.03411632031202316
0 0.32165026664733887 0.15959955751895905 0.02281528920866549 0.03411632031202316
0 0.24322545528411865 0.15860587358474731 0.02281528920866549 0.03411632031202316
0 0.717357337474823 0.2443826049566269 0.02281528920866549 0.03411632031202316
0 0.6389331817626953 0.24367837607860565 0.02281528920866549 0.03411632031202316
0 0.5599378347396851 0.24296902120113373 0.02281528920866549 0.03411632031202316
0 0.48036494851112366 0.24225448071956635 0.02281528920866549 0.03411632031202316
0 0.4002082645893097 0.24153469502925873 0.02281528920866549 0.03411632031202316
0 0.31946131587028503 0.2408096045255661 0.02281528920866549 0.03411632031202316
0 0.238117516040802 0.24007916450500488 0.02281528920866549 0.03411632031202316
0 0.7300370931625366 0.33032384514808655 0.02281528920866549 0.03411632031202316
0 0.6486945748329163 0.3299166262149811 0.02281528920866549 0.03411632031202316
0 0.5667370557785034 0.3295063078403473 0.02281528920866549 0.03411632031202316
0 0.48415759205818176 0.3290928900241852 0.02281528920866549 0.03411632031202316
0 0.40094903111457825 0.32867634296417236 0.02281528920866549 0.03411632031202316
0 0.3171042203903198 0.3282565772533417 0.02281528920866549 0.03411632031202316
0 0.23261579871177673 0.3278336226940155 0.02281528920866549 0.03411632031202316
0 0.7437098026275635 0.4229951500892639 0.02281528920866549 0.03411632031202316
0 0.6592233180999756 0.4229346215724945 0.02281528920866549 0.03411632031202316
0 0.5740728974342346 0.4228736162185669 0.02281528920866549 0.03411632031202316
0 0.488250732421875 0.4228121340274811 0.02281528920866549 0.03411632031202316
0 0.40174874663352966 0.42275017499923706 0.02281528920866549 0.03411632031202316
0 0.31455889344215393 0.42268770933151245 0.02281528920866549 0.03411632031202316
0 0.22667290270328522 0.42262473702430725 0.02281528920866549 0.03411632031202316
0 0.7584968209266663 0.5232192873954773 0.02281528920866549 0.03411632031202316
0 0.670613706111908 0.5235645771026611 0.02281528920866549 0.03411632031202316
0 0.5820115804672241 0.5239127278327942 0.02281528920866549 0.03411632031202316
0 0.4926815629005432 0.5242637395858765 0.02281528920866549 0.03411632031202316
0 0.40261468291282654 0.524617612361908 0.02281528920866549 0.03411632031202316
0 0.31180182099342346 0.5249744653701782 0.02281528920866549 0.03411632031202316
0 0.22023358941078186 0.5253342390060425 0.02281528920866549 0.03411632031202316
0 0.7745402455329895 0.6319588422775269 0.02281528920866549 0.03411632031202316
0 0.6829759478569031 0.6327807903289795 0.02281528920866549 0.03411632031202316
0 0.5906304717063904 0.6336097717285156 0.02281528920866549 0.03411632031202316
0 0.497493714094162 0.6344457864761353 0.02281528920866549 0.03411632031202316
0 0.4035554826259613 0.6352890729904175 0.02281528920866549 0.03411632031202316
0 0.3088054060935974 0.6361396312713623 0.02281528920866549 0.03411632031202316
0 0.21323290467262268 0.6369975805282593 0.02281528920866549 0.03411632031202316
0 0.7920072078704834 0.7503471970558167 0.02281528920866549 0.03411632031202316
0 0.6964400410652161 0.7517310976982117 0.02281528920866549 0.03411632031202316
0 0.6000209450721741 0.7531272768974304 0.02281528920866549 0.03411632031202316
0 0.5027385950088501 0.7545360326766968 0.02281528920866549 0.03411632031202316
0 0.4045812785625458 0.7559574246406555 0.02281528920866549 0.03411632031202316
0 0.3055371344089508 0.757391631603241 0.02281528920866549 0.03411632031202316
0 0.20559412240982056 0.7588388919830322 0.02281528920866549 0.03411632031202316