0 0.18434207141399384 0.6218909025192261 0.030555754899978638 0.030555754899978638
0 0.2697605490684509 0.6246252059936523 0.030555754899978638 0.030555754899978638
0 0.3568164110183716 0.627411961555481 0.030555754899978638 0.030555754899978638
0 0.44555720686912537 0.6302526593208313 0.030555754899978638 0.030555754899978638
0 0.5360323190689087 0.6331489086151123 0.030555754899978638 0.030555754899978638
0 0.6282930970191956 0.6361022591590881 0.030555754899978638 0.030555754899978638
0 0.7223929166793823 0.639114499092102 0.030555754899978638 0.030555754899978638
0 0.19437667727470398 0.5360299944877625 0.030555754899978638 0.030555754899978638
0 0.2781870365142822 0.5379109978675842 0.030555754899978638 0.030555754899978638
0 0.3635716736316681 0.5398273468017578 0.030555754899978638 0.030555754899978638
0 0.4505753219127655 0.5417799949645996 0.030555754899978638 0.030555754899978638
0 0.5392444729804993 0.5437700748443604 0.030555754899978638 0.030555754899978638
0 0.6296274662017822 0.5457985401153564 0.030555754899978638 0.030555754899978638
0 0.7217744588851929 0.5478666424751282 0.030555754899978638 0.030555754899978638
0 0.20402288436889648 0.4534926116466522 0.030555754899978638 0.030555754899978638
0 0.2862843871116638 0.45458391308784485 0.030555754899978638 0.030555754899978638
0 0.37006062269210815 0.4556953012943268 0.030555754899978638 0.030555754899978638
0 0.4553937613964081 0.4568273425102234 0.030555754899978638 0.030555754899978638
0 0.5423277020454407 0.4579806327819824 0.030555754899978638 0.030555754899978638
0 0.6309077739715576 0.45915576815605164 0.030555754899978638 0.030555754899978638
0 0.721181333065033 0.4603533446788788 0.030555754899978638 0.030555754899978638
0 0.21330277621746063 0.37408939003944397 0.030555754899978638 0.030555754899978638
0 0.2940715253353119 0.3744492828845978 0.030555754899978638 0.030555754899978638
0 0.376298725605011 0.3748157024383545 0.030555754899978638 0.030555754899978638
0 0.46002426743507385 0.37518876791000366 0.030555754899978638 0.030555754899978638
0 0.5452894568443298 0.375568687915802 0.030555754899978638 0.030555754899978638
0 0.6321372389793396 0.3759556710720062 0.030555754899978638 0.030555754899978638
0 0.7206119894981384 0.37634992599487305 0.030555754899978638 0.030555754899978638
0 0.22223687171936035 0.2976451516151428 0.030555754899978638 0.030555754899978638
0 0.30156588554382324 0.2973271310329437 0.030555754899978638 0.030555754899978638
0 0.3823002278804779 0.29700344800949097 0.030555754899978638 0.030555754899978638
0 0.4644775688648224 0.2966740131378174 0.030555754899978638 0.030555754899978638
0 0.5481368899345398 0.29633861780166626 0.030555754899978638 0.030555754899978638
0 0.6333187222480774 0.29599714279174805 0.030555754899978638 0.030555754899978638
0 0.7200649976730347 0.29564937949180603 0.030555754899978638 0.030555754899978638
0 0.23084411025047302 0.22399750351905823 0.030555754899978638 0.030555754899978638
0 0.30878373980522156 0.22305066883563995 0.030555754899978638 0.030555754899978638
0 0.38807836174964905 0.22208736836910248 0.030555754899978638 0.030555754899978638
0 0.46876364946365356 0.22110716998577118 0.030555754899978638 0.030555754899978638
0 0.5508764982223511 0.22010964155197144 0.030555754899978638 0.030555754899978638
0 0.634455144405365 0.21909430623054504 0.030555754899978638 0.030555754899978638
0 0.7195391058921814 0.2180606722831726 0.030555754899978638 0.030555754899978638
0 0.23914213478565216 0.1529957503080368 0.030555754899978638 0.030555754899978638
0 0.31574007868766785 0.1514652818441391 0.030555754899978638 0.030555754899978638
0 0.39364537596702576 0.14990867674350739 0.030555754899978638 0.030555754899978638
0 0.47289177775382996 0.14832527935504913 0.030555754899978638 0.030555754899978638
0 0.5535142421722412 0.14671440422534943 0.030555754899978638 0.030555754899978638
0 0.6355488896369934 0.14507529139518738 0.030555754899978638 0.030555754899978638
0 0.7190331220626831 0.14340722560882568 0.030555754899978638 0.030555754899978638