0 0.682871401309967 0.17226798832416534 0.025427121669054035 0.033902828892072044
0 0.6157771348953247 0.17322279512882233 0.025427121669054035 0.033902828892072044
0 0.548255980014801 0.1741836667060852 0.025427121669054035 0.033902828892072044
0 0.48030388355255127 0.17515066266059875 0.025427121669054035 0.033902828892072044
0 0.4119166135787964 0.17612385749816895 0.025427121669054035 0.033902828892072044
0 0.3430900573730469 0.17710331082344055 0.025427121669054035 0.033902828892072044
0 0.2738199532032013 0.17808906733989716 0.025427121669054035 0.033902828892072044
0 0.6955899000167847 0.23568513989448547 0.025427121669054035 0.033902828892072044
0 0.6252431869506836 0.236897811293602 0.025427121669054035 0.033902828892072044
0 0.5544267892837524 0.23811857402324677 0.025427121669054035 0.033902828892072044
0 0.48313605785369873 0.23934750258922577 0.025427121669054035 0.033902828892072044
0 0.41136619448661804 0.24058471620082855 0.025427121669054035 0.033902828892072044
0 0.33911237120628357 0.2418302595615387 0.025427121669054035 0.033902828892072044
0 0.26636961102485657 0.24308422207832336 0.025427121669054035 0.033902828892072044
0 0.7096174359321594 0.30562952160835266 0.025427121669054035 0.033902828892072044
0 0.6356868743896484 0.3071495294570923 0.025427121669054035 0.033902828892072044
0 0.5612371563911438 0.3086802065372467 0.025427121669054035 0.033902828892072044
0 0.48626285791397095 0.31022170186042786 0.025427121669054035 0.033902828892072044
0 0.4107583463191986 0.31177404522895813 0.025427121669054035 0.033902828892072044
0 0.3347179889678955 0.31333744525909424 0.025427121669054035 0.033902828892072044
0 0.2581360638141632 0.31491196155548096 0.025427121669054035 0.033902828892072044
0 0.7251670956611633 0.38316357135772705 0.025427121669054035 0.033902828892072044
0 0.6472679972648621 0.3850523829460144 0.025427121669054035 0.033902828892072044
0 0.5687920451164246 0.386955201625824 0.025427121669054035 0.033902828892072044
0 0.4897327125072479 0.3888721466064453 0.025427121669054035 0.033902828892072044
0 0.410083532333374 0.39080339670181274 0.025427121669054035 0.033902828892072044
0 0.329837828874588 0.3927491307258606 0.025427121669054035 0.033902828892072044
0 0.24898894131183624 0.3947094678878784 0.025427121669054035 0.033902828892072044
0 0.7425008416175842 0.46959343552589417 0.025427121669054035 0.033902828892072044
0 0.6601831316947937 0.47192826867103577 0.025427121669054035 0.033902828892072044
0 0.5772204995155334 0.474281370639801 0.025427121669054035 0.033902828892072044
0 0.493605375289917 0.47665300965309143 0.025427121669054035 0.033902828892072044
0 0.4093300700187683 0.4790433645248413 0.025427121669054035 0.033902828892072044
0 0.32438668608665466 0.4814526438713074 0.025427121669054035 0.033902828892072044
0 0.23876726627349854 0.4838811159133911 0.025427121669054035 0.033902828892072044
0 0.7619444131851196 0.5665433406829834 0.025427121669054035 0.033902828892072044
0 0.6746767163276672 0.56942218542099 0.025427121669054035 0.033902828892072044
0 0.5866833329200745 0.5723250508308411 0.025427121669054035 0.033902828892072044
0 0.497955322265625 0.575252115726471 0.025427121669054035 0.033902828892072044
0 0.4084833562374115 0.5782037377357483 0.025427121669054035 0.033902828892072044
0 0.31825804710388184 0.581180214881897 0.025427121669054035 0.033902828892072044
0 0.22726987302303314 0.5841818451881409 0.025427121669054035 0.033902828892072044
0 0.783907949924469 0.6760583519935608 0.025427121669054035 0.033902828892072044
0 0.6910569667816162 0.6796075701713562 0.025427121669054035 0.033902828892072044
0 0.5973834991455078 0.6831881999969482 0.025427121669054035 0.033902828892072044
0 0.5028765797615051 0.6868007183074951 0.025427121669054035 0.033902828892072044
0 0.4075249433517456 0.6904454827308655 0.025427121669054035 0.033902828892072044
0 0.3113172948360443 0.6941229701042175 0.025427121669054035 0.033902828892072044
0 0.21424205601215363 0.6978336572647095 0.025427121669054035 0.033902828892072044