0 0.33706578612327576 0.38527289032936096 0.01939964294433594 0.025866190592447918
0 0.331818550825119 0.4429270923137665 0.01939964294433594 0.025866190592447918
0 0.3262588381767273 0.5040144920349121 0.01939964294433594 0.025866190592447918
0 0.32035788893699646 0.568851113319397 0.01939964294433594 0.025866190592447918
0 0.3140833377838135 0.6377930641174316 0.01939964294433594 0.025866190592447918
0 0.3073984682559967 0.7112430930137634 0.01939964294433594 0.025866190592447918
0 0.3002617061138153 0.7896581888198853 0.01939964294433594 0.025866190592447918
0 0.3994008004665375 0.38724619150161743 0.01939964294433594 0.025866190592447918
0 0.3959561586380005 0.44495242834091187 0.01939964294433594 0.025866190592447918
0 0.392306387424469 0.5060946345329285 0.01939964294433594 0.025866190592447918
0 0.38843265175819397 0.5709891319274902 0.01939964294433594 0.025866190592447918
0 0.3843136429786682 0.6399922370910645 0.01939964294433594 0.025866190592447918
0 0.37992534041404724 0.7135068774223328 0.01939964294433594 0.025866190592447918
0 0.3752404451370239 0.7919905185699463 0.01939964294433594 0.025866190592447918
0 0.46172526478767395 0.38921919465065 0.01939964294433594 0.025866190592447918
0 0.4600825905799866 0.446977436542511 0.01939964294433594 0.025866190592447918
0 0.4583421051502228 0.508174479007721 0.01939964294433594 0.025866190592447918
0 0.45649483799934387 0.5731267929077148 0.01939964294433594 0.025866190592447918
0 0.45453062653541565 0.6421909928321838 0.01939964294433594 0.025866190592447918
0 0.45243796706199646 0.7157703042030334 0.01939964294433594 0.025866190592447918
0 0.45020392537117004 0.7943224310874939 0.01939964294433594 0.025866190592447918
0 0.5240392088890076 0.39119184017181396 0.01939964294433594 0.025866190592447918
0 0.5241978764533997 0.44900208711624146 0.01939964294433594 0.025866190592447918
0 0.524366021156311 0.51025390625 0.01939964294433594 0.025866190592447918
0 0.5245444774627686 0.575264036655426 0.01939964294433594 0.025866190592447918
0 0.5247341990470886 0.644389271736145 0.01939964294433594 0.025866190592447918
0 0.5249363780021667 0.7180331945419312 0.01939964294433594 0.025866190592447918
0 0.5251521468162537 0.7966538071632385 0.01939964294433594 0.025866190592447918
0 0.5863426327705383 0.39316415786743164 0.01939964294433594 0.025866190592447918
0 0.5883020162582397 0.45102638006210327 0.01939964294433594 0.025866190592447918
0 0.5903781056404114 0.5123329758644104 0.01939964294433594 0.025866190592447918
0 0.5925815105438232 0.5774008631706238 0.01939964294433594 0.025866190592447918
0 0.5949244499206543 0.6465871930122375 0.01939964294433594 0.025866190592447918
0 0.5974204540252686 0.7202956676483154 0.01939964294433594 0.025866190592447918
0 0.6000851392745972 0.7989847660064697 0.01939964294433594 0.025866190592447918
0 0.6486355066299438 0.39513614773750305 0.01939964294433594 0.025866190592447918
0 0.6523950695991516 0.4530503451824188 0.01939964294433594 0.025866190592447918
0 0.6563783884048462 0.5144116878509521 0.01939964294433594 0.025866190592447918
0 0.6606060266494751 0.5795373320579529 0.01939964294433594 0.025866190592447918
0 0.6651012897491455 0.6487846374511719 0.01939964294433594 0.025866190592447918
0 0.6698903441429138 0.7225577235221863 0.01939964294433594 0.025866190592447918
0 0.675002932548523 0.8013152480125427 0.01939964294433594 0.025866190592447918
0 0.7109178304672241 0.3971077799797058 0.01939964294433594 0.025866190592447918
0 0.7164769172668457 0.45507392287254333 0.01939964294433594 0.025866190592447918
0 0.7223668098449707 0.5164899826049805 0.01939964294433594 0.025866190592447918
0 0.7286180257797241 0.5816733837127686 0.01939964294433594 0.025866190592447918
0 0.7352648377418518 0.6509817242622375 0.01939964294433594 0.025866190592447918
0 0.7423459887504578 0.7248193025588989 0.01939964294433594 0.025866190592447918
0 0.749905526638031 0.8036451935768127 0.01939964294433594 0.025866190592447918