0 0.17162784934043884 0.6051419377326965 0.03227177759011587 0.03227177759011587
0 0.26108530163764954 0.6148534417152405 0.03227177759011587 0.03227177759011587
0 0.35203811526298523 0.6247273087501526 0.03227177759011587 0.03227177759011587
0 0.4445241391658783 0.6347676515579224 0.03227177759011587 0.03227177759011587
0 0.538582444190979 0.6449786424636841 0.03227177759011587 0.03227177759011587
0 0.6342535018920898 0.6553647518157959 0.03227177759011587 0.03227177759011587
0 0.7315791249275208 0.665930449962616 0.03227177759011587 0.03227177759011587
0 0.1919584423303604 0.5165466666221619 0.03227177759011587 0.03227177759011587
0 0.2790106534957886 0.5252660512924194 0.03227177759011587 0.03227177759011587
0 0.3674758970737457 0.5341269969940186 0.03227177759011587 0.03227177759011587
0 0.45738887786865234 0.5431329011917114 0.03227177759011587 0.03227177759011587
0 0.5487854480743408 0.5522874593734741 0.03227177759011587 0.03227177759011587
0 0.6417025923728943 0.5615943074226379 0.03227177759011587 0.03227177759011587
0 0.7361785769462585 0.5710572600364685 0.03227177759011587 0.03227177759011587
0 0.21116279065608978 0.43285927176475525 0.03227177759011587 0.03227177759011587
0 0.2959352135658264 0.4406803250312805 0.03227177759011587 0.03227177759011587
0 0.3820449709892273 0.44862475991249084 0.03227177759011587 0.03227177759011587
0 0.46952393651008606 0.4566954970359802 0.03227177759011587 0.03227177759011587
0 0.5584051012992859 0.4648956060409546 0.03227177759011587 0.03227177759011587
0 0.6487223505973816 0.47322824597358704 0.03227177759011587 0.03227177759011587
0 0.7405108213424683 0.48169657588005066 0.03227177759011587 0.03227177759011587
0 0.22933197021484375 0.3536829352378845 0.03227177759011587 0.03227177759011587
0 0.3119405508041382 0.3606887757778168 0.03227177759011587 0.03227177759011587
0 0.3958166837692261 0.36780211329460144 0.03227177759011587 0.03227177759011587
0 0.4809897243976593 0.3750254511833191 0.03227177759011587 0.03227177759011587
0 0.5674900412559509 0.3823613226413727 0.03227177759011587 0.03227177759011587
0 0.6553488373756409 0.3898124396800995 0.03227177759011587 0.03227177759011587
0 0.7445984482765198 0.3973814845085144 0.03227177759011587 0.03227177759011587
0 0.24654744565486908 0.27866247296333313 0.03227177759011587 0.03227177759011587
0 0.3270995616912842 0.28492701053619385 0.03227177759011587 0.03227177759011587
0 0.40885472297668457 0.29128512740135193 0.03227177759011587 0.03227177759011587
0 0.49184009432792664 0.2977389097213745 0.03227177759011587 0.03227177759011587
0 0.5760836601257324 0.3042905330657959 0.03227177759011587 0.03227177759011587
0 0.6616142392158508 0.31094226241111755 0.03227177759011587 0.03227177759011587
0 0.7484616041183472 0.31769639253616333 0.03227177759011587 0.03227177759011587
0 0.26288244128227234 0.20747904479503632 0.03227177759011587 0.03227177759011587
0 0.341477632522583 0.2130681872367859 0.03227177759011587 0.03227177759011587
0 0.42121621966362 0.2187386453151703 0.03227177759011587 0.03227177759011587
0 0.5021232962608337 0.22449220716953278 0.03227177759011587 0.03227177759011587
0 0.5842248201370239 0.230330690741539 0.03227177759011587 0.03227177759011587
0 0.6675472855567932 0.23625601828098297 0.03227177759011587 0.03227177759011587
0 0.7521182894706726 0.24227012693881989 0.03227177759011587 0.03227177759011587
0 0.27840274572372437 0.13984562456607819 0.03227177759011587 0.03227177759011587
0 0.35513362288475037 0.1448182761669159 0.03227177759011587 0.03227177759011587
0 0.43295249342918396 0.14986145496368408 0.03227177759011587 0.03227177759011587
0 0.5118827223777771 0.15497665107250214 0.03227177759011587 0.03227177759011587
0 0.5919482111930847 0.1601654291152954 0.03227177759011587 0.03227177759011587
0 0.673173725605011 0.16542936861515045 0.03227177759011587 0.03227177759011587
0 0.7555845975875854 0.17077013850212097 0.03227177759011587 0.03227177759011587