0 0.6799206733703613 0.17455758154392242 0.025486070662736893 0.03398142755031586
0 0.6141502261161804 0.17461781203746796 0.025486070662736893 0.03398142755031586
0 0.5476499199867249 0.1746787279844284 0.025486070662736893 0.03398142755031586
0 0.4804076850414276 0.17474031448364258 0.025486070662736893 0.03398142755031586
0 0.4124109447002411 0.17480258643627167 0.025486070662736893 0.03398142755031586
0 0.34364697337150574 0.17486557364463806 0.025486070662736893 0.03398142755031586
0 0.27410265803337097 0.17492927610874176 0.025486070662736893 0.03398142755031586
0 0.692642092704773 0.23725329339504242 0.025486070662736893 0.03398142755031586
0 0.6236615180969238 0.23767971992492676 0.025486070662736893 0.03398142755031586
0 0.5538771748542786 0.23811112344264984 0.025486070662736893 0.03398142755031586
0 0.48327481746673584 0.23854757845401764 0.025486070662736893 0.03398142755031586
0 0.4118400514125824 0.23898917436599731 0.025486070662736893 0.03398142755031586
0 0.33955803513526917 0.23943601548671722 0.025486070662736893 0.03398142755031586
0 0.2664136290550232 0.23988819122314453 0.025486070662736893 0.03398142755031586
0 0.7066923975944519 0.30649852752685547 0.025486070662736893 0.03398142755031586
0 0.6341725587844849 0.307369589805603 0.025486070662736893 0.03398142755031586
0 0.560762882232666 0.308251291513443 0.025486070662736893 0.03398142755031586
0 0.4864470362663269 0.30914393067359924 0.025486070662736893 0.03398142755031586
0 0.41120806336402893 0.31004762649536133 0.025486070662736893 0.03398142755031586
0 0.33502861857414246 0.31096261739730835 0.025486070662736893 0.03398142755031586
0 0.2578910291194916 0.311889111995697 0.025486070662736893 0.03398142755031586
0 0.7222914099693298 0.3833761513233185 0.025486070662736893 0.03398142755031586
0 0.6458495259284973 0.38479024171829224 0.025486070662736893 0.03398142755031586
0 0.5684174299240112 0.3862226605415344 0.025486070662736893 0.03398142755031586
0 0.4899757206439972 0.3876737356185913 0.025486070662736893 0.03398142755031586
0 0.410504549741745 0.3891438841819763 0.025486070662736893 0.03398142755031586
0 0.3299834728240967 0.3906334340572357 0.025486070662736893 0.03398142755031586
0 0.24839158356189728 0.39214280247688293 0.025486070662736893 0.03398142755031586
0 0.7397100329399109 0.46922165155410767 0.025486070662736893 0.03398142755031586
0 0.6588979363441467 0.47130367159843445 0.025486070662736893 0.03398142755031586
0 0.5769771337509155 0.47341424226760864 0.025486070662736893 0.03398142755031586
0 0.4939245879650116 0.4755539894104004 0.025486070662736893 0.03398142755031586
0 0.4097166955471039 0.47772350907325745 0.025486070662736893 0.03398142755031586
0 0.3243291974067688 0.47992342710494995 0.025486070662736893 0.03398142755031586
0 0.23773711919784546 0.48215433955192566 0.025486070662736893 0.03398142755031586
0 0.7592864036560059 0.5657013654708862 0.025486070662736893 0.03398142755031586
0 0.6735744476318359 0.5686116218566895 0.025486070662736893 0.03398142755031586
0 0.5866126418113708 0.5715643167495728 0.025486070662736893 0.03398142755031586
0 0.4983733892440796 0.5745604038238525 0.025486070662736893 0.03398142755031586
0 0.40882834792137146 0.5776008367538452 0.025486070662736893 0.03398142755031586
0 0.3179483711719513 0.5806865692138672 0.025486070662736893 0.03398142755031586
0 0.22570334374904633 0.5838186740875244 0.025486070662736893 0.03398142755031586
0 0.7814480066299438 0.6749218106269836 0.025486070662736893 0.03398142755031586
0 0.6902040243148804 0.6788688898086548 0.025486070662736893 0.03398142755031586
0 0.5975403189659119 0.6828773617744446 0.025486070662736893 0.03398142755031586
0 0.5034235119819641 0.6869487762451172 0.025486070662736893 0.03398142755031586
0 0.407819002866745 0.6910844445228577 0.025486070662736893 0.03398142755031586
0 0.31069135665893555 0.6952860951423645 0.025486070662736893 0.03398142755031586
0 0.21200387179851532 0.6995551586151123 0.025486070662736893 0.03398142755031586