0 0.6925644874572754 0.13647304475307465 0.026438871398568153 0.0352518285314242
0 0.624542772769928 0.1363663375377655 0.026438871398568153 0.0352518285314242
0 0.5561569929122925 0.1362590491771698 0.026438871398568153 0.0352518285314242
0 0.4874042272567749 0.13615117967128754 0.026438871398568153 0.0352518285314242
0 0.41828155517578125 0.1360427439212799 0.026438871398568153 0.0352518285314242
0 0.348785936832428 0.13593371212482452 0.026438871398568153 0.0352518285314242
0 0.27891436219215393 0.13582409918308258 0.026438871398568153 0.0352518285314242
0 0.7053366899490356 0.19925805926322937 0.026438871398568153 0.0352518285314242
0 0.6338085532188416 0.19932207465171814 0.026438871398568153 0.0352518285314242
0 0.5618776679039001 0.19938644766807556 0.026438871398568153 0.0352518285314242
0 0.48954057693481445 0.19945119321346283 0.026438871398568153 0.0352518285314242
0 0.4167937934398651 0.19951629638671875 0.026438871398568153 0.0352518285314242
0 0.34363389015197754 0.19958177208900452 0.026438871398568153 0.0352518285314242
0 0.2700572907924652 0.19964760541915894 0.026438871398568153 0.0352518285314242
0 0.7195079922676086 0.26892098784446716 0.026438871398568153 0.0352518285314242
0 0.6440924406051636 0.2691948413848877 0.026438871398568153 0.0352518285314242
0 0.5682287812232971 0.26947033405303955 0.026438871398568153 0.0352518285314242
0 0.4919130504131317 0.2697474956512451 0.026438871398568153 0.0352518285314242
0 0.41514113545417786 0.270026296377182 0.026438871398568153 0.0352518285314242
0 0.3379089832305908 0.2703067660331726 0.026438871398568153 0.0352518285314242
0 0.2602124512195587 0.2705889046192169 0.026438871398568153 0.0352518285314242
0 0.7353217005729675 0.3466574549674988 0.026438871398568153 0.0352518285314242
0 0.6555718779563904 0.34719088673591614 0.026438871398568153 0.0352518285314242
0 0.5753206014633179 0.3477276563644409 0.026438871398568153 0.0352518285314242
0 0.4945630729198456 0.3482678532600403 0.026438871398568153 0.0352518285314242
0 0.4132945239543915 0.34881141781806946 0.026438871398568153 0.0352518285314242
0 0.33151009678840637 0.349358469247818 0.026438871398568153 0.0352518285314242
0 0.2492048442363739 0.3499090075492859 0.026438871398568153 0.0352518285314242
0 0.7530809044837952 0.4339573383331299 0.026438871398568153 0.0352518285314242
0 0.6684682965278625 0.4348141849040985 0.026438871398568153 0.0352518285314242
0 0.5832906365394592 0.43567678332328796 0.026438871398568153 0.0352518285314242
0 0.4975423812866211 0.43654513359069824 0.026438871398568153 0.0352518285314242
0 0.41121765971183777 0.4374193251132965 0.026438871398568153 0.0352518285314242
0 0.32431069016456604 0.43829941749572754 0.026438871398568153 0.0352518285314242
0 0.23681555688381195 0.4391854405403137 0.026438871398568153 0.0352518285314242
0 0.7731680274009705 0.5327011346817017 0.026438871398568153 0.0352518285314242
0 0.6830611824989319 0.5339645147323608 0.026438871398568153 0.0352518285314242
0 0.5923129320144653 0.5352369546890259 0.026438871398568153 0.0352518285314242
0 0.5009164214134216 0.536518394947052 0.026438871398568153 0.0352518285314242
0 0.4088646471500397 0.5378090739250183 0.026438871398568153 0.0352518285314242
0 0.31615057587623596 0.5391090512275696 0.026438871398568153 0.0352518285314242
0 0.22276699542999268 0.5404183864593506 0.026438871398568153 0.0352518285314242
0 0.7960730791091919 0.6452968120574951 0.026438871398568153 0.0352518285314242
0 0.6997089982032776 0.6470766067504883 0.026438871398568153 0.0352518285314242
0 0.6026105284690857 0.6488699913024902 0.026438871398568153 0.0352518285314242
0 0.5047692060470581 0.6506770253181458 0.026438871398568153 0.0352518285314242
0 0.40617650747299194 0.6524980068206787 0.026438871398568153 0.0352518285314242
0 0.3068236708641052 0.6543329954147339 0.026438871398568153 0.0352518285314242
0 0.20670194923877716 0.6561822295188904 0.026438871398568153 0.0352518285314242