0 0.33144739270210266 0.3925899267196655 0.019307721406221393 0.02574362854162852
0 0.32640090584754944 0.4489448368549347 0.019307721406221393 0.02574362854162852
0 0.3210434019565582 0.5087727308273315 0.019307721406221393 0.02574362854162852
0 0.31534522771835327 0.5724049806594849 0.019307721406221393 0.02574362854162852
0 0.309272825717926 0.6402162909507751 0.019307721406221393 0.02574362854162852
0 0.30278804898262024 0.7126323580741882 0.019307721406221393 0.02574362854162852
0 0.29584747552871704 0.7901386618614197 0.019307721406221393 0.02574362854162852
0 0.39247390627861023 0.39364513754844666 0.019307721406221393 0.02574362854162852
0 0.3892471492290497 0.450110524892807 0.019307721406221393 0.02574362854162852
0 0.38582125306129456 0.510060727596283 0.019307721406221393 0.02574362854162852
0 0.3821772038936615 0.5738287568092346 0.019307721406221393 0.02574362854162852
0 0.3782934248447418 0.6417911648750305 0.019307721406221393 0.02574362854162852
0 0.3741455376148224 0.714375913143158 0.019307721406221393 0.02574362854162852
0 0.36970558762550354 0.7920712232589722 0.019307721406221393 0.02574362854162852
0 0.4536665380001068 0.3947032392024994 0.019307721406221393 0.02574362854162852
0 0.45226961374282837 0.4512794613838196 0.019307721406221393 0.02574362854162852
0 0.4507863521575928 0.5113524794578552 0.019307721406221393 0.02574362854162852
0 0.44920849800109863 0.5752567052841187 0.019307721406221393 0.02574362854162852
0 0.4475266933441162 0.6433708667755127 0.019307721406221393 0.02574362854162852
0 0.4457303285598755 0.7161250710487366 0.019307721406221393 0.02574362854162852
0 0.4438072741031647 0.7940101623535156 0.019307721406221393 0.02574362854162852
0 0.5150259733200073 0.39576420187950134 0.019307721406221393 0.02574362854162852
0 0.5154690146446228 0.4524517059326172 0.019307721406221393 0.02574362854162852
0 0.515939474105835 0.5126479268074036 0.019307721406221393 0.02574362854162852
0 0.5164400339126587 0.5766890048980713 0.019307721406221393 0.02574362854162852
0 0.5169735550880432 0.6449554562568665 0.019307721406221393 0.02574362854162852
0 0.5175434947013855 0.7178797721862793 0.019307721406221393 0.02574362854162852
0 0.518153727054596 0.79595547914505 0.019307721406221393 0.02574362854162852
0 0.5765528678894043 0.3968280851840973 0.019307721406221393 0.02574362854162852
0 0.5788460969924927 0.45362722873687744 0.019307721406221393 0.02574362854162852
0 0.5812814831733704 0.5139471292495728 0.019307721406221393 0.02574362854162852
0 0.5838726162910461 0.578125536441803 0.019307721406221393 0.02574362854162852
0 0.5866350531578064 0.6465449333190918 0.019307721406221393 0.02574362854162852
0 0.5895861983299255 0.7196401357650757 0.019307721406221393 0.02574362854162852
0 0.5927461981773376 0.7979072332382202 0.019307721406221393 0.02574362854162852
0 0.6382479071617126 0.39789485931396484 0.019307721406221393 0.02574362854162852
0 0.6424015760421753 0.4548060894012451 0.019307721406221393 0.02574362854162852
0 0.646813154220581 0.5152500867843628 0.019307721406221393 0.02574362854162852
0 0.6515072584152222 0.5795664191246033 0.019307721406221393 0.02574362854162852
0 0.6565120816230774 0.6481393575668335 0.019307721406221393 0.02574362854162852
0 0.6618595123291016 0.7214060425758362 0.019307721406221393 0.02574362854162852
0 0.6675859093666077 0.7998654842376709 0.019307721406221393 0.02574362854162852
0 0.7001118063926697 0.398964524269104 0.019307721406221393 0.02574362854162852
0 0.7061362862586975 0.4559882581233978 0.019307721406221393 0.02574362854162852
0 0.7125352621078491 0.5165568590164185 0.019307721406221393 0.02574362854162852
0 0.7193448543548584 0.5810115933418274 0.019307721406221393 0.02574362854162852
0 0.7266057729721069 0.6497387290000916 0.019307721406221393 0.02574362854162852
0 0.7343645095825195 0.7231776714324951 0.019307721406221393 0.02574362854162852
0 0.7426740527153015 0.8018302321434021 0.019307721406221393 0.02574362854162852