0 0.7130209803581238 0.18335264921188354 0.025316441431641582 0.033755255242188774
0 0.6431862711906433 0.18593083322048187 0.025316441431641582 0.033755255242188774
0 0.5742691159248352 0.1884751319885254 0.025316441431641582 0.033755255242188774
0 0.5062516331672668 0.19098623096942902 0.025316441431641582 0.033755255242188774
0 0.4391162395477295 0.1934647560119629 0.025316441431641582 0.033755255242188774
0 0.37284594774246216 0.19591134786605835 0.025316441431641582 0.033755255242188774
0 0.3074240982532501 0.19832661747932434 0.025316441431641582 0.033755255242188774
0 0.721828818321228 0.24806419014930725 0.025316441431641582 0.033755255242188774
0 0.648401141166687 0.25032317638397217 0.025316441431641582 0.033755255242188774
0 0.5759866833686829 0.25255095958709717 0.025316441431641582 0.033755255242188774
0 0.5045647025108337 0.25474825501441956 0.025316441431641582 0.033755255242188774
0 0.43411484360694885 0.2569155991077423 0.025316441431641582 0.033755255242188774
0 0.3646174669265747 0.25905367732048035 0.025316441431641582 0.033755255242188774
0 0.29605332016944885 0.26116302609443665 0.025316441431641582 0.033755255242188774
0 0.7315819263458252 0.3197205662727356 0.025316441431641582 0.033755255242188774
0 0.6541715860366821 0.3215755224227905 0.025316441431641582 0.033755255242188774
0 0.5778859257698059 0.3234035074710846 0.025316441431641582 0.033755255242188774
0 0.5027006268501282 0.32520514726638794 0.025316441431641582 0.033755255242188774
0 0.42859208583831787 0.32698097825050354 0.025316441431641582 0.033755255242188774
0 0.3555372953414917 0.3287315368652344 0.025316441431641582 0.033755255242188774
0 0.28351396322250366 0.3304573893547058 0.025316441431641582 0.033755255242188774
0 0.7424411177635193 0.3995031714439392 0.025316441431641582 0.033755255242188774
0 0.6605913639068604 0.40084579586982727 0.025316441431641582 0.033755255242188774
0 0.5799972414970398 0.4021678566932678 0.025316441431641582 0.033755255242188774
0 0.5006300210952759 0.4034697711467743 0.025316441431641582 0.033755255242188774
0 0.42246192693710327 0.4047520160675049 0.025316441431641582 0.033755255242188774
0 0.3454659879207611 0.4060150384902954 0.025316441431641582 0.033755255242188774
0 0.269616037607193 0.4072592556476593 0.025316441431641582 0.033755255242188774
0 0.7546058297157288 0.48887741565704346 0.025316441431641582 0.033755255242188774
0 0.6677766442298889 0.4895680844783783 0.025316441431641582 0.033755255242188774
0 0.5823582410812378 0.49024754762649536 0.025316441431641582 0.033755255242188774
0 0.4983164966106415 0.49091607332229614 0.025316441431641582 0.033755255242188774
0 0.415618360042572 0.49157389998435974 0.025316441431641582 0.033755255242188774
0 0.3342319130897522 0.49222129583358765 0.025316441431641582 0.033755255242188774
0 0.2541261613368988 0.49285849928855896 0.025316441431641582 0.033755255242188774
0 0.7683265209197998 0.5896835923194885 0.025316441431641582 0.033755255242188774
0 0.6758729815483093 0.5895401239395142 0.025316441431641582 0.033755255242188774
0 0.5850160121917725 0.5893990993499756 0.025316441431641582 0.033755255242188774
0 0.49571463465690613 0.589260458946228 0.025316441431641582 0.033755255242188774
0 0.4079291522502899 0.5891242027282715 0.025316441431641582 0.033755255242188774
0 0.3216213285923004 0.5889902710914612 0.025316441431641582 0.033755255242188774
0 0.23675419390201569 0.5888585448265076 0.025316441431641582 0.033755255242188774
0 0.7839221358299255 0.7042650580406189 0.025316441431641582 0.033755255242188774
0 0.6850654482841492 0.7030463218688965 0.025316441431641582 0.033755255242188774
0 0.5880303382873535 0.7018500566482544 0.025316441431641582 0.033755255242188774
0 0.49276694655418396 0.7006756663322449 0.025316441431641582 0.033755255242188774
0 0.39922723174095154 0.6995224952697754 0.025316441431641582 0.033755255242188774
0 0.3073647618293762 0.698390007019043 0.025316441431641582 0.033755255242188774
0 0.21713487803936005 0.6972776651382446 0.025316441431641582 0.033755255242188774