0 0.23380042612552643 0.660024881362915 0.03365423033634821 0.03365423033634821
0 0.3322221636772156 0.660703718662262 0.03365423033634821 0.03365423033634821
0 0.43023163080215454 0.6613796949386597 0.03365423033634821 0.03365423033634821
0 0.5278313755989075 0.6620528697967529 0.03365423033634821 0.03365423033634821
0 0.6250239610671997 0.662723183631897 0.03365423033634821 0.03365423033634821
0 0.7218119502067566 0.6633907556533813 0.03365423033634821 0.03365423033634821
0 0.8181978464126587 0.664055585861206 0.03365423033634821 0.03365423033634821
0 0.24324911832809448 0.5668048858642578 0.03365423033634821 0.03365423033634821
0 0.33828598260879517 0.5676494836807251 0.03365423033634821 0.03365423033634821
0 0.4329383075237274 0.5684906840324402 0.03365423033634821 0.03365423033634821
0 0.5272084474563599 0.5693284273147583 0.03365423033634821 0.03365423033634821
0 0.6210986971855164 0.570162832736969 0.03365423033634821 0.03365423033634821
0 0.7146113514900208 0.5709939002990723 0.03365423033634821 0.03365423033634821
0 0.8077486753463745 0.5718216300010681 0.03365423033634821 0.03365423033634821
0 0.25207170844078064 0.47976192831993103 0.03365423033634821 0.03365423033634821
0 0.3439487814903259 0.4807492196559906 0.03365423033634821 0.03365423033634821
0 0.43546634912490845 0.4817326068878174 0.03365423033634821 0.03365423033634821
0 0.5266265869140625 0.4827122092247009 0.03365423033634821 0.03365423033634821
0 0.6174315214157104 0.4836879372596741 0.03365423033634821 0.03365423033634821
0 0.7078832387924194 0.48465991020202637 0.03365423033634821 0.03365423033634821
0 0.7979838252067566 0.4856280982494354 0.03365423033634821 0.03365423033634821
0 0.2603284418582916 0.3983016610145569 0.03365423033634821 0.03365423033634821
0 0.34924906492233276 0.3994118869304657 0.03365423033634821 0.03365423033634821
0 0.43783286213874817 0.40051791071891785 0.03365423033634821 0.03365423033634821
0 0.5260818004608154 0.4016197621822357 0.03365423033634821 0.03365423033634821
0 0.613997757434845 0.4027174711227417 0.03365423033634821 0.03365423033634821
0 0.7015826106071472 0.4038110077381134 0.03365423033634821 0.03365423033634821
0 0.7888382077217102 0.404900461435318 0.03365423033634821 0.03365423033634821
0 0.26807206869125366 0.32190367579460144 0.03365423033634821 0.03365423033634821
0 0.35422056913375854 0.3231199383735657 0.03365423033634821 0.03365423033634821
0 0.44005286693573 0.32433173060417175 0.03365423033634821 0.03365423033634821
0 0.5255706906318665 0.32553908228874207 0.03365423033634821 0.03365423033634821
0 0.6107758283615112 0.326742023229599 0.03365423033634821 0.03365423033634821
0 0.695669949054718 0.32794058322906494 0.03365423033634821 0.03365423033634821
0 0.7802547216415405 0.3291347622871399 0.03365423033634821 0.03365423033634821
0 0.275348961353302 0.25011032819747925 0.03365423033634821 0.03365423033634821
0 0.35889294743537903 0.25141802430152893 0.03365423033634821 0.03365423033634821
0 0.44213953614234924 0.25272107124328613 0.03365423033634821 0.03365423033634821
0 0.5250902771949768 0.25401946902275085 0.03365423033634821 0.03365423033634821
0 0.6077467203140259 0.25531327724456787 0.03365423033634821 0.03365423033634821
0 0.6901105046272278 0.2566024959087372 0.03365423033634821 0.03365423033634821
0 0.7721831202507019 0.25788718461990356 0.03365423033634821 0.03365423033634821
0 0.2822000980377197 0.18251749873161316 0.03365423033634821 0.03365423033634821
0 0.3632924556732178 0.1839040219783783 0.03365423033634821 0.03365423033634821
0 0.44410452246665955 0.185285747051239 0.03365423033634821 0.03365423033634821
0 0.524637758731842 0.1866627037525177 0.03365423033634821 0.03365423033634821
0 0.6048936247825623 0.18803492188453674 0.03365423033634821 0.03365423033634821
0 0.6848735213279724 0.18940243124961853 0.03365423033634821 0.03365423033634821
0 0.7645788788795471 0.19076523184776306 0.03365423033634821 0.03365423033634821