0 0.6563286185264587 0.17712591588497162 0.02539975382387638 0.033866338431835175
0 0.5906800627708435 0.1805572807788849 0.02539975382387638 0.033866338431835175
0 0.5240752100944519 0.18403862416744232 0.02539975382387638 0.033866338431835175
0 0.45649299025535583 0.18757104873657227 0.02539975382387638 0.033866338431835175
0 0.38791167736053467 0.19115570187568665 0.02539975382387638 0.033866338431835175
0 0.3183090090751648 0.1947937309741974 0.02539975382387638 0.033866338431835175
0 0.24766197800636292 0.1984863579273224 0.02539975382387638 0.033866338431835175
0 0.6708266735076904 0.2390572726726532 0.02539975382387638 0.033866338431835175
0 0.6021159887313843 0.24312390387058258 0.02539975382387638 0.033866338431835175
0 0.5323556065559387 0.24725264310836792 0.02539975382387638 0.033866338431835175
0 0.46152135729789734 0.2514449656009674 0.02539975382387638 0.033866338431835175
0 0.3895881772041321 0.25570231676101685 0.02539975382387638 0.033866338431835175
0 0.3165303170681 0.260026216506958 0.02539975382387638 0.033866338431835175
0 0.2423211932182312 0.26441827416419983 0.02539975382387638 0.033866338431835175
0 0.6867853403091431 0.3072277009487152 0.02539975382387638 0.033866338431835175
0 0.6147131323814392 0.31204381585121155 0.02539975382387638 0.033866338431835175
0 0.5414836406707764 0.31693723797798157 0.02539975382387638 0.033866338431835175
0 0.4670685827732086 0.32190990447998047 0.02539975382387638 0.033866338431835175
0 0.3914390504360199 0.3269636929035187 0.02539975382387638 0.033866338431835175
0 0.3145650625228882 0.33210065960884094 0.02539975382387638 0.033866338431835175
0 0.23641560971736908 0.337322860956192 0.02539975382387638 0.033866338431835175
0 0.7044369578361511 0.38263002038002014 0.02539975382387638 0.033866338431835175
0 0.6286579370498657 0.3883364498615265 0.02539975382387638 0.033866338431835175
0 0.5515963435173035 0.39413946866989136 0.02539975382387638 0.033866338431835175
0 0.4732193648815155 0.40004152059555054 0.02539975382387638 0.033866338431835175
0 0.39349305629730225 0.40604519844055176 0.02539975382387638 0.033866338431835175
0 0.3123822808265686 0.41215312480926514 0.02539975382387638 0.033866338431835175
0 0.22985059022903442 0.41836804151535034 0.02539975382387638 0.033866338431835175
0 0.7240660190582275 0.46647951006889343 0.02539975382387638 0.033866338431835175
0 0.6441786885261536 0.4732517898082733 0.02539975382387638 0.033866338431835175
0 0.5628622174263 0.4801452159881592 0.02539975382387638 0.033866338431835175
0 0.4800778925418854 0.48716306686401367 0.02539975382387638 0.033866338431835175
0 0.3957855701446533 0.4943087697029114 0.02539975382387638 0.033866338431835175
0 0.30994370579719543 0.501585841178894 0.02539975382387638 0.033866338431835175
0 0.22250917553901672 0.508997917175293 0.02539975382387638 0.033866338431835175
0 0.7460246086120605 0.5602798461914062 0.02539975382387638 0.033866338431835175
0 0.6615587472915649 0.5683391690254211 0.02539975382387638 0.033866338431835175
0 0.5754904747009277 0.5765513777732849 0.02539975382387638 0.033866338431835175
0 0.48777371644973755 0.5849208235740662 0.02539975382387638 0.033866338431835175
0 0.39836063981056213 0.5934521555900574 0.02539975382387638 0.033866338431835175
0 0.307201623916626 0.6021500825881958 0.02539975382387638 0.033866338431835175
0 0.21424496173858643 0.6110195517539978 0.02539975382387638 0.033866338431835175
0 0.7707535028457642 0.6659141778945923 0.02539975382387638 0.033866338431835175
0 0.681153416633606 0.6755427718162537 0.02539975382387638 0.033866338431835175
0 0.5897440910339355 0.6853657960891724 0.02539975382387638 0.033866338431835175
0 0.4964701533317566 0.6953892111778259 0.02539975382387638 0.033866338431835175
0 0.4012739956378937 0.7056191563606262 0.02539975382387638 0.033866338431835175
0 0.3040955662727356 0.7160621881484985 0.02539975382387638 0.033866338431835175
0 0.20487232506275177 0.7267249226570129 0.02539975382387638 0.033866338431835175