0 0.6527699828147888 0.17423884570598602 0.025152718648314476 0.03353695819775263
0 0.5878705382347107 0.17670972645282745 0.025152718648314476 0.03353695819775263
0 0.5218915939331055 0.17922170460224152 0.025152718648314476 0.03353695819775263
0 0.4548058807849884 0.18177582323551178 0.025152718648314476 0.03353695819775263
0 0.38658541440963745 0.184373140335083 0.025152718648314476 0.03353695819775263
0 0.3172011375427246 0.18701475858688354 0.025152718648314476 0.03353695819775263
0 0.24662300944328308 0.1897018402814865 0.025152718648314476 0.03353695819775263
0 0.667411744594574 0.23620474338531494 0.025152718648314476 0.03353695819775263
0 0.5995256304740906 0.23932980000972748 0.025152718648314476 0.03353695819775263
0 0.5304555892944336 0.24250933527946472 0.025152718648314476 0.03353695819775263
0 0.4601704776287079 0.24574482440948486 0.025152718648314476 0.03353695819775263
0 0.3886379301548004 0.2490377277135849 0.025152718648314476 0.03353695819775263
0 0.315824419260025 0.2523895800113678 0.025152718648314476 0.03353695819775263
0 0.24169521033763885 0.2558020353317261 0.025152718648314476 0.03353695819775263
0 0.6835157871246338 0.30435910820961 0.025152718648314476 0.03353695819775263
0 0.6123552322387695 0.308260440826416 0.025152718648314476 0.03353695819775263
0 0.5398905873298645 0.3122332692146301 0.025152718648314476 0.03353695819775263
0 0.4660857021808624 0.3162795603275299 0.025152718648314476 0.03353695819775263
0 0.3909030556678772 0.3204014003276825 0.025152718648314476 0.03353695819775263
0 0.3143036961555481 0.3246009051799774 0.025152718648314476 0.03353695819775263
0 0.2362472116947174 0.32888028025627136 0.025152718648314476 0.03353695819775263
0 0.7013126015663147 0.3796777129173279 0.025152718648314476 0.03353695819775263
0 0.626546323299408 0.3845061957836151 0.025152718648314476 0.03353695819775263
0 0.550336480140686 0.38942790031433105 0.025152718648314476 0.03353695819775263
0 0.47264090180397034 0.3944455683231354 0.025152718648314476 0.03353695819775263
0 0.3934156894683838 0.3995620310306549 0.025152718648314476 0.03353695819775263
0 0.31261521577835083 0.40478020906448364 0.025152718648314476 0.03353695819775263
0 0.23019202053546906 0.4101032018661499 0.025152718648314476 0.03353695819775263
0 0.7210839986801147 0.46335282921791077 0.025152718648314476 0.03353695819775263
0 0.6423278450965881 0.46929678320884705 0.025152718648314476 0.03353695819775263
0 0.5619650483131409 0.47536197304725647 0.025152718648314476 0.03353695819775263
0 0.4799458980560303 0.4815521538257599 0.025152718648314476 0.03353695819775263
0 0.3962186872959137 0.4878712594509125 0.025152718648314476 0.03353695819775263
0 0.3107295334339142 0.49432337284088135 0.025152718648314476 0.03353695819775263
0 0.22342215478420258 0.5009126663208008 0.025152718648314476 0.03353695819775263
0 0.7431778311729431 0.5568568706512451 0.025152718648314476 0.03353695819775263
0 0.6599829196929932 0.5641538500785828 0.025152718648314476 0.03353695819775263
0 0.5749890208244324 0.5716086030006409 0.025152718648314476 0.03353695819775263
0 0.4881370961666107 0.5792262554168701 0.025152718648314476 0.03353695819775263
0 0.39936551451683044 0.5870123505592346 0.025152718648314476 0.03353695819775263
0 0.3086099624633789 0.5949724316596985 0.025152718648314476 0.03353695819775263
0 0.2158031314611435 0.6031123995780945 0.025152718648314476 0.03353695819775263
0 0.7680288553237915 0.6620298027992249 0.025152718648314476 0.03353695819775263
0 0.679866373538971 0.6709831953048706 0.025152718648314476 0.03353695819775263
0 0.589675784111023 0.6801425814628601 0.025152718648314476 0.03353695819775263
0 0.4973861873149872 0.6895151734352112 0.025152718648314476 0.03353695819775263
0 0.4029235243797302 0.699108362197876 0.025152718648314476 0.03353695819775263
0 0.30621010065078735 0.7089301943778992 0.025152718648314476 0.03353695819775263
0 0.20716451108455658 0.718988835811615 0.025152718648314476 0.03353695819775263