0 0.2963453233242035 0.6538066267967224 0.020634010434150696 0.027512013912200928
0 0.37359458208084106 0.6520888805389404 0.020634010434150696 0.027512013912200928
0 0.45133906602859497 0.650360107421875 0.020634010434150696 0.027512013912200928
0 0.5295835137367249 0.6486202478408813 0.020634010434150696 0.027512013912200928
0 0.6083327531814575 0.6468691229820251 0.020634010434150696 0.027512013912200928
0 0.6875917911529541 0.6451067328453064 0.020634010434150696 0.027512013912200928
0 0.7673654556274414 0.643332839012146 0.020634010434150696 0.027512013912200928
0 0.3060319125652313 0.5636930465698242 0.020634010434150696 0.027512013912200928
0 0.37975406646728516 0.5617796778678894 0.020634010434150696 0.027512013912200928
0 0.4539269804954529 0.5598546862602234 0.020634010434150696 0.027512013912200928
0 0.5285547971725464 0.5579178929328918 0.020634010434150696 0.027512013912200928
0 0.6036417484283447 0.5559691190719604 0.020634010434150696 0.027512013912200928
0 0.679192066192627 0.5540083646774292 0.020634010434150696 0.027512013912200928
0 0.7552100419998169 0.5520354509353638 0.020634010434150696 0.027512013912200928
0 0.314868301153183 0.48148900270462036 0.020634010434150696 0.027512013912200928
0 0.3853713572025299 0.47942039370536804 0.020634010434150696 0.027512013912200928
0 0.4562864601612091 0.47733965516090393 0.020634010434150696 0.027512013912200928
0 0.5276172161102295 0.47524675726890564 0.020634010434150696 0.027512013912200928
0 0.5993673801422119 0.47314155101776123 0.020634010434150696 0.027512013912200928
0 0.6715404987335205 0.47102391719818115 0.020634010434150696 0.027512013912200928
0 0.7441405057907104 0.46889376640319824 0.020634010434150696 0.027512013912200928
0 0.322961688041687 0.4061969816684723 0.020634010434150696 0.027512013912200928
0 0.390514999628067 0.4040054380893707 0.020634010434150696 0.027512013912200928
0 0.4584464132785797 0.40180161595344543 0.020634010434150696 0.027512013912200928
0 0.526759147644043 0.39958542585372925 0.020634010434150696 0.027512013912200928
0 0.5954563617706299 0.397356778383255 0.020634010434150696 0.027512013912200928
0 0.6645414233207703 0.39511555433273315 0.020634010434150696 0.027512013912200928
0 0.734017550945282 0.39286160469055176 0.020634010434150696 0.027512013912200928
0 0.3304020166397095 0.33698034286499023 0.020634010434150696 0.027512013912200928
0 0.39524248242378235 0.3346920907497406 0.020634010434150696 0.027512013912200928
0 0.46043112874031067 0.33239156007766724 0.020634010434150696 0.027512013912200928
0 0.5259708166122437 0.3300786316394806 0.020634010434150696 0.027512013912200928
0 0.5918644070625305 0.3277531862258911 0.020634010434150696 0.027512013912200928
0 0.6581147313117981 0.3254151940345764 0.020634010434150696 0.027512013912200928
0 0.7247247099876404 0.32306450605392456 0.020634010434150696 0.027512013912200928
0 0.3372652530670166 0.2731322646141052 0.020634010434150696 0.027512013912200928
0 0.39960232377052307 0.2707686424255371 0.020634010434150696 0.027512013912200928
0 0.4622611403465271 0.2683928310871124 0.020634010434150696 0.027512013912200928
0 0.5252441763877869 0.2660047113895416 0.020634010434150696 0.027512013912200928
0 0.5885539054870605 0.26360419392585754 0.020634010434150696 0.027512013912200928
0 0.6521929502487183 0.2611912190914154 0.020634010434150696 0.027512013912200928
0 0.7161638736724854 0.25876563787460327 0.020634010434150696 0.027512013912200928
0 0.3436160683631897 0.21405147016048431 0.020634010434150696 0.027512013912200928
0 0.4036358594894409 0.2116299271583557 0.020634010434150696 0.027512013912200928
0 0.46395382285118103 0.20919637382030487 0.020634010434150696 0.027512013912200928
0 0.5245721340179443 0.20675067603588104 0.020634010434150696 0.027512013912200928
0 0.5854930877685547 0.20429278910160065 0.020634010434150696 0.027512013912200928
0 0.6467189192771912 0.20182259380817413 0.020634010434150696 0.027512013912200928
0 0.708251953125 0.19934001564979553 0.020634010434150696 0.027512013912200928