0 0.292877197265625 0.6506069302558899 0.020772455260157585 0.027696607013543446
0 0.3692457675933838 0.6490690112113953 0.020772455260157585 0.027696607013543446
0 0.4465797543525696 0.6475116014480591 0.020772455260157585 0.027696607013543446
0 0.5248976349830627 0.6459344029426575 0.020772455260157585 0.027696607013543446
0 0.6042182445526123 0.6443370580673218 0.020772455260157585 0.027696607013543446
0 0.684561014175415 0.6427190899848938 0.020772455260157585 0.027696607013543446
0 0.7659457921981812 0.6410800814628601 0.020772455260157585 0.027696607013543446
0 0.3033044636249542 0.5610339641571045 0.020772455260157585 0.027696607013543446
0 0.37609872221946716 0.5590334534645081 0.020772455260157585 0.027696607013543446
0 0.44976913928985596 0.5570088624954224 0.020772455260157585 0.027696607013543446
0 0.5243316292762756 0.5549597144126892 0.020772455260157585 0.027696607013543446
0 0.599802553653717 0.5528855919837952 0.020772455260157585 0.027696607013543446
0 0.6761985421180725 0.5507860779762268 0.020772455260157585 0.027696607013543446
0 0.7535367608070374 0.5486606955528259 0.020772455260157585 0.027696607013543446
0 0.3127891421318054 0.47955796122550964 0.020772455260157585 0.027696607013543446
0 0.38232865929603577 0.47718310356140137 0.020772455260157585 0.027696607013543446
0 0.45266690850257874 0.47478097677230835 0.020772455260157585 0.027696607013543446
0 0.5238177180290222 0.4723511040210724 0.020772455260157585 0.027696607013543446
0 0.5957953333854675 0.4698930084705353 0.020772455260157585 0.027696607013543446
0 0.6686140894889832 0.46740615367889404 0.020772455260157585 0.027696607013543446
0 0.7422889471054077 0.46489009261131287 0.020772455260157585 0.027696607013543446
0 0.3214535415172577 0.40512844920158386 0.020772455260157585 0.027696607013543446
0 0.38801684975624084 0.4024503231048584 0.020772455260157585 0.027696607013543446
0 0.4553113281726837 0.3997427821159363 0.020772455260157585 0.027696607013543446
0 0.5233489871025085 0.3970053493976593 0.020772455260157585 0.027696607013543446
0 0.5921423435211182 0.3942375183105469 0.020772455260157585 0.027696607013543446
0 0.661703884601593 0.391438752412796 0.020772455260157585 0.027696607013543446
0 0.7320467233657837 0.38860857486724854 0.020772455260157585 0.027696607013543446
0 0.32939964532852173 0.3368692100048065 0.020772455260157585 0.027696607013543446
0 0.39323103427886963 0.3339453935623169 0.020772455260157585 0.027696607013543446
0 0.45773419737815857 0.3309907913208008 0.020772455260157585 0.027696607013543446
0 0.522919774055481 0.3280049264431 0.020772455260157585 0.027696607013543446
0 0.5887986421585083 0.3249873220920563 0.020772455260157585 0.027696607013543446
0 0.6553819179534912 0.3219374418258667 0.020772455260157585 0.027696607013543446
0 0.722680926322937 0.31885477900505066 0.020772455260157585 0.027696607013543446
0 0.3367132246494293 0.2740435004234314 0.020772455260157585 0.027696607013543446
0 0.39802807569503784 0.27092093229293823 0.020772455260157585 0.027696607013543446
0 0.45996224880218506 0.2677668035030365 0.020772455260157585 0.027696607013543446
0 0.5225251913070679 0.26458069682121277 0.020772455260157585 0.027696607013543446
0 0.5857264995574951 0.2613620460033417 0.020772455260157585 0.027696607013543446
0 0.6495760083198547 0.2581104040145874 0.020772455260157585 0.027696607013543446
0 0.714083731174469 0.254825234413147 0.020772455260157585 0.027696607013543446
0 0.3434669077396393 0.2160273641347885 0.020772455260157585 0.027696607013543446
0 0.4024561047554016 0.2127445787191391 0.020772455260157585 0.027696607013543446
0 0.46201810240745544 0.20942991971969604 0.020772455260157585 0.027696607013543446
0 0.5221613049507141 0.20608291029930115 0.020772455260157585 0.027696607013543446
0 0.5828942060470581 0.2027030885219574 0.020772455260157585 0.027696607013543446
0 0.644225537776947 0.1992899626493454 0.020772455260157585 0.027696607013543446
0 0.7061643004417419 0.19584304094314575 0.020772455260157585 0.027696607013543446