0 0.257153183221817 0.18909013271331787 0.037024778624375664 0.037024778624375664
0 0.33607587218284607 0.18966442346572876 0.037024778624375664 0.037024778624375664
0 0.415243923664093 0.1902405023574829 0.037024778624375664 0.037024778624375664
0 0.4946584701538086 0.19081838428974152 0.037024778624375664 0.037024778624375664
0 0.5743206739425659 0.19139805436134338 0.037024778624375664 0.037024778624375664
0 0.6542317271232605 0.1919795423746109 0.037024778624375664 0.037024778624375664
0 0.7343927621841431 0.19256284832954407 0.037024778624375664 0.037024778624375664
0 0.24753017723560333 0.243459552526474 0.037024778624375664 0.037024778624375664
0 0.3297603726387024 0.2441459745168686 0.037024778624375664 0.037024778624375664
0 0.41225701570510864 0.24483460187911987 0.037024778624375664 0.037024778624375664
0 0.49502134323120117 0.24552546441555023 0.037024778624375664 0.037024778624375664
0 0.5780547261238098 0.24621859192848206 0.037024778624375664 0.037024778624375664
0 0.6613584160804749 0.24691395461559296 0.037024778624375664 0.037024778624375664
0 0.7449337840080261 0.24761159718036652 0.037024778624375664 0.037024778624375664
0 0.23706261813640594 0.3026006817817688 0.037024778624375664 0.037024778624375664
0 0.32288968563079834 0.3034171164035797 0.037024778624375664 0.037024778624375664
0 0.4090070426464081 0.3042363226413727 0.037024778624375664 0.037024778624375664
0 0.49541622400283813 0.3050583004951477 0.037024778624375664 0.037024778624375664
0 0.5821186900138855 0.3058830499649048 0.037024778624375664 0.037024778624375664
0 0.6691159009933472 0.3067106306552887 0.037024778624375664 0.037024778624375664
0 0.7564094662666321 0.30754101276397705 0.037024778624375664 0.037024778624375664
0 0.22563421726226807 0.367170512676239 0.037024778624375664 0.037024778624375664
0 0.31538718938827515 0.36813852190971375 0.037024778624375664 0.037024778624375664
0 0.4054577350616455 0.36910995841026306 0.037024778624375664 0.037024778624375664
0 0.49584755301475525 0.37008482217788696 0.037024778624375664 0.037024778624375664
0 0.5865583419799805 0.3710631728172302 0.037024778624375664 0.037024778624375664
0 0.6775918006896973 0.37204501032829285 0.037024778624375664 0.037024778624375664
0 0.7689496874809265 0.37303033471107483 0.037024778624375664 0.037024778624375664
0 0.21310630440711975 0.43795245885849 0.037024778624375664 0.037024778624375664
0 0.3071615397930145 0.43909814953804016 0.037024778624375664 0.037024778624375664
0 0.40156567096710205 0.4402481019496918 0.037024778624375664 0.037024778624375664
0 0.49632060527801514 0.4414023160934448 0.037024778624375664 0.037024778624375664
0 0.591428279876709 0.4425608217716217 0.037024778624375664 0.037024778624375664
0 0.6868907809257507 0.4437236785888672 0.037024778624375664 0.037024778624375664
0 0.7827100157737732 0.4448908567428589 0.037024778624375664 0.037024778624375664
0 0.1993122100830078 0.5158883333206177 0.037024778624375664 0.037024778624375664
0 0.2981029450893402 0.5172436237335205 0.037024778624375664 0.037024778624375664
0 0.39727869629859924 0.5186041593551636 0.037024778624375664 0.037024778624375664
0 0.4968417286872864 0.5199700593948364 0.037024778624375664 0.037024778624375664
0 0.5967943072319031 0.5213412642478943 0.037024778624375664 0.037024778624375664
0 0.697138786315918 0.5227178931236267 0.037024778624375664 0.037024778624375664
0 0.7978774309158325 0.5240998864173889 0.037024778624375664 0.037024778624375664
0 0.18404974043369293 0.6021203994750977 0.037024778624375664 0.037024778624375664
0 0.28807806968688965 0.6037245988845825 0.037024778624375664 0.037024778624375664
0 0.3925335109233856 0.6053354144096375 0.037024778624375664 0.037024778624375664
0 0.49741870164871216 0.6069529056549072 0.037024778624375664 0.037024778624375664
0 0.6027362942695618 0.6085770130157471 0.037024778624375664 0.037024778624375664
0 0.708488941192627 0.6102077960968018 0.037024778624375664 0.037024778624375664
0 0.8146794438362122 0.6118453741073608 0.037024778624375664 0.037024778624375664