0 0.27801939845085144 0.21938198804855347 0.034072957932949066 0.034072957932949066
0 0.35343149304389954 0.2225780487060547 0.034072957932949066 0.034072957932949066
0 0.42862415313720703 0.22576482594013214 0.034072957932949066 0.034072957932949066
0 0.5035983920097351 0.22894233465194702 0.034072957932949066 0.034072957932949066
0 0.5783551335334778 0.2321106195449829 0.034072957932949066 0.034072957932949066
0 0.6528952717781067 0.23526974022388458 0.034072957932949066 0.034072957932949066
0 0.727219820022583 0.23841971158981323 0.034072957932949066 0.034072957932949066
0 0.26909351348876953 0.27220043540000916 0.034072957932949066 0.034072957932949066
0 0.3475205898284912 0.2754437029361725 0.034072957932949066 0.034072957932949066
0 0.42571040987968445 0.27867716550827026 0.034072957932949066 0.034072957932949066
0 0.5036640763282776 0.2819008529186249 0.034072957932949066 0.034072957932949066
0 0.5813825726509094 0.2851147949695587 0.034072957932949066 0.034072957932949066
0 0.6588671207427979 0.28831908106803894 0.034072957932949066 0.034072957932949066
0 0.7361186146736145 0.29151374101638794 0.034072957932949066 0.034072957932949066
0 0.259426474571228 0.3294045329093933 0.034072957932949066 0.034072957932949066
0 0.341119647026062 0.3326919972896576 0.034072957932949066 0.034072957932949066
0 0.42255547642707825 0.33596909046173096 0.034072957932949066 0.034072957932949066
0 0.5037351250648499 0.3392358720302582 0.034072957932949066 0.034072957932949066
0 0.5846598744392395 0.34249240159988403 0.034072957932949066 0.034072957932949066
0 0.6653308868408203 0.3457387089729309 0.034072957932949066 0.034072957932949066
0 0.7457493543624878 0.34897488355636597 0.034072957932949066 0.034072957932949066
0 0.24892200529575348 0.39156416058540344 0.034072957932949066 0.034072957932949066
0 0.33416512608528137 0.3948914706707001 0.034072957932949066 0.034072957932949066
0 0.4191281199455261 0.3982078433036804 0.034072957932949066 0.034072957932949066
0 0.5038123726844788 0.40151330828666687 0.034072957932949066 0.034072957932949066
0 0.5882192254066467 0.404807984828949 0.034072957932949066 0.034072957932949066
0 0.6723500490188599 0.40809187293052673 0.034072957932949066 0.034072957932949066
0 0.756206214427948 0.4113650321960449 0.034072957932949066 0.034072957932949066
0 0.23746633529663086 0.45935237407684326 0.034072957932949066 0.034072957932949066
0 0.3265819549560547 0.46271345019340515 0.034072957932949066 0.034072957932949066
0 0.4153915047645569 0.466062992811203 0.034072957932949066 0.034072957932949066
0 0.5038965344429016 0.4694010317325592 0.034072957932949066 0.034072957932949066
0 0.5920986533164978 0.4727276563644409 0.034072957932949066 0.034072957932949066
0 0.6799993515014648 0.4760429263114929 0.034072957932949066 0.034072957932949066
0 0.7676002383232117 0.4793468713760376 0.034072957932949066 0.034072957932949066
0 0.22492416203022003 0.5335699915885925 0.034072957932949066 0.034072957932949066
0 0.3182808458805084 0.5369564294815063 0.034072957932949066 0.034072957932949066
0 0.41130176186561584 0.540330708026886 0.034072957932949066 0.034072957932949066
0 0.5039886832237244 0.5436928868293762 0.034072957932949066 0.034072957932949066
0 0.5963433980941772 0.5470430254936218 0.034072957932949066 0.034072957932949066
0 0.6883677244186401 0.5503811240196228 0.034072957932949066 0.034072957932949066
0 0.7800633907318115 0.5537073612213135 0.034072957932949066 0.034072957932949066
0 0.21113321185112 0.6151771545410156 0.034072957932949066 0.034072957932949066
0 0.30915480852127075 0.6185775995254517 0.034072957932949066 0.034072957932949066
0 0.4068063199520111 0.6219651103019714 0.034072957932949066 0.034072957932949066
0 0.504089891910553 0.625339925289154 0.034072957932949066 0.034072957932949066
0 0.6010075807571411 0.6287020444869995 0.034072957932949066 0.034072957932949066
0 0.6975614428520203 0.6320515275001526 0.034072957932949066 0.034072957932949066
0 0.7937535047531128 0.6353884339332581 0.034072957932949066 0.034072957932949066