0 0.8026213645935059 0.14829647541046143 0.020266675887008506 0.03401400148868561
0 0.7301400899887085 0.14881613850593567 0.020266675887008506 0.03401400148868561
0 0.6580596566200256 0.1493329405784607 0.020266675887008506 0.03401400148868561
0 0.5863766670227051 0.1498468965291977 0.020266675887008506 0.03401400148868561
0 0.5150878429412842 0.15035802125930786 0.020266675887008506 0.03401400148868561
0 0.44418999552726746 0.1508663445711136 0.020266675887008506 0.03401400148868561
0 0.37367987632751465 0.15137188136577606 0.020266675887008506 0.03401400148868561
0 0.8028299808502197 0.22772637009620667 0.020266675887008506 0.03401400148868561
0 0.727390706539154 0.22803805768489838 0.020266675887008506 0.03401400148868561
0 0.6523855328559875 0.22834795713424683 0.020266675887008506 0.03401400148868561
0 0.5778107047080994 0.22865606844425201 0.020266675887008506 0.03401400148868561
0 0.5036625862121582 0.22896242141723633 0.020266675887008506 0.03401400148868561
0 0.4299374520778656 0.22926701605319977 0.020266675887008506 0.03401400148868561
0 0.3566317558288574 0.22956988215446472 0.020266675887008506 0.03401400148868561
0 0.8030564785003662 0.3139343857765198 0.020266675887008506 0.03401400148868561
0 0.7244073748588562 0.3139999806880951 0.020266675887008506 0.03401400148868561
0 0.6462301015853882 0.31406518816947937 0.020266675887008506 0.03401400148868561
0 0.5685203671455383 0.314130038022995 0.020266675887008506 0.03401400148868561
0 0.4912739396095276 0.3141944706439972 0.020266675887008506 0.03401400148868561
0 0.41448676586151123 0.31425851583480835 0.020266675887008506 0.03401400148868561
0 0.33815473318099976 0.31432220339775085 0.020266675887008506 0.03401400148868561
0 0.8033031225204468 0.4078267216682434 0.020266675887008506 0.03401400148868561
0 0.7211589813232422 0.4076002538204193 0.020266675887008506 0.03401400148868561
0 0.6395294666290283 0.4073752164840698 0.020266675887008506 0.03401400148868561
0 0.5584096312522888 0.40715155005455017 0.020266675887008506 0.03401400148868561
0 0.4777947962284088 0.4069293141365051 0.020266675887008506 0.03401400148868561
0 0.39768022298812866 0.40670841932296753 0.020266675887008506 0.03401400148868561
0 0.31806129217147827 0.40648892521858215 0.020266675887008506 0.03401400148868561
0 0.8035727739334106 0.5104788541793823 0.020266675887008506 0.03401400148868561
0 0.7176085114479065 0.5099043250083923 0.020266675887008506 0.03401400148868561
0 0.6322077512741089 0.5093335509300232 0.020266675887008506 0.03401400148868561
0 0.5473648309707642 0.5087665319442749 0.020266675887008506 0.03401400148868561
0 0.4630744457244873 0.5082032084465027 0.020266675887008506 0.03401400148868561
0 0.379331111907959 0.5076435208320618 0.020266675887008506 0.03401400148868561
0 0.29612958431243896 0.5070874691009521 0.020266675887008506 0.03401400148868561
0 0.80386883020401 0.6231765151023865 0.020266675887008506 0.03401400148868561
0 0.7137117981910706 0.6221853494644165 0.020266675887008506 0.03401400148868561
0 0.6241744160652161 0.6212010383605957 0.020266675887008506 0.03401400148868561
0 0.5352503657341003 0.6202234625816345 0.020266675887008506 0.03401400148868561
0 0.44693323969841003 0.6192525625228882 0.020266675887008506 0.03401400148868561
0 0.35921692848205566 0.6182882189750671 0.020266675887008506 0.03401400148868561
0 0.27209529280662537 0.6173304319381714 0.020266675887008506 0.03401400148868561
0 0.8041953444480896 0.7474702596664429 0.020266675887008506 0.03401400148868561
0 0.70941561460495 0.7459777593612671 0.020266675887008506 0.03401400148868561
0 0.6153205633163452 0.7444959878921509 0.020266675887008506 0.03401400148868561
0 0.5219027400016785 0.7430249452590942 0.020266675887008506 0.03401400148868561
0 0.42915499210357666 0.7415643930435181 0.020266675887008506 0.03401400148868561
0 0.3370700180530548 0.7401143312454224 0.020266675887008506 0.03401400148868561
0 0.2456408143043518 0.7386745810508728 0.020266675887008506 0.03401400148868561