0 0.29912176728248596 0.6490680575370789 0.020449576899409298 0.027266102532545727
0 0.3760860562324524 0.6470007300376892 0.020449576899409298 0.027266102532545727
0 0.45334386825561523 0.6449254751205444 0.020449576899409298 0.027266102532545727
0 0.5308968424797058 0.6428422927856445 0.020449576899409298 0.027266102532545727
0 0.6087467670440674 0.6407511830329895 0.020449576899409298 0.027266102532545727
0 0.6868952512741089 0.6386520266532898 0.020449576899409298 0.027266102532545727
0 0.7653440237045288 0.6365447640419006 0.020449576899409298 0.027266102532545727
0 0.3099046051502228 0.558979868888855 0.020449576899409298 0.027266102532545727
0 0.3832548260688782 0.5568467378616333 0.020449576899409298 0.027266102532545727
0 0.45687156915664673 0.5547058582305908 0.020449576899409298 0.027266102532545727
0 0.5307562351226807 0.5525572299957275 0.020449576899409298 0.027266102532545727
0 0.6049103140830994 0.5504007339477539 0.020449576899409298 0.027266102532545727
0 0.6793352961540222 0.5482363700866699 0.020449576899409298 0.027266102532545727
0 0.7540326714515686 0.5460640788078308 0.020449576899409298 0.027266102532545727
0 0.3197168707847595 0.47700053453445435 0.020449576899409298 0.027266102532545727
0 0.38977721333503723 0.47482165694236755 0.020449576899409298 0.027266102532545727
0 0.460080623626709 0.4726351797580719 0.020449576899409298 0.027266102532545727
0 0.5306283235549927 0.47044113278388977 0.020449576899409298 0.027266102532545727
0 0.6014216542243958 0.4682394564151764 0.020449576899409298 0.027266102532545727
0 0.6724618077278137 0.466030091047287 0.020449576899409298 0.027266102532545727
0 0.7437501549720764 0.46381300687789917 0.020449576899409298 0.027266102532545727
0 0.3286839723587036 0.4020824432373047 0.020449576899409298 0.027266102532545727
0 0.3957368731498718 0.39987340569496155 0.020449576899409298 0.027266102532545727
0 0.46301236748695374 0.3976570665836334 0.020449576899409298 0.027266102532545727
0 0.5305114984512329 0.39543333649635315 0.020449576899409298 0.027266102532545727
0 0.5982354283332825 0.39320218563079834 0.020449576899409298 0.027266102532545727
0 0.6661853194236755 0.390963613986969 0.020449576899409298 0.027266102532545727
0 0.7343621850013733 0.38871756196022034 0.020449576899409298 0.027266102532545727
0 0.33691057562828064 0.33335092663764954 0.020449576899409298 0.027266102532545727
0 0.40120363235473633 0.33112409710884094 0.020449576899409298 0.027266102532545727
0 0.46570122241973877 0.3288901448249817 0.020449576899409298 0.027266102532545727
0 0.5304043889045715 0.32664909958839417 0.020449576899409298 0.027266102532545727
0 0.5953140258789062 0.3244009017944336 0.020449576899409298 0.027266102532545727
0 0.6604312062263489 0.3221455216407776 0.020449576899409298 0.027266102532545727
0 0.7257569432258606 0.31988289952278137 0.020449576899409298 0.027266102532545727
0 0.344484806060791 0.27007007598876953 0.020449576899409298 0.027266102532545727
0 0.4062361717224121 0.2678351402282715 0.020449576899409298 0.027266102532545727
0 0.4681762158870697 0.26559337973594666 0.020449576899409298 0.027266102532545727
0 0.5303057432174683 0.26334476470947266 0.020449576899409298 0.027266102532545727
0 0.5926257371902466 0.2610892355442047 0.020449576899409298 0.027266102532545727
0 0.6551369428634644 0.2588267922401428 0.020449576899409298 0.027266102532545727
0 0.7178403735160828 0.2565574049949646 0.020449576899409298 0.027266102532545727
0 0.35148125886917114 0.21161618828773499 0.020449576899409298 0.027266102532545727
0 0.410884290933609 0.2093808650970459 0.020449576899409298 0.027266102532545727
0 0.4704618453979492 0.20713898539543152 0.020449576899409298 0.027266102532545727
0 0.5302147269248962 0.20489048957824707 0.020449576899409298 0.027266102532545727
0 0.5901436805725098 0.20263537764549255 0.020449576899409298 0.027266102532545727
0 0.6502495408058167 0.20037361979484558 0.020449576899409298 0.027266102532545727
0 0.7105330228805542 0.19810515642166138 0.020449576899409298 0.027266102532545727