0 0.704498827457428 0.1947975903749466 0.0250751581043005 0.03343354413906733
0 0.6365879774093628 0.19476906955242157 0.0250751581043005 0.03343354413906733
0 0.5687426924705505 0.19474056363105774 0.0250751581043005 0.03343354413906733
0 0.5009629130363464 0.1947120875120163 0.0250751581043005 0.03343354413906733
0 0.43324846029281616 0.19468365609645844 0.0250751581043005 0.03343354413906733
0 0.36559927463531494 0.19465523958206177 0.0250751581043005 0.03343354413906733
0 0.298015296459198 0.1946268379688263 0.0250751581043005 0.03343354413906733
0 0.7143474221229553 0.2596190273761749 0.0250751581043005 0.03343354413906733
0 0.6431265473365784 0.25955629348754883 0.0250751581043005 0.03343354413906733
0 0.5719777345657349 0.2594936192035675 0.0250751581043005 0.03343354413906733
0 0.50090092420578 0.25943100452423096 0.0250751581043005 0.03343354413906733
0 0.4298960566520691 0.2593684494495392 0.0250751581043005 0.03343354413906733
0 0.35896292328834534 0.2593059539794922 0.0250751581043005 0.03343354413906733
0 0.2881014347076416 0.25924351811408997 0.0250751581043005 0.03343354413906733
0 0.7252041697502136 0.33107617497444153 0.0250751581043005 0.03343354413906733
0 0.6503340005874634 0.33097219467163086 0.0250751581043005 0.03343354413906733
0 0.5755435824394226 0.33086830377578735 0.0250751581043005 0.03343354413906733
0 0.5008326768875122 0.3307645320892334 0.0250751581043005 0.03343354413906733
0 0.426201194524765 0.330660879611969 0.0250751581043005 0.03343354413906733
0 0.3516489863395691 0.33055731654167175 0.0250751581043005 0.03343354413906733
0 0.2771759629249573 0.33045387268066406 0.0250751581043005 0.03343354413906733
0 0.7372322082519531 0.4102429151535034 0.0250751581043005 0.03343354413906733
0 0.6583186984062195 0.4100888967514038 0.0250751581043005 0.03343354413906733
0 0.5794937014579773 0.4099350571632385 0.0250751581043005 0.03343354413906733
0 0.5007570385932922 0.4097813665866852 0.0250751581043005 0.03343354413906733
0 0.42210859060287476 0.40962788462638855 0.0250751581043005 0.03343354413906733
0 0.3435481786727905 0.40947455167770386 0.0250751581043005 0.03343354413906733
0 0.26507568359375 0.4093213975429535 0.0250751581043005 0.03343354413906733
0 0.7506320476531982 0.4984380602836609 0.0250751581043005 0.03343354413906733
0 0.667213499546051 0.4982229769229889 0.0250751581043005 0.03343354413906733
0 0.5838937759399414 0.498008131980896 0.0250751581043005 0.03343354413906733
0 0.5006728172302246 0.4977935552597046 0.0250751581043005 0.03343354413906733
0 0.41755035519599915 0.4975792169570923 0.0250751581043005 0.03343354413906733
0 0.3345262408256531 0.49736514687538147 0.0250751581043005 0.03343354413906733
0 0.25160032510757446 0.49715131521224976 0.0250751581043005 0.03343354413906733
0 0.7656524181365967 0.5972995162010193 0.0250751581043005 0.03343354413906733
0 0.6771832704544067 0.5970092415809631 0.0250751581043005 0.03343354413906733
0 0.5888253450393677 0.5967193245887756 0.0250751581043005 0.03343354413906733
0 0.5005784034729004 0.5964298248291016 0.0250751581043005 0.03343354413906733
0 0.41244223713874817 0.5961406230926514 0.0250751581043005 0.03343354413906733
0 0.3244166374206543 0.5958518385887146 0.0250751581043005 0.03343354413906733
0 0.23650141060352325 0.5955634117126465 0.0250751581043005 0.03343354413906733
0 0.782606303691864 0.7088867425918579 0.0250751581043005 0.03343354413906733
0 0.6884356141090393 0.7085031270980835 0.0250751581043005 0.03343354413906733
0 0.594390869140625 0.7081199884414673 0.0250751581043005 0.03343354413906733
0 0.5004718899726868 0.707737386226654 0.0250751581043005 0.03343354413906733
0 0.40667834877967834 0.7073553204536438 0.0250751581043005 0.03343354413906733
0 0.313010036945343 0.7069737315177917 0.0250751581043005 0.03343354413906733
0 0.2194666862487793 0.7065926790237427 0.0250751581043005 0.03343354413906733