0 0.20689156651496887 0.6655941605567932 0.0335798387726148 0.0335798387726148
0 0.3046143352985382 0.667595624923706 0.0335798387726148 0.0335798387726148
0 0.4020725190639496 0.6695916652679443 0.0335798387726148 0.0335798387726148
0 0.4992671608924866 0.6715822815895081 0.0335798387726148 0.0335798387726148
0 0.5961993336677551 0.6735675930976868 0.0335798387726148 0.0335798387726148
0 0.6928701400756836 0.6755474805831909 0.0335798387726148 0.0335798387726148
0 0.7892805933952332 0.6775221228599548 0.0335798387726148 0.0335798387726148
0 0.2188567817211151 0.5727975368499756 0.0335798387726148 0.0335798387726148
0 0.3131352961063385 0.5748501420021057 0.0335798387726148 0.0335798387726148
0 0.4071674644947052 0.5768974423408508 0.0335798387726148 0.0335798387726148
0 0.500954270362854 0.5789393782615662 0.0335798387726148 0.0335798387726148
0 0.5944967269897461 0.5809759497642517 0.0335798387726148 0.0335798387726148
0 0.6877956390380859 0.583007276058197 0.0335798387726148 0.0335798387726148
0 0.7808521389961243 0.5850332975387573 0.0335798387726148 0.0335798387726148
0 0.23000983893871307 0.4862997233867645 0.0335798387726148 0.0335798387726148
0 0.3210785984992981 0.48839208483695984 0.0335798387726148 0.0335798387726148
0 0.41191747784614563 0.49047917127609253 0.0335798387726148 0.0335798387726148
0 0.5025273561477661 0.492561012506485 0.0335798387726148 0.0335798387726148
0 0.592909038066864 0.4946375787258148 0.0335798387726148 0.0335798387726148
0 0.6830634474754333 0.4967089593410492 0.0335798387726148 0.0335798387726148
0 0.772991418838501 0.49877509474754333 0.0335798387726148 0.0335798387726148
0 0.24043069779872894 0.4054804742336273 0.0335798387726148 0.0335798387726148
0 0.3285010755062103 0.40760302543640137 0.0335798387726148 0.0335798387726148
0 0.4163564145565033 0.40972039103507996 0.0335798387726148 0.0335798387726148
0 0.5039975047111511 0.4118326008319855 0.0335798387726148 0.0335798387726148
0 0.5914251208305359 0.4139396548271179 0.0335798387726148 0.0335798387726148
0 0.6786400079727173 0.41604161262512207 0.0335798387726148 0.0335798387726148
0 0.7656430602073669 0.41813844442367554 0.0335798387726148 0.0335798387726148
0 0.2501891851425171 0.32979831099510193 0.0335798387726148 0.0335798387726148
0 0.33545228838920593 0.3319430649280548 0.0335798387726148 0.0335798387726148
0 0.4205138385295868 0.3340827226638794 0.0335798387726148 0.0335798387726148
0 0.5053744912147522 0.33621734380722046 0.0335798387726148 0.0335798387726148
0 0.5900350213050842 0.3383469581604004 0.0335798387726148 0.0335798387726148
0 0.6744961142539978 0.3404715061187744 0.0335798387726148 0.0335798387726148
0 0.7587584257125854 0.3425911068916321 0.0335798387726148 0.0335798387726148
0 0.25934648513793945 0.25877857208251953 0.0335798387726148 0.0335798387726148
0 0.3419758081436157 0.2609387934207916 0.0335798387726148 0.0335798387726148
0 0.4244157671928406 0.26309406757354736 0.0335798387726148 0.0335798387726148
0 0.5066670179367065 0.26524439454078674 0.0335798387726148 0.0335798387726148
0 0.5887302160263062 0.26738983392715454 0.0335798387726148 0.0335798387726148
0 0.6706060171127319 0.26953035593032837 0.0335798387726148 0.0335798387726148
0 0.7522950172424316 0.2716659903526306 0.0335798387726148 0.0335798387726148
0 0.26795652508735657 0.1920032501220703 0.0335798387726148 0.0335798387726148
0 0.3481098413467407 0.19417330622673035 0.0335798387726148 0.0335798387726148
0 0.42808499932289124 0.19633854925632477 0.0335798387726148 0.0335798387726148
0 0.5078825354576111 0.19849896430969238 0.0335798387726148 0.0335798387726148
0 0.5875030159950256 0.20065459609031677 0.0335798387726148 0.0335798387726148
0 0.6669471263885498 0.20280545949935913 0.0335798387726148 0.0335798387726148
0 0.7462153434753418 0.20495155453681946 0.0335798387726148 0.0335798387726148