0 0.33459895849227905 0.3902144134044647 0.01912439614534378 0.025499194860458374
0 0.3291257917881012 0.447070449590683 0.01912439614534378 0.025499194860458374
0 0.32331669330596924 0.507416307926178 0.01912439614534378 0.025499194860458374
0 0.31713974475860596 0.5715834498405457 0.01912439614534378 0.025499194860458374
0 0.31055885553359985 0.6399467587471008 0.01912439614534378 0.025499194860458374
0 0.30353307723999023 0.7129316926002502 0.01912439614534378 0.025499194860458374
0 0.2960157096385956 0.7910233736038208 0.01912439614534378 0.025499194860458374
0 0.3960133194923401 0.39214083552360535 0.01912439614534378 0.025499194860458374
0 0.392373263835907 0.448984831571579 0.01912439614534378 0.025499194860458374
0 0.3885101079940796 0.5093135237693787 0.01912439614534378 0.025499194860458374
0 0.3844026029109955 0.5734574198722839 0.01912439614534378 0.025499194860458374
0 0.3800268769264221 0.6417903304100037 0.01912439614534378 0.025499194860458374
0 0.3753557503223419 0.7147364616394043 0.01912439614534378 0.025499194860458374
0 0.3703582286834717 0.7927793264389038 0.01912439614534378 0.025499194860458374
0 0.45728233456611633 0.39406269788742065 0.01912439614534378 0.025499194860458374
0 0.4554666578769684 0.4508945345878601 0.01912439614534378 0.025499194860458374
0 0.45353978872299194 0.5112059116363525 0.01912439614534378 0.025499194860458374
0 0.45149123668670654 0.5753265023231506 0.01912439614534378 0.025499194860458374
0 0.4493090808391571 0.6436290144920349 0.01912439614534378 0.025499194860458374
0 0.446979820728302 0.716536283493042 0.01912439614534378 0.025499194860458374
0 0.4444880187511444 0.7945302128791809 0.01912439614534378 0.025499194860458374
0 0.5184065699577332 0.39598003029823303 0.01912439614534378 0.025499194860458374
0 0.5184064507484436 0.45279958844184875 0.01912439614534378 0.025499194860458374
0 0.5184063911437988 0.5130935907363892 0.01912439614534378 0.025499194860458374
0 0.5184062719345093 0.5771908164024353 0.01912439614534378 0.025499194860458374
0 0.5184062123298645 0.6454627513885498 0.01912439614534378 0.025499194860458374
0 0.518406093120575 0.7183310985565186 0.01912439614534378 0.025499194860458374
0 0.5184059739112854 0.7962761521339417 0.01912439614534378 0.025499194860458374
0 0.5793864727020264 0.3978928327560425 0.01912439614534378 0.025499194860458374
0 0.5811933279037476 0.4546999931335449 0.01912439614534378 0.025499194860458374
0 0.583110511302948 0.5149765610694885 0.01912439614534378 0.025499194860458374
0 0.5851484537124634 0.5790502429008484 0.01912439614534378 0.025499194860458374
0 0.587319016456604 0.6472916007041931 0.01912439614534378 0.025499194860458374
0 0.58963543176651 0.7201209664344788 0.01912439614534378 0.025499194860458374
0 0.5921130776405334 0.7980170845985413 0.01912439614534378 0.025499194860458374
0 0.6402226090431213 0.3998011350631714 0.01912439614534378 0.025499194860458374
0 0.6438277363777161 0.4565958082675934 0.01912439614534378 0.025499194860458374
0 0.6476527452468872 0.5168547630310059 0.01912439614534378 0.025499194860458374
0 0.6517184376716614 0.5809049010276794 0.01912439614534378 0.025499194860458374
0 0.6560481786727905 0.6491156220436096 0.01912439614534378 0.025499194860458374
0 0.660668671131134 0.7219058871269226 0.01912439614534378 0.025499194860458374
0 0.6656100749969482 0.7997530102729797 0.01912439614534378 0.025499194860458374
0 0.700915515422821 0.40170490741729736 0.01912439614534378 0.025499194860458374
0 0.7063102722167969 0.45848703384399414 0.01912439614534378 0.025499194860458374
0 0.712033748626709 0.5187283158302307 0.01912439614534378 0.025499194860458374
0 0.718116819858551 0.5827547907829285 0.01912439614534378 0.025499194860458374
0 0.7245945334434509 0.6509347558021545 0.01912439614534378 0.025499194860458374
0 0.7315065264701843 0.7236859202384949 0.01912439614534378 0.025499194860458374
0 0.7388980388641357 0.8014840483665466 0.01912439614534378 0.025499194860458374