0 0.28896212577819824 0.6653684377670288 0.02147349715232849 0.02863132953643799
0 0.36724260449409485 0.6639469861984253 0.02147349715232849 0.02863132953643799
0 0.44666317105293274 0.6625047922134399 0.02147349715232849 0.02863132953643799
0 0.5272489786148071 0.6610414981842041 0.02147349715232849 0.02863132953643799
0 0.609025776386261 0.65955650806427 0.02147349715232849 0.02863132953643799
0 0.6920202374458313 0.658049464225769 0.02147349715232849 0.02863132953643799
0 0.77625972032547 0.6565197706222534 0.02147349715232849 0.02863132953643799
0 0.30201753973960876 0.5732729434967041 0.02147349715232849 0.02863132953643799
0 0.3764268159866333 0.5712913274765015 0.02147349715232849 0.02863132953643799
0 0.4518646001815796 0.5692822337150574 0.02147349715232849 0.02863132953643799
0 0.5283523797988892 0.5672452449798584 0.02147349715232849 0.02863132953643799
0 0.6059122085571289 0.5651796460151672 0.02147349715232849 0.02863132953643799
0 0.684566855430603 0.5630849003791809 0.02147349715232849 0.02863132953643799
0 0.7643395066261292 0.5609604120254517 0.02147349715232849 0.02863132953643799
0 0.3138236105442047 0.4899906814098358 0.02147349715232849 0.02863132953643799
0 0.3847264051437378 0.48756036162376404 0.02147349715232849 0.02863132953643799
0 0.45656174421310425 0.48509806394577026 0.02147349715232849 0.02863132953643799
0 0.5293481349945068 0.48260316252708435 0.02147349715232849 0.02863132953643799
0 0.6031045913696289 0.48007503151893616 0.02147349715232849 0.02863132953643799
0 0.677850604057312 0.47751298546791077 0.02147349715232849 0.02863132953643799
0 0.7536063194274902 0.4749163091182709 0.02147349715232849 0.02863132953643799
0 0.32455146312713623 0.41431429982185364 0.02147349715232849 0.02863132953643799
0 0.3922632932662964 0.4115239381790161 0.02147349715232849 0.02863132953643799
0 0.46082451939582825 0.40869858860969543 0.02147349715232849 0.02863132953643799
0 0.5302512049674988 0.4058375656604767 0.02147349715232849 0.02863132953643799
0 0.6005598902702332 0.40294021368026733 0.02147349715232849 0.02863132953643799
0 0.6717674136161804 0.4000057876110077 0.02147349715232849 0.02863132953643799
0 0.743891179561615 0.3970336318016052 0.02147349715232849 0.02863132953643799
0 0.334342360496521 0.345247358083725 0.02147349715232849 0.02863132953643799
0 0.3991380035877228 0.34216800332069397 0.02147349715232849 0.02863132953643799
0 0.464710533618927 0.3390517234802246 0.02147349715232849 0.02863132953643799
0 0.5310739874839783 0.33589786291122437 0.02147349715232849 0.02863132953643799
0 0.5982428193092346 0.3327057361602783 0.02147349715232849 0.02863132953643799
0 0.6662316918373108 0.32947462797164917 0.02147349715232849 0.02863132953643799
0 0.7350558042526245 0.3262038230895996 0.02147349715232849 0.02863132953643799
0 0.34331393241882324 0.28196021914482117 0.02147349715232849 0.02863132953643799
0 0.40543413162231445 0.2786491811275482 0.02147349715232849 0.02863132953643799
0 0.4682675898075104 0.27530011534690857 0.02147349715232849 0.02863132953643799
0 0.5318267345428467 0.2719123959541321 0.02147349715232849 0.02863132953643799
0 0.5961241126060486 0.26848527789115906 0.02147349715232849 0.02863132953643799
0 0.6611727476119995 0.26501816511154175 0.02147349715232849 0.02863132953643799
0 0.7269858717918396 0.26151028275489807 0.02147349715232849 0.02863132953643799
0 0.351564884185791 0.22375650703907013 0.02147349715232849 0.02863132953643799
0 0.4112217426300049 0.22026033699512482 0.02147349715232849 0.02863132953643799
0 0.4715358018875122 0.2167256474494934 0.02147349715232849 0.02863132953643799
0 0.5325179696083069 0.21315181255340576 0.02147349715232849 0.02863132953643799
0 0.5941794514656067 0.20953816175460815 0.02147349715232849 0.02863132953643799
0 0.656531572341919 0.20588403940200806 0.02147349715232849 0.02863132953643799
0 0.7195860743522644 0.20218874514102936 0.02147349715232849 0.02863132953643799