0 0.7068280577659607 0.15977270901203156 0.0229061846776555 0.03425223877032598
0 0.6310850381851196 0.15938326716423035 0.0229061846776555 0.03425223877032598
0 0.5548853874206543 0.1589914709329605 0.0229061846776555 0.03425223877032598
0 0.47822490334510803 0.15859732031822205 0.0229061846776555 0.03425223877032598
0 0.40109941363334656 0.15820077061653137 0.0229061846776555 0.03425223877032598
0 0.3235046863555908 0.1578018069267273 0.0229061846776555 0.03425223877032598
0 0.2454364150762558 0.15740039944648743 0.0229061846776555 0.03425223877032598
0 0.7183220982551575 0.23928214609622955 0.0229061846776555 0.03425223877032598
0 0.6398025751113892 0.2391260862350464 0.0229061846776555 0.03425223877032598
0 0.5607920289039612 0.23896904289722443 0.0229061846776555 0.03425223877032598
0 0.48128584027290344 0.23881101608276367 0.0229061846776555 0.03425223877032598
0 0.4012793004512787 0.23865200579166412 0.0229061846776555 0.03425223877032598
0 0.32076770067214966 0.2384919822216034 0.0229061846776555 0.03425223877032598
0 0.23974621295928955 0.23833094537258148 0.0229061846776555 0.03425223877032598
0 0.7306996583938599 0.32490381598472595 0.0229061846776555 0.03425223877032598
0 0.6491923928260803 0.32501891255378723 0.0229061846776555 0.03425223877032598
0 0.5671557188034058 0.3251347541809082 0.0229061846776555 0.03425223877032598
0 0.48458439111709595 0.32525137066841125 0.0229061846776555 0.03425223877032598
0 0.40147319436073303 0.325368732213974 0.0229061846776555 0.03425223877032598
0 0.3178168535232544 0.3254868686199188 0.0229061846776555 0.03425223877032598
0 0.23360992968082428 0.3256057798862457 0.0229061846776555 0.03425223877032598
0 0.7440668344497681 0.4173707067966461 0.0229061846776555 0.03425223877032598
0 0.6593354940414429 0.41780176758766174 0.0229061846776555 0.03425223877032598
0 0.5740315914154053 0.41823574900627136 0.0229061846776555 0.03425223877032598
0 0.4881493151187897 0.418672651052475 0.0229061846776555 0.03425223877032598
0 0.4016828238964081 0.41911256313323975 0.0229061846776555 0.03425223877032598
0 0.3146260678768158 0.4195554554462433 0.0229061846776555 0.03425223877032598
0 0.22697299718856812 0.42000138759613037 0.0229061846776555 0.03425223877032598
0 0.7585471868515015 0.5175378322601318 0.0229061846776555 0.03425223877032598
0 0.6703261733055115 0.5183383226394653 0.0229061846776555 0.03425223877032598
0 0.5814840793609619 0.5191443562507629 0.0229061846776555 0.03425223877032598
0 0.4920142889022827 0.5199561715126038 0.0229061846776555 0.03425223877032598
0 0.40191012620925903 0.520773708820343 0.0229061846776555 0.03425223877032598
0 0.31116482615470886 0.5215970277786255 0.0229061846776555 0.03425223877032598
0 0.21977153420448303 0.5224262475967407 0.0229061846776555 0.03425223877032598
0 0.7742857336997986 0.6264089345932007 0.0229061846776555 0.03425223877032598
0 0.6822754144668579 0.6276428699493408 0.0229061846776555 0.03425223877032598
0 0.5895889401435852 0.628885805606842 0.0229061846776555 0.03425223877032598
0 0.49621880054473877 0.6301379799842834 0.0229061846776555 0.03425223877032598
0 0.4021574854850769 0.631399393081665 0.0229061846776555 0.03425223877032598
0 0.3073972463607788 0.6326701641082764 0.0229061846776555 0.03425223877032598
0 0.2119302898645401 0.633950412273407 0.0229061846776555 0.03425223877032598
0 0.7914540767669678 0.745169997215271 0.0229061846776555 0.03425223877032598
0 0.6953142881393433 0.7469147443771362 0.0229061846776555 0.03425223877032598
0 0.598435640335083 0.7486729025840759 0.0229061846776555 0.03425223877032598
0 0.5008096694946289 0.7504445910453796 0.0229061846776555 0.03425223877032598
0 0.40242767333984375 0.7522300481796265 0.0229061846776555 0.03425223877032598
0 0.303280770778656 0.754029393196106 0.0229061846776555 0.03425223877032598
0 0.20336008071899414 0.7558427453041077 0.0229061846776555 0.03425223877032598