0 0.7091864943504333 0.314771831035614 0.031187735497951508 0.031187735497951508
0 0.6411327719688416 0.3147883713245392 0.031187735497951508 0.031187735497951508
0 0.5730352401733398 0.31480491161346436 0.031187735497951508 0.031187735497951508
0 0.5048937797546387 0.3148214519023895 0.031187735497951508 0.031187735497951508
0 0.43670836091041565 0.3148379921913147 0.031187735497951508 0.031187735497951508
0 0.3684789836406708 0.31485456228256226 0.031187735497951508 0.031187735497951508
0 0.3002055585384369 0.3148711621761322 0.031187735497951508 0.031187735497951508
0 0.7180429100990295 0.3702061176300049 0.031187735497951508 0.031187735497951508
0 0.6472481489181519 0.3702419102191925 0.031187735497951508 0.031187735497951508
0 0.576405942440033 0.3702777028083801 0.031187735497951508 0.031187735497951508
0 0.5055161714553833 0.37031352519989014 0.031187735497951508 0.031187735497951508
0 0.43457889556884766 0.37034934759140015 0.031187735497951508 0.031187735497951508
0 0.3635939657688141 0.37038522958755493 0.031187735497951508 0.031187735497951508
0 0.2925613820552826 0.3704211115837097 0.031187735497951508 0.031187735497951508
0 0.7276433706283569 0.43029701709747314 0.031187735497951508 0.031187735497951508
0 0.6538774371147156 0.4303552806377411 0.031187735497951508 0.031187735497951508
0 0.5800600051879883 0.4304135739803314 0.031187735497951508 0.031187735497951508
0 0.5061909556388855 0.43047192692756653 0.031187735497951508 0.031187735497951508
0 0.43227025866508484 0.430530309677124 0.031187735497951508 0.031187735497951508
0 0.3582978844642639 0.4305887222290039 0.031187735497951508 0.031187735497951508
0 0.28427374362945557 0.43064719438552856 0.031187735497951508 0.031187735497951508
0 0.7380855679512024 0.4956569969654083 0.031187735497951508 0.031187735497951508
0 0.661088228225708 0.49574166536331177 0.031187735497951508 0.031187735497951508
0 0.5840346813201904 0.4958263635635376 0.031187735497951508 0.031187735497951508
0 0.5069249272346497 0.4959111213684082 0.031187735497951508 0.031187735497951508
0 0.4297589361667633 0.4959959387779236 0.031187735497951508 0.031187735497951508
0 0.35253655910491943 0.49608081579208374 0.031187735497951508 0.031187735497951508
0 0.27525779604911804 0.49616578221321106 0.031187735497951508 0.031187735497951508
0 0.749485433101654 0.5670108795166016 0.031187735497951508 0.031187735497951508
0 0.6689605116844177 0.5671266317367554 0.031187735497951508 0.031187735497951508
0 0.5883741974830627 0.567242443561554 0.031187735497951508 0.031187735497951508
0 0.5077263116836548 0.5673583149909973 0.031187735497951508 0.031187735497951508
0 0.4270169138908386 0.5674743056297302 0.031187735497951508 0.031187735497951508
0 0.3462458848953247 0.5675904154777527 0.031187735497951508 0.031187735497951508
0 0.2654131352901459 0.5677065849304199 0.031187735497951508 0.031187735497951508
0 0.7619809508323669 0.6452227830886841 0.031187735497951508 0.031187735497951508
0 0.6775897741317749 0.6453753113746643 0.031187735497951508 0.031187735497951508
0 0.5931310653686523 0.6455279588699341 0.031187735497951508 0.031187735497951508
0 0.5086048245429993 0.6456807851791382 0.031187735497951508 0.031187735497951508
0 0.4240109622478485 0.6458336710929871 0.031187735497951508 0.031187735497951508
0 0.3393493890762329 0.6459866762161255 0.031187735497951508 0.031187735497951508
0 0.2546199858188629 0.6461398601531982 0.031187735497951508 0.031187735497951508
0 0.7757381200790405 0.7313312888145447 0.031187735497951508 0.031187735497951508
0 0.6870905756950378 0.7315276861190796 0.031187735497951508 0.031187735497951508
0 0.5983686447143555 0.7317242622375488 0.031187735497951508 0.031187735497951508
0 0.5095721483230591 0.7319209575653076 0.031187735497951508 0.031187735497951508
0 0.4207009971141815 0.7321178913116455 0.031187735497951508 0.031187735497951508
0 0.3317551016807556 0.732314944267273 0.031187735497951508 0.031187735497951508
0 0.2427343875169754 0.7325121164321899 0.031187735497951508 0.031187735497951508