0 0.7327972054481506 0.15186546742916107 0.02031968118002017 0.03410296142101288
0 0.6597750782966614 0.15275578200817108 0.02031968118002017 0.03410296142101288
0 0.5871328115463257 0.153641477227211 0.02031968118002017 0.03410296142101288
0 0.51486736536026 0.15452256798744202 0.02031968118002017 0.03410296142101288
0 0.44297587871551514 0.1553991138935089 0.02031968118002017 0.03410296142101288
0 0.37145543098449707 0.15627111494541168 0.02031968118002017 0.03410296142101288
0 0.3003031313419342 0.1571386456489563 0.02031968118002017 0.03410296142101288
0 0.7411261796951294 0.23165112733840942 0.02031968118002017 0.03410296142101288
0 0.6651782989501953 0.23236054182052612 0.02031968118002017 0.03410296142101288
0 0.5896411538124084 0.2330661118030548 0.02031968118002017 0.03410296142101288
0 0.5145113468170166 0.23376788198947906 0.02031968118002017 0.03410296142101288
0 0.4397856295108795 0.23446588218212128 0.02031968118002017 0.03410296142101288
0 0.36546075344085693 0.23516012728214264 0.02031968118002017 0.03410296142101288
0 0.291533499956131 0.23585066199302673 0.02031968118002017 0.03410296142101288
0 0.750146746635437 0.31806233525276184 0.02031968118002017 0.03410296142101288
0 0.6710289120674133 0.31855714321136475 0.02031968118002017 0.03410296142101288
0 0.5923565626144409 0.3190491795539856 0.02031968118002017 0.03410296142101288
0 0.5141260027885437 0.3195384442806244 0.02031968118002017 0.03410296142101288
0 0.43633341789245605 0.3200249671936035 0.02031968118002017 0.03410296142101288
0 0.35897520184516907 0.32050877809524536 0.02031968118002017 0.03410296142101288
0 0.28204774856567383 0.3209898769855499 0.02031968118002017 0.03410296142101288
0 0.7599489092826843 0.4119601547718048 0.02031968118002017 0.03410296142101288
0 0.6773849725723267 0.4121997654438019 0.02031968118002017 0.03410296142101288
0 0.5953059196472168 0.41243797540664673 0.02031968118002017 0.03410296142101288
0 0.5137075185775757 0.41267481446266174 0.02031968118002017 0.03410296142101288
0 0.43258559703826904 0.41291025280952454 0.02031968118002017 0.03410296142101288
0 0.3519359529018402 0.4131443202495575 0.02031968118002017 0.03410296142101288
0 0.27175450325012207 0.4133770167827606 0.02031968118002017 0.03410296142101288
0 0.7706387639045715 0.5143615007400513 0.02031968118002017 0.03410296142101288
0 0.6843147873878479 0.5142967700958252 0.02031968118002017 0.03410296142101288
0 0.5985206961631775 0.5142323970794678 0.02031968118002017 0.03410296142101288
0 0.5132514834403992 0.514168381690979 0.02031968118002017 0.03410296142101288
0 0.42850250005722046 0.5141047835350037 0.02031968118002017 0.03410296142101288
0 0.34426891803741455 0.5140416026115417 0.02031968118002017 0.03410296142101288
0 0.2605460286140442 0.5139787793159485 0.02031968118002017 0.03410296142101288
0 0.7823426127433777 0.6264764666557312 0.02031968118002017 0.03410296142101288
0 0.6918998956680298 0.6260471940040588 0.02031968118002017 0.03410296142101288
0 0.6020384430885315 0.6256206631660461 0.02031968118002017 0.03410296142101288
0 0.5127526521682739 0.6251968741416931 0.02031968118002017 0.03410296142101288
0 0.42403703927993774 0.6247758269309998 0.02031968118002017 0.03410296142101288
0 0.335886150598526 0.6243574023246765 0.02031968118002017 0.03410296142101288
0 0.24829459190368652 0.6239416599273682 0.02031968118002017 0.03410296142101288
0 0.7952119708061218 0.7497557997703552 0.02031968118002017 0.03410296142101288
0 0.7002377510070801 0.7488880753517151 0.02031968118002017 0.03410296142101288
0 0.6059041619300842 0.7480262517929077 0.02031968118002017 0.03410296142101288
0 0.512204647064209 0.7471701502799988 0.02031968118002017 0.03410296142101288
0 0.41913288831710815 0.7463198304176331 0.02031968118002017 0.03410296142101288
0 0.32668256759643555 0.745475172996521 0.02031968118002017 0.03410296142101288
0 0.2348475158214569 0.7446361184120178 0.02031968118002017 0.03410296142101288