0 0.6947274804115295 0.15701499581336975 0.02289562493873139 0.03423644850651423
0 0.6193973422050476 0.15582779049873352 0.02289562493873139 0.03423644850651423
0 0.5433960556983948 0.15463002026081085 0.02289562493873139 0.03423644850651423
0 0.46671468019485474 0.1534215360879898 0.02289562493873139 0.03423644850651423
0 0.3893440365791321 0.15220218896865845 0.02289562493873139 0.03423644850651423
0 0.31127476692199707 0.15097181499004364 0.02289562493873139 0.03423644850651423
0 0.23249737918376923 0.14973029494285583 0.02289562493873139 0.03423644850651423
0 0.7064380049705505 0.236923485994339 0.02289562493873139 0.03423644850651423
0 0.628434419631958 0.2360605001449585 0.02289562493873139 0.03423644850651423
0 0.5497106313705444 0.2351895570755005 0.02289562493873139 0.03423644850651423
0 0.47025662660598755 0.23431052267551422 0.02289562493873139 0.03423644850651423
0 0.39006221294403076 0.23342330753803253 0.02289562493873139 0.03423644850651423
0 0.3091169595718384 0.23252777755260468 0.02289562493873139 0.03423644850651423
0 0.22741030156612396 0.2316238284111023 0.02289562493873139 0.03423644850651423
0 0.7190241813659668 0.32280683517456055 0.02289562493873139 0.03423644850651423
0 0.6381504535675049 0.3223209083080292 0.02289562493873139 0.03423644850651423
0 0.5565018653869629 0.3218303322792053 0.02289562493873139 0.03423644850651423
0 0.47406724095344543 0.3213350474834442 0.02289562493873139 0.03423644850651423
0 0.39083510637283325 0.3208349347114563 0.02289562493873139 0.03423644850651423
0 0.30679386854171753 0.3203299939632416 0.02289562493873139 0.03423644850651423
0 0.22193169593811035 0.3198201060295105 0.02289562493873139 0.03423644850651423
0 0.732587993144989 0.415361225605011 0.02289562493873139 0.03423644850651423
0 0.6486249566078186 0.41531482338905334 0.02289562493873139 0.03423644850651423
0 0.5638259053230286 0.4152679741382599 0.02289562493873139 0.03423644850651423
0 0.4781782627105713 0.4152206778526306 0.02289562493873139 0.03423644850651423
0 0.39166924357414246 0.41517287492752075 0.02289562493873139 0.03423644850651423
0 0.30428579449653625 0.4151245951652527 0.02289562493873139 0.03423644850651423
0 0.2160145789384842 0.4150758385658264 0.02289562493873139 0.03423644850651423
0 0.7472479343414307 0.5153952836990356 0.02289562493873139 0.03423644850651423
0 0.659950315952301 0.5158627033233643 0.02289562493873139 0.03423644850651423
0 0.5717479586601257 0.5163349509239197 0.02289562493873139 0.03423644850651423
0 0.482626736164093 0.5168121457099915 0.02289562493873139 0.03423644850651423
0 0.39257222414016724 0.5172942876815796 0.02289562493873139 0.03423644850651423
0 0.30156970024108887 0.5177815556526184 0.02289562493873139 0.03423644850651423
0 0.20960409939289093 0.5182739496231079 0.02289562493873139 0.03423644850651423
0 0.763142466545105 0.623853862285614 0.02289562493873139 0.03423644850651423
0 0.6722345352172852 0.6249238848686218 0.02289562493873139 0.03423644850651423
0 0.5803443789482117 0.6260054111480713 0.02289562493873139 0.03423644850651423
0 0.48745593428611755 0.6270987391471863 0.02289562493873139 0.03423644850651423
0 0.3935529291629791 0.6282039880752563 0.02289562493873139 0.03423644850651423
0 0.2986185848712921 0.6293213367462158 0.02289562493873139 0.03423644850651423
0 0.20263586938381195 0.6304510831832886 0.02289562493873139 0.03423644850651423
0 0.7804344296455383 0.7418480515480042 0.02289562493873139 0.03423644850651423
0 0.6856048703193665 0.7436273694038391 0.02289562493873139 0.03423644850651423
0 0.5897051095962524 0.7454268336296082 0.02289562493873139 0.03423644850651423
0 0.4927169382572174 0.7472466826438904 0.02289562493873139 0.03423644850651423
0 0.3946217894554138 0.7490872740745544 0.02289562493873139 0.03423644850651423
0 0.29540055990219116 0.7509490251541138 0.02289562493873139 0.03423644850651423
0 0.19503375887870789 0.7528322339057922 0.02289562493873139 0.03423644850651423