0 0.30826395750045776 0.3807346522808075 0.019615892320871353 0.026154523094495136
0 0.30231329798698425 0.44328898191452026 0.019615892320871353 0.026154523094495136
0 0.29600417613983154 0.5096116065979004 0.019615892320871353 0.026154523094495136
0 0.2893032133579254 0.5800536274909973 0.019615892320871353 0.026154523094495136
0 0.28217267990112305 0.6550111174583435 0.019615892320871353 0.026154523094495136
0 0.27456995844841003 0.7349326014518738 0.019615892320871353 0.026154523094495136
0 0.26644647121429443 0.8203281164169312 0.019615892320871353 0.026154523094495136
0 0.37130680680274963 0.38120001554489136 0.019615892320871353 0.026154523094495136
0 0.36720168590545654 0.4437349736690521 0.019615892320871353 0.026154523094495136
0 0.3628493845462799 0.51003497838974 0.019615892320871353 0.026154523094495136
0 0.3582268953323364 0.580450713634491 0.019615892320871353 0.026154523094495136
0 0.3533082902431488 0.6553775668144226 0.019615892320871353 0.026154523094495136
0 0.3480641543865204 0.7352634072303772 0.019615892320871353 0.026154523094495136
0 0.3424610197544098 0.8206174969673157 0.019615892320871353 0.026154523094495136
0 0.43428510427474976 0.381664901971817 0.019615892320871353 0.026154523094495136
0 0.4320216178894043 0.4441804587841034 0.019615892320871353 0.026154523094495136
0 0.42962196469306946 0.5104578733444214 0.019615892320871353 0.026154523094495136
0 0.4270734190940857 0.5808472633361816 0.019615892320871353 0.026154523094495136
0 0.4243616759777069 0.6557435393333435 0.019615892320871353 0.026154523094495136
0 0.421470582485199 0.735593855381012 0.019615892320871353 0.026154523094495136
0 0.4183817207813263 0.8209065198898315 0.019615892320871353 0.026154523094495136
0 0.4971989095211029 0.3821293115615845 0.019615892320871353 0.026154523094495136
0 0.49677327275276184 0.44462549686431885 0.019615892320871353 0.026154523094495136
0 0.49632206559181213 0.5108803510665894 0.019615892320871353 0.026154523094495136
0 0.4958428740501404 0.5812434554100037 0.019615892320871353 0.026154523094495136
0 0.4953330159187317 0.6561091542243958 0.019615892320871353 0.026154523094495136
0 0.4947894513607025 0.7359238862991333 0.019615892320871353 0.026154523094495136
0 0.49420875310897827 0.8211951851844788 0.019615892320871353 0.026154523094495136
0 0.5600483417510986 0.3825932443141937 0.019615892320871353 0.026154523094495136
0 0.5614567399024963 0.4450700581073761 0.019615892320871353 0.026154523094495136
0 0.5629498362541199 0.5113022923469543 0.019615892320871353 0.026154523094495136
0 0.5645354390144348 0.5816391706466675 0.019615892320871353 0.026154523094495136
0 0.5662224292755127 0.6564742922782898 0.019615892320871353 0.026154523094495136
0 0.5680209398269653 0.7362534999847412 0.019615892320871353 0.026154523094495136
0 0.5699422359466553 0.8214835524559021 0.019615892320871353 0.026154523094495136
0 0.6228334307670593 0.3830567002296448 0.019615892320871353 0.026154523094495136
0 0.626072108745575 0.44551414251327515 0.019615892320871353 0.026154523094495136
0 0.6295053362846375 0.5117238759994507 0.019615892320871353 0.026154523094495136
0 0.6331511735916138 0.5820344090461731 0.019615892320871353 0.026154523094495136
0 0.6370300650596619 0.6568390130996704 0.019615892320871353 0.026154523094495136
0 0.6411650776863098 0.7365827560424805 0.019615892320871353 0.026154523094495136
0 0.6455824375152588 0.821771502494812 0.019615892320871353 0.026154523094495136
0 0.6855543851852417 0.3835196793079376 0.019615892320871353 0.026154523094495136
0 0.6906194686889648 0.4459577798843384 0.019615892320871353 0.026154523094495136
0 0.6959887146949768 0.512144923210144 0.019615892320871353 0.026154523094495136
0 0.7016902565956116 0.5824292302131653 0.019615892320871353 0.026154523094495136
0 0.7077561020851135 0.6572033166885376 0.019615892320871353 0.026154523094495136
0 0.7142221331596375 0.7369115948677063 0.019615892320871353 0.026154523094495136
0 0.7211294770240784 0.8220590949058533 0.019615892320871353 0.026154523094495136