0 0.7194375395774841 0.12770958244800568 0.022290708683431148 0.03333190083503723
0 0.644088625907898 0.12435147911310196 0.022290708683431148 0.03333190083503723
0 0.5686493515968323 0.1209893524646759 0.022290708683431148 0.03333190083503723
0 0.4931194484233856 0.11762318760156631 0.022290708683431148 0.03333190083503723
0 0.4174988269805908 0.1142529770731926 0.022290708683431148 0.03333190083503723
0 0.34178730845451355 0.11087872087955475 0.022290708683431148 0.03333190083503723
0 0.26598474383354187 0.10750040411949158 0.022290708683431148 0.03333190083503723
0 0.7289447784423828 0.2064373940229416 0.022290708683431148 0.03333190083503723
0 0.6508872509002686 0.20300722122192383 0.022290708683431148 0.03333190083503723
0 0.57273268699646 0.19957278668880463 0.022290708683431148 0.03333190083503723
0 0.4944808781147003 0.1961340755224228 0.022290708683431148 0.03333190083503723
0 0.4161317050457001 0.19269108772277832 0.022290708683431148 0.03333190083503723
0 0.3376849591732025 0.18924380838871002 0.022290708683431148 0.03333190083503723
0 0.2591404318809509 0.1857922375202179 0.022290708683431148 0.03333190083503723
0 0.7391621470451355 0.2910459637641907 0.022290708683431148 0.03333190083503723
0 0.6581940054893494 0.28754210472106934 0.022290708683431148 0.03333190083503723
0 0.5771214365959167 0.28403374552726746 0.022290708683431148 0.03333190083503723
0 0.49594423174858093 0.28052085638046265 0.022290708683431148 0.03333190083503723
0 0.4146622121334076 0.2770034074783325 0.022290708683431148 0.03333190083503723
0 0.33327516913414 0.27348145842552185 0.022290708683431148 0.03333190083503723
0 0.2517828941345215 0.2699549198150635 0.022290708683431148 0.03333190083503723
0 0.7501723766326904 0.38221973180770874 0.022290708683431148 0.03333190083503723
0 0.6660680770874023 0.3786408603191376 0.022290708683431148 0.03333190083503723
0 0.5818511843681335 0.3750572204589844 0.022290708683431148 0.03333190083503723
0 0.4975213408470154 0.37146878242492676 0.022290708683431148 0.03333190083503723
0 0.4130783677101135 0.36787551641464233 0.022290708683431148 0.03333190083503723
0 0.32852205634117126 0.3642774522304535 0.022290708683431148 0.03333190083503723
0 0.2438521683216095 0.36067453026771545 0.022290708683431148 0.03333190083503723
0 0.7620713710784912 0.48075369000434875 0.022290708683431148 0.03333190083503723
0 0.6745783090591431 0.47709888219833374 0.022290708683431148 0.03333190083503723
0 0.5869632363319397 0.4734390079975128 0.022290708683431148 0.03333190083503723
0 0.49922603368759155 0.4697740375995636 0.022290708683431148 0.03333190083503723
0 0.4113663136959076 0.4661039412021637 0.022290708683431148 0.03333190083503723
0 0.3233838975429535 0.4624287188053131 0.022290708683431148 0.03333190083503723
0 0.23527851700782776 0.45874837040901184 0.022290708683431148 0.03333190083503723
0 0.7749713659286499 0.5875765681266785 0.022290708683431148 0.03333190083503723
0 0.6838049292564392 0.5838454961776733 0.022290708683431148 0.03333190083503723
0 0.5925060510635376 0.5801089406013489 0.022290708683431148 0.03333190083503723
0 0.5010744333267212 0.5763670206069946 0.022290708683431148 0.03333190083503723
0 0.4095098376274109 0.572619616985321 0.022290708683431148 0.03333190083503723
0 0.3178119361400604 0.5688667893409729 0.022290708683431148 0.03333190083503723
0 0.2259804606437683 0.5651084780693054 0.022290708683431148 0.03333190083503723
0 0.7890042066574097 0.7037802338600159 0.022290708683431148 0.03333190083503723
0 0.6938424110412598 0.6999732255935669 0.022290708683431148 0.03333190083503723
0 0.5985362529754639 0.6961604356765747 0.022290708683431148 0.03333190083503723
0 0.5030855536460876 0.6923419237136841 0.022290708683431148 0.03333190083503723
0 0.4074898064136505 0.6885175108909607 0.022290708683431148 0.03333190083503723
0 0.31174880266189575 0.6846873760223389 0.022290708683431148 0.03333190083503723
0 0.2158621847629547 0.680851399898529 0.022290708683431148 0.03333190083503723