0 0.3086097538471222 0.38090965151786804 0.019480889663100243 0.025974519550800323
0 0.3029925227165222 0.44351908564567566 0.019480889663100243 0.025974519550800323
0 0.2970500886440277 0.5097531676292419 0.019480889663100243 0.025974519550800323
0 0.2907533645629883 0.5799360275268555 0.019480889663100243 0.025974519550800323
0 0.2840697169303894 0.6544316411018372 0.019480889663100243 0.025974519550800323
0 0.2769623398780823 0.7336500883102417 0.019480889663100243 0.025974519550800323
0 0.26938962936401367 0.818055272102356 0.019480889663100243 0.025974519550800323
0 0.37167102098464966 0.38139334321022034 0.019480889663100243 0.025974519550800323
0 0.3678285479545593 0.4440048635005951 0.019480889663100243 0.025974519550800323
0 0.36376363039016724 0.5102404356002808 0.019480889663100243 0.025974519550800323
0 0.35945644974708557 0.5804240703582764 0.019480889663100243 0.025974519550800323
0 0.35488462448120117 0.6549196839332581 0.019480889663100243 0.025974519550800323
0 0.3500230312347412 0.7341371774673462 0.019480889663100243 0.025974519550800323
0 0.34484320878982544 0.8185402154922485 0.019480889663100243 0.025974519550800323
0 0.43470966815948486 0.3818769156932831 0.019480889663100243 0.025974519550800323
0 0.4326406419277191 0.4444904625415802 0.019480889663100243 0.025974519550800323
0 0.430451899766922 0.5107275247573853 0.019480889663100243 0.025974519550800323
0 0.42813268303871155 0.5809119939804077 0.019480889663100243 0.025974519550800323
0 0.4256710112094879 0.6554075479507446 0.019480889663100243 0.025974519550800323
0 0.4230533540248871 0.7346240282058716 0.019480889663100243 0.025974519550800323
0 0.4202643930912018 0.8190248608589172 0.019480889663100243 0.025974519550800323
0 0.4977257251739502 0.3823602795600891 0.019480889663100243 0.025974519550800323
0 0.49742886424064636 0.444975882768631 0.019480889663100243 0.025974519550800323
0 0.4971148371696472 0.5112144351005554 0.019480889663100243 0.025974519550800323
0 0.4967820942401886 0.58139967918396 0.019480889663100243 0.025974519550800323
0 0.496428906917572 0.6558952331542969 0.019480889663100243 0.025974519550800323
0 0.4960533380508423 0.7351107001304626 0.019480889663100243 0.025974519550800323
0 0.4956532120704651 0.8195093274116516 0.019480889663100243 0.025974519550800323
0 0.5607191920280457 0.3828434646129608 0.019480889663100243 0.025974519550800323
0 0.5621932148933411 0.44546112418174744 0.019480889663100243 0.025974519550800323
0 0.5637524724006653 0.5117011070251465 0.019480889663100243 0.025974519550800323
0 0.5654046535491943 0.5818871855735779 0.019480889663100243 0.025974519550800323
0 0.5671582818031311 0.65638267993927 0.019480889663100243 0.025974519550800323
0 0.5690230131149292 0.7355971336364746 0.019480889663100243 0.025974519550800323
0 0.5710096955299377 0.8199936151504517 0.019480889663100243 0.025974519550800323
0 0.6236900091171265 0.3833265006542206 0.019480889663100243 0.025974519550800323
0 0.6269336342811584 0.44594618678092957 0.019480889663100243 0.025974519550800323
0 0.6303648352622986 0.512187659740448 0.019480889663100243 0.025974519550800323
0 0.6340004205703735 0.5823744535446167 0.019480889663100243 0.025974519550800323
0 0.6378592252731323 0.6568699479103088 0.019480889663100243 0.025974519550800323
0 0.6419623494148254 0.7360833883285522 0.019480889663100243 0.025974519550800323
0 0.6463338732719421 0.8204776644706726 0.019480889663100243 0.025974519550800323
0 0.6866382956504822 0.383809357881546 0.019480889663100243 0.025974519550800323
0 0.6916502714157104 0.44643107056617737 0.019480889663100243 0.025974519550800323
0 0.6969519853591919 0.5126739740371704 0.019480889663100243 0.025974519550800323
0 0.7025694251060486 0.582861602306366 0.019480889663100243 0.025974519550800323
0 0.7085316777229309 0.6573570370674133 0.019480889663100243 0.025974519550800323
0 0.7148714065551758 0.7365694642066956 0.019480889663100243 0.025974519550800323
0 0.7216257452964783 0.8209615349769592 0.019480889663100243 0.025974519550800323