0 0.2857314348220825 0.6685368418693542 0.021243259310722355 0.028324345747629803
0 0.36385995149612427 0.6663104295730591 0.021243259310722355 0.028324345747629803
0 0.44294458627700806 0.6640567779541016 0.021243259310722355 0.028324345747629803
0 0.5230029821395874 0.6617754101753235 0.021243259310722355 0.028324345747629803
0 0.604053258895874 0.6594657301902771 0.021243259310722355 0.028324345747629803
0 0.6861139535903931 0.657127320766449 0.021243259310722355 0.028324345747629803
0 0.7692040801048279 0.6547595262527466 0.021243259310722355 0.028324345747629803
0 0.2974364161491394 0.576080322265625 0.021243259310722355 0.028324345747629803
0 0.37186959385871887 0.5734259486198425 0.021243259310722355 0.028324345747629803
0 0.44716954231262207 0.5707406997680664 0.021243259310722355 0.028324345747629803
0 0.5233514904975891 0.5680239200592041 0.021243259310722355 0.028324345747629803
0 0.6004310250282288 0.5652751922607422 0.021243259310722355 0.028324345747629803
0 0.678424060344696 0.5624939203262329 0.021243259310722355 0.028324345747629803
0 0.757347047328949 0.559679388999939 0.021243259310722355 0.028324345747629803
0 0.3080715537071228 0.49207425117492676 0.021243259310722355 0.028324345747629803
0 0.3791431188583374 0.48907792568206787 0.021243259310722355 0.028324345747629803
0 0.4510040581226349 0.48604831099510193 0.021243259310722355 0.028324345747629803
0 0.5236676335334778 0.48298484086990356 0.021243259310722355 0.028324345747629803
0 0.5971472859382629 0.4798869788646698 0.021243259310722355 0.028324345747629803
0 0.6714569330215454 0.4767541289329529 0.021243259310722355 0.028324345747629803
0 0.7466106414794922 0.47358569502830505 0.021243259310722355 0.028324345747629803
0 0.3177771270275116 0.41541072726249695 0.021243259310722355 0.028324345747629803
0 0.3857775628566742 0.41214123368263245 0.021243259310722355 0.028324345747629803
0 0.45449987053871155 0.4088370203971863 0.021243259310722355 0.028324345747629803
0 0.5239557027816772 0.40549758076667786 0.021243259310722355 0.028324345747629803
0 0.5941567420959473 0.40212225914001465 0.021243259310722355 0.028324345747629803
0 0.6651151180267334 0.39871054887771606 0.021243259310722355 0.028324345747629803
0 0.7368432283401489 0.39526185393333435 0.021243259310722355 0.028324345747629803
0 0.32666993141174316 0.3451673686504364 0.021243259310722355 0.028324345747629803
0 0.39185357093811035 0.3416801989078522 0.021243259310722355 0.028324345747629803
0 0.4576999545097351 0.3381575644016266 0.021243259310722355 0.028324345747629803
0 0.5242192149162292 0.33459892868995667 0.021243259310722355 0.028324345747629803
0 0.5914217829704285 0.33100375533103943 0.021243259310722355 0.028324345747629803
0 0.6593181490898132 0.3273714482784271 0.021243259310722355 0.028324345747629803
0 0.7279192209243774 0.3237014412879944 0.021243259310722355 0.028324345747629803
0 0.33484792709350586 0.2805701196193695 0.021243259310722355 0.028324345747629803
0 0.39743882417678833 0.2769102454185486 0.021243259310722355 0.028324345747629803
0 0.4606403112411499 0.2732146680355072 0.021243259310722355 0.028324345747629803
0 0.5244613289833069 0.2694828510284424 0.021243259310722355 0.028324345747629803
0 0.5889109969139099 0.26571428775787354 0.021243259310722355 0.028324345747629803
0 0.6539986729621887 0.2619084119796753 0.021243259310722355 0.028324345747629803
0 0.7197338938713074 0.2580646872520447 0.021243259310722355 0.028324345747629803
0 0.3423939645290375 0.22096456587314606 0.021243259310722355 0.028324345747629803
0 0.40259048342704773 0.2171686738729477 0.021243259310722355 0.028324345747629803
0 0.463351309299469 0.21333719789981842 0.021243259310722355 0.028324345747629803
0 0.5246844291687012 0.20946964621543884 0.021243259310722355 0.028324345747629803
0 0.5865978598594666 0.20556548237800598 0.021243259310722355 0.028324345747629803
0 0.6491000056266785 0.20162421464920044 0.021243259310722355 0.028324345747629803
0 0.7121992707252502 0.19764529168605804 0.021243259310722355 0.028324345747629803