0 0.6942780017852783 0.15524092316627502 0.02297101131019493 0.03434917579094569
0 0.6186520457267761 0.1543026864528656 0.02297101131019493 0.03434917579094569
0 0.5424571633338928 0.1533573716878891 0.02297101131019493 0.03434917579094569
0 0.46568694710731506 0.15240493416786194 0.02297101131019493 0.03434917579094569
0 0.38833481073379517 0.15144526958465576 0.02297101131019493 0.03434917579094569
0 0.3103941082954407 0.1504783183336258 0.02297101131019493 0.03434917579094569
0 0.23185814917087555 0.14950396120548248 0.02297101131019493 0.03434917579094569
0 0.705885112285614 0.23557935655117035 0.02297101131019493 0.03434917579094569
0 0.6275343894958496 0.23491883277893066 0.02297101131019493 0.03434917579094569
0 0.5485725998878479 0.2342531532049179 0.02297101131019493 0.03434917579094569
0 0.4689924716949463 0.2335822582244873 0.02297101131019493 0.03434917579094569
0 0.38878682255744934 0.23290608823299408 0.02297101131019493 0.03434917579094569
0 0.3079482316970825 0.23222458362579346 0.02297101131019493 0.03434917579094569
0 0.22646911442279816 0.23153768479824066 0.02297101131019493 0.03434917579094569
0 0.7183712720870972 0.32200193405151367 0.02297101131019493 0.03434917579094569
0 0.637092113494873 0.3216647803783417 0.02297101131019493 0.03434917579094569
0 0.5551548600196838 0.32132488489151 0.02297101131019493 0.03434917579094569
0 0.4725514054298401 0.3209822177886963 0.02297101131019493 0.03434917579094569
0 0.38927364349365234 0.3206367790699005 0.02297101131019493 0.03434917579094569
0 0.3053132891654968 0.3202884793281555 0.02297101131019493 0.03434917579094569
0 0.22066190838813782 0.3199373483657837 0.02297101131019493 0.03434917579094569
0 0.7318402528762817 0.4152270257472992 0.02297101131019493 0.03434917579094569
0 0.6474053263664246 0.41526728868484497 0.02297101131019493 0.03434917579094569
0 0.5622596144676208 0.4153079092502594 0.02297101131019493 0.03434917579094569
0 0.47639402747154236 0.4153488576412201 0.02297101131019493 0.03434917579094569
0 0.38979944586753845 0.41539016366004944 0.02297101131019493 0.03434917579094569
0 0.3024665415287018 0.41543182730674744 0.02297101131019493 0.03434917579094569
0 0.21438585221767426 0.4154738485813141 0.02297101131019493 0.03434917579094569
0 0.7464128732681274 0.5160906314849854 0.02297101131019493 0.03434917579094569
0 0.6585672497749329 0.5165727734565735 0.02297101131019493 0.03434917579094569
0 0.569951593875885 0.5170590877532959 0.02297101131019493 0.03434917579094569
0 0.48055562376976013 0.5175497531890869 0.02297101131019493 0.03434917579094569
0 0.39036908745765686 0.5180447101593018 0.02297101131019493 0.03434917579094569
0 0.2993813753128052 0.5185440182685852 0.02297101131019493 0.03434917579094569
0 0.2075817883014679 0.5190478563308716 0.02297101131019493 0.03434917579094569
0 0.7622304558753967 0.6255717873573303 0.02297101131019493 0.03434917579094569
0 0.6706871390342712 0.626572847366333 0.02297101131019493 0.03434917579094569
0 0.5783067345619202 0.6275830864906311 0.02297101131019493 0.03434917579094569
0 0.48507770895957947 0.6286026239395142 0.02297101131019493 0.03434917579094569
0 0.3909882605075836 0.6296315789222717 0.02297101131019493 0.03434917579094569
0 0.2960264980792999 0.6306700110435486 0.02297101131019493 0.03434917579094569
0 0.20018015801906586 0.6317181587219238 0.02297101131019493 0.03434917579094569
0 0.7794597744941711 0.7448239922523499 0.02297101131019493 0.03434917579094569
0 0.6838939189910889 0.7464370727539062 0.02297101131019493 0.03434917579094569
0 0.5874147415161133 0.7480655908584595 0.02297101131019493 0.03434917579094569
0 0.4900091886520386 0.7497096657752991 0.02297101131019493 0.03434917579094569
0 0.3916637897491455 0.7513696551322937 0.02297101131019493 0.03434917579094569
0 0.2923649251461029 0.7530457377433777 0.02297101131019493 0.03434917579094569
0 0.19209864735603333 0.7547381520271301 0.02297101131019493 0.03434917579094569