0 0.7192520499229431 0.1791716367006302 0.025082608684897426 0.0334434782465299
0 0.6504676342010498 0.1780669391155243 0.025082608684897426 0.0334434782465299
0 0.5818121433258057 0.17696431279182434 0.025082608684897426 0.0334434782465299
0 0.513285219669342 0.17586375772953033 0.025082608684897426 0.0334434782465299
0 0.4448864758014679 0.17476525902748108 0.025082608684897426 0.0334434782465299
0 0.37661558389663696 0.17366881668567657 0.025082608684897426 0.0334434782465299
0 0.3084721565246582 0.17257441580295563 0.025082608684897426 0.0334434782465299
0 0.7282462120056152 0.2453443706035614 0.025082608684897426 0.0334434782465299
0 0.6561788320541382 0.24412207305431366 0.025082608684897426 0.0334434782465299
0 0.5842528343200684 0.24290215969085693 0.025082608684897426 0.0334434782465299
0 0.5124679803848267 0.2416846603155136 0.025082608684897426 0.0334434782465299
0 0.4408237934112549 0.2404695302248001 0.025082608684897426 0.0334434782465299
0 0.3693198263645172 0.23925678431987762 0.025082608684897426 0.0334434782465299
0 0.2979556918144226 0.23804642260074615 0.025082608684897426 0.0334434782465299
0 0.7381404042243958 0.3181385397911072 0.025082608684897426 0.0334434782465299
0 0.6624608635902405 0.31678006052970886 0.025082608684897426 0.0334434782465299
0 0.5869372487068176 0.3154243528842926 0.025082608684897426 0.0334434782465299
0 0.5115692019462585 0.3140714466571808 0.025082608684897426 0.0334434782465299
0 0.43635621666908264 0.3127213418483734 0.025082608684897426 0.0334434782465299
0 0.3612977862358093 0.3113739788532257 0.025082608684897426 0.0334434782465299
0 0.286393404006958 0.31002941727638245 0.025082608684897426 0.0334434782465299
0 0.749076783657074 0.39860036969184875 0.025082608684897426 0.0334434782465299
0 0.6694038510322571 0.39708301424980164 0.025082608684897426 0.0334434782465299
0 0.5899038314819336 0.39556896686553955 0.025082608684897426 0.0334434782465299
0 0.5105761289596558 0.3940581977367401 0.025082608684897426 0.0334434782465299
0 0.43142011761665344 0.39255067706108093 0.025082608684897426 0.0334434782465299
0 0.35243532061576843 0.3910464346408844 0.025082608684897426 0.0334434782465299
0 0.273621141910553 0.3895454406738281 0.025082608684897426 0.0334434782465299
0 0.7612290978431702 0.48800864815711975 0.025082608684897426 0.0334434782465299
0 0.6771180033683777 0.48630455136299133 0.025082608684897426 0.0334434782465299
0 0.5931994915008545 0.4846043586730957 0.025082608684897426 0.0334434782465299
0 0.5094729065895081 0.4829080402851105 0.025082608684897426 0.0334434782465299
0 0.425937682390213 0.48121562600135803 0.025082608684897426 0.0334434782465299
0 0.34259307384490967 0.4795270562171936 0.025082608684897426 0.0334434782465299
0 0.2594384551048279 0.4778423309326172 0.025082608684897426 0.0334434782465299
0 0.7748122215270996 0.5879433751106262 0.025082608684897426 0.0334434782465299
0 0.6857392191886902 0.5860177874565125 0.025082608684897426 0.0334434782465299
0 0.5968822240829468 0.5840968489646912 0.025082608684897426 0.0334434782465299
0 0.5082403421401978 0.5821805596351624 0.025082608684897426 0.0334434782465299
0 0.4198128879070282 0.5802689790725708 0.025082608684897426 0.0334434782465299
0 0.33159902691841125 0.5783619284629822 0.025082608684897426 0.0334434782465299
0 0.24359804391860962 0.576459527015686 0.025082608684897426 0.0334434782465299
0 0.7900945544242859 0.7003797292709351 0.025082608684897426 0.0334434782465299
0 0.6954375505447388 0.6981889009475708 0.025082608684897426 0.0334434782465299
0 0.6010244488716125 0.6960036754608154 0.025082608684897426 0.0334434782465299
0 0.5068541765213013 0.693824052810669 0.025082608684897426 0.0334434782465299
0 0.4129258394241333 0.6916500329971313 0.025082608684897426 0.0334434782465299
0 0.3192385137081146 0.6894816160202026 0.025082608684897426 0.0334434782465299
0 0.22579126060009003 0.6873188018798828 0.025082608684897426 0.0334434782465299