0 0.29536309838294983 0.6440377831459045 0.020677490159869194 0.027569986879825592
0 0.371808797121048 0.6432898640632629 0.020677490159869194 0.027569986879825592
0 0.449064165353775 0.6425340175628662 0.020677490159869194 0.027569986879825592
0 0.5271421670913696 0.6417701840400696 0.020677490159869194 0.027569986879825592
0 0.6060559749603271 0.640998125076294 0.020677490159869194 0.027569986879825592
0 0.6858190298080444 0.6402177214622498 0.020677490159869194 0.027569986879825592
0 0.7664452195167542 0.6394289135932922 0.020677490159869194 0.027569986879825592
0 0.3064558804035187 0.5551045536994934 0.020677490159869194 0.027569986879825592
0 0.3793189823627472 0.5539460778236389 0.020677490159869194 0.027569986879825592
0 0.45291686058044434 0.5527759194374084 0.020677490159869194 0.027569986879825592
0 0.5272607207298279 0.5515938401222229 0.020677490159869194 0.027569986879825592
0 0.6023619771003723 0.5503997802734375 0.020677490159869194 0.027569986879825592
0 0.6782322525978088 0.5491934418678284 0.020677490159869194 0.027569986879825592
0 0.7548834681510925 0.547974705696106 0.020677490159869194 0.027569986879825592
0 0.3165455758571625 0.47421348094940186 0.020677490159869194 0.027569986879825592
0 0.38614675402641296 0.472720205783844 0.020677490159869194 0.027569986879825592
0 0.4564177989959717 0.47121256589889526 0.020677490159869194 0.027569986879825592
0 0.527368426322937 0.46969035267829895 0.020677490159869194 0.027569986879825592
0 0.5990085601806641 0.46815332770347595 0.020677490159869194 0.027569986879825592
0 0.6713483333587646 0.46660131216049194 0.020677490159869194 0.027569986879825592
0 0.7443979382514954 0.46503403782844543 0.020677490159869194 0.027569986879825592
0 0.3257623314857483 0.400320827960968 0.020677490159869194 0.027569986879825592
0 0.39238110184669495 0.3985539376735687 0.020677490159869194 0.027569986879825592
0 0.45961305499076843 0.39677080512046814 0.020677490159869194 0.027569986879825592
0 0.5274667143821716 0.39497116208076477 0.020677490159869194 0.027569986879825592
0 0.5959506630897522 0.3931547999382019 0.020677490159869194 0.027569986879825592
0 0.665073812007904 0.39132148027420044 0.020677490159869194 0.027569986879825592
0 0.7348451018333435 0.38947099447250366 0.020677490159869194 0.027569986879825592
0 0.3342147767543793 0.3325560390949249 0.020677490159869194 0.027569986879825592
0 0.3980962038040161 0.3305652439594269 0.020677490159869194 0.027569986879825592
0 0.46254101395606995 0.3285568654537201 0.020677490159869194 0.027569986879825592
0 0.5275566577911377 0.32653072476387024 0.020677490159869194 0.027569986879825592
0 0.5931508541107178 0.32448652386665344 0.020677490159869194 0.027569986879825592
0 0.6593312621116638 0.3224240839481354 0.020677490159869194 0.027569986879825592
0 0.7261058688163757 0.32034310698509216 0.020677490159869194 0.027569986879825592
0 0.34199413657188416 0.2701871991157532 0.020677490159869194 0.027569986879825592
0 0.4033542573451996 0.2680131196975708 0.020677490159869194 0.027569986879825592
0 0.46523383259773254 0.2658206522464752 0.020677490159869194 0.027569986879825592
0 0.5276394486427307 0.26360952854156494 0.020677490159869194 0.027569986879825592
0 0.5905777812004089 0.26137951016426086 0.020677490159869194 0.027569986879825592
0 0.6540558338165283 0.25913041830062866 0.020677490159869194 0.027569986879825592
0 0.718080461025238 0.25686192512512207 0.020677490159869194 0.027569986879825592
0 0.3491777777671814 0.21259449422359467 0.020677490159869194 0.027569986879825592
0 0.40820807218551636 0.21027059853076935 0.020677490159869194 0.027569986879825592
0 0.4677187502384186 0.20792777836322784 0.020677490159869194 0.027569986879825592
0 0.5277157425880432 0.20556582510471344 0.020677490159869194 0.027569986879825592
0 0.5882050395011902 0.20318447053432465 0.020677490159869194 0.027569986879825592
0 0.6491926908493042 0.20078352093696594 0.020677490159869194 0.027569986879825592
0 0.7106848955154419 0.19836269319057465 0.020677490159869194 0.027569986879825592