0 0.3089289963245392 0.37787115573883057 0.019617272540926933 0.026156363387902577
0 0.30318668484687805 0.44083958864212036 0.019617272540926933 0.026156363387902577
0 0.297110378742218 0.5074707865715027 0.019617272540926933 0.026156363387902577
0 0.2906700372695923 0.5780938863754272 0.019617272540926933 0.026156363387902577
0 0.283831924200058 0.6530786752700806 0.019617272540926933 0.026156363387902577
0 0.2765580415725708 0.732842206954956 0.019617272540926933 0.026156363387902577
0 0.2688053548336029 0.8178561925888062 0.019617272540926933 0.026156363387902577
0 0.37242451310157776 0.37883952260017395 0.019617272540926933 0.026156363387902577
0 0.3684782087802887 0.44181209802627563 0.019617272540926933 0.026156363387902577
0 0.3643024265766144 0.5084463357925415 0.019617272540926933 0.026156363387902577
0 0.3598765730857849 0.5790711045265198 0.019617272540926933 0.026156363387902577
0 0.35517746210098267 0.6540558934211731 0.019617272540926933 0.026156363387902577
0 0.3501790165901184 0.7338173985481262 0.019617272540926933 0.026156363387902577
0 0.34485170245170593 0.8188270926475525 0.019617272540926933 0.026156363387902577
0 0.4358746111392975 0.37980714440345764 0.019617272540926933 0.026156363387902577
0 0.433721661567688 0.442783921957016 0.019617272540926933 0.026156363387902577
0 0.43144357204437256 0.5094211101531982 0.019617272540926933 0.026156363387902577
0 0.42902910709381104 0.5800475478172302 0.019617272540926933 0.026156363387902577
0 0.42646563053131104 0.6550323367118835 0.019617272540926933 0.026156363387902577
0 0.42373892664909363 0.7347918748855591 0.019617272540926933 0.026156363387902577
0 0.42083290219306946 0.819797158241272 0.019617272540926933 0.026156363387902577
0 0.49927932024002075 0.3807741105556488 0.019617272540926933 0.026156363387902577
0 0.4989171326160431 0.44375500082969666 0.019617272540926933 0.026156363387902577
0 0.4985339045524597 0.5103952288627625 0.019617272540926933 0.026156363387902577
0 0.4981277287006378 0.5810232162475586 0.019617272540926933 0.026156363387902577
0 0.49769651889801025 0.6560080051422119 0.019617272540926933 0.026156363387902577
0 0.49723783135414124 0.7357654571533203 0.019617272540926933 0.026156363387902577
0 0.49674901366233826 0.8207663893699646 0.019617272540926933 0.026156363387902577
0 0.5626387000083923 0.38174039125442505 0.019617272540926933 0.026156363387902577
0 0.564064621925354 0.44472536444664 0.019617272540926933 0.026156363387902577
0 0.5655734539031982 0.5113685727119446 0.019617272540926933 0.026156363387902577
0 0.5671724677085876 0.5819981098175049 0.019617272540926933 0.026156363387902577
0 0.5688701272010803 0.6569828391075134 0.019617272540926933 0.026156363387902577
0 0.570675790309906 0.7367383241653442 0.019617272540926933 0.026156363387902577
0 0.5726001262664795 0.8217347264289856 0.019617272540926933 0.026156363387902577
0 0.6259527206420898 0.382705956697464 0.019617272540926933 0.026156363387902577
0 0.6291642785072327 0.44569504261016846 0.019617272540926933 0.026156363387902577
0 0.6325622797012329 0.5123411417007446 0.019617272540926933 0.026156363387902577
0 0.6361634731292725 0.5829722881317139 0.019617272540926933 0.026156363387902577
0 0.6399866342544556 0.6579568982124329 0.019617272540926933 0.026156363387902577
0 0.6440529227256775 0.7377102971076965 0.019617272540926933 0.026156363387902577
0 0.6483862996101379 0.8227022886276245 0.019617272540926933 0.026156363387902577
0 0.6892215013504028 0.383670836687088 0.019617272540926933 0.026156363387902577
0 0.6942160725593567 0.4466639757156372 0.019617272540926933 0.026156363387902577
0 0.6995004415512085 0.5133129954338074 0.019617272540926933 0.026156363387902577
0 0.7051007151603699 0.5839456915855408 0.019617272540926933 0.026156363387902577
0 0.711046040058136 0.658930242061615 0.019617272540926933 0.026156363387902577
0 0.7173692584037781 0.7386814951896667 0.019617272540926933 0.026156363387902577
0 0.7241076827049255 0.8236690759658813 0.019617272540926933 0.026156363387902577