0 0.6822347044944763 0.17713133990764618 0.025342630222439766 0.033790173629919686
0 0.6159666180610657 0.17741814255714417 0.025342630222439766 0.033790173629919686
0 0.5490325689315796 0.17770783603191376 0.025342630222439766 0.033790173629919686
0 0.481422483921051 0.17800045013427734 0.025342630222439766 0.033790173629919686
0 0.4131261706352234 0.1782960444688797 0.025342630222439766 0.033790173629919686
0 0.34413304924964905 0.1785946488380432 0.025342630222439766 0.033790173629919686
0 0.27443239092826843 0.17889630794525146 0.025342630222439766 0.033790173629919686
0 0.6948245167732239 0.24008294939994812 0.025342630222439766 0.033790173629919686
0 0.6253823637962341 0.24071387946605682 0.025342630222439766 0.033790173629919686
0 0.555208146572113 0.24135145545005798 0.025342630222439766 0.033790173629919686
0 0.48429015278816223 0.24199579656124115 0.025342630222439766 0.033790173629919686
0 0.4126165509223938 0.24264700710773468 0.025342630222439766 0.033790173629919686
0 0.34017518162727356 0.24330517649650574 0.025342630222439766 0.033790173629919686
0 0.26695361733436584 0.24397045373916626 0.025342630222439766 0.033790173629919686
0 0.7087016105651855 0.3094712495803833 0.025342630222439766 0.033790173629919686
0 0.6357662081718445 0.31051716208457947 0.025342630222439766 0.033790173629919686
0 0.5620221495628357 0.31157466769218445 0.025342630222439766 0.033790173629919686
0 0.48745593428611755 0.31264397501945496 0.025342630222439766 0.033790173629919686
0 0.412053644657135 0.3137252628803253 0.025342630222439766 0.033790173629919686
0 0.33580121397972107 0.31481873989105225 0.025342630222439766 0.033790173629919686
0 0.2586841583251953 0.31592464447021484 0.025342630222439766 0.033790173629919686
0 0.7240740060806274 0.38633662462234497 0.025342630222439766 0.033790173629919686
0 0.6472755074501038 0.3878859579563141 0.025342630222439766 0.033790173629919686
0 0.5695790648460388 0.3894534111022949 0.025342630222439766 0.033790173629919686
0 0.49096885323524475 0.39103928208351135 0.025342630222439766 0.033790173629919686
0 0.41142868995666504 0.39264392852783203 0.025342630222439766 0.033790173629919686
0 0.33094191551208496 0.3942676782608032 0.025342630222439766 0.033790173629919686
0 0.2494915872812271 0.3959108591079712 0.025342630222439766 0.033790173629919686
0 0.7411972880363464 0.4719564616680145 0.025342630222439766 0.033790173629919686
0 0.6601036787033081 0.47412070631980896 0.025342630222439766 0.033790173629919686
0 0.5780072808265686 0.47631171345710754 0.025342630222439766 0.033790173629919686
0 0.49488934874534607 0.47852998971939087 0.025342630222439766 0.033790173629919686
0 0.4107307493686676 0.48077601194381714 0.025342630222439766 0.033790173629919686
0 0.32551175355911255 0.4830503463745117 0.025342630222439766 0.033790173629919686
0 0.23921221494674683 0.4853535294532776 0.025342630222439766 0.033790173629919686
0 0.7603884935379028 0.5679166913032532 0.025342630222439766 0.033790173629919686
0 0.6744912266731262 0.5708380341529846 0.025342630222439766 0.033790173629919686
0 0.5874667167663574 0.5737976431846619 0.025342630222439766 0.033790173629919686
0 0.4992927014827728 0.5767963528633118 0.025342630222439766 0.033790173629919686
0 0.4099462628364563 0.5798349380493164 0.025342630222439766 0.033790173629919686
0 0.31940382719039917 0.5829142332077026 0.025342630222439766 0.033790173629919686
0 0.22764120995998383 0.5860350131988525 0.025342630222439766 0.033790173629919686
0 0.7820464372634888 0.6762109994888306 0.025342630222439766 0.033790173629919686
0 0.6907408237457275 0.6800729036331177 0.025342630222439766 0.033790173629919686
0 0.5981590151786804 0.6839888095855713 0.025342630222439766 0.033790173629919686
0 0.5042740106582642 0.6879598498344421 0.025342630222439766 0.033790173629919686
0 0.4090580940246582 0.691987156867981 0.025342630222439766 0.033790173629919686
0 0.3124828040599823 0.696071982383728 0.025342630222439766 0.033790173629919686
0 0.21451878547668457 0.7002155780792236 0.025342630222439766 0.033790173629919686