0 0.2956472933292389 0.18703584372997284 0.01901106722652912 0.03379745284716288
0 0.2899842858314514 0.2684079706668854 0.01901106722652912 0.03379745284716288
0 0.28389212489128113 0.35594645142555237 0.01901106722652912 0.03379745284716288
0 0.27732014656066895 0.4503798186779022 0.01901106722652912 0.03379745284716288
0 0.27020931243896484 0.5525560975074768 0.01901106722652912 0.03379745284716288
0 0.26249051094055176 0.6634682416915894 0.01901106722652912 0.03379745284716288
0 0.2540822923183441 0.7842867374420166 0.01901106722652912 0.03379745284716288
0 0.3559505045413971 0.18760505318641663 0.01901106722652912 0.03379745284716288
0 0.3524971008300781 0.2688067555427551 0.01901106722652912 0.03379745284716288
0 0.34878265857696533 0.356146901845932 0.01901106722652912 0.03379745284716288
0 0.34477636218070984 0.4503488838672638 0.01901106722652912 0.03379745284716288
0 0.3404424488544464 0.5522543787956238 0.01901106722652912 0.03379745284716288
0 0.33573901653289795 0.662848711013794 0.01901106722652912 0.03379745284716288
0 0.33061671257019043 0.7832925915718079 0.01901106722652912 0.03379745284716288
0 0.4159809648990631 0.18817168474197388 0.01901106722652912 0.03379745284716288
0 0.414716899394989 0.26920366287231445 0.01901106722652912 0.03379745284716288
0 0.41335752606391907 0.35634636878967285 0.01901106722652912 0.03379745284716288
0 0.4118916094303131 0.4503180682659149 0.01901106722652912 0.03379745284716288
0 0.41030609607696533 0.5519542694091797 0.01901106722652912 0.03379745284716288
0 0.4085858166217804 0.6622325778007507 0.01901106722652912 0.03379745284716288
0 0.40671274065971375 0.7823041081428528 0.01901106722652912 0.03379745284716288
0 0.47574055194854736 0.18873576819896698 0.01901106722652912 0.03379745284716288
0 0.4766457676887512 0.26959872245788574 0.01901106722652912 0.03379745284716288
0 0.4776190519332886 0.3565448522567749 0.01901106722652912 0.03379745284716288
0 0.4786684513092041 0.45028743147850037 0.01901106722652912 0.03379745284716288
0 0.479803204536438 0.5516557693481445 0.01901106722652912 0.03379745284716288
0 0.48103415966033936 0.6616197824478149 0.01901106722652912 0.03379745284716288
0 0.4823741316795349 0.7813212871551514 0.01901106722652912 0.03379745284716288
0 0.5352310538291931 0.18929731845855713 0.01901106722652912 0.03379745284716288
0 0.5382856726646423 0.269991934299469 0.01901106722652912 0.03379745284716288
0 0.5415695309638977 0.35674241185188293 0.01901106722652912 0.03379745284716288
0 0.5451094508171082 0.45025694370269775 0.01901106722652912 0.03379745284716288
0 0.5489365458488464 0.5513588190078735 0.01901106722652912 0.03379745284716288
0 0.5530873537063599 0.6610103845596313 0.01901106722652912 0.03379745284716288
0 0.5576046109199524 0.7803441286087036 0.01901106722652912 0.03379745284716288
0 0.594454288482666 0.18985633552074432 0.01901106722652912 0.03379745284716288
0 0.5996386408805847 0.2703833281993866 0.01901106722652912 0.03379745284716288
0 0.6052111983299255 0.3569389879703522 0.01901106722652912 0.03379745284716288
0 0.6112171411514282 0.4502266049385071 0.01901106722652912 0.03379745284716288
0 0.6177091002464294 0.5510633587837219 0.01901106722652912 0.03379745284716288
0 0.6247485876083374 0.6604042649269104 0.01901106722652912 0.03379745284716288
0 0.6324078440666199 0.7793724536895752 0.01901106722652912 0.03379745284716288
0 0.6534120440483093 0.19041284918785095 0.01901106722652912 0.03379745284716288
0 0.6607067584991455 0.27077290415763855 0.01901106722652912 0.03379745284716288
0 0.6685462594032288 0.357134610414505 0.01901106722652912 0.03379745284716288
0 0.6769940257072449 0.45019641518592834 0.01901106722652912 0.03379745284716288
0 0.6861236095428467 0.5507695078849792 0.01901106722652912 0.03379745284716288
0 0.6960210204124451 0.6598014235496521 0.01901106722652912 0.03379745284716288
0 0.7067874670028687 0.7784062623977661 0.01901106722652912 0.03379745284716288