0 0.6957176923751831 0.15822170674800873 0.022933183594917257 0.03429261098305384
0 0.6203047633171082 0.15728004276752472 0.022933183594917257 0.03429261098305384
0 0.5441985726356506 0.15632973611354828 0.022933183594917257 0.03429261098305384
0 0.4673894941806793 0.15537063777446747 0.022933183594917257 0.03429261098305384
0 0.38986775279045105 0.15440264344215393 0.022933183594917257 0.03429261098305384
0 0.31162336468696594 0.15342563390731812 0.022933183594917257 0.03429261098305384
0 0.23264621198177338 0.15243946015834808 0.022933183594917257 0.03429261098305384
0 0.7077388763427734 0.23719654977321625 0.022933183594917257 0.03429261098305384
0 0.6296090483665466 0.23659488558769226 0.022933183594917257 0.03429261098305384
0 0.5507344007492065 0.23598749935626984 0.022933183594917257 0.03429261098305384
0 0.47110429406166077 0.23537428677082062 0.022933183594917257 0.03429261098305384
0 0.39070776104927063 0.23475518822669983 0.022933183594917257 0.03429261098305384
0 0.3095336854457855 0.23413008451461792 0.022933183594917257 0.03429261098305384
0 0.22757075726985931 0.23349891602993011 0.022933183594917257 0.03429261098305384
0 0.720673680305481 0.3221735954284668 0.022933183594917257 0.03429261098305384
0 0.6396239399909973 0.3219674825668335 0.022933183594917257 0.03429261098305384
0 0.5577719211578369 0.32175931334495544 0.022933183594917257 0.03429261098305384
0 0.4751056432723999 0.32154908776283264 0.022933183594917257 0.03429261098305384
0 0.3916128873825073 0.3213367462158203 0.022933183594917257 0.03429261098305384
0 0.3072811961174011 0.32112228870391846 0.022933183594917257 0.03429261098305384
0 0.22209787368774414 0.3209056556224823 0.022933183594917257 0.03429261098305384
0 0.7346304059028625 0.4138641655445099 0.022933183594917257 0.03429261098305384
0 0.650434136390686 0.4141193628311157 0.022933183594917257 0.03429261098305384
0 0.5653711557388306 0.4143771827220917 0.022933183594917257 0.03429261098305384
0 0.4794279932975769 0.4146376848220825 0.022933183594917257 0.03429261098305384
0 0.3925909996032715 0.41490086913108826 0.022933183594917257 0.03429261098305384
0 0.3048460781574249 0.41516682505607605 0.022933183594917257 0.03429261098305384
0 0.21617896854877472 0.4154355823993683 0.022933183594917257 0.03429261098305384
0 0.7497351169586182 0.5130965113639832 0.022933183594917257 0.03429261098305384
0 0.6621381640434265 0.5138913989067078 0.022933183594917257 0.03429261098305384
0 0.5736020803451538 0.5146948099136353 0.022933183594917257 0.03429261098305384
0 0.48411163687705994 0.5155068635940552 0.022933183594917257 0.03429261098305384
0 0.3936513066291809 0.5163277387619019 0.022933183594917257 0.03429261098305384
0 0.30220523476600647 0.5171575546264648 0.022933183594917257 0.03429261098305384
0 0.2097572237253189 0.5179964900016785 0.022933183594917257 0.03429261098305384
0 0.7661354541778564 0.6208411455154419 0.022933183594917257 0.03429261098305384
0 0.6748518347740173 0.6222696304321289 0.022933183594917257 0.03429261098305384
0 0.5825470089912415 0.623714029788971 0.022933183594917257 0.03429261098305384
0 0.4892038404941559 0.6251747608184814 0.022933183594917257 0.03429261098305384
0 0.39480462670326233 0.62665194272995 0.022933183594917257 0.03429261098305384
0 0.299331396818161 0.6281459927558899 0.022933183594917257 0.03429261098305384
0 0.20276570320129395 0.6296570897102356 0.022933183594917257 0.03429261098305384
0 0.7840057611465454 0.7382423281669617 0.022933183594917257 0.03429261098305384
0 0.6887115836143494 0.7404176592826843 0.022933183594917257 0.03429261098305384
0 0.5923030376434326 0.7426183819770813 0.022933183594917257 0.03429261098305384
0 0.4947604835033417 0.7448449730873108 0.022933183594917257 0.03429261098305384
0 0.39606377482414246 0.747097909450531 0.022933183594917257 0.03429261098305384
0 0.29619234800338745 0.7493777275085449 0.022933183594917257 0.03429261098305384
0 0.1951250582933426 0.7516847848892212 0.022933183594917257 0.03429261098305384