0 0.26449066400527954 0.22052225470542908 0.03519170234600703 0.03519170234600703
0 0.33986687660217285 0.22254003584384918 0.03519170234600703 0.03519170234600703
0 0.4153096377849579 0.22455960512161255 0.03519170234600703 0.03519170234600703
0 0.4908190369606018 0.22658094763755798 0.03519170234600703 0.03519170234600703
0 0.5663952231407166 0.22860407829284668 0.03519170234600703 0.03519170234600703
0 0.6420382261276245 0.23062899708747864 0.03519170234600703 0.03519170234600703
0 0.7177481651306152 0.23265571892261505 0.03519170234600703 0.03519170234600703
0 0.25384822487831116 0.27198365330696106 0.03519170234600703 0.03519170234600703
0 0.33240625262260437 0.27411043643951416 0.03519170234600703 0.03519170234600703
0 0.41103655099868774 0.27623915672302246 0.03519170234600703 0.03519170234600703
0 0.4897392988204956 0.27836981415748596 0.03519170234600703 0.03519170234600703
0 0.5685145258903503 0.28050246834754944 0.03519170234600703 0.03519170234600703
0 0.6473624110221863 0.2826370894908905 0.03519170234600703 0.03519170234600703
0 0.7262830138206482 0.28477364778518677 0.03519170234600703 0.03519170234600703
0 0.24226665496826172 0.32798629999160767 0.03519170234600703 0.03519170234600703
0 0.32428693771362305 0.3302338421344757 0.03519170234600703 0.03519170234600703
0 0.40638604760169983 0.33248353004455566 0.03519170234600703 0.03519170234600703
0 0.4885641038417816 0.3347354233264923 0.03519170234600703 0.03519170234600703
0 0.570821225643158 0.33698946237564087 0.03519170234600703 0.03519170234600703
0 0.6531575322151184 0.33924564719200134 0.03519170234600703 0.03519170234600703
0 0.7355731725692749 0.3415040373802185 0.03519170234600703 0.03519170234600703
0 0.22961588203907013 0.3891589641571045 0.03519170234600703 0.03519170234600703
0 0.31541767716407776 0.391541063785553 0.03519170234600703 0.03519170234600703
0 0.40130576491355896 0.3939255475997925 0.03519170234600703 0.03519170234600703
0 0.4872802793979645 0.396312415599823 0.03519170234600703 0.03519170234600703
0 0.5733413100242615 0.3987016975879669 0.03519170234600703 0.03519170234600703
0 0.6594890356063843 0.40109339356422424 0.03519170234600703 0.03519170234600703
0 0.7457236051559448 0.40348750352859497 0.03519170234600703 0.03519170234600703
0 0.21574069559574127 0.4562523066997528 0.03519170234600703 0.03519170234600703
0 0.30568957328796387 0.4587850868701935 0.03519170234600703 0.03519170234600703
0 0.3957332968711853 0.46132051944732666 0.03519170234600703 0.03519170234600703
0 0.4858720004558563 0.46385863423347473 0.03519170234600703 0.03519170234600703
0 0.5761058330535889 0.4663994312286377 0.03519170234600703 0.03519170234600703
0 0.6664349436759949 0.46894291043281555 0.03519170234600703 0.03519170234600703
0 0.756859540939331 0.4714891016483307 0.03519170234600703 0.03519170234600703
0 0.20045429468154907 0.5301695466041565 0.03519170234600703 0.03519170234600703
0 0.2949714958667755 0.5328721404075623 0.03519170234600703 0.03519170234600703
0 0.3895934224128723 0.5355777144432068 0.03519170234600703 0.03519170234600703
0 0.4843202531337738 0.5382862687110901 0.03519170234600703 0.03519170234600703
0 0.5791521668434143 0.5409978032112122 0.03519170234600703 0.03519170234600703
0 0.6740893125534058 0.5437124371528625 0.03519170234600703 0.03519170234600703
0 0.7691318392753601 0.5464299917221069 0.03519170234600703 0.03519170234600703
0 0.1835298389196396 0.6120075583457947 0.03519170234600703 0.03519170234600703
0 0.28310421109199524 0.6149027347564697 0.03519170234600703 0.03519170234600703
0 0.3827948272228241 0.617801308631897 0.03519170234600703 0.03519170234600703
0 0.48260191082954407 0.6207032799720764 0.03519170234600703 0.03519170234600703
0 0.5825256109237671 0.6236086487770081 0.03519170234600703 0.03519170234600703
0 0.682566225528717 0.6265174150466919 0.03519170234600703 0.03519170234600703
0 0.7827239036560059 0.6294295787811279 0.03519170234600703 0.03519170234600703