0 0.7766600847244263 0.2383444458246231 0.0367574542760849 0.0367574542760849
0 0.6854929327964783 0.23572564125061035 0.0367574542760849 0.0367574542760849
0 0.5963347554206848 0.23316456377506256 0.0367574542760849 0.0367574542760849
0 0.5091198086738586 0.23065929114818573 0.0367574542760849 0.0367574542760849
0 0.42378532886505127 0.2282080501317978 0.0367574542760849 0.0367574542760849
0 0.3402710556983948 0.22580908238887787 0.0367574542760849 0.0367574542760849
0 0.25851938128471375 0.22346074879169464 0.0367574542760849 0.0367574542760849
0 0.7762932777404785 0.3139955699443817 0.0367574542760849 0.0367574542760849
0 0.6821277737617493 0.3104199767112732 0.0367574542760849 0.0367574542760849
0 0.5901048183441162 0.3069257438182831 0.0367574542760849 0.0367574542760849
0 0.5001521706581116 0.3035100996494293 0.0367574542760849 0.0367574542760849
0 0.4122007191181183 0.3001704514026642 0.0367574542760849 0.0367574542760849
0 0.32618436217308044 0.2969042956829071 0.0367574542760849 0.0367574542760849
0 0.2420399934053421 0.2937092185020447 0.0367574542760849 0.0367574542760849
0 0.775901198387146 0.39486163854599 0.0367574542760849 0.0367574542760849
0 0.6785333752632141 0.39020198583602905 0.0367574542760849 0.0367574542760849
0 0.5834555625915527 0.38565194606781006 0.0367574542760849 0.0367574542760849
0 0.49058791995048523 0.381207674741745 0.0367574542760849 0.0367574542760849
0 0.39985424280166626 0.3768655061721802 0.0367574542760849 0.0367574542760849
0 0.31118181347846985 0.372622013092041 0.0367574542760849 0.0367574542760849
0 0.22450116276741028 0.3684738278388977 0.0367574542760849 0.0367574542760849
0 0.775481104850769 0.4815010726451874 0.0367574542760849 0.0367574542760849
0 0.674685537815094 0.47560983896255493 0.0367574542760849 0.0367574542760849
0 0.5763431191444397 0.4698619842529297 0.0367574542760849 0.0367574542760849
0 0.48036545515060425 0.4642523527145386 0.0367574542760849 0.0367574542760849
0 0.3866681754589081 0.45877599716186523 0.0367574542760849 0.0367574542760849
0 0.29517099261283875 0.4534282386302948 0.0367574542760849 0.0367574542760849
0 0.20579734444618225 0.44820457696914673 0.0367574542760849 0.0367574542760849
0 0.7750298976898193 0.5745550394058228 0.0367574542760849 0.0367574542760849
0 0.6705564260482788 0.5672603249549866 0.0367574542760849 0.0367574542760849
0 0.568717360496521 0.5601494908332825 0.0367574542760849 0.0367574542760849
0 0.4694143831729889 0.553215742111206 0.0367574542760849 0.0367574542760849
0 0.37255388498306274 0.5464525818824768 0.0367574542760849 0.0367574542760849
0 0.2780468165874481 0.5398536920547485 0.0367574542760849 0.0367574542760849
0 0.185808464884758 0.5334132313728333 0.0367574542760849 0.0367574542760849
0 0.7745440006256104 0.6747633814811707 0.0367574542760849 0.0367574542760849
0 0.666114091873169 0.6658638119697571 0.0367574542760849 0.0367574542760849
0 0.5605207085609436 0.6571970582008362 0.0367574542760849 0.0367574542760849
0 0.4576539993286133 0.6487540602684021 0.0367574542760849 0.0367574542760849
0 0.3574097454547882 0.6405263543128967 0.0367574542760849 0.0367574542760849
0 0.2596889138221741 0.6325057148933411 0.0367574542760849 0.0367574542760849
0 0.16439737379550934 0.6246845126152039 0.0367574542760849 0.0367574542760849
0 0.7740193009376526 0.7829840779304504 0.0367574542760849 0.0367574542760849
0 0.6613214015960693 0.7722427248954773 0.0367574542760849 0.0367574542760849
0 0.5516864061355591 0.761793315410614 0.0367574542760849 0.0367574542760849
0 0.4449911117553711 0.7516241073608398 0.0367574542760849 0.0367574542760849
0 0.34111881256103516 0.7417239546775818 0.0367574542760849 0.0367574542760849
0 0.2399589866399765 0.7320823073387146 0.0367574542760849 0.0367574542760849
0 0.14140671491622925 0.7226892113685608 0.0367574542760849 0.0367574542760849