0 0.3378329873085022 0.38665664196014404 0.019401598721742633 0.02586879829565684
0 0.3325580954551697 0.4436253607273102 0.019401598721742633 0.02586879829565684
0 0.32695430517196655 0.5041460990905762 0.019401598721742633 0.02586879829565684
0 0.3209899067878723 0.5685616731643677 0.019401598721742633 0.02586879829565684
0 0.31462886929512024 0.6372606158256531 0.019401598721742633 0.02586879829565684
0 0.3078303337097168 0.7106848955154419 0.019401598721742633 0.02586879829565684
0 0.3005474805831909 0.7893393635749817 0.019401598721742633 0.02586879829565684
0 0.399544894695282 0.3888736367225647 0.019401598721742633 0.02586879829565684
0 0.3961365222930908 0.445895791053772 0.019401598721742633 0.02586879829565684
0 0.3925156891345978 0.5064724087715149 0.019401598721742633 0.02586879829565684
0 0.3886618912220001 0.570946455001831 0.019401598721742633 0.02586879829565684
0 0.38455188274383545 0.6397066712379456 0.019401598721742633 0.02586879829565684
0 0.38015928864479065 0.7131951451301575 0.019401598721742633 0.02586879829565684
0 0.3754538595676422 0.7919168472290039 0.019401598721742633 0.02586879829565684
0 0.46122825145721436 0.39108961820602417 0.019401598721742633 0.02586879829565684
0 0.4596846401691437 0.4481651186943054 0.019401598721742633 0.02586879829565684
0 0.4580448269844055 0.5087975263595581 0.019401598721742633 0.02586879829565684
0 0.4562995135784149 0.5733300447463989 0.019401598721742633 0.02586879829565684
0 0.4544382393360138 0.6421514749526978 0.019401598721742633 0.02586879829565684
0 0.4524489939212799 0.7157040238380432 0.019401598721742633 0.02586879829565684
0 0.4503181278705597 0.7944929599761963 0.019401598721742633 0.02586879829565684
0 0.5228830575942993 0.3933045566082001 0.019401598721742633 0.02586879829565684
0 0.5232024788856506 0.4504334032535553 0.019401598721742633 0.02586879829565684
0 0.5235417485237122 0.5111215710639954 0.019401598721742633 0.02586879829565684
0 0.5239028334617615 0.5757124423980713 0.019401598721742633 0.02586879829565684
0 0.5242879390716553 0.6445949077606201 0.019401598721742633 0.02586879829565684
0 0.5246995091438293 0.7182115316390991 0.019401598721742633 0.02586879829565684
0 0.5251404047012329 0.7970675826072693 0.019401598721742633 0.02586879829565684
0 0.5845093727111816 0.3955184817314148 0.019401598721742633 0.02586879829565684
0 0.5866900086402893 0.45270055532455444 0.019401598721742633 0.02586879829565684
0 0.5890064835548401 0.5134444236755371 0.019401598721742633 0.02586879829565684
0 0.5914719104766846 0.5780935883522034 0.019401598721742633 0.02586879829565684
0 0.594101071357727 0.647037148475647 0.019401598721742633 0.02586879829565684
0 0.5969108939170837 0.7207176685333252 0.019401598721742633 0.02586879829565684
0 0.5999206304550171 0.7996407151222229 0.019401598721742633 0.02586879829565684
0 0.6461071372032166 0.39773139357566833 0.019401598721742633 0.02586879829565684
0 0.6501473188400269 0.45496666431427 0.019401598721742633 0.02586879829565684
0 0.6544390916824341 0.5157662034034729 0.019401598721742633 0.02586879829565684
0 0.659006655216217 0.5804735422134399 0.019401598721742633 0.02586879829565684
0 0.6638776063919067 0.6494780778884888 0.019401598721742633 0.02586879829565684
0 0.6690831184387207 0.7232224345207214 0.019401598721742633 0.02586879829565684
0 0.6746589541435242 0.8022124767303467 0.019401598721742633 0.02586879829565684
0 0.7076764702796936 0.3999432623386383 0.019401598721742633 0.02586879829565684
0 0.7135744094848633 0.45723170042037964 0.019401598721742633 0.02586879829565684
0 0.7198395133018494 0.5180867910385132 0.019401598721742633 0.02586879829565684
0 0.7265072464942932 0.582852303981781 0.019401598721742633 0.02586879829565684
0 0.7336176037788391 0.6519176959991455 0.019401598721742633 0.02586879829565684
0 0.741216242313385 0.7257258892059326 0.019401598721742633 0.02586879829565684
0 0.7493553161621094 0.8047827482223511 0.019401598721742633 0.02586879829565684