0 0.708588719367981 0.16468720138072968 0.02276706119688849 0.034044203658898674
0 0.6331097483634949 0.16372954845428467 0.02276706119688849 0.034044203658898674
0 0.5570996403694153 0.16276514530181885 0.02276706119688849 0.034044203658898674
0 0.48055264353752136 0.16179394721984863 0.02276706119688849 0.034044203658898674
0 0.4034631550312042 0.16081586480140686 0.02276706119688849 0.034044203658898674
0 0.32582539319992065 0.15983080863952637 0.02276706119688849 0.034044203658898674
0 0.2476334124803543 0.15883873403072357 0.02276706119688849 0.034044203658898674
0 0.7199575304985046 0.2447933554649353 0.02276706119688849 0.034044203658898674
0 0.6417953968048096 0.2440921664237976 0.02276706119688849 0.034044203658898674
0 0.5630633234977722 0.24338585138320923 0.02276706119688849 0.034044203658898674
0 0.483754962682724 0.24267438054084778 0.02276706119688849 0.034044203658898674
0 0.4038639962673187 0.2419576644897461 0.02276706119688849 0.034044203658898674
0 0.32338398694992065 0.2412356734275818 0.02276706119688849 0.034044203658898674
0 0.2423083782196045 0.24050834774971008 0.02276706119688849 0.034044203658898674
0 0.7321745753288269 0.33087649941444397 0.02276706119688849 0.034044203658898674
0 0.6511315703392029 0.33047348260879517 0.02276706119688849 0.034044203658898674
0 0.5694753527641296 0.3300674259662628 0.02276706119688849 0.034044203658898674
0 0.4871988892555237 0.32965829968452454 0.02276706119688849 0.034044203658898674
0 0.4042951762676239 0.32924604415893555 0.02276706119688849 0.034044203658898674
0 0.3207569122314453 0.32883062958717346 0.02276706119688849 0.034044203658898674
0 0.2365768700838089 0.3284120261669159 0.02276706119688849 0.034044203658898674
0 0.7453385591506958 0.4236314594745636 0.02276706119688849 0.034044203658898674
0 0.6611941456794739 0.4235759675502777 0.02276706119688849 0.034044203658898674
0 0.5763882398605347 0.4235200583934784 0.02276706119688849 0.034044203658898674
0 0.49091294407844543 0.42346370220184326 0.02276706119688849 0.034044203658898674
0 0.40476030111312866 0.4234068691730499 0.02276706119688849 0.034044203658898674
0 0.3179222047328949 0.42334961891174316 0.02276706119688849 0.034044203658898674
0 0.2303904891014099 0.4232918918132782 0.02276706119688849 0.034044203658898674
0 0.7595638632774353 0.5238651633262634 0.02276706119688849 0.034044203658898674
0 0.6720713973045349 0.524215817451477 0.02276706119688849 0.034044203658898674
0 0.5838630795478821 0.5245693325996399 0.02276706119688849 0.034044203658898674
0 0.49493011832237244 0.524925708770752 0.02276706119688849 0.034044203658898674
0 0.4052635431289673 0.5252850651741028 0.02276706119688849 0.034044203658898674
0 0.3148542046546936 0.5256474018096924 0.02276706119688849 0.034044203658898674
0 0.2236928641796112 0.5260127782821655 0.02276706119688849 0.034044203658898674
0 0.7749843597412109 0.6325201392173767 0.02276706119688849 0.034044203658898674
0 0.6838663816452026 0.6333469152450562 0.02276706119688849 0.034044203658898674
0 0.5919712781906128 0.6341807842254639 0.02276706119688849 0.034044203658898674
0 0.4992891550064087 0.6350217461585999 0.02276706119688849 0.034044203658898674
0 0.40580978989601135 0.6358699798583984 0.02276706119688849 0.034044203658898674
0 0.31152287125587463 0.6367254853248596 0.02276706119688849 0.034044203658898674
0 0.21641789376735687 0.6375884413719177 0.02276706119688849 0.034044203658898674
0 0.7917572855949402 0.7507041692733765 0.02276706119688849 0.034044203658898674
0 0.696700394153595 0.7520912885665894 0.02276706119688849 0.034044203658898674
0 0.6007969379425049 0.7534907460212708 0.02276706119688849 0.034044203658898674
0 0.5040355920791626 0.7549027800559998 0.02276706119688849 0.034044203658898674
0 0.4064048230648041 0.7563274502754211 0.02276706119688849 0.034044203658898674
0 0.3078927993774414 0.757764995098114 0.02276706119688849 0.034044203658898674
0 0.20848754048347473 0.7592155337333679 0.02276706119688849 0.034044203658898674