0 0.2321493774652481 0.6664896011352539 0.03341384728749593 0.03341384728749593
0 0.32933834195137024 0.6670219302177429 0.03341384728749593 0.03341384728749593
0 0.4263955056667328 0.6675534844398499 0.03341384728749593 0.03341384728749593
0 0.5233211517333984 0.6680843830108643 0.03341384728749593 0.03341384728749593
0 0.6201155185699463 0.6686145067214966 0.03341384728749593 0.03341384728749593
0 0.7167788147926331 0.6691439151763916 0.03341384728749593 0.03341384728749593
0 0.8133114576339722 0.6696726083755493 0.03341384728749593 0.03341384728749593
0 0.24174067378044128 0.5754042267799377 0.03341384728749593 0.03341384728749593
0 0.3357493281364441 0.5759789347648621 0.03341384728749593 0.03341384728749593
0 0.42963463068008423 0.5765528678894043 0.03341384728749593 0.03341384728749593
0 0.5233968496322632 0.5771260857582092 0.03341384728749593 0.03341384728749593
0 0.6170362234115601 0.5776985287666321 0.03341384728749593 0.03341384728749593
0 0.710552990436554 0.5782701969146729 0.03341384728749593 0.03341384728749593
0 0.803947389125824 0.5788411498069763 0.03341384728749593 0.03341384728749593
0 0.2507249116897583 0.4900837242603302 0.03341384728749593 0.03341384728749593
0 0.3417547941207886 0.49069449305534363 0.03341384728749593 0.03341384728749593
0 0.4326689839363098 0.491304486989975 0.03341384728749593 0.03341384728749593
0 0.5234677791595459 0.49191367626190186 0.03341384728749593 0.03341384728749593
0 0.6141513586044312 0.49252212047576904 0.03341384728749593 0.03341384728749593
0 0.7047199010848999 0.49312978982925415 0.03341384728749593 0.03341384728749593
0 0.795173704624176 0.4937366843223572 0.03341384728749593 0.03341384728749593
0 0.2591579854488373 0.4099976420402527 0.03341384728749593 0.03341384728749593
0 0.3473920524120331 0.4106390178203583 0.03341384728749593 0.03341384728749593
0 0.43551743030548096 0.4112796187400818 0.03341384728749593 0.03341384728749593
0 0.52353435754776 0.41191941499710083 0.03341384728749593 0.03341384728749593
0 0.6114429831504822 0.4125584363937378 0.03341384728749593 0.03341384728749593
0 0.6992436051368713 0.4131966829299927 0.03341384728749593 0.03341384728749593
0 0.786936342716217 0.4138341248035431 0.03341384728749593 0.03341384728749593
0 0.2670890688896179 0.3346785604953766 0.03341384728749593 0.03341384728749593
0 0.35269394516944885 0.33534592390060425 0.03341384728749593 0.03341384728749593
0 0.4381965100765228 0.33601245284080505 0.03341384728749593 0.03341384728749593
0 0.5235969424247742 0.3366782069206238 0.03341384728749593 0.03341384728749593
0 0.608895480632782 0.33734315633773804 0.03341384728749593 0.03341384728749593
0 0.6940922737121582 0.3380073010921478 0.03341384728749593 0.03341384728749593
0 0.7791875004768372 0.33867067098617554 0.03341384728749593 0.03341384728749593
0 0.27456173300743103 0.2637132406234741 0.03341384728749593 0.03341384728749593
0 0.3576895594596863 0.26440247893333435 0.03341384728749593 0.03341384728749593
0 0.44072091579437256 0.2650909423828125 0.03341384728749593 0.03341384728749593
0 0.5236559510231018 0.26577863097190857 0.03341384728749593 0.03341384728749593
0 0.6064949035644531 0.2664654850959778 0.03341384728749593 0.03341384728749593
0 0.6892378926277161 0.2671515643596649 0.03341384728749593 0.03341384728749593
0 0.7718850374221802 0.2678368389606476 0.03341384728749593 0.03341384728749593
0 0.2816145718097687 0.1967347115278244 0.03341384728749593 0.03341384728749593
0 0.3624046742916107 0.197442427277565 0.03341384728749593 0.03341384728749593
0 0.4431036710739136 0.19814932346343994 0.03341384728749593 0.03341384728749593
0 0.5237116813659668 0.1988554298877716 0.03341384728749593 0.03341384728749593
0 0.6042288541793823 0.19956074655056 0.03341384728749593 0.03341384728749593
0 0.6846554279327393 0.20026527345180511 0.03341384728749593 0.03341384728749593
0 0.7649914622306824 0.20096899569034576 0.03341384728749593 0.03341384728749593