0 0.2964053153991699 0.6468003392219543 0.02063099294900894 0.02750799059867859
0 0.3727820813655853 0.645855724811554 0.02063099294900894 0.02750799059867859
0 0.44990625977516174 0.6449018716812134 0.02063099294900894 0.02750799059867859
0 0.5277888774871826 0.6439386010169983 0.02063099294900894 0.02750799059867859
0 0.606441080570221 0.6429658532142639 0.02063099294900894 0.02750799059867859
0 0.6858744621276855 0.6419834494590759 0.02063099294900894 0.02750799059867859
0 0.7661006450653076 0.6409912109375 0.02063099294900894 0.02750799059867859
0 0.3070191740989685 0.5570971369743347 0.02063099294900894 0.02750799059867859
0 0.3797633647918701 0.5557823777198792 0.02063099294900894 0.02750799059867859
0 0.45318496227264404 0.5544553399085999 0.02063099294900894 0.02750799059867859
0 0.5272933840751648 0.5531159043312073 0.02063099294900894 0.02750799059867859
0 0.6020984053611755 0.5517638325691223 0.02063099294900894 0.02750799059867859
0 0.6776098608970642 0.5503990054130554 0.02063099294900894 0.02750799059867859
0 0.7538377642631531 0.549021303653717 0.02063099294900894 0.02750799059867859
0 0.3166610896587372 0.4756082594394684 0.02063099294900894 0.02750799059867859
0 0.3861025273799896 0.4739936590194702 0.02063099294900894 0.02750799059867859
0 0.4561607241630554 0.47236472368240356 0.02063099294900894 0.02750799059867859
0 0.5268439054489136 0.4707212448120117 0.02063099294900894 0.02750799059867859
0 0.5981605052947998 0.46906304359436035 0.02063099294900894 0.02750799059867859
0 0.670119047164917 0.46738991141319275 0.02063099294900894 0.02750799059867859
0 0.7427282333374023 0.4657016694545746 0.02063099294900894 0.02750799059867859
0 0.32545873522758484 0.4012547433376312 0.02063099294900894 0.02750799059867859
0 0.3918842673301697 0.3993968665599823 0.02063099294900894 0.02750799059867859
0 0.4588737189769745 0.3975231945514679 0.02063099294900894 0.02750799059867859
0 0.5264343023300171 0.3956335783004761 0.02063099294900894 0.02750799059867859
0 0.5945733189582825 0.39372777938842773 0.02063099294900894 0.02750799059867859
0 0.6632982492446899 0.3918055593967438 0.02063099294900894 0.02750799059867859
0 0.7326167225837708 0.38986676931381226 0.02063099294900894 0.02750799059867859
0 0.3335183560848236 0.33313876390457153 0.02063099294900894 0.02750799059867859
0 0.3971790373325348 0.3310833275318146 0.02063099294900894 0.02750799059867859
0 0.4613572955131531 0.3290112018585205 0.02063099294900894 0.02750799059867859
0 0.5260594487190247 0.32692214846611023 0.02063099294900894 0.02750799059867859
0 0.5912920236587524 0.324815958738327 0.02063099294900894 0.02750799059867859
0 0.6570614576339722 0.3226924538612366 0.02063099294900894 0.02750799059867859
0 0.7233744859695435 0.32055139541625977 0.02063099294900894 0.02750799059867859
0 0.3409290909767151 0.27050697803497314 0.02063099294900894 0.02750799059867859
0 0.4020458161830902 0.26829129457473755 0.02063099294900894 0.02750799059867859
0 0.4636393189430237 0.2660583257675171 0.02063099294900894 0.02750799059867859
0 0.525715172290802 0.26380786299705505 0.02063099294900894 0.02750799059867859
0 0.5882790088653564 0.2615396976470947 0.02063099294900894 0.02750799059867859
0 0.6513367295265198 0.2592536509037018 0.02063099294900894 0.02750799059867859
0 0.7148940563201904 0.2569494843482971 0.02063099294900894 0.02750799059867859
0 0.3477662205696106 0.21272273361682892 0.02063099294900894 0.02750799059867859
0 0.4065345525741577 0.21037733554840088 0.02063099294900894 0.02750799059867859
0 0.46574342250823975 0.2080143392086029 0.02063099294900894 0.02750799059867859
0 0.525397777557373 0.20563356578350067 0.02063099294900894 0.02750799059867859
0 0.5855027437210083 0.20323482155799866 0.02063099294900894 0.02750799059867859
0 0.6460634469985962 0.20081788301467896 0.02063099294900894 0.02750799059867859
0 0.7070850133895874 0.19838255643844604 0.02063099294900894 0.02750799059867859