0 0.7069769501686096 0.16055774688720703 0.022833545366302135 0.03414361923933029
0 0.6313979625701904 0.16019286215305328 0.022833545366302135 0.03414361923933029
0 0.5553208589553833 0.15982556343078613 0.022833545366302135 0.03414361923933029
0 0.4787406325340271 0.15945585072040558 0.022833545366302135 0.03414361923933029
0 0.4016523063182831 0.15908366441726685 0.022833545366302135 0.03414361923933029
0 0.32405075430870056 0.15870901942253113 0.022833545366302135 0.03414361923933029
0 0.24593088030815125 0.15833187103271484 0.022833545366302135 0.03414361923933029
0 0.7184622287750244 0.240785613656044 0.022833545366302135 0.03414361923933029
0 0.6401779651641846 0.24068059027194977 0.022833545366302135 0.03414361923933029
0 0.5613588690757751 0.24057483673095703 0.022833545366302135 0.03414361923933029
0 0.4819994866847992 0.240468367934227 0.022833545366302135 0.03414361923933029
0 0.4020942151546478 0.24036116898059845 0.022833545366302135 0.03414361923933029
0 0.32163742184638977 0.24025322496891022 0.022833545366302135 0.03414361923933029
0 0.2406233549118042 0.2401445358991623 0.022833545366302135 0.03414361923933029
0 0.7308100461959839 0.3270382583141327 0.022833545366302135 0.03414361923933029
0 0.6496196389198303 0.3272339403629303 0.022833545366302135 0.03414361923933029
0 0.5678535103797913 0.3274310231208801 0.022833545366302135 0.03414361923933029
0 0.4855056703090668 0.3276295065879822 0.022833545366302135 0.03414361923933029
0 0.40256980061531067 0.32782942056655884 0.022833545366302135 0.03414361923933029
0 0.31903958320617676 0.3280307352542877 0.022833545366302135 0.03414361923933029
0 0.23490865528583527 0.328233540058136 0.022833545366302135 0.03414361923933029
0 0.7441213130950928 0.42002078890800476 0.022833545366302135 0.03414361923933029
0 0.65980064868927 0.4205654561519623 0.022833545366302135 0.03414361923933029
0 0.5748586654663086 0.42111414670944214 0.022833545366302135 0.03414361923933029
0 0.48928844928741455 0.4216668903827667 0.022833545366302135 0.03414361923933029
0 0.40308302640914917 0.4222237169742584 0.022833545366302135 0.03414361923933029
0 0.3162353038787842 0.4227847158908844 0.022833545366302135 0.03414361923933029
0 0.22873806953430176 0.42334991693496704 0.022833545366302135 0.03414361923933029
0 0.7585133910179138 0.5205528140068054 0.022833545366302135 0.03414361923933029
0 0.6708114743232727 0.521503746509552 0.022833545366302135 0.03414361923933029
0 0.5824369192123413 0.522462010383606 0.022833545366302135 0.03414361923933029
0 0.49338188767433167 0.5234276056289673 0.022833545366302135 0.03414361923933029
0 0.4036385715007782 0.5244006514549255 0.022833545366302135 0.03414361923933029
0 0.31319889426231384 0.5253812670707703 0.022833545366302135 0.03414361923933029
0 0.22205476462841034 0.5263695120811462 0.022833545366302135 0.03414361923933029
0 0.7741233706474304 0.629592776298523 0.022833545366302135 0.03414361923933029
0 0.6827578544616699 0.6310184001922607 0.022833545366302135 0.03414361923933029
0 0.5906616449356079 0.6324553489685059 0.022833545366302135 0.03414361923933029
0 0.49782595038414 0.6339039206504822 0.022833545366302135 0.03414361923933029
0 0.4042418897151947 0.6353641152381897 0.022833545366302135 0.03414361923933029
0 0.30990034341812134 0.6368361115455627 0.022833545366302135 0.03414361923933029
0 0.21479207277297974 0.6383201479911804 0.022833545366302135 0.03414361923933029
0 0.7911128401756287 0.7482683062553406 0.022833545366302135 0.03414361923933029
0 0.6957642436027527 0.7502507567405701 0.022833545366302135 0.03414361923933029
0 0.5996192097663879 0.7522497773170471 0.022833545366302135 0.03414361923933029
0 0.5026676654815674 0.7542656064033508 0.022833545366302135 0.03414361923933029
0 0.4048994183540344 0.7562983632087708 0.022833545366302135 0.03414361923933029
0 0.30630412697792053 0.758348286151886 0.022833545366302135 0.03414361923933029
0 0.20687122642993927 0.7604156732559204 0.022833545366302135 0.03414361923933029