0 0.8060532212257385 0.1511250138282776 0.020416548279010585 0.03426553557316462
0 0.7333672046661377 0.1510780304670334 0.020416548279010585 0.03426553557316462
0 0.6607731580734253 0.15103110671043396 0.020416548279010585 0.03426553557316462
0 0.588270902633667 0.1509842425584793 0.020416548279010585 0.03426553557316462
0 0.5158603191375732 0.15093743801116943 0.020416548279010585 0.03426553557316462
0 0.44354113936424255 0.15089069306850433 0.020416548279010585 0.03426553557316462
0 0.37131330370903015 0.150844007730484 0.020416548279010585 0.03426553557316462
0 0.8064711689949036 0.2310953140258789 0.020416548279010585 0.03426553557316462
0 0.7309614419937134 0.23099389672279358 0.020416548279010585 0.03426553557316462
0 0.6555509567260742 0.2308926284313202 0.020416548279010585 0.03426553557316462
0 0.5802395939826965 0.23079149425029755 0.020416548279010585 0.03426553557316462
0 0.5050271153450012 0.23069047927856445 0.020416548279010585 0.03426553557316462
0 0.42991331219673157 0.2305896133184433 0.020416548279010585 0.03426553557316462
0 0.35489797592163086 0.2304888665676117 0.020416548279010585 0.03426553557316462
0 0.8069228529930115 0.31753382086753845 0.020416548279010585 0.03426553557316462
0 0.7283612489700317 0.31736916303634644 0.020416548279010585 0.03426553557316462
0 0.6499070525169373 0.31720471382141113 0.020416548279010585 0.03426553557316462
0 0.5715600848197937 0.3170405328273773 0.020416548279010585 0.03426553557316462
0 0.493320107460022 0.31687653064727783 0.020416548279010585 0.03426553557316462
0 0.41518694162368774 0.31671276688575745 0.020416548279010585 0.03426553557316462
0 0.3371603488922119 0.31654924154281616 0.020416548279010585 0.03426553557316462
0 0.8074126839637756 0.411258339881897 0.020416548279010585 0.03426553557316462
0 0.7255420088768005 0.4110199213027954 0.020416548279010585 0.03426553557316462
0 0.6437880396842957 0.4107818305492401 0.020416548279010585 0.03426553557316462
0 0.5621504783630371 0.4105440676212311 0.020416548279010585 0.03426553557316462
0 0.4806291162967682 0.4103066623210907 0.020416548279010585 0.03426553557316462
0 0.3992237150669098 0.4100695848464966 0.020416548279010585 0.03426553557316462
0 0.3179340064525604 0.4098328649997711 0.020416548279010585 0.03426553557316462
0 0.8079455494880676 0.5132306814193726 0.020416548279010585 0.03426553557316462
0 0.7224748730659485 0.5129058361053467 0.020416548279010585 0.03426553557316462
0 0.6371313333511353 0.5125815272331238 0.020416548279010585 0.03426553557316462
0 0.5519146919250488 0.5122576355934143 0.020416548279010585 0.03426553557316462
0 0.46682462096214294 0.511934220790863 0.020416548279010585 0.03426553557316462
0 0.3818609118461609 0.5116113424301147 0.020416548279010585 0.03426553557316462
0 0.2970232367515564 0.5112889409065247 0.020416548279010585 0.03426553557316462
0 0.8085275292396545 0.6245896220207214 0.020416548279010585 0.03426553557316462
0 0.7191256284713745 0.6241631507873535 0.020416548279010585 0.03426553557316462
0 0.6298628449440002 0.6237372756004333 0.020416548279010585 0.03426553557316462
0 0.5407388806343079 0.6233121156692505 0.020416548279010585 0.03426553557316462
0 0.4517533779144287 0.6228876113891602 0.020416548279010585 0.03426553557316462
0 0.3629060685634613 0.6224637627601624 0.020416548279010585 0.03426553557316462
0 0.274196594953537 0.6220405697822571 0.020416548279010585 0.03426553557316462
0 0.8091656565666199 0.7466937899589539 0.020416548279010585 0.03426553557316462
0 0.7154534459114075 0.7461470365524292 0.020416548279010585 0.03426553557316462
0 0.621894121170044 0.745601236820221 0.020416548279010585 0.03426553557316462
0 0.5284873247146606 0.7450562715530396 0.020416548279010585 0.03426553557316462
0 0.43523263931274414 0.7445122003555298 0.020416548279010585 0.03426553557316462
0 0.3421296775341034 0.7439690232276917 0.020416548279010585 0.03426553557316462
0 0.24917811155319214 0.7434267401695251 0.020416548279010585 0.03426553557316462