0 0.7311426401138306 0.15956540405750275 0.035285900036493935 0.035285900036493935
0 0.6528333425521851 0.16280393302440643 0.035285900036493935 0.035285900036493935
0 0.5745345950126648 0.1660420447587967 0.035285900036493935 0.035285900036493935
0 0.4962463676929474 0.16927970945835114 0.035285900036493935 0.035285900036493935
0 0.4179686903953552 0.17251694202423096 0.035285900036493935 0.035285900036493935
0 0.3397015631198883 0.17575372755527496 0.035285900036493935 0.035285900036493935
0 0.26144498586654663 0.17899009585380554 0.035285900036493935 0.035285900036493935
0 0.7403852343559265 0.21621456742286682 0.035285900036493935 0.035285900036493935
0 0.6590555906295776 0.21957401931285858 0.035285900036493935 0.035285900036493935
0 0.5777373313903809 0.22293300926685333 0.035285900036493935 0.035285900036493935
0 0.4964304566383362 0.22629152238368988 0.035285900036493935 0.035285900036493935
0 0.4151349663734436 0.22964957356452942 0.035285900036493935 0.035285900036493935
0 0.33385083079338074 0.23300714790821075 0.035285900036493935 0.035285900036493935
0 0.2525780498981476 0.23636426031589508 0.035285900036493935 0.035285900036493935
0 0.7503692507743835 0.2774081528186798 0.035285900036493935 0.035285900036493935
0 0.6657769680023193 0.28089791536331177 0.035285900036493935 0.035285900036493935
0 0.5811970233917236 0.28438714146614075 0.035285900036493935 0.035285900036493935
0 0.49662935733795166 0.2878758907318115 0.035285900036493935 0.035285900036493935
0 0.4120739698410034 0.2913641035556793 0.035285900036493935 0.035285900036493935
0 0.3275309205055237 0.29485180974006653 0.035285900036493935 0.035285900036493935
0 0.24300013482570648 0.29833903908729553 0.035285900036493935 0.035285900036493935
0 0.7611876726150513 0.3437159061431885 0.035285900036493935 0.035285900036493935
0 0.6730600595474243 0.3473464250564575 0.035285900036493935 0.035285900036493935
0 0.5849457383155823 0.3509764075279236 0.035285900036493935 0.035285900036493935
0 0.4968448281288147 0.35460585355758667 0.035285900036493935 0.035285900036493935
0 0.4087572395801544 0.3582347333431244 0.035285900036493935 0.035285900036493935
0 0.32068300247192383 0.36186307668685913 0.035285900036493935 0.035285900036493935
0 0.23262211680412292 0.3654908537864685 0.035285900036493935 0.035285900036493935
0 0.7729496955871582 0.4158068299293518 0.035285900036493935 0.035285900036493935
0 0.6809782981872559 0.41958996653556824 0.035285900036493935 0.035285900036493935
0 0.5890214443206787 0.4233725070953369 0.035285900036493935 0.035285900036493935
0 0.49707910418510437 0.42715445160865784 0.035285900036493935 0.035285900036493935
0 0.4051513373851776 0.430935800075531 0.035285900036493935 0.035285900036493935
0 0.31323808431625366 0.4347165524959564 0.035285900036493935 0.035285900036493935
0 0.2213393896818161 0.4384967088699341 0.035285900036493935 0.035285900036493935
0 0.7857843041419983 0.49447205662727356 0.035285900036493935 0.035285900036493935
0 0.6896185874938965 0.49842116236686707 0.035285900036493935 0.035285900036493935
0 0.5934687256813049 0.5023696422576904 0.035285900036493935 0.035285900036493935
0 0.497334748506546 0.5063174366950989 0.035285900036493935 0.035285900036493935
0 0.40121668577194214 0.5102646350860596 0.035285900036493935 0.035285900036493935
0 0.3051145374774933 0.514211118221283 0.035285900036493935 0.035285900036493935
0 0.2090282440185547 0.5181570053100586 0.035285900036493935 0.035285900036493935
0 0.799845278263092 0.5806538462638855 0.035285900036493935 0.035285900036493935
0 0.6990843415260315 0.5847841501235962 0.035285900036493935 0.035285900036493935
0 0.5983408689498901 0.5889137387275696 0.035285900036493935 0.035285900036493935
0 0.4976148009300232 0.5930426120758057 0.035285900036493935 0.035285900036493935
0 0.3969062268733978 0.5971707701683044 0.035285900036493935 0.035285900036493935
0 0.29621508717536926 0.6012982130050659 0.035285900036493935 0.035285900036493935
0 0.1955413669347763 0.6054249405860901 0.035285900036493935 0.035285900036493935