0 0.7323104739189148 0.26178157329559326 0.03271439423163732 0.03271439423163732
0 0.6593323349952698 0.25845301151275635 0.03271439423163732 0.03271439423163732
0 0.5847386717796326 0.25505077838897705 0.03271439423163732 0.03271439423163732
0 0.5084753632545471 0.2515723705291748 0.03271439423163732 0.03271439423163732
0 0.4304856061935425 0.24801522493362427 0.03271439423163732 0.03271439423163732
0 0.3507101237773895 0.24437664449214935 0.03271439423163732 0.03271439423163732
0 0.26908689737319946 0.24065376818180084 0.03271439423163732 0.03271439423163732
0 0.744420051574707 0.325268417596817 0.03271439423163732 0.03271439423163732
0 0.6693023443222046 0.32255271077156067 0.03271439423163732 0.03271439423163732
0 0.592469334602356 0.3197749853134155 0.03271439423163732 0.03271439423163732
0 0.5138615965843201 0.3169330954551697 0.03271439423163732 0.03271439423163732
0 0.4334169030189514 0.31402480602264404 0.03271439423163732 0.03271439423163732
0 0.3510701358318329 0.3110477328300476 0.03271439423163732 0.03271439423163732
0 0.2667529881000519 0.30799946188926697 0.03271439423163732 0.03271439423163732
0 0.7573004364967346 0.392796128988266 0.03271439423163732 0.03271439423163732
0 0.6799143552780151 0.3907798230648041 0.03271439423163732 0.03271439423163732
0 0.6007036566734314 0.3887159526348114 0.03271439423163732 0.03271439423163732
0 0.5196029543876648 0.38660287857055664 0.03271439423163732 0.03271439423163732
0 0.4365437924861908 0.38443875312805176 0.03271439423163732 0.03271439423163732
0 0.3514544367790222 0.3822217285633087 0.03271439423163732 0.03271439423163732
0 0.2642594873905182 0.3799498379230499 0.03271439423163732 0.03271439423163732
0 0.7710276246070862 0.46476322412490845 0.03271439423163732 0.03271439423163732
0 0.691232442855835 0.4635462760925293 0.03271439423163732 0.03271439423163732
0 0.6094924211502075 0.4622997045516968 0.03271439423163732 0.03271439423163732
0 0.5257356762886047 0.46102234721183777 0.03271439423163732 0.03271439423163732
0 0.43988651037216187 0.45971307158470154 0.03271439423163732 0.03271439423163732
0 0.35186561942100525 0.45837071537971497 0.03271439423163732 0.03271439423163732
0 0.2615894675254822 0.4569939374923706 0.03271439423163732 0.03271439423163732
0 0.7856878638267517 0.5416223406791687 0.03271439423163732 0.03271439423163732
0 0.7033294439315796 0.5413207411766052 0.03271439423163732 0.03271439423163732
0 0.6188937425613403 0.5410115122795105 0.03271439423163732 0.03271439423163732
0 0.5323012471199036 0.5406943559646606 0.03271439423163732 0.03271439423163732
0 0.44346824288368225 0.5403690338134766 0.03271439423163732 0.03271439423163732
0 0.3523065447807312 0.5400351881980896 0.03271439423163732 0.03271439423163732
0 0.2587234675884247 0.5396924614906311 0.03271439423163732 0.03271439423163732
0 0.8013797402381897 0.6238898038864136 0.03271439423163732 0.03271439423163732
0 0.7162886261940002 0.6246384978294373 0.03271439423163732 0.03271439423163732
0 0.6289739012718201 0.625406801700592 0.03271439423163732 0.03271439423163732
0 0.539347231388092 0.6261953711509705 0.03271439423163732 0.03271439423163732
0 0.447315514087677 0.6270051598548889 0.03271439423163732 0.03271439423163732
0 0.35278064012527466 0.6278369426727295 0.03271439423163732 0.03271439423163732
0 0.25563913583755493 0.6286916732788086 0.03271439423163732 0.03271439423163732
0 0.81821608543396 0.7121573686599731 0.03271439423163732 0.03271439423163732
0 0.7302056550979614 0.714114248752594 0.03271439423163732 0.03271439423163732
0 0.6398091912269592 0.7161241769790649 0.03271439423163732 0.03271439423163732
0 0.5469282269477844 0.7181893587112427 0.03271439423163732 0.03271439423163732
0 0.45145899057388306 0.7203121185302734 0.03271439423163732 0.03271439423163732
0 0.35329174995422363 0.7224948406219482 0.03271439423163732 0.03271439423163732
0 0.25231048464775085 0.7247401475906372 0.03271439423163732 0.03271439423163732