0 0.3371776342391968 0.38572797179222107 0.01935457065701485 0.02580609420935313
0 0.33187198638916016 0.4437998831272125 0.01935457065701485 0.02580609420935313
0 0.32625696063041687 0.5052581429481506 0.01935457065701485 0.02580609420935313
0 0.32030466198921204 0.5704079270362854 0.01935457065701485 0.02580609420935313
0 0.3139837384223938 0.6395921111106873 0.01935457065701485 0.02580609420935313
0 0.3072589337825775 0.7131974101066589 0.01935457065701485 0.02580609420935313
0 0.30009016394615173 0.7916615605354309 0.01935457065701485 0.02580609420935313
0 0.39965885877609253 0.3877010643482208 0.01935457065701485 0.02580609420935313
0 0.39612358808517456 0.4458249509334564 0.01935457065701485 0.02580609420935313
0 0.3923821747303009 0.5073380470275879 0.01935457065701485 0.02580609420935313
0 0.388416051864624 0.5725456476211548 0.01935457065701485 0.02580609420935313
0 0.38420435786247253 0.6417909264564514 0.01935457065701485 0.02580609420935313
0 0.37972354888916016 0.7154608368873596 0.01935457065701485 0.02580609420935313
0 0.3749469518661499 0.7939935922622681 0.01935457065701485 0.02580609420935313
0 0.46213188767433167 0.3896739184856415 0.01935457065701485 0.02580609420935313
0 0.46036654710769653 0.4478497803211212 0.01935457065701485 0.02580609420935313
0 0.4584982395172119 0.5094176530838013 0.01935457065701485 0.02580609420935313
0 0.45651775598526 0.5746830105781555 0.01935457065701485 0.02580609420935313
0 0.4544146656990051 0.6439893841743469 0.01935457065701485 0.02580609420935313
0 0.4521771967411041 0.7177239656448364 0.01935457065701485 0.02580609420935313
0 0.4497920274734497 0.7963252067565918 0.01935457065701485 0.02580609420935313
0 0.5245967507362366 0.39164647459983826 0.01935457065701485 0.02580609420935313
0 0.5246008634567261 0.44987431168556213 0.01935457065701485 0.02580609420935313
0 0.5246051549911499 0.511496901512146 0.01935457065701485 0.02580609420935313
0 0.5246097445487976 0.5768201351165771 0.01935457065701485 0.02580609420935313
0 0.5246146321296692 0.6461875438690186 0.01935457065701485 0.02580609420935313
0 0.5246198177337646 0.7199867367744446 0.01935457065701485 0.02580609420935313
0 0.5246253609657288 0.7986565232276917 0.01935457065701485 0.02580609420935313
0 0.5870534777641296 0.39361879229545593 0.01935457065701485 0.02580609420935313
0 0.5888265371322632 0.45189857482910156 0.01935457065701485 0.02580609420935313
0 0.5907029509544373 0.5135759115219116 0.01935457065701485 0.02580609420935313
0 0.5926920771598816 0.5789569020271301 0.01935457065701485 0.02580609420935313
0 0.5948043465614319 0.6483853459358215 0.01935457065701485 0.02580609420935313
0 0.5970515012741089 0.7222491502761841 0.01935457065701485 0.02580609420935313
0 0.5994470119476318 0.8009874224662781 0.01935457065701485 0.02580609420935313
0 0.6495020389556885 0.3955908715724945 0.01935457065701485 0.02580609420935313
0 0.6530435681343079 0.4539225697517395 0.01935457065701485 0.02580609420935313
0 0.656791627407074 0.5156546235084534 0.01935457065701485 0.02580609420935313
0 0.6607646942138672 0.5810933709144592 0.01935457065701485 0.02580609420935313
0 0.6649836897850037 0.6505828499794006 0.01935457065701485 0.02580609420935313
0 0.6694722175598145 0.7245112657546997 0.01935457065701485 0.02580609420935313
0 0.6742569208145142 0.8033179640769958 0.01935457065701485 0.02580609420935313
0 0.7119423747062683 0.3975626528263092 0.01935457065701485 0.02580609420935313
0 0.7172520160675049 0.45594629645347595 0.01935457065701485 0.02580609420935313
0 0.7228711247444153 0.517733097076416 0.01935457065701485 0.02580609420935313
0 0.7288275957107544 0.5832295417785645 0.01935457065701485 0.02580609420935313
0 0.7351527214050293 0.6527799963951111 0.01935457065701485 0.02580609420935313
0 0.7418819069862366 0.7267730236053467 0.01935457065701485 0.02580609420935313
0 0.7490550875663757 0.8056482076644897 0.01935457065701485 0.02580609420935313