0 0.23631344735622406 0.6593150496482849 0.03365423033634821 0.03365423033634821
0 0.33526623249053955 0.6601489186286926 0.03365423033634821 0.03365423033634821
0 0.433509886264801 0.6609768271446228 0.03365423033634821 0.03365423033634821
0 0.5310519933700562 0.6617988348007202 0.03365423033634821 0.03365423033634821
0 0.6279000043869019 0.6626149415969849 0.03365423033634821 0.03365423033634821
0 0.7240613698959351 0.6634253263473511 0.03365423033634821 0.03365423033634821
0 0.8195433020591736 0.6642299294471741 0.03365423033634821 0.03365423033634821
0 0.2470264881849289 0.5658088326454163 0.03365423033634821 0.03365423033634821
0 0.3423773944377899 0.5669367909431458 0.03365423033634821 0.03365423033634821
0 0.43706947565078735 0.5680570006370544 0.03365423033634821 0.03365423033634821
0 0.5311095714569092 0.5691694617271423 0.03365423033634821 0.03365423033634821
0 0.6245043873786926 0.570274293422699 0.03365423033634821 0.03365423033634821
0 0.7172605395317078 0.5713715553283691 0.03365423033634821 0.03365423033634821
0 0.8093845248222351 0.5724613666534424 0.03365423033634821 0.03365423033634821
0 0.25699201226234436 0.47882720828056335 0.03365423033634821 0.03365423033634821
0 0.34899401664733887 0.48020702600479126 0.03365423033634821 0.03365423033634821
0 0.44038236141204834 0.48157763481140137 0.03365423033634821 0.03365423033634821
0 0.531163215637207 0.48293912410736084 0.03365423033634821 0.03365423033634821
0 0.6213425397872925 0.48429158329963684 0.03365423033634821 0.03365423033634821
0 0.7109264135360718 0.4856351315975189 0.03365423033634821 0.03365423033634821
0 0.7999206185340881 0.48696982860565186 0.03365423033634821 0.03365423033634821
0 0.26628559827804565 0.3977104127407074 0.03365423033634821 0.03365423033634821
0 0.35516592860221863 0.39930614829063416 0.03365423033634821 0.03365423033634821
0 0.44347330927848816 0.40089160203933716 0.03365423033634821 0.03365423033634821
0 0.5312132239341736 0.40246686339378357 0.03365423033634821 0.03365423033634821
0 0.6183911561965942 0.40403205156326294 0.03365423033634821 0.03365423033634821
0 0.7050125598907471 0.40558722615242004 0.03365423033634821 0.03365423033634821
0 0.7910825610160828 0.40713250637054443 0.03365423033634821 0.03365423033634821
0 0.2749730050563812 0.3218845725059509 0.03365423033634821 0.03365423033634821
0 0.3609365224838257 0.32366564869880676 0.03365423033634821 0.03365423033634821
0 0.4463638961315155 0.325435608625412 0.03365423033634821 0.03365423033634821
0 0.5312600135803223 0.32719457149505615 0.03365423033634821 0.03365423033634821
0 0.6156299114227295 0.3289426565170288 0.03365423033634821 0.03365423033634821
0 0.6994784474372864 0.33067989349365234 0.03365423033634821 0.03365423033634821
0 0.782810389995575 0.3324064612388611 0.03365423033634821 0.03365423033634821
0 0.2831116318702698 0.2508483827114105 0.03365423033634821 0.03365423033634821
0 0.36634373664855957 0.25278860330581665 0.03365423033634821 0.03365423033634821
0 0.4490729868412018 0.2547171115875244 0.03365423033634821 0.03365423033634821
0 0.531303882598877 0.25663402676582336 0.03365423033634821 0.03365423033634821
0 0.6130409836769104 0.2585394084453583 0.03365423033634821 0.03365423033634821
0 0.6942886710166931 0.2604334056377411 0.03365423033634821 0.03365423033634821
0 0.7750514149665833 0.2623160779476166 0.03365423033634821 0.03365423033634821
0 0.29075193405151367 0.18416190147399902 0.03365423033634821 0.03365423033634821
0 0.37142083048820496 0.18623881042003632 0.03365423033634821 0.03365423033634821
0 0.45161718130111694 0.18830354511737823 0.03365423033634821 0.03365423033634821
0 0.5313451290130615 0.19035622477531433 0.03365423033634821 0.03365423033634821
0 0.6106087565422058 0.19239693880081177 0.03365423033634821 0.03365423033634821
0 0.6894121170043945 0.1944258064031601 0.03365423033634821 0.03365423033634821
0 0.7677592039108276 0.19644293189048767 0.03365423033634821 0.03365423033634821