0 0.6760631799697876 0.2024110108613968 0.02559409663081169 0.03412546217441559
0 0.6080986261367798 0.20660081505775452 0.02559409663081169 0.03412546217441559
0 0.5401071310043335 0.21079228818416595 0.02559409663081169 0.03412546217441559
0 0.4720885753631592 0.2149854153394699 0.02559409663081169 0.03412546217441559
0 0.4040430188179016 0.21918019652366638 0.02559409663081169 0.03412546217441559
0 0.3359704315662384 0.22337666153907776 0.02559409663081169 0.03412546217441559
0 0.26787078380584717 0.22757479548454285 0.02559409663081169 0.03412546217441559
0 0.6874730587005615 0.26480063796043396 0.02559409663081169 0.03412546217441559
0 0.6161052584648132 0.26921340823173523 0.02559409663081169 0.03412546217441559
0 0.5447077751159668 0.27362799644470215 0.02559409663081169 0.03412546217441559
0 0.4732804596424103 0.2780444324016571 0.02559409663081169 0.03412546217441559
0 0.40182334184646606 0.2824627161026001 0.02559409663081169 0.03412546217441559
0 0.33033642172813416 0.28688281774520874 0.02559409663081169 0.03412546217441559
0 0.25881966948509216 0.2913047969341278 0.02559409663081169 0.03412546217441559
0 0.7000864148139954 0.3337711989879608 0.02559409663081169 0.03412546217441559
0 0.6249566674232483 0.33843186497688293 0.02559409663081169 0.03412546217441559
0 0.5497938990592957 0.3430945873260498 0.02559409663081169 0.03412546217441559
0 0.47459813952445984 0.34775933623313904 0.02559409663081169 0.03412546217441559
0 0.39936932921409607 0.352426141500473 0.02559409663081169 0.03412546217441559
0 0.32410746812820435 0.35709503293037415 0.02559409663081169 0.03412546217441559
0 0.24881255626678467 0.36176592111587524 0.02559409663081169 0.03412546217441559
0 0.7141043543815613 0.41042184829711914 0.02559409663081169 0.03412546217441559
0 0.6347938776016235 0.41535982489585876 0.02559409663081169 0.03412546217441559
0 0.5554466843605042 0.42030009627342224 0.02559409663081169 0.03412546217441559
0 0.4760626256465912 0.42524266242980957 0.02559409663081169 0.03412546217441559
0 0.3966417908668518 0.43018752336502075 0.02559409663081169 0.03412546217441559
0 0.31718412041664124 0.4351346492767334 0.02559409663081169 0.03412546217441559
0 0.2376895695924759 0.4400840997695923 0.02559409663081169 0.03412546217441559
0 0.7297753095626831 0.49611106514930725 0.02559409663081169 0.03412546217441559
0 0.6457914113998413 0.5013612508773804 0.02559409663081169 0.03412546217441559
0 0.5617663264274597 0.506614089012146 0.02559409663081169 0.03412546217441559
0 0.47769996523857117 0.5118694305419922 0.02559409663081169 0.03412546217441559
0 0.39359229803085327 0.5171273946762085 0.02559409663081169 0.03412546217441559
0 0.3094433546066284 0.5223879218101501 0.02559409663081169 0.03412546217441559
0 0.22525303065776825 0.5276510715484619 0.02559409663081169 0.03412546217441559
0 0.7474099397659302 0.5925377011299133 0.02559409663081169 0.03412546217441559
0 0.6581673622131348 0.598142147064209 0.02559409663081169 0.03412546217441559
0 0.5688782930374146 0.6037494540214539 0.02559409663081169 0.03412546217441559
0 0.47954261302948 0.6093596816062927 0.02559409663081169 0.03412546217441559
0 0.39016029238700867 0.6149728298187256 0.02559409663081169 0.03412546217441559
0 0.3007313311100006 0.6205889582633972 0.02559409663081169 0.03412546217441559
0 0.21125566959381104 0.6262080073356628 0.02559409663081169 0.03412546217441559
0 0.7674019932746887 0.701854944229126 0.02559409663081169 0.03412546217441559
0 0.6721982359886169 0.7078644633293152 0.02559409663081169 0.03412546217441559
0 0.5769415497779846 0.7138773202896118 0.02559409663081169 0.03412546217441559
0 0.4816317856311798 0.7198935151100159 0.02559409663081169 0.03412546217441559
0 0.3862690031528473 0.7259131073951721 0.02559409663081169 0.03412546217441559
0 0.2908530831336975 0.731935977935791 0.02559409663081169 0.03412546217441559
0 0.19538399577140808 0.7379622459411621 0.02559409663081169 0.03412546217441559