0 0.7234398126602173 0.27811750769615173 0.03335089981555939 0.03335089981555939
0 0.6503528356552124 0.2783052921295166 0.03335089981555939 0.03335089981555939
0 0.5774626731872559 0.2784925401210785 0.03335089981555939 0.03335089981555939
0 0.5047685503959656 0.2786793112754822 0.03335089981555939 0.03335089981555939
0 0.4322695732116699 0.2788655757904053 0.03335089981555939 0.03335089981555939
0 0.3599649965763092 0.2790513336658478 0.03335089981555939 0.03335089981555939
0 0.28785407543182373 0.2792366147041321 0.03335089981555939 0.03335089981555939
0 0.7315632104873657 0.33688193559646606 0.03335089981555939 0.03335089981555939
0 0.6554738879203796 0.3369949460029602 0.03335089981555939 0.03335089981555939
0 0.5795978307723999 0.3371076285839081 0.03335089981555939 0.03335089981555939
0 0.5039341449737549 0.3372199833393097 0.03335089981555939 0.03335089981555939
0 0.4284818470478058 0.3373320400714874 0.03335089981555939 0.03335089981555939
0 0.35324013233184814 0.3374437689781189 0.03335089981555939 0.03335089981555939
0 0.2782081365585327 0.3375551998615265 0.03335089981555939 0.03335089981555939
0 0.7403808832168579 0.4006686210632324 0.03335089981555939 0.03335089981555939
0 0.66103196144104 0.4006931185722351 0.03335089981555939 0.03335089981555939
0 0.5819149017333984 0.40071752667427063 0.03335089981555939 0.03335089981555939
0 0.5030286908149719 0.40074190497398376 0.03335089981555939 0.03335089981555939
0 0.42437228560447693 0.40076616406440735 0.03335089981555939 0.03335089981555939
0 0.34594473242759705 0.40079039335250854 0.03335089981555939 0.03335089981555939
0 0.2677449584007263 0.4008145332336426 0.03335089981555939 0.03335089981555939
0 0.7499858140945435 0.4701501429080963 0.03335089981555939 0.03335089981555939
0 0.6670855283737183 0.4700695276260376 0.03335089981555939 0.03335089981555939
0 0.5844382643699646 0.46998918056488037 0.03335089981555939 0.03335089981555939
0 0.502042829990387 0.46990907192230225 0.03335089981555939 0.03335089981555939
0 0.4198980927467346 0.4698292016983032 0.03335089981555939 0.03335089981555939
0 0.33800292015075684 0.4697495698928833 0.03335089981555939 0.03335089981555939
0 0.2563561499118805 0.46967020630836487 0.03335089981555939 0.03335089981555939
0 0.7604883313179016 0.5461247563362122 0.03335089981555939 0.03335089981555939
0 0.6737038493156433 0.545918881893158 0.03335089981555939 0.03335089981555939
0 0.5871966481208801 0.5457136631011963 0.03335089981555939 0.03335089981555939
0 0.5009652376174927 0.5455090999603271 0.03335089981555939 0.03335089981555939
0 0.41500842571258545 0.5453051328659058 0.03335089981555939 0.03335089981555939
0 0.3293248414993286 0.5451018810272217 0.03335089981555939 0.03335089981555939
0 0.2439131885766983 0.5448992252349854 0.03335089981555939 0.03335089981555939
0 0.7720203995704651 0.6295472979545593 0.03335089981555939 0.03335089981555939
0 0.6809699535369873 0.6291913986206055 0.03335089981555939 0.03335089981555939
0 0.5902245044708252 0.6288366317749023 0.03335089981555939 0.03335089981555939
0 0.4997825622558594 0.6284830570220947 0.03335089981555939 0.03335089981555939
0 0.40964260697364807 0.6281307339668274 0.03335089981555939 0.03335089981555939
0 0.3198031187057495 0.627779483795166 0.03335089981555939 0.03335089981555939
0 0.2302626073360443 0.6274294853210449 0.03335089981555939 0.03335089981555939
0 0.7847412824630737 0.7215694189071655 0.03335089981555939 0.03335089981555939
0 0.688983678817749 0.7210327982902527 0.03335089981555939 0.03335089981555939
0 0.593563437461853 0.7204981446266174 0.03335089981555939 0.03335089981555939
0 0.49847862124443054 0.7199652791023254 0.03335089981555939 0.03335089981555939
0 0.40372756123542786 0.7194343209266663 0.03335089981555939 0.03335089981555939
0 0.3093084692955017 0.7189052700996399 0.03335089981555939 0.03335089981555939
0 0.2152196168899536 0.7183780074119568 0.03335089981555939 0.03335089981555939