0 0.7435653805732727 0.2528040409088135 0.03236276904741923 0.03236276904741923
0 0.6623064875602722 0.2508580982685089 0.03236276904741923 0.03236276904741923
0 0.5826833248138428 0.24895133078098297 0.03236276904741923 0.03236276904741923
0 0.5046470761299133 0.24708256125450134 0.03236276904741923 0.03236276904741923
0 0.4281507432460785 0.2452506721019745 0.03236276904741923 0.03236276904741923
0 0.3531491160392761 0.24345457553863525 0.03236276904741923 0.03236276904741923
0 0.2795988917350769 0.24169324338436127 0.03236276904741923 0.03236276904741923
0 0.7425631880760193 0.32049018144607544 0.03236276904741923 0.03236276904741923
0 0.6588024497032166 0.31777459383010864 0.03236276904741923 0.03236276904741923
0 0.5767794847488403 0.315115362405777 0.03236276904741923 0.03236276904741923
0 0.49644073843955994 0.3125106990337372 0.03236276904741923 0.03236276904741923
0 0.417734831571579 0.3099589943885803 0.03236276904741923 0.03236276904741923
0 0.3406124711036682 0.30745863914489746 0.03236276904741923 0.03236276904741923
0 0.26502639055252075 0.30500808358192444 0.03236276904741923 0.03236276904741923
0 0.7414963245391846 0.39254239201545715 0.03236276904741923 0.03236276904741923
0 0.6550748944282532 0.3889608383178711 0.03236276904741923 0.03236276904741923
0 0.5705029964447021 0.3854559361934662 0.03236276904741923 0.03236276904741923
0 0.48772183060646057 0.38202524185180664 0.03236276904741923 0.03236276904741923
0 0.40667518973350525 0.3786664307117462 0.03236276904741923 0.03236276904741923
0 0.3273090720176697 0.37537726759910583 0.03236276904741923 0.03236276904741923
0 0.24957174062728882 0.3721556067466736 0.03236276904741923 0.03236276904741923
0 0.7403583526611328 0.4693972170352936 0.03236276904741923 0.03236276904741923
0 0.6511016488075256 0.4648389518260956 0.03236276904741923 0.03236276904741923
0 0.5638173222541809 0.460381418466568 0.03236276904741923 0.03236276904741923
0 0.4784408509731293 0.45602133870124817 0.03236276904741923 0.03236276904741923
0 0.3949102461338043 0.45175549387931824 0.03236276904741923 0.03236276904741923
0 0.3131663501262665 0.44758090376853943 0.03236276904741923 0.03236276904741923
0 0.233152374625206 0.44349467754364014 0.03236276904741923 0.03236276904741923
0 0.7391418814659119 0.5515514016151428 0.03236276904741923 0.03236276904741923
0 0.6468575596809387 0.5458886027336121 0.03236276904741923 0.03236276904741923
0 0.5566812753677368 0.5403552055358887 0.03236276904741923 0.03236276904741923
0 0.46854159235954285 0.5349467992782593 0.03236276904741923 0.03236276904741923
0 0.38237032294273376 0.5296591520309448 0.03236276904741923 0.03236276904741923
0 0.2981022894382477 0.5244882702827454 0.03236276904741923 0.03236276904741923
0 0.21567505598068237 0.51943039894104 0.03236276904741923 0.03236276904741923
0 0.737838625907898 0.6395725607872009 0.03236276904741923 0.03236276904741923
0 0.6423140168190002 0.6326572299003601 0.03236276904741923 0.03236276904741923
0 0.549047589302063 0.6259053349494934 0.03236276904741923 0.03236276904741923
0 0.4579601585865021 0.6193111538887024 0.03236276904741923 0.03236276904741923
0 0.3689762353897095 0.6128693222999573 0.03236276904741923 0.03236276904741923
0 0.2820238173007965 0.6065744757652283 0.03236276904741923 0.03236276904741923
0 0.1970341056585312 0.6004217863082886 0.03236276904741923 0.03236276904741923
0 0.7364387512207031 0.734112560749054 0.03236276904741923 0.03236276904741923
0 0.637438178062439 0.7257721424102783 0.03236276904741923 0.03236276904741923
0 0.5408623814582825 0.717635989189148 0.03236276904741923 0.03236276904741923
0 0.4466235041618347 0.7096967101097107 0.03236276904741923 0.03236276904741923
0 0.35463762283325195 0.7019472718238831 0.03236276904741923 0.03236276904741923
0 0.26482492685317993 0.6943808794021606 0.03236276904741923 0.03236276904741923
0 0.17710933089256287 0.6869911551475525 0.03236276904741923 0.03236276904741923