0 0.7073348164558411 0.16174305975437164 0.0229061846776555 0.03425223877032598
0 0.6319219470024109 0.16107629239559174 0.0229061846776555 0.03425223877032598
0 0.5559977293014526 0.1604050099849701 0.0229061846776555 0.03425223877032598
0 0.4795569181442261 0.15972916781902313 0.0229061846776555 0.03425223877032598
0 0.4025942385196686 0.15904870629310608 0.0229061846776555 0.03425223877032598
0 0.32510435581207275 0.15836358070373535 0.0229061846776555 0.03425223877032598
0 0.24708180129528046 0.15767376124858856 0.0229061846776555 0.03425223877032598
0 0.718968391418457 0.24114356935024261 0.0229061846776555 0.03425223877032598
0 0.6407759785652161 0.2407301962375641 0.0229061846776555 0.03425223877032598
0 0.562033474445343 0.24031391739845276 0.0229061846776555 0.03425223877032598
0 0.4827350378036499 0.23989470303058624 0.0229061846776555 0.03425223877032598
0 0.40287476778030396 0.23947250843048096 0.0229061846776555 0.03425223877032598
0 0.32244664430618286 0.2390473186969757 0.0229061846776555 0.03425223877032598
0 0.24144461750984192 0.23861908912658691 0.0229061846776555 0.03425223877032598
0 0.7315027117729187 0.3266913592815399 0.0229061846776555 0.03425223877032598
0 0.6503180265426636 0.3265734314918518 0.0229061846776555 0.03425223877032598
0 0.5685399770736694 0.32645466923713684 0.0229061846776555 0.03425223877032598
0 0.4861619174480438 0.32633501291275024 0.0229061846776555 0.03425223877032598
0 0.40317729115486145 0.3262144923210144 0.0229061846776555 0.03425223877032598
0 0.3195793628692627 0.32609307765960693 0.0229061846776555 0.03425223877032598
0 0.23536129295825958 0.32597076892852783 0.0229061846776555 0.03425223877032598
0 0.7450464963912964 0.41912904381752014 0.0229061846776555 0.03425223877032598
0 0.660631537437439 0.4193565845489502 0.0229061846776555 0.03425223877032598
0 0.5755744576454163 0.41958585381507874 0.0229061846776555 0.03425223877032598
0 0.4898679554462433 0.41981685161590576 0.0229061846776555 0.03425223877032598
0 0.4035045802593231 0.42004966735839844 0.0229061846776555 0.03425223877032598
0 0.3164767324924469 0.420284241437912 0.0229061846776555 0.03425223877032598
0 0.22877667844295502 0.4205206334590912 0.0229061846776555 0.03425223877032598
0 0.7597268223762512 0.5193238854408264 0.0229061846776555 0.03425223877032598
0 0.6718139052391052 0.519956648349762 0.0229061846776555 0.03425223877032598
0 0.583203911781311 0.5205943584442139 0.0229061846776555 0.03425223877032598
0 0.4938887059688568 0.5212371945381165 0.0229061846776555 0.03425223877032598
0 0.4038597643375397 0.5218851566314697 0.0229061846776555 0.03425223877032598
0 0.3131084740161896 0.5225383043289185 0.0229061846776555 0.03425223877032598
0 0.2216261476278305 0.5231966972351074 0.0229061846776555 0.03425223877032598
0 0.7756931185722351 0.6282951831817627 0.0229061846776555 0.03425223877032598
0 0.6839798092842102 0.6294049024581909 0.0229061846776555 0.03425223877032598
0 0.5915072560310364 0.6305238008499146 0.0229061846776555 0.03425223877032598
0 0.4982660710811615 0.6316519975662231 0.0229061846776555 0.03425223877032598
0 0.40424656867980957 0.6327896118164062 0.0229061846776555 0.03425223877032598
0 0.3094390332698822 0.6339368224143982 0.0229061846776555 0.03425223877032598
0 0.21383343636989594 0.635093629360199 0.0229061846776555 0.03425223877032598
0 0.7931219935417175 0.7472488284111023 0.0229061846776555 0.03425223877032598
0 0.6972649693489075 0.7489224672317505 0.0229061846776555 0.03425223877032598
0 0.6005777716636658 0.7506105899810791 0.0229061846776555 0.03425223877032598
0 0.5030496120452881 0.7523134350776672 0.0229061846776555 0.03425223877032598
0 0.40466946363449097 0.7540311217308044 0.0229061846776555 0.03425223877032598
0 0.30542606115341187 0.7557638883590698 0.0229061846776555 0.03425223877032598
0 0.20530802011489868 0.7575119137763977 0.0229061846776555 0.03425223877032598