0 0.7075883150100708 0.18465577065944672 0.02530883438885212 0.03374511251846949
0 0.6391164064407349 0.18612048029899597 0.02530883438885212 0.03374511251846949
0 0.5709160566329956 0.18757937848567963 0.02530883438885212 0.03374511251846949
0 0.5029856562614441 0.18903250992298126 0.02530883438885212 0.03374511251846949
0 0.43532365560531616 0.19047988951206207 0.02530883438885212 0.03374511251846949
0 0.3679284155368805 0.19192157685756683 0.02530883438885212 0.03374511251846949
0 0.3007983863353729 0.19335758686065674 0.02530883438885212 0.03374511251846949
0 0.7182790637016296 0.24995754659175873 0.02530883438885212 0.03374511251846949
0 0.6463817358016968 0.25135883688926697 0.02530883438885212 0.03374511251846949
0 0.5747836828231812 0.2527543008327484 0.02530883438885212 0.03374511251846949
0 0.5034831166267395 0.25414398312568665 0.02530883438885212 0.03374511251846949
0 0.432478129863739 0.25552788376808167 0.02530883438885212 0.03374511251846949
0 0.36176690459251404 0.25690606236457825 0.02530883438885212 0.03374511251846949
0 0.2913476228713989 0.2582785487174988 0.02530883438885212 0.03374511251846949
0 0.7300905585289001 0.32210493087768555 0.02530883438885212 0.03374511251846949
0 0.6544070243835449 0.3234211504459381 0.02530883438885212 0.03374511251846949
0 0.5790550708770752 0.32473161816596985 0.02530883438885212 0.03374511251846949
0 0.5040323734283447 0.32603636384010315 0.02530883438885212 0.03374511251846949
0 0.42933693528175354 0.3273354172706604 0.02530883438885212 0.03374511251846949
0 0.35496649146080017 0.328628808259964 0.02530883438885212 0.03374511251846949
0 0.28091901540756226 0.3299165666103363 0.02530883438885212 0.03374511251846949
0 0.7432087063789368 0.40223392844200134 0.02530883438885212 0.03374511251846949
0 0.6633180975914001 0.40343719720840454 0.02530883438885212 0.03374511251846949
0 0.5837967395782471 0.40463492274284363 0.02530883438885212 0.03374511251846949
0 0.5046420097351074 0.4058271050453186 0.02530883438885212 0.03374511251846949
0 0.42585140466690063 0.40701383352279663 0.02530883438885212 0.03374511251846949
0 0.34742242097854614 0.4081951081752777 0.02530883438885212 0.03374511251846949
0 0.26935258507728577 0.40937095880508423 0.02530883438885212 0.03374511251846949
0 0.7578631043434143 0.49174654483795166 0.02530883438885212 0.03374511251846949
0 0.6732701659202576 0.49280068278312683 0.02530883438885212 0.03374511251846949
0 0.5890910029411316 0.49384966492652893 0.02530883438885212 0.03374511251846949
0 0.5053224563598633 0.49489352107048035 0.02530883438885212 0.03374511251846949
0 0.4219616651535034 0.49593231081962585 0.02530883438885212 0.03374511251846949
0 0.33900558948516846 0.49696606397628784 0.02530883438885212 0.03374511251846949
0 0.2564513087272644 0.4979947805404663 0.02530883438885212 0.03374511251846949
0 0.7743403315544128 0.592393696308136 0.02530883438885212 0.03374511251846949
0 0.6844569444656372 0.5932511687278748 0.02530883438885212 0.03374511251846949
0 0.5950403809547424 0.5941042304039001 0.02530883438885212 0.03374511251846949
0 0.5060869455337524 0.5949528217315674 0.02530883438885212 0.03374511251846949
0 0.4175930917263031 0.5957971215248108 0.02530883438885212 0.03374511251846949
0 0.3295552730560303 0.5966370105743408 0.02530883438885212 0.03374511251846949
0 0.2419699877500534 0.5974725484848022 0.02530883438885212 0.03374511251846949
0 0.7930030822753906 0.7063906192779541 0.02530883438885212 0.03374511251846949
0 0.6971234083175659 0.7069883942604065 0.02530883438885212 0.03374511251846949
0 0.6017745137214661 0.7075828909873962 0.02530883438885212 0.03374511251846949
0 0.5069519877433777 0.7081741094589233 0.02530883438885212 0.03374511251846949
0 0.4126514792442322 0.7087620496749878 0.02530883438885212 0.03374511251846949
0 0.3188686966896057 0.7093468308448792 0.02530883438885212 0.03374511251846949
0 0.22559940814971924 0.7099283337593079 0.02530883438885212 0.03374511251846949