0 0.7215359210968018 0.253643661737442 0.0321111852924029 0.0321111852924029
0 0.64388108253479 0.253229558467865 0.0321111852924029 0.0321111852924029
0 0.5665872097015381 0.25281739234924316 0.0321111852924029 0.0321111852924029
0 0.48965194821357727 0.25240710377693176 0.0321111852924029 0.0321111852924029
0 0.41307273507118225 0.25199875235557556 0.0321111852924029 0.0321111852924029
0 0.33684706687927246 0.2515922784805298 0.0321111852924029 0.0321111852924029
0 0.2609725892543793 0.25118765234947205 0.0321111852924029 0.0321111852924029
0 0.7267381548881531 0.32390838861465454 0.0321111852924029 0.0321111852924029
0 0.6467373371124268 0.3233132064342499 0.0321111852924029 0.0321111852924029
0 0.5671196579933167 0.32272085547447205 0.0321111852924029 0.0321111852924029
0 0.4878823757171631 0.32213136553764343 0.0321111852924029 0.0321111852924029
0 0.409022718667984 0.3215446472167969 0.0321111852924029 0.0321111852924029
0 0.3305380046367645 0.32096073031425476 0.0321111852924029 0.0321111852924029
0 0.25242558121681213 0.3203795850276947 0.0321111852924029 0.0321111852924029
0 0.732263445854187 0.3985374867916107 0.0321111852924029 0.0321111852924029
0 0.6497706174850464 0.3977391719818115 0.0321111852924029 0.0321111852924029
0 0.5676850080490112 0.3969448208808899 0.0321111852924029 0.0321111852924029
0 0.48600369691848755 0.39615434408187866 0.0321111852924029 0.0321111852924029
0 0.4047236144542694 0.3953678011894226 0.0321111852924029 0.0321111852924029
0 0.3238418400287628 0.3945850729942322 0.0321111852924029 0.0321111852924029
0 0.24335548281669617 0.39380618929862976 0.0321111852924029 0.0321111852924029
0 0.7381429672241211 0.4779505431652069 0.0321111852924029 0.0321111852924029
0 0.6529978513717651 0.4769239127635956 0.0321111852924029 0.0321111852924029
0 0.5682864189147949 0.4759025275707245 0.0321111852924029 0.0321111852924029
0 0.48400548100471497 0.47488632798194885 0.0321111852924029 0.0321111852924029
0 0.40015169978141785 0.4738752841949463 0.0321111852924029 0.0321111852924029
0 0.3167218565940857 0.472869336605072 0.0321111852924029 0.0321111852924029
0 0.23371276259422302 0.47186848521232605 0.0321111852924029 0.0321111852924029
0 0.7444118857383728 0.5626228451728821 0.0321111852924029 0.0321111852924029
0 0.6564382314682007 0.5613389611244202 0.0321111852924029 0.0321111852924029
0 0.5689274668693542 0.5600618124008179 0.0321111852924029 0.0321111852924029
0 0.4818759858608246 0.5587913990020752 0.0321111852924029 0.0321111852924029
0 0.39528021216392517 0.5575276017189026 0.0321111852924029 0.0321111852924029
0 0.3091365098953247 0.5562704205513 0.0321111852924029 0.0321111852924029
0 0.22344140708446503 0.5550197958946228 0.0321111852924029 0.0321111852924029
0 0.7511101365089417 0.6530946493148804 0.0321111852924029 0.0321111852924029
0 0.6601135730743408 0.6515201330184937 0.0321111852924029 0.0321111852924029
0 0.5696121454238892 0.6499541401863098 0.0321111852924029 0.0321111852924029
0 0.47960183024406433 0.6483966708183289 0.0321111852924029 0.0321111852924029
0 0.3900786340236664 0.6468476057052612 0.0321111852924029 0.0321111852924029
0 0.30103862285614014 0.6453068852424622 0.0321111852924029 0.0321111852924029
0 0.2124778926372528 0.6437745094299316 0.0321111852924029 0.0321111852924029
0 0.7582834959030151 0.7499830722808838 0.0321111852924029 0.0321111852924029
0 0.6640489101409912 0.7480791807174683 0.0321111852924029 0.0321111852924029
0 0.5703451633453369 0.7461860179901123 0.0321111852924029 0.0321111852924029
0 0.4771677553653717 0.7443034648895264 0.0321111852924029 0.0321111852924029
0 0.3845123052597046 0.7424314618110657 0.0321111852924029 0.0321111852924029
0 0.2923744320869446 0.7405699491500854 0.0321111852924029 0.0321111852924029
0 0.20074979960918427 0.7387188076972961 0.0321111852924029 0.0321111852924029