0 0.7072315812110901 0.16134366393089294 0.02283703150848548 0.034148832162221275
0 0.6319587230682373 0.16066685318946838 0.02283703150848548 0.034148832162221275
0 0.5561017990112305 0.1599847823381424 0.02283703150848548 0.034148832162221275
0 0.4796540141105652 0.1592974066734314 0.02283703150848548 0.034148832162221275
0 0.4026084840297699 0.15860465168952942 0.02283703150848548 0.034148832162221275
0 0.3249581456184387 0.1579064577817917 0.02283703150848548 0.034148832162221275
0 0.24669581651687622 0.15720276534557343 0.02283703150848548 0.034148832162221275
0 0.7188642024993896 0.24066422879695892 0.02283703150848548 0.034148832162221275
0 0.6408564448356628 0.24028025567531586 0.02283703150848548 0.034148832162221275
0 0.5622209906578064 0.23989318311214447 0.02283703150848548 0.034148832162221275
0 0.48295021057128906 0.23950299620628357 0.02283703150848548 0.034148832162221275
0 0.4030363857746124 0.23910963535308838 0.02283703150848548 0.034148832162221275
0 0.3224717080593109 0.2387130856513977 0.02283703150848548 0.034148832162221275
0 0.24124813079833984 0.23831328749656677 0.02283703150848548 0.034148832162221275
0 0.7313858270645142 0.3260466158390045 0.02283703150848548 0.034148832162221275
0 0.6504369974136353 0.32600319385528564 0.02283703150848548 0.034148832162221275
0 0.5688117146492004 0.32595938444137573 0.02283703150848548 0.034148832162221275
0 0.48650145530700684 0.32591521739959717 0.02283703150848548 0.034148832162221275
0 0.4034975469112396 0.32587066292762756 0.02283703150848548 0.034148832162221275
0 0.3197912275791168 0.3258257508277893 0.02283703150848548 0.034148832162221275
0 0.23537351191043854 0.32578045129776 0.02283703150848548 0.034148832162221275
0 0.7449023723602295 0.4182133376598358 0.02283703150848548 0.034148832162221275
0 0.6607820987701416 0.4185669720172882 0.02283703150848548 0.034148832162221275
0 0.5759307146072388 0.41892367601394653 0.02283703150848548 0.034148832162221275
0 0.4903385639190674 0.4192834794521332 0.02283703150848548 0.034148832162221275
0 0.40399599075317383 0.4196464717388153 0.02283703150848548 0.034148832162221275
0 0.316893070936203 0.42001262307167053 0.02283703150848548 0.034148832162221275
0 0.22901970148086548 0.4203820526599884 0.02283703150848548 0.034148832162221275
0 0.7595373392105103 0.518006443977356 0.02283703150848548 0.034148832162221275
0 0.6719870567321777 0.5188245177268982 0.02283703150848548 0.034148832162221275
0 0.5836440324783325 0.5196499824523926 0.02283703150848548 0.034148832162221275
0 0.49449753761291504 0.5204829573631287 0.02283703150848548 0.034148832162221275
0 0.4045364558696747 0.521323561668396 0.02283703150848548 0.034148832162221275
0 0.31374961137771606 0.5221719145774841 0.02283703150848548 0.034148832162221275
0 0.22212561964988708 0.5230280160903931 0.02283703150848548 0.034148832162221275
0 0.7754356265068054 0.6264133453369141 0.02283703150848548 0.034148832162221275
0 0.6841637492179871 0.6277766823768616 0.02283703150848548 0.034148832162221275
0 0.5920295119285583 0.6291528344154358 0.02283703150848548 0.034148832162221275
0 0.4990205764770508 0.6305420994758606 0.02283703150848548 0.034148832162221275
0 0.4051244258880615 0.6319445371627808 0.02283703150848548 0.034148832162221275
0 0.31032833456993103 0.6333605051040649 0.02283703150848548 0.034148832162221275
0 0.21461926400661469 0.6347900629043579 0.02283703150848548 0.034148832162221275
0 0.7927680015563965 0.7445996403694153 0.02283703150848548 0.034148832162221275
0 0.6974443197250366 0.7466056942939758 0.02283703150848548 0.034148832162221275
0 0.6011788845062256 0.7486315369606018 0.02283703150848548 0.034148832162221275
0 0.5039577484130859 0.7506774663925171 0.02283703150848548 0.034148832162221275
0 0.4057665169239044 0.7527437806129456 0.02283703150848548 0.034148832162221275
0 0.3065906763076782 0.7548308968544006 0.02283703150848548 0.034148832162221275
0 0.20641528069972992 0.7569389939308167 0.02283703150848548 0.034148832162221275