0 0.33304476737976074 0.38889867067337036 0.019258424639701847 0.02567789951960246
0 0.32786422967910767 0.4460778832435608 0.019258424639701847 0.02567789951960246
0 0.3223709166049957 0.5067095756530762 0.019258424639701847 0.02567789951960246
0 0.3165355622768402 0.5711160898208618 0.019258424639701847 0.02567789951960246
0 0.3103252649307251 0.6396613717079163 0.019258424639701847 0.02567789951960246
0 0.30370262265205383 0.7127575278282166 0.019258424639701847 0.02567789951960246
0 0.29662519693374634 0.7908734083175659 0.019258424639701847 0.02567789951960246
0 0.3954237103462219 0.39103737473487854 0.019258424639701847 0.02567789951960246
0 0.39207807183265686 0.4481617212295532 0.019258424639701847 0.02567789951960246
0 0.3885308504104614 0.5087279081344604 0.019258424639701847 0.02567789951960246
0 0.38476330041885376 0.5730566382408142 0.019258424639701847 0.02567789951960246
0 0.38075417280197144 0.6415098309516907 0.019258424639701847 0.02567789951960246
0 0.37647947669029236 0.7144972681999207 0.019258424639701847 0.02567789951960246
0 0.3719119429588318 0.7924848198890686 0.019258424639701847 0.02567789951960246
0 0.4575542211532593 0.39316755533218384 0.019258424639701847 0.02567789951960246
0 0.4560287296772003 0.4502370059490204 0.019258424639701847 0.02567789951960246
0 0.45441150665283203 0.5107377171516418 0.019258424639701847 0.02567789951960246
0 0.4526940584182739 0.5749887824058533 0.019258424639701847 0.02567789951960246
0 0.4508667290210724 0.6433500647544861 0.019258424639701847 0.02567789951960246
0 0.4489186406135559 0.7162289023399353 0.019258424639701847 0.02567789951960246
0 0.4468373954296112 0.7940885424613953 0.019258424639701847 0.02567789951960246
0 0.5194377899169922 0.39528924226760864 0.019258424639701847 0.02567789951960246
0 0.519717812538147 0.45230379700660706 0.019258424639701847 0.02567789951960246
0 0.5200145840644836 0.5127390623092651 0.019258424639701847 0.02567789951960246
0 0.5203297734260559 0.576912522315979 0.019258424639701847 0.02567789951960246
0 0.5206650495529175 0.6451819539070129 0.019258424639701847 0.02567789951960246
0 0.5210224390029907 0.71795254945755 0.019258424639701847 0.02567789951960246
0 0.5214041471481323 0.7956845760345459 0.019258424639701847 0.02567789951960246
0 0.5810759663581848 0.3974025547504425 0.019258424639701847 0.02567789951960246
0 0.5831469297409058 0.454362154006958 0.019258424639701847 0.02567789951960246
0 0.5853419303894043 0.5147320032119751 0.019258424639701847 0.02567789951960246
0 0.5876723527908325 0.5788279175758362 0.019258424639701847 0.02567789951960246
0 0.5901512503623962 0.6470057368278503 0.019258424639701847 0.02567789951960246
0 0.5927931666374207 0.7196682095527649 0.019258424639701847 0.02567789951960246
0 0.5956147909164429 0.7972729802131653 0.019258424639701847 0.02567789951960246
0 0.6424700617790222 0.3995074927806854 0.019258424639701847 0.02567789951960246
0 0.6463176608085632 0.456412136554718 0.019258424639701847 0.02567789951960246
0 0.6503951549530029 0.5167165994644165 0.019258424639701847 0.02567789951960246
0 0.6547237634658813 0.5807350277900696 0.019258424639701847 0.02567789951960246
0 0.6593274474143982 0.6488212943077087 0.019258424639701847 0.02567789951960246
0 0.6642332077026367 0.7213760018348694 0.019258424639701847 0.02567789951960246
0 0.6694718599319458 0.7988537549972534 0.019258424639701847 0.02567789951960246
0 0.7036216259002686 0.4016040861606598 0.019258424639701847 0.02567789951960246
0 0.7092316150665283 0.4584537744522095 0.019258424639701847 0.02567789951960246
0 0.7151760458946228 0.5186929106712341 0.019258424639701847 0.02567789951960246
0 0.7214858531951904 0.582633912563324 0.019258424639701847 0.02567789951960246
0 0.7281956672668457 0.6506288051605225 0.019258424639701847 0.02567789951960246
0 0.7353448271751404 0.7230758666992188 0.019258424639701847 0.02567789951960246
0 0.7429779171943665 0.8004270792007446 0.019258424639701847 0.02567789951960246