0 0.8014332056045532 0.1540575474500656 0.02035983024785916 0.03417034447193146
0 0.7293034195899963 0.15431320667266846 0.02035983024785916 0.03417034447193146
0 0.6573743224143982 0.154568150639534 0.02035983024785916 0.03417034447193146
0 0.5856450200080872 0.15482239425182343 0.02035983024785916 0.03417034447193146
0 0.5141147971153259 0.15507592260837555 0.02035983024785916 0.03417034447193146
0 0.4427827000617981 0.15532876551151276 0.02035983024785916 0.03417034447193146
0 0.3716479539871216 0.15558089315891266 0.02035983024785916 0.03417034447193146
0 0.8016527891159058 0.23393334448337555 0.02035983024785916 0.03417034447193146
0 0.7266845107078552 0.2340834140777588 0.02035983024785916 0.03417034447193146
0 0.651932954788208 0.2342330515384674 0.02035983024785916 0.03417034447193146
0 0.5773972868919373 0.2343822717666626 0.02035983024785916 0.03417034447193146
0 0.5030764937400818 0.23453104496002197 0.02035983024785916 0.03417034447193146
0 0.4289696216583252 0.23467940092086792 0.02035983024785916 0.03417034447193146
0 0.35507580637931824 0.23482732474803925 0.02035983024785916 0.03417034447193146
0 0.8018903732299805 0.3203624486923218 0.02035983024785916 0.03417034447193146
0 0.7238510251045227 0.32038843631744385 0.02035983024785916 0.03417034447193146
0 0.6460465788841248 0.32041430473327637 0.02035983024785916 0.03417034447193146
0 0.5684759020805359 0.3204401135444641 0.02035983024785916 0.03417034447193146
0 0.4911379814147949 0.3204658627510071 0.02035983024785916 0.03417034447193146
0 0.4140317738056183 0.3204915225505829 0.02035983024785916 0.03417034447193146
0 0.3371562361717224 0.32051709294319153 0.02035983024785916 0.03417034447193146
0 0.8021483421325684 0.41418588161468506 0.02035983024785916 0.03417034447193146
0 0.7207755446434021 0.41406553983688354 0.02035983024785916 0.03417034447193146
0 0.6396580934524536 0.4139455556869507 0.02035983024785916 0.03417034447193146
0 0.5587947964668274 0.4138259291648865 0.02035983024785916 0.03417034447193146
0 0.47818446159362793 0.4137066900730133 0.02035983024785916 0.03417034447193146
0 0.3978258967399597 0.4135878384113312 0.02035983024785916 0.03417034447193146
0 0.31771790981292725 0.4134693443775177 0.02035983024785916 0.03417034447193146
0 0.8024293184280396 0.5163949728012085 0.02035983024785916 0.03417034447193146
0 0.7174256443977356 0.5161014199256897 0.02035983024785916 0.03417034447193146
0 0.6327005624771118 0.5158088803291321 0.02035983024785916 0.03417034447193146
0 0.5482527613639832 0.5155172944068909 0.02035983024785916 0.03417034447193146
0 0.464080810546875 0.5152266621589661 0.02035983024785916 0.03417034447193146
0 0.3801834285259247 0.5149369835853577 0.02035983024785916 0.03417034447193146
0 0.29655924439430237 0.5146481990814209 0.02035983024785916 0.03417034447193146
0 0.8027365803718567 0.6281664967536926 0.02035983024785916 0.03417034447193146
0 0.7137628197669983 0.6276671886444092 0.02035983024785916 0.03417034447193146
0 0.6250942945480347 0.627169668674469 0.02035983024785916 0.03417034447193146
0 0.5367293953895569 0.6266738176345825 0.02035983024785916 0.03417034447193146
0 0.44866666197776794 0.6261796355247498 0.02035983024785916 0.03417034447193146
0 0.36090442538261414 0.6256871819496155 0.02035983024785916 0.03417034447193146
0 0.27344122529029846 0.6251963973045349 0.02035983024785916 0.03417034447193146
0 0.803074061870575 0.7509082555770874 0.02035983024785916 0.03417034447193146
0 0.7097411751747131 0.7501633167266846 0.02035983024785916 0.03417034447193146
0 0.6167441606521606 0.7494210600852966 0.02035983024785916 0.03417034447193146
0 0.5240812301635742 0.7486814260482788 0.02035983024785916 0.03417034447193146
0 0.43175044655799866 0.7479444742202759 0.02035983024785916 0.03417034447193146
0 0.33975014090538025 0.7472101449966431 0.02035983024785916 0.03417034447193146
0 0.24807853996753693 0.7464784383773804 0.02035983024785916 0.03417034447193146