0 0.7313452959060669 0.2975277304649353 0.035843200981616974 0.035843200981616974
0 0.6560528874397278 0.2915535867214203 0.035843200981616974 0.035843200981616974
0 0.5784594416618347 0.28539687395095825 0.035843200981616974 0.035843200981616974
0 0.4984579086303711 0.2790490686893463 0.035843200981616974 0.035843200981616974
0 0.41593438386917114 0.2725011706352234 0.035843200981616974 0.035843200981616974
0 0.3307676911354065 0.26574352383613586 0.035843200981616974 0.035843200981616974
0 0.24282878637313843 0.25876593589782715 0.035843200981616974 0.035843200981616974
0 0.7440566420555115 0.36350715160369873 0.035843200981616974 0.035843200981616974
0 0.6663153171539307 0.358350932598114 0.035843200981616974 0.035843200981616974
0 0.5861133337020874 0.3530314862728119 0.035843200981616974 0.035843200981616974
0 0.5033318996429443 0.347540944814682 0.035843200981616974 0.035843200981616974
0 0.41784465312957764 0.3418709635734558 0.035843200981616974 0.035843200981616974
0 0.3295166492462158 0.3360125720500946 0.035843200981616974 0.035843200981616974
0 0.23820391297340393 0.32995620369911194 0.035843200981616974 0.035843200981616974
0 0.7576795816421509 0.43421828746795654 0.035843200981616974 0.035843200981616974
0 0.6773256063461304 0.4300159513950348 0.035843200981616974 0.035843200981616974
0 0.594334065914154 0.4256756901741028 0.035843200981616974 0.035843200981616974
0 0.5085729360580444 0.4211905896663666 0.035843200981616974 0.035843200981616974
0 0.4199012219905853 0.416553258895874 0.035843200981616974 0.035843200981616974
0 0.3281681537628174 0.41175583004951477 0.035843200981616974 0.035843200981616974
0 0.2332124263048172 0.4067898690700531 0.035843200981616974 0.035843200981616974
0 0.7723158001899719 0.5101889967918396 0.035843200981616974 0.035843200981616974
0 0.6891685724258423 0.5071008801460266 0.035843200981616974 0.035843200981616974
0 0.6031872034072876 0.5039075016975403 0.035843200981616974 0.035843200981616974
0 0.514224112033844 0.5006033778190613 0.035843200981616974 0.035843200981616974
0 0.4221215546131134 0.4971826374530792 0.035843200981616974 0.035843200981616974
0 0.3267103433609009 0.4936390221118927 0.035843200981616974 0.035843200981616974
0 0.2278089076280594 0.4899657666683197 0.035843200981616974 0.035843200981616974
0 0.7880827188491821 0.5920288562774658 0.035843200981616974 0.035843200981616974
0 0.7019424438476562 0.590244710445404 0.035843200981616974 0.035843200981616974
0 0.6127484440803528 0.5883973240852356 0.035843200981616974 0.035843200981616974
0 0.5203354954719543 0.5864832997322083 0.035843200981616974 0.035843200981616974
0 0.42452603578567505 0.5844988822937012 0.035843200981616974 0.035843200981616974
0 0.32512935996055603 0.582440197467804 0.035843200981616974 0.035843200981616974
0 0.22194015979766846 0.5803029537200928 0.035843200981616974 0.035843200981616974
0 0.8051166534423828 0.6804452538490295 0.035843200981616974 0.035843200981616974
0 0.7157613635063171 0.6801910400390625 0.035843200981616974 0.035843200981616974
0 0.6231064200401306 0.679927408695221 0.035843200981616974 0.035843200981616974
0 0.5269656777381897 0.6796538829803467 0.035843200981616974 0.035843200981616974
0 0.4271385371685028 0.6793698668479919 0.035843200981616974 0.035843200981616974
0 0.32340890169143677 0.6790747046470642 0.035843200981616974 0.035843200981616974
0 0.21554340422153473 0.6787678003311157 0.035843200981616974 0.035843200981616974
0 0.8235767483711243 0.7762641310691833 0.035843200981616974 0.035843200981616974
0 0.7307591438293457 0.777810275554657 0.035843200981616974 0.035843200981616974
0 0.6343650221824646 0.7794159054756165 0.035843200981616974 0.035843200981616974
0 0.5341836214065552 0.7810847163200378 0.035843200981616974 0.035843200981616974
0 0.4299873113632202 0.7828203439712524 0.035843200981616974 0.035843200981616974
0 0.32152971625328064 0.7846269607543945 0.035843200981616974 0.035843200981616974
0 0.20854400098323822 0.7865090370178223 0.035843200981616974 0.035843200981616974