0 0.7145622372627258 0.17889976501464844 0.025082604959607124 0.033443473279476166
0 0.6458847522735596 0.17827321588993073 0.025082604959607124 0.033443473279476166
0 0.5774380564689636 0.17764876782894135 0.025082604959607124 0.033443473279476166
0 0.5092210173606873 0.1770264208316803 0.025082604959607124 0.033443473279476166
0 0.44123247265815735 0.1764061599969864 0.025082604959607124 0.033443473279476166
0 0.3734712302684784 0.17578797042369843 0.025082604959607124 0.033443473279476166
0 0.30593618750572205 0.1751718372106552 0.025082604959607124 0.033443473279476166
0 0.7232934236526489 0.24430973827838898 0.025082604959607124 0.033443473279476166
0 0.6512867212295532 0.2435375452041626 0.025082604959607124 0.033443473279476166
0 0.5795336365699768 0.2427680790424347 0.025082604959607124 0.033443473279476166
0 0.5080328583717346 0.24200132489204407 0.025082604959607124 0.033443473279476166
0 0.4367830753326416 0.24123725295066833 0.025082604959607124 0.033443473279476166
0 0.3657829165458679 0.2404758632183075 0.025082604959607124 0.033443473279476166
0 0.2950311303138733 0.23971714079380035 0.025082604959607124 0.033443473279476166
0 0.7329115867614746 0.3163643777370453 0.025082604959607124 0.033443473279476166
0 0.6572363972663879 0.315419465303421 0.025082604959607124 0.033443473279476166
0 0.5818412899971008 0.3144780695438385 0.025082604959607124 0.033443473279476166
0 0.5067246556282043 0.31354013085365295 0.025082604959607124 0.033443473279476166
0 0.4318850338459015 0.31260567903518677 0.025082604959607124 0.033443473279476166
0 0.35732078552246094 0.3116746246814728 0.025082604959607124 0.033443473279476166
0 0.2830304801464081 0.31074702739715576 0.025082604959607124 0.033443473279476166
0 0.7435590624809265 0.39613038301467896 0.025082604959607124 0.033443473279476166
0 0.6638215780258179 0.3949792683124542 0.025082604959607124 0.033443473279476166
0 0.5843949317932129 0.39383262395858765 0.025082604959607124 0.033443473279476166
0 0.5052773356437683 0.39269042015075684 0.025082604959607124 0.033443473279476166
0 0.42646685242652893 0.3915526866912842 0.025082604959607124 0.033443473279476166
0 0.34796181321144104 0.3904193341732025 0.025082604959607124 0.033443473279476166
0 0.269760400056839 0.38929039239883423 0.025082604959607124 0.033443473279476166
0 0.7554104924201965 0.48491567373275757 0.025082604959607124 0.033443473279476166
0 0.6711498498916626 0.4835164248943329 0.025082604959607124 0.033443473279476166
0 0.5872361660003662 0.4821229577064514 0.025082604959607124 0.033443473279476166
0 0.5036672949790955 0.480735182762146 0.025082604959607124 0.033443473279476166
0 0.42044106125831604 0.479353129863739 0.025082604959607124 0.033443473279476166
0 0.3375554084777832 0.4779767394065857 0.025082604959607124 0.033443473279476166
0 0.2550082504749298 0.47660595178604126 0.025082604959607124 0.033443473279476166
0 0.7686823010444641 0.5843415856361389 0.025082604959607124 0.033443473279476166
0 0.6793544888496399 0.5826413035392761 0.025082604959607124 0.033443473279476166
0 0.590416431427002 0.5809484720230103 0.025082604959607124 0.033443473279476166
0 0.501865565776825 0.5792629718780518 0.025082604959607124 0.033443473279476166
0 0.4136993885040283 0.5775848031044006 0.025082604959607124 0.033443473279476166
0 0.3259153664112091 0.5759139060974121 0.025082604959607124 0.033443473279476166
0 0.23851104080677032 0.5742502212524414 0.025082604959607124 0.033443473279476166
0 0.7836460471153259 0.6964429616928101 0.025082604959607124 0.033443473279476166
0 0.6886026263237 0.6943739056587219 0.025082604959607124 0.033443473279476166
0 0.5940002202987671 0.6923144459724426 0.025082604959607124 0.033443473279476166
0 0.4998357594013214 0.6902644634246826 0.025082604959607124 0.033443473279476166
0 0.406106173992157 0.6882240176200867 0.025082604959607124 0.033443473279476166
0 0.31280845403671265 0.6861929297447205 0.025082604959607124 0.033443473279476166
0 0.21993966400623322 0.684171199798584 0.025082604959607124 0.033443473279476166