0 0.30753111839294434 0.6472710371017456 0.020256459712982178 0.027008612950642902
0 0.38295722007751465 0.6471285223960876 0.020256459712982178 0.027008612950642902
0 0.4589775800704956 0.646984875202179 0.020256459712982178 0.027008612950642902
0 0.5355991721153259 0.6468400955200195 0.020256459712982178 0.027008612950642902
0 0.6128292083740234 0.6466941237449646 0.020256459712982178 0.027008612950642902
0 0.690674901008606 0.6465470194816589 0.020256459712982178 0.027008612950642902
0 0.7691437005996704 0.6463987231254578 0.020256459712982178 0.027008612950642902
0 0.31818774342536926 0.5608354210853577 0.020256459712982178 0.027008612950642902
0 0.3900657594203949 0.5603766441345215 0.020256459712982178 0.027008612950642902
0 0.4624829590320587 0.5599144697189331 0.020256459712982178 0.027008612950642902
0 0.5354454517364502 0.559448778629303 0.020256459712982178 0.027008612950642902
0 0.6089594960212708 0.5589795708656311 0.020256459712982178 0.027008612950642902
0 0.6830312609672546 0.5585068464279175 0.020256459712982178 0.027008612950642902
0 0.7576671838760376 0.5580304861068726 0.020256459712982178 0.027008612950642902
0 0.32788002490997314 0.4822218120098114 0.020256459712982178 0.027008612950642902
0 0.3965286910533905 0.4815034568309784 0.020256459712982178 0.027008612950642902
0 0.46566885709762573 0.4807799458503723 0.020256459712982178 0.027008612950642902
0 0.5353058576583862 0.4800512492656708 0.020256459712982178 0.027008612950642902
0 0.6054450273513794 0.479317307472229 0.020256459712982178 0.027008612950642902
0 0.6760919094085693 0.47857803106307983 0.020256459712982178 0.027008612950642902
0 0.7472519278526306 0.4778333902359009 0.020256459712982178 0.027008612950642902
0 0.3367331624031067 0.4104143977165222 0.020256459712982178 0.027008612950642902
0 0.40243014693260193 0.4094822406768799 0.020256459712982178 0.027008612950642902
0 0.4685770273208618 0.4085436761379242 0.020256459712982178 0.027008612950642902
0 0.5351784229278564 0.4075986444950104 0.020256459712982178 0.027008612950642902
0 0.6022390723228455 0.40664711594581604 0.020256459712982178 0.027008612950642902
0 0.6697636842727661 0.405689001083374 0.020256459712982178 0.027008612950642902
0 0.73775714635849 0.40472424030303955 0.020256459712982178 0.027008612950642902
0 0.34485161304473877 0.3445659875869751 0.020256459712982178 0.027008612950642902
0 0.4078402817249298 0.34345728158950806 0.020256459712982178 0.027008612950642902
0 0.4712422788143158 0.34234127402305603 0.020256459712982178 0.027008612950642902
0 0.5350617170333862 0.34121793508529663 0.020256459712982178 0.027008612950642902
0 0.5993026494979858 0.3400871753692627 0.020256459712982178 0.027008612950642902
0 0.6639693379402161 0.33894893527030945 0.020256459712982178 0.027008612950642902
0 0.729066014289856 0.3378031253814697 0.020256459712982178 0.027008612950642902
0 0.3523232042789459 0.2839643359184265 0.020256459712982178 0.027008612950642902
0 0.41281798481941223 0.28270965814590454 0.020256459712982178 0.027008612950642902
0 0.47369384765625 0.28144708275794983 0.020256459712982178 0.027008612950642902
0 0.5349543690681458 0.2801765501499176 0.020256459712982178 0.027008612950642902
0 0.5966031551361084 0.2788979411125183 0.020256459712982178 0.027008612950642902
0 0.6586440205574036 0.27761122584342957 0.020256459712982178 0.027008612950642902
0 0.7210806012153625 0.2763162851333618 0.020256459712982178 0.027008612950642902
0 0.35922226309776306 0.22800637781620026 0.020256459712982178 0.027008612950642902
0 0.4174131155014038 0.22663100063800812 0.020256459712982178 0.027008612950642902
0 0.47595641016960144 0.22524729371070862 0.020256459712982178 0.027008612950642902
0 0.534855306148529 0.2238551676273346 0.020256459712982178 0.027008612950642902
0 0.5941130518913269 0.22245457768440247 0.020256459712982178 0.027008612950642902
0 0.65373295545578 0.22104541957378387 0.020256459712982178 0.027008612950642902
0 0.7137184143066406 0.21962761878967285 0.020256459712982178 0.027008612950642902