0 0.7094289660453796 0.16738121211528778 0.022830961070333916 0.03413975487152735
0 0.6333507299423218 0.16690558195114136 0.022830961070333916 0.03413975487152735
0 0.5569232106208801 0.16642777621746063 0.022830961070333916 0.03413975487152735
0 0.4801439940929413 0.16594776511192322 0.022830961070333916 0.03413975487152735
0 0.40301063656806946 0.16546553373336792 0.022830961070333916 0.03413975487152735
0 0.32552066445350647 0.16498109698295593 0.022830961070333916 0.03413975487152735
0 0.24767163395881653 0.16449439525604248 0.022830961070333916 0.03413975487152735
0 0.7208542227745056 0.24741196632385254 0.022830961070333916 0.03413975487152735
0 0.6420100331306458 0.24710890650749207 0.022830961070333916 0.03413975487152735
0 0.56279057264328 0.24680441617965698 0.022830961070333916 0.03413975487152735
0 0.4831930696964264 0.2464984655380249 0.022830961070333916 0.03413975487152735
0 0.40321487188339233 0.24619105458259583 0.022830961070333916 0.03413975487152735
0 0.3228532075881958 0.24588215351104736 0.022830961070333916 0.03413975487152735
0 0.24210530519485474 0.2455717921257019 0.022830961070333916 0.03413975487152735
0 0.7331482172012329 0.333528071641922 0.022830961070333916 0.03413975487152735
0 0.6513293981552124 0.33342573046684265 0.022830961070333916 0.03413975487152735
0 0.5691062211990356 0.3333229124546051 0.022830961070333916 0.03413975487152735
0 0.48647570610046387 0.3332195580005646 0.022830961070333916 0.03413975487152735
0 0.40343475341796875 0.33311569690704346 0.022830961070333916 0.03413975487152735
0 0.31998035311698914 0.33301132917404175 0.022830961070333916 0.03413975487152735
0 0.2361093908548355 0.33290642499923706 0.022830961070333916 0.03413975487152735
0 0.7464139461517334 0.42645102739334106 0.022830961070333916 0.03413975487152735
0 0.6613872647285461 0.42658278346061707 0.022830961070333916 0.03413975487152735
0 0.5759236812591553 0.4267151951789856 0.022830961070333916 0.03413975487152735
0 0.4900197982788086 0.42684829235076904 0.022830961070333916 0.03413975487152735
0 0.4036722183227539 0.4269821047782898 0.022830961070333916 0.03413975487152735
0 0.3168775141239166 0.4271165728569031 0.022830961070333916 0.03413975487152735
0 0.2296321541070938 0.42725175619125366 0.022830961070333916 0.03413975487152735
0 0.7607714533805847 0.5270211100578308 0.022830961070333916 0.03413975487152735
0 0.6722750663757324 0.5274266600608826 0.022830961070333916 0.03413975487152735
0 0.5833051800727844 0.5278343558311462 0.022830961070333916 0.03413975487152735
0 0.4938579201698303 0.5282442569732666 0.022830961070333916 0.03413975487152735
0 0.4039294421672821 0.5286563634872437 0.022830961070333916 0.03413975487152735
0 0.31351587176322937 0.5290706753730774 0.022830961070333916 0.03413975487152735
0 0.22261323034763336 0.5294872522354126 0.022830961070333916 0.03413975487152735
0 0.7763611674308777 0.6362227201461792 0.022830961070333916 0.03413975487152735
0 0.6840999722480774 0.6369496583938599 0.022830961070333916 0.03413975487152735
0 0.591323733329773 0.6376806497573853 0.022830961070333916 0.03413975487152735
0 0.4980282187461853 0.6384157538414001 0.022830961070333916 0.03413975487152735
0 0.4042089879512787 0.6391549110412598 0.022830961070333916 0.03413975487152735
0 0.3098616302013397 0.6398983001708984 0.022830961070333916 0.03413975487152735
0 0.21498169004917145 0.6406458616256714 0.022830961070333916 0.03413975487152735
0 0.7933489084243774 0.7552170753479004 0.022830961070333916 0.03413975487152735
0 0.6969882845878601 0.7563227415084839 0.022830961070333916 0.03413975487152735
0 0.6000655293464661 0.7574349045753479 0.022830961070333916 0.03413975487152735
0 0.5025757551193237 0.7585535645484924 0.022830961070333916 0.03413975487152735
0 0.4045138657093048 0.7596787810325623 0.022830961070333916 0.03413975487152735
0 0.30587488412857056 0.7608106136322021 0.022830961070333916 0.03413975487152735
0 0.2066536843776703 0.7619491219520569 0.022830961070333916 0.03413975487152735