0 0.6969242095947266 0.1853787750005722 0.025268211960792545 0.033690949281056724
0 0.628750741481781 0.18694157898426056 0.025268211960792545 0.033690949281056724
0 0.5605872273445129 0.1885041445493698 0.025268211960792545 0.033690949281056724
0 0.49243369698524475 0.19006650149822235 0.025268211960792545 0.033690949281056724
0 0.42429009079933167 0.1916286051273346 0.025268211960792545 0.033690949281056724
0 0.3561564087867737 0.19319050014019012 0.025268211960792545 0.033690949281056724
0 0.2880327105522156 0.19475215673446655 0.025268211960792545 0.033690949281056724
0 0.706892192363739 0.25137487053871155 0.025268211960792545 0.033690949281056724
0 0.635391891002655 0.2530088722705841 0.025268211960792545 0.033690949281056724
0 0.5639026165008545 0.2546426057815552 0.025268211960792545 0.033690949281056724
0 0.49242421984672546 0.25627610087394714 0.025268211960792545 0.033690949281056724
0 0.4209567904472351 0.25790935754776 0.025268211960792545 0.033690949281056724
0 0.34950029850006104 0.2595423460006714 0.025268211960792545 0.033690949281056724
0 0.27805474400520325 0.26117509603500366 0.025268211960792545 0.033690949281056724
0 0.7178827524185181 0.32414141297340393 0.025268211960792545 0.033690949281056724
0 0.6427143216133118 0.3258533775806427 0.025268211960792545 0.033690949281056724
0 0.5675579905509949 0.3275650441646576 0.025268211960792545 0.033690949281056724
0 0.49241378903388977 0.329276442527771 0.025268211960792545 0.033690949281056724
0 0.4172816574573517 0.3309875428676605 0.025268211960792545 0.033690949281056724
0 0.342161625623703 0.33269840478897095 0.025268211960792545 0.033690949281056724
0 0.26705366373062134 0.3344089686870575 0.025268211960792545 0.033690949281056724
0 0.7300617694854736 0.4047766327857971 0.025268211960792545 0.033690949281056724
0 0.65082848072052 0.4065742790699005 0.025268211960792545 0.033690949281056724
0 0.5716086626052856 0.4083716571331024 0.025268211960792545 0.033690949281056724
0 0.49240222573280334 0.41016870737075806 0.025268211960792545 0.033690949281056724
0 0.4132092297077179 0.41196542978286743 0.025268211960792545 0.033690949281056724
0 0.3340297043323517 0.4137618839740753 0.025268211960792545 0.033690949281056724
0 0.25486356019973755 0.41555801033973694 0.025268211960792545 0.033690949281056724
0 0.7436330914497375 0.49462977051734924 0.025268211960792545 0.033690949281056724
0 0.6598701477050781 0.49652212858200073 0.025268211960792545 0.033690949281056724
0 0.5761222243309021 0.49841412901878357 0.025268211960792545 0.033690949281056724
0 0.49238935112953186 0.5003057718276978 0.025268211960792545 0.033690949281056724
0 0.40867143869400024 0.5021971464157104 0.025268211960792545 0.033690949281056724
0 0.3249685764312744 0.5040881037712097 0.025268211960792545 0.033690949281056724
0 0.2412807047367096 0.5059787631034851 0.025268211960792545 0.033690949281056724
0 0.7588498592376709 0.5953773260116577 0.025268211960792545 0.033690949281056724
0 0.6700080037117004 0.5973747968673706 0.025268211960792545 0.033690949281056724
0 0.5811830163002014 0.5993719100952148 0.025268211960792545 0.033690949281056724
0 0.49237489700317383 0.6013686060905457 0.025268211960792545 0.033690949281056724
0 0.40358367562294006 0.6033649444580078 0.025268211960792545 0.033690949281056724
0 0.3148093521595001 0.6053608655929565 0.025268211960792545 0.033690949281056724
0 0.22605189681053162 0.6073564291000366 0.025268211960792545 0.033690949281056724
0 0.7760307192802429 0.7091284990310669 0.025268211960792545 0.033690949281056724
0 0.6814541816711426 0.7112433314323425 0.025268211960792545 0.033690949281056724
0 0.5868968367576599 0.7133577466011047 0.025268211960792545 0.033690949281056724
0 0.49235859513282776 0.7154717445373535 0.025268211960792545 0.033690949281056724
0 0.3978394865989685 0.7175853252410889 0.025268211960792545 0.033690949281056724
0 0.30333951115608215 0.7196984887123108 0.025268211960792545 0.033690949281056724
0 0.2088586688041687 0.7218111753463745 0.025268211960792545 0.033690949281056724