0 0.21307097375392914 0.6316272020339966 0.029548190534114838 0.029548190534114838
0 0.2928352653980255 0.6382344365119934 0.029548190534114838 0.029548190534114838
0 0.3748992085456848 0.6450321078300476 0.029548190534114838 0.029548190534114838
0 0.4593636691570282 0.6520286798477173 0.029548190534114838 0.029548190534114838
0 0.5463355779647827 0.6592329144477844 0.029548190534114838 0.029548190534114838
0 0.635928213596344 0.6666542291641235 0.029548190534114838 0.029548190534114838
0 0.7282619476318359 0.6743026375770569 0.029548190534114838 0.029548190534114838
0 0.23049074411392212 0.5520234107971191 0.029548190534114838 0.029548190534114838
0 0.30844971537590027 0.557358980178833 0.029548190534114838 0.029548190534114838
0 0.3885978162288666 0.5628442764282227 0.029548190534114838 0.029548190534114838
0 0.47102850675582886 0.5684858560562134 0.029548190534114838 0.029548190534114838
0 0.555840790271759 0.57429039478302 0.029548190534114838 0.029548190534114838
0 0.6431393027305603 0.5802651047706604 0.029548190534114838 0.029548190534114838
0 0.7330350875854492 0.5864176154136658 0.029548190534114838 0.029548190534114838
0 0.24705061316490173 0.47634923458099365 0.029548190534114838 0.029548190534114838
0 0.32328295707702637 0.4805297255516052 0.029548190534114838 0.029548190534114838
0 0.4016016721725464 0.48482462763786316 0.029548190534114838 0.029548190534114838
0 0.48209357261657715 0.4892387092113495 0.029548190534114838 0.029548190534114838
0 0.5648503303527832 0.49377697706222534 0.029548190534114838 0.029548190534114838
0 0.6499689817428589 0.4984447956085205 0.029548190534114838 0.029548190534114838
0 0.7375521063804626 0.5032477378845215 0.029548190534114838 0.029548190534114838
0 0.26281270384788513 0.404320627450943 0.029548190534114838 0.029548190534114838
0 0.3373922109603882 0.40745049715042114 0.029548190534114838 0.029548190534114838
0 0.41396236419677734 0.4106638729572296 0.029548190534114838 0.029548190534114838
0 0.49260392785072327 0.4139642119407654 0.029548190534114838 0.029548190534114838
0 0.5734021067619324 0.4173550307750702 0.029548190534114838 0.029548190534114838
0 0.6564468145370483 0.42084014415740967 0.029548190534114838 0.029548190534114838
0 0.7418331503868103 0.42442354559898376 0.029548190534114838 0.029548190534114838
0 0.27783331274986267 0.33568039536476135 0.029548190534114838 0.029548190534114838
0 0.35082921385765076 0.33785322308540344 0.029548190534114838 0.029548190534114838
0 0.42572644352912903 0.34008267521858215 0.029548190534114838 0.029548190534114838
0 0.5026003122329712 0.3423709273338318 0.029548190534114838 0.029548190534114838
0 0.5815300345420837 0.34472042322158813 0.029548190534114838 0.029548190534114838
0 0.6625992655754089 0.3471335768699646 0.029548190534114838 0.029548190534114838
0 0.7458961606025696 0.3496130406856537 0.029548190534114838 0.029548190534114838
0 0.29216358065605164 0.2701949179172516 0.029548190534114838 0.029548190534114838
0 0.3636408746242523 0.27149489521980286 0.029548190534114838 0.029548190534114838
0 0.43693608045578003 0.2728279232978821 0.029548190534114838 0.029548190534114838
0 0.512119472026825 0.2741953134536743 0.029548190534114838 0.029548190534114838
0 0.5892648696899414 0.2755983769893646 0.029548190534114838 0.029548190534114838
0 0.6684502363204956 0.2770385444164276 0.029548190534114838 0.029548190534114838
0 0.7497574687004089 0.27851730585098267 0.029548190534114838 0.029548190534114838
0 0.30584999918937683 0.20765158534049988 0.029548190534114838 0.029548190534114838
0 0.37586987018585205 0.20815449953079224 0.029548190534114838 0.029548190534114838
0 0.44762957096099854 0.20866991579532623 0.029548190534114838 0.029548190534114838
0 0.5211948156356812 0.20919829607009888 0.029548190534114838 0.029548190534114838
0 0.5966345071792603 0.20974014699459076 0.029548190534114838 0.029548190534114838
0 0.6740213632583618 0.21029597520828247 0.029548190534114838 0.029548190534114838
0 0.7534316182136536 0.21086634695529938 0.029548190534114838 0.029548190534114838