0 0.7240604758262634 0.2486480325460434 0.03426480293273926 0.03426480293273926
0 0.6472684144973755 0.2500755786895752 0.03426480293273926 0.03426480293273926
0 0.5708615183830261 0.25149592757225037 0.03426480293273926 0.03426480293273926
0 0.4948369860649109 0.25290918350219727 0.03426480293273926 0.03426480293273926
0 0.4191919267177582 0.25431540608406067 0.03426480293273926 0.03426480293273926
0 0.3439234793186188 0.2557145953178406 0.03426480293273926 0.03426480293273926
0 0.2690288722515106 0.25710684061050415 0.03426480293273926 0.03426480293273926
0 0.7326752543449402 0.31066393852233887 0.03426480293273926 0.03426480293273926
0 0.6528565287590027 0.3119852840900421 0.03426480293273926 0.03426480293273926
0 0.5734537243843079 0.3132997155189514 0.03426480293273926 0.03426480293273926
0 0.4944637715816498 0.3146073520183563 0.03426480293273926 0.03426480293273926
0 0.4158833622932434 0.31590816378593445 0.03426480293273926 0.03426480293273926
0 0.33770936727523804 0.31720227003097534 0.03426480293273926 0.03426480293273926
0 0.2599385976791382 0.3184897005558014 0.03426480293273926 0.03426480293273926
0 0.7419934868812561 0.3777434229850769 0.03426480293273926 0.03426480293273926
0 0.6588996648788452 0.37893617153167725 0.03426480293273926 0.03426480293273926
0 0.5762564539909363 0.38012242317199707 0.03426480293273926 0.03426480293273926
0 0.49406033754348755 0.38130226731300354 0.03426480293273926 0.03426480293273926
0 0.41230759024620056 0.38247573375701904 0.03426480293273926 0.03426480293273926
0 0.3309946656227112 0.38364288210868835 0.03426480293273926 0.03426480293273926
0 0.25011804699897766 0.38480380177497864 0.03426480293273926 0.03426480293273926
0 0.7521049380302429 0.45053306221961975 0.03426480293273926 0.03426480293273926
0 0.6654557585716248 0.451570063829422 0.03426480293273926 0.03426480293273926
0 0.5792964100837708 0.45260122418403625 0.03426480293273926 0.03426480293273926
0 0.4936228394508362 0.4536265730857849 0.03426480293273926 0.03426480293273926
0 0.4084308445453644 0.45464614033699036 0.03426480293273926 0.03426480293273926
0 0.323716402053833 0.45565998554229736 0.03426480293273926 0.03426480293273926
0 0.2394755482673645 0.4566681981086731 0.03426480293273926 0.03426480293273926
0 0.7631153464317322 0.5297943353652954 0.03426480293273926 0.03426480293273926
0 0.6725929975509644 0.5306426882743835 0.03426480293273926 0.03426480293273926
0 0.5826050639152527 0.5314860343933105 0.03426480293273926 0.03426480293273926
0 0.49314677715301514 0.5323243737220764 0.03426480293273926 0.03426480293273926
0 0.40421345829963684 0.5331578254699707 0.03426480293273926 0.03426480293273926
0 0.3158005177974701 0.5339864492416382 0.03426480293273926 0.03426480293273926
0 0.22790339589118958 0.5348101854324341 0.03426480293273926 0.03426480293273926
0 0.7751502394676208 0.6164305806159973 0.03426480293273926 0.03426480293273926
0 0.680392324924469 0.6170498728752136 0.03426480293273926 0.03426480293273926
0 0.5862196683883667 0.6176653504371643 0.03426480293273926 0.03426480293273926
0 0.4926268458366394 0.6182770729064941 0.03426480293273926 0.03426480293273926
0 0.3996084928512573 0.6188850402832031 0.03426480293273926 0.03426480293273926
0 0.30715933442115784 0.6194892525672913 0.03426480293273926 0.03426480293273926
0 0.21527421474456787 0.6200898289680481 0.03426480293273926 0.03426480293273926
0 0.788359522819519 0.7115212082862854 0.03426480293273926 0.03426480293273926
0 0.68895024061203 0.7118617296218872 0.03426480293273926 0.03426480293273926
0 0.5901846885681152 0.7122001051902771 0.03426480293273926 0.03426480293273926
0 0.49205663800239563 0.7125362753868103 0.03426480293273926 0.03426480293273926
0 0.39455991983413696 0.7128702998161316 0.03426480293273926 0.03426480293273926
0 0.29768845438957214 0.713202178478241 0.03426480293273926 0.03426480293273926
0 0.20143623650074005 0.7135319113731384 0.03426480293273926 0.03426480293273926