0 0.7413385510444641 0.2271973341703415 0.03418173889319102 0.03418173889319102
0 0.6642272472381592 0.22717972099781036 0.03418173889319102 0.03418173889319102
0 0.5871615409851074 0.22716212272644043 0.03418173889319102 0.03418173889319102
0 0.5101413726806641 0.2271445393562317 0.03418173889319102 0.03418173889319102
0 0.4331667125225067 0.22712695598602295 0.03418173889319102 0.03418173889319102
0 0.3562375605106354 0.2271093875169754 0.03418173889319102 0.03418173889319102
0 0.2793538570404053 0.22709183394908905 0.03418173889319102 0.03418173889319102
0 0.7493447065353394 0.2911282479763031 0.03418173889319102 0.03418173889319102
0 0.6693832874298096 0.29109036922454834 0.03418173889319102 0.03418173889319102
0 0.5894709229469299 0.29105255007743835 0.03418173889319102 0.03418173889319102
0 0.5096075534820557 0.291014701128006 0.03418173889319102 0.03418173889319102
0 0.4297931492328644 0.2909769117832184 0.03418173889319102 0.03418173889319102
0 0.3500276207923889 0.2909391522407532 0.03418173889319102 0.03418173889319102
0 0.2703109383583069 0.29090139269828796 0.03418173889319102 0.03418173889319102
0 0.7579650282859802 0.3599635362625122 0.03418173889319102 0.03418173889319102
0 0.6749347448348999 0.3599022924900055 0.03418173889319102 0.03418173889319102
0 0.5919573903083801 0.35984110832214355 0.03418173889319102 0.03418173889319102
0 0.5090328454971313 0.3597799241542816 0.03418173889319102 0.03418173889319102
0 0.4261610805988312 0.35971879959106445 0.03418173889319102 0.03418173889319102
0 0.34334203600883484 0.35965773463249207 0.03418173889319102 0.03418173889319102
0 0.26057562232017517 0.3595966696739197 0.03418173889319102 0.03418173889319102
0 0.7672730088233948 0.4342900812625885 0.03418173889319102 0.03418173889319102
0 0.6809289455413818 0.43420177698135376 0.03418173889319102 0.03418173889319102
0 0.5946421027183533 0.4341135323047638 0.03418173889319102 0.03418173889319102
0 0.5084123611450195 0.4340253472328186 0.03418173889319102 0.03418173889319102
0 0.42223966121673584 0.4339372217655182 0.03418173889319102 0.03418173889319102
0 0.3361239731311798 0.43384915590286255 0.03418173889319102 0.03418173889319102
0 0.25006523728370667 0.4337611496448517 0.03418173889319102 0.03418173889319102
0 0.77735435962677 0.514792263507843 0.03418173889319102 0.03418173889319102
0 0.6874210238456726 0.5146725177764893 0.03418173889319102 0.03418173889319102
0 0.5975497364997864 0.5145528316497803 0.03418173889319102 0.03418173889319102
0 0.5077403783798218 0.5144332647323608 0.03418173889319102 0.03418173889319102
0 0.41799288988113403 0.514313817024231 0.03418173889319102 0.03418173889319102
0 0.32830724120140076 0.5141943693161011 0.03418173889319102 0.03418173889319102
0 0.23868337273597717 0.5140751004219055 0.03418173889319102 0.03418173889319102
0 0.788309633731842 0.6022730469703674 0.03418173889319102 0.03418173889319102
0 0.6944756507873535 0.6021166443824768 0.03418173889319102 0.03418173889319102
0 0.6007091999053955 0.6019603610038757 0.03418173889319102 0.03418173889319102
0 0.5070101618766785 0.6018041968345642 0.03418173889319102 0.03418173889319102
0 0.4133784770965576 0.6016480922698975 0.03418173889319102 0.03418173889319102
0 0.3198140859603882 0.601492166519165 0.03418173889319102 0.03418173889319102
0 0.22631694376468658 0.6013363003730774 0.03418173889319102 0.03418173889319102
0 0.800257682800293 0.6976811289787292 0.03418173889319102 0.03418173889319102
0 0.7021693587303162 0.6974817514419556 0.03418173889319102 0.03418173889319102
0 0.6041547656059265 0.6972824931144714 0.03418173889319102 0.03418173889319102
0 0.5062138438224792 0.6970834136009216 0.03418173889319102 0.03418173889319102
0 0.408346563577652 0.6968845129013062 0.03418173889319102 0.03418173889319102
0 0.31055277585983276 0.6966857314109802 0.03418173889319102 0.03418173889319102
0 0.21283242106437683 0.6964870691299438 0.03418173889319102 0.03418173889319102