0 0.6987709999084473 0.14058014750480652 0.026393650099635128 0.03519153346618017
0 0.6298829317092896 0.14002300798892975 0.026393650099635128 0.03519153346618017
0 0.5604824423789978 0.1394617259502411 0.026393650099635128 0.03519153346618017
0 0.49056360125541687 0.13889625668525696 0.026393650099635128 0.03519153346618017
0 0.4201207160949707 0.13832654058933258 0.026393650099635128 0.03519153346618017
0 0.34914782643318176 0.13775254786014557 0.026393650099635128 0.03519153346618017
0 0.2776389420032501 0.13717420399188995 0.026393650099635128 0.03519153346618017
0 0.710991382598877 0.2037753462791443 0.026393650099635128 0.03519153346618017
0 0.6387113928794861 0.20343630015850067 0.026393650099635128 0.03519153346618017
0 0.5658667087554932 0.20309458673000336 0.026393650099635128 0.03519153346618017
0 0.4924507141113281 0.20275020599365234 0.026393650099635128 0.03519153346618017
0 0.4184565544128418 0.20240312814712524 0.026393650099635128 0.03519153346618017
0 0.34387749433517456 0.2020532786846161 0.026393650099635128 0.03519153346618017
0 0.26870647072792053 0.20170067250728607 0.026393650099635128 0.03519153346618017
0 0.7244910001754761 0.27358561754226685 0.026393650099635128 0.03519153346618017
0 0.6484677791595459 0.27351465821266174 0.026393650099635128 0.03519153346618017
0 0.5718193054199219 0.2734431326389313 0.026393650099635128 0.03519153346618017
0 0.4945377707481384 0.27337101101875305 0.026393650099635128 0.03519153346618017
0 0.4166153371334076 0.2732982635498047 0.026393650099635128 0.03519153346618017
0 0.3380439579486847 0.27322494983673096 0.026393650099635128 0.03519153346618017
0 0.2588155269622803 0.2731510102748871 0.026393650099635128 0.03519153346618017
0 0.7394816875457764 0.3511069416999817 0.026393650099635128 0.03519153346618017
0 0.6593064665794373 0.35136717557907104 0.026393650099635128 0.03519153346618017
0 0.5784350633621216 0.35162967443466187 0.026393650099635128 0.03519153346618017
0 0.4968583881855011 0.35189443826675415 0.026393650099635128 0.03519153346618017
0 0.41456714272499084 0.35216155648231506 0.026393650099635128 0.03519153346618017
0 0.3315519094467163 0.3524309992790222 0.026393650099635128 0.03519153346618017
0 0.24780310690402985 0.3527028262615204 0.026393650099635128 0.03519153346618017
0 0.756225049495697 0.43769171833992004 0.026393650099635128 0.03519153346618017
0 0.6714181900024414 0.4383634924888611 0.026393650099635128 0.03519153346618017
0 0.5858314633369446 0.43904146552085876 0.026393650099635128 0.03519153346618017
0 0.4994540810585022 0.43972569704055786 0.026393650099635128 0.03519153346618017
0 0.4122750461101532 0.44041627645492554 0.026393650099635128 0.03519153346618017
0 0.3242831528186798 0.44111326336860657 0.026393650099635128 0.03519153346618017
0 0.23546695709228516 0.4418168067932129 0.026393650099635128 0.03519153346618017
0 0.7750474810600281 0.5350280404090881 0.026393650099635128 0.03519153346618017
0 0.6850411295890808 0.5362150073051453 0.026393650099635128 0.03519153346618017
0 0.5941552519798279 0.5374135971069336 0.026393650099635128 0.03519153346618017
0 0.5023768544197083 0.5386239290237427 0.026393650099635128 0.03519153346618017
0 0.4096927046775818 0.5398461818695068 0.026393650099635128 0.03519153346618017
0 0.3160894215106964 0.5410805940628052 0.026393650099635128 0.03519153346618017
0 0.22155319154262543 0.5423272848129272 0.026393650099635128 0.03519153346618017
0 0.7963619232177734 0.6452510952949524 0.026393650099635128 0.03519153346618017
0 0.7004770636558533 0.6470886468887329 0.026393650099635128 0.03519153346618017
0 0.6035925149917603 0.6489453315734863 0.026393650099635128 0.03519153346618017
0 0.5056926012039185 0.6508215069770813 0.026393650099635128 0.03519153346618017
0 0.4067612886428833 0.6527174115180969 0.026393650099635128 0.03519153346618017
0 0.30678215622901917 0.6546334028244019 0.026393650099635128 0.03519153346618017
0 0.20573848485946655 0.6565698385238647 0.026393650099635128 0.03519153346618017