0 0.7167715430259705 0.17877452075481415 0.024989072233438495 0.03331876297791799
0 0.6487910151481628 0.17790955305099487 0.024989072233438495 0.03331876297791799
0 0.5809852480888367 0.1770467907190323 0.024989072233438495 0.03331876297791799
0 0.5133534669876099 0.17618626356124878 0.024989072233438495 0.03331876297791799
0 0.44589513540267944 0.17532792687416077 0.024989072233438495 0.03331876297791799
0 0.3786095082759857 0.17447179555892944 0.024989072233438495 0.03331876297791799
0 0.31149592995643616 0.17361785471439362 0.024989072233438495 0.03331876297791799
0 0.7254794836044312 0.2443714439868927 0.024989072233438495 0.03331876297791799
0 0.6541773676872253 0.24337583780288696 0.024989072233438495 0.03331876297791799
0 0.5830674171447754 0.24238291382789612 0.024989072233438495 0.03331876297791799
0 0.512148916721344 0.24139267206192017 0.024989072233438495 0.03331876297791799
0 0.4414209723472595 0.24040508270263672 0.024989072233438495 0.03331876297791799
0 0.37088295817375183 0.23942014575004578 0.024989072233438495 0.03331876297791799
0 0.3005340099334717 0.23843784630298615 0.024989072233438495 0.03331876297791799
0 0.7350800037384033 0.31669238209724426 0.024989072233438495 0.03331876297791799
0 0.6601150631904602 0.3155432343482971 0.024989072233438495 0.03331876297791799
0 0.585362434387207 0.31439733505249023 0.024989072233438495 0.03331876297791799
0 0.5108213424682617 0.3132546842098236 0.024989072233438495 0.03331876297791799
0 0.4364908039569855 0.31211528182029724 0.024989072233438495 0.03331876297791799
0 0.36236995458602905 0.31097906827926636 0.024989072233438495 0.03331876297791799
0 0.2884579300880432 0.30984604358673096 0.024989072233438495 0.03331876297791799
0 0.7457178235054016 0.3968270719051361 0.024989072233438495 0.03331876297791799
0 0.6666932702064514 0.395496129989624 0.024989072233438495 0.03331876297791799
0 0.587904691696167 0.3941691815853119 0.024989072233438495 0.03331876297791799
0 0.5093510150909424 0.39284616708755493 0.024989072233438495 0.03331876297791799
0 0.43103113770484924 0.39152708649635315 0.024989072233438495 0.03331876297791799
0 0.3529440462589264 0.39021193981170654 0.024989072233438495 0.03331876297791799
0 0.27508872747421265 0.3889006972312927 0.024989072233438495 0.03331876297791799
0 0.7575705647468567 0.48611414432525635 0.024989072233438495 0.03331876297791799
0 0.6740216612815857 0.48456624150276184 0.024989072233438495 0.03331876297791799
0 0.5907363891601562 0.48302319645881653 0.024989072233438495 0.03331876297791799
0 0.5077134966850281 0.4814850091934204 0.024989072233438495 0.03331876297791799
0 0.42495182156562805 0.4799516797065735 0.024989072233438495 0.03331876297791799
0 0.34245002269744873 0.478423148393631 0.024989072233438495 0.03331876297791799
0 0.2602069675922394 0.4768994152545929 0.024989072233438495 0.03331876297791799
0 0.7708590626716614 0.5862165093421936 0.024989072233438495 0.03331876297791799
0 0.6822362542152405 0.5844072699546814 0.024989072233438495 0.03331876297791799
0 0.5939099192619324 0.5826040506362915 0.024989072233438495 0.03331876297791799
0 0.5058786869049072 0.5808068513870239 0.024989072233438495 0.03331876297791799
0 0.41814103722572327 0.5790156722068787 0.024989072233438495 0.03331876297791799
0 0.3306954503059387 0.5772303938865662 0.024989072233438495 0.03331876297791799
0 0.24354055523872375 0.575451135635376 0.024989072233438495 0.03331876297791799
0 0.7858609557151794 0.6992260217666626 0.024989072233438495 0.03331876297791799
0 0.6915081143379211 0.6970987319946289 0.024989072233438495 0.03331876297791799
0 0.5974912047386169 0.6949790120124817 0.024989072233438495 0.03331876297791799
0 0.5038085579872131 0.692866861820221 0.024989072233438495 0.03331876297791799
0 0.4104582965373993 0.6907621622085571 0.024989072233438495 0.03331876297791799
0 0.31743869185447693 0.688664972782135 0.024989072233438495 0.03331876297791799
0 0.22474800050258636 0.686575174331665 0.024989072233438495 0.03331876297791799