0 0.3038862347602844 0.6476972103118896 0.020351454615592957 0.027135272820790608
0 0.3788541555404663 0.6480672359466553 0.020351454615592957 0.027135272820790608
0 0.4546854496002197 0.6484414935112 0.020351454615592957 0.027135272820790608
0 0.5313951373100281 0.6488200426101685 0.020351454615592957 0.027135272820790608
0 0.6089984774589539 0.6492030620574951 0.020351454615592957 0.027135272820790608
0 0.6875113248825073 0.6495904922485352 0.020351454615592957 0.027135272820790608
0 0.7669496536254883 0.6499825716018677 0.020351454615592957 0.027135272820790608
0 0.3145761787891388 0.5611644983291626 0.020351454615592957 0.027135272820790608
0 0.38596585392951965 0.5610451698303223 0.020351454615592957 0.027135272820790608
0 0.458137571811676 0.5609244704246521 0.020351454615592957 0.027135272820790608
0 0.5311042666435242 0.5608025193214417 0.020351454615592957 0.027135272820790608
0 0.6048792004585266 0.5606791377067566 0.020351454615592957 0.027135272820790608
0 0.6794757843017578 0.5605544447898865 0.020351454615592957 0.027135272820790608
0 0.7549079060554504 0.5604283213615417 0.020351454615592957 0.027135272820790608
0 0.32428213953971863 0.4825969338417053 0.020351454615592957 0.027135272820790608
0 0.3924195170402527 0.48207491636276245 0.020351454615592957 0.027135272820790608
0 0.4612686336040497 0.48154741525650024 0.020351454615592957 0.027135272820790608
0 0.5308406352996826 0.4810144007205963 0.020351454615592957 0.027135272820790608
0 0.6011470556259155 0.4804757535457611 0.020351454615592957 0.027135272820790608
0 0.672199547290802 0.47993138432502747 0.020351454615592957 0.027135272820790608
0 0.7440100312232971 0.4793812036514282 0.020351454615592957 0.027135272820790608
0 0.3331339657306671 0.4109431803226471 0.020351454615592957 0.027135272820790608
0 0.39830246567726135 0.4100884199142456 0.020351454615592957 0.027135272820790608
0 0.46412140130996704 0.40922510623931885 0.020351454615592957 0.027135272820790608
0 0.5306005477905273 0.40835314989089966 0.020351454615592957 0.027135272820790608
0 0.5977500081062317 0.4074724018573761 0.020351454615592957 0.027135272820790608
0 0.6655797958374023 0.40658271312713623 0.020351454615592957 0.027135272820790608
0 0.7341004610061646 0.4056839644908905 0.020351454615592957 0.027135272820790608
0 0.34123972058296204 0.34532907605171204 0.020351454615592957 0.027135272820790608
0 0.40368717908859253 0.34419846534729004 0.020351454615592957 0.027135272820790608
0 0.46673139929771423 0.3430570662021637 0.020351454615592957 0.027135272820790608
0 0.5303810238838196 0.3419046998023987 0.020351454615592957 0.027135272820790608
0 0.5946447849273682 0.34074118733406067 0.020351454615592957 0.027135272820790608
0 0.6595315933227539 0.3395664393901825 0.020351454615592957 0.027135272820790608
0 0.7250505685806274 0.33838021755218506 0.020351454615592957 0.027135272820790608
0 0.34868985414505005 0.2850218713283539 0.020351454615592957 0.027135272820790608
0 0.40863436460494995 0.2836620509624481 0.020351454615592957 0.027135272820790608
0 0.4691283702850342 0.2822897732257843 0.020351454615592957 0.027135272820790608
0 0.5301794409751892 0.2809048593044281 0.020351454615592957 0.027135272820790608
0 0.5917953252792358 0.2795071303844452 0.020351454615592957 0.027135272820790608
0 0.6539838910102844 0.27809640765190125 0.020351454615592957 0.027135272820790608
0 0.7167531251907349 0.27667251229286194 0.020351454615592957 0.027135272820790608
0 0.355560839176178 0.22940278053283691 0.020351454615592957 0.027135272820790608
0 0.41319531202316284 0.2278522104024887 0.020351454615592957 0.027135272820790608
0 0.47133737802505493 0.22628797590732574 0.020351454615592957 0.027135272820790608
0 0.5299937725067139 0.2247098982334137 0.020351454615592957 0.027135272820790608
0 0.5891713500022888 0.22311781346797943 0.020351454615592957 0.027135272820790608
0 0.6488770842552185 0.22151149809360504 0.020351454615592957 0.027135272820790608
0 0.709118127822876 0.2198908030986786 0.020351454615592957 0.027135272820790608