0 0.7059090733528137 0.16401179134845734 0.0227705722519507 0.034049453834692635
0 0.6305868029594421 0.16305094957351685 0.0227705722519507 0.034049453834692635
0 0.5547345876693726 0.16208334267139435 0.0227705722519507 0.034049453834692635
0 0.47834670543670654 0.16110889613628387 0.0227705722519507 0.034049453834692635
0 0.4014175236225128 0.16012755036354065 0.0227705722519507 0.034049453834692635
0 0.32394126057624817 0.1591392308473587 0.0227705722519507 0.034049453834692635
0 0.24591206014156342 0.15814386308193207 0.0227705722519507 0.034049453834692635
0 0.7176534533500671 0.24349752068519592 0.0227705722519507 0.034049453834692635
0 0.6396022439002991 0.24279023706912994 0.0227705722519507 0.034049453834692635
0 0.5609815716743469 0.2420777976512909 0.0227705722519507 0.034049453834692635
0 0.4817851185798645 0.241360142827034 0.0227705722519507 0.034049453834692635
0 0.402006596326828 0.24063721299171448 0.0227705722519507 0.034049453834692635
0 0.3216395378112793 0.23990896344184875 0.0227705722519507 0.034049453834692635
0 0.24067740142345428 0.23917530477046967 0.0227705722519507 0.034049453834692635
0 0.7302917838096619 0.32903358340263367 0.0227705722519507 0.034049453834692635
0 0.6493064761161804 0.32862207293510437 0.0227705722519507 0.034049453834692635
0 0.5677076578140259 0.32820746302604675 0.0227705722519507 0.034049453834692635
0 0.48548823595046997 0.32778969407081604 0.0227705722519507 0.034049453834692635
0 0.4026411771774292 0.32736873626708984 0.0227705722519507 0.034049453834692635
0 0.31915923953056335 0.3269445300102234 0.0227705722519507 0.034049453834692635
0 0.23503509163856506 0.32651710510253906 0.0227705722519507 0.034049453834692635
0 0.7439301609992981 0.42133811116218567 0.0227705722519507 0.034049453834692635
0 0.6597816348075867 0.4212724566459656 0.0227705722519507 0.034049453834692635
0 0.5749701261520386 0.4212062656879425 0.0227705722519507 0.034049453834692635
0 0.4894878566265106 0.42113956809043884 0.0227705722519507 0.034049453834692635
0 0.40332677960395813 0.4210723042488098 0.0227705722519507 0.034049453834692635
0 0.31647875905036926 0.4210045337677002 0.0227705722519507 0.034049453834692635
0 0.2289355844259262 0.4209362268447876 0.0227705722519507 0.034049453834692635
0 0.75869220495224 0.5212476253509521 0.0227705722519507 0.034049453834692635
0 0.6711233258247375 0.5215874910354614 0.0227705722519507 0.034049453834692635
0 0.5828359127044678 0.5219300985336304 0.0227705722519507 0.034049453834692635
0 0.49382108449935913 0.5222755670547485 0.0227705722519507 0.034049453834692635
0 0.40406978130340576 0.5226238965988159 0.0227705722519507 0.034049453834692635
0 0.31357285380363464 0.5229750871658325 0.0227705722519507 0.034049453834692635
0 0.22232095897197723 0.5233291983604431 0.0227705722519507 0.034049453834692635
0 0.7747228145599365 0.6297423243522644 0.0227705722519507 0.034049453834692635
0 0.6834438443183899 0.6305593252182007 0.0227705722519507 0.034049453834692635
0 0.5913833975791931 0.6313832402229309 0.0227705722519507 0.034049453834692635
0 0.4985314607620239 0.6322142481803894 0.0227705722519507 0.034049453834692635
0 0.40487775206565857 0.6330524682998657 0.0227705722519507 0.034049453834692635
0 0.31041184067726135 0.6338979005813599 0.0227705722519507 0.034049453834692635
0 0.21512308716773987 0.6347507834434509 0.0227705722519507 0.034049453834692635
0 0.7921926975250244 0.7479785680770874 0.0227705722519507 0.034049453834692635
0 0.6968754529953003 0.7493590116500854 0.0227705722519507 0.034049453834692635
0 0.6007052063941956 0.7507518529891968 0.0227705722519507 0.034049453834692635
0 0.5036705136299133 0.7521571516990662 0.0227705722519507 0.034049453834692635
0 0.4057595729827881 0.7535752058029175 0.0227705722519507 0.034049453834692635
0 0.3069605529308319 0.7550060749053955 0.0227705722519507 0.034049453834692635
0 0.20726127922534943 0.7564499974250793 0.0227705722519507 0.034049453834692635