0 0.2990317642688751 0.6480554938316345 0.0206340067088604 0.027512008945147198
0 0.3752453923225403 0.6461723446846008 0.0206340067088604 0.027512008945147198
0 0.45223525166511536 0.6442700028419495 0.0206340067088604 0.027512008945147198
0 0.5300132632255554 0.6423482298851013 0.0206340067088604 0.027512008945147198
0 0.6085916757583618 0.640406608581543 0.0206340067088604 0.027512008945147198
0 0.6879828572273254 0.6384449601173401 0.0206340067088604 0.027512008945147198
0 0.7681994438171387 0.636462926864624 0.0206340067088604 0.027512008945147198
0 0.3094037175178528 0.5587247014045715 0.0206340067088604 0.027512008945147198
0 0.3819253742694855 0.5565035939216614 0.0206340067088604 0.027512008945147198
0 0.45514920353889465 0.5542610287666321 0.0206340067088604 0.027512008945147198
0 0.5290855169296265 0.5519965887069702 0.0206340067088604 0.027512008945147198
0 0.6037447452545166 0.5497100353240967 0.0206340067088604 0.027512008945147198
0 0.6791375279426575 0.5474010109901428 0.0206340067088604 0.027512008945147198
0 0.755274772644043 0.5450692176818848 0.0206340067088604 0.027512008945147198
0 0.31880930066108704 0.4777171313762665 0.0206340067088604 0.027512008945147198
0 0.3879801034927368 0.475227952003479 0.0206340067088604 0.027512008945147198
0 0.45778918266296387 0.4727157950401306 0.0206340067088604 0.027512008945147198
0 0.5282453894615173 0.47018036246299744 0.0206340067088604 0.027512008945147198
0 0.5993578433990479 0.4676213264465332 0.0206340067088604 0.027512008945147198
0 0.671135663986206 0.46503832936286926 0.0206340067088604 0.027512008945147198
0 0.7435882687568665 0.46243104338645935 0.0206340067088604 0.027512008945147198
0 0.3273775279521942 0.4039212763309479 0.0206340067088604 0.027512008945147198
0 0.3934934437274933 0.40121960639953613 0.0206340067088604 0.027512008945147198
0 0.4601920247077942 0.398494154214859 0.0206340067088604 0.027512008945147198
0 0.5274810791015625 0.39574456214904785 0.0206340067088604 0.027512008945147198
0 0.5953683853149414 0.3929705023765564 0.0206340067088604 0.027512008945147198
0 0.6638620495796204 0.39017170667648315 0.0206340067088604 0.027512008945147198
0 0.7329701781272888 0.3873477876186371 0.0206340067088604 0.027512008945147198
0 0.3352154791355133 0.3364151120185852 0.0206340067088604 0.027512008945147198
0 0.398534893989563 0.33354559540748596 0.0206340067088604 0.027512008945147198
0 0.46238836646080017 0.3306518495082855 0.0206340067088604 0.027512008945147198
0 0.5267826914787292 0.3277336061000824 0.0206340067088604 0.027512008945147198
0 0.5917248129844666 0.3247905373573303 0.0206340067088604 0.027512008945147198
0 0.6572216153144836 0.3218223452568054 0.0206340067088604 0.027512008945147198
0 0.7232803702354431 0.31882867217063904 0.0206340067088604 0.027512008945147198
0 0.34241271018981934 0.27442747354507446 0.0206340067088604 0.027512008945147198
0 0.40316256880760193 0.2714260518550873 0.0206340067088604 0.027512008945147198
0 0.4644037187099457 0.2684003710746765 0.0206340067088604 0.027512008945147198
0 0.5261421203613281 0.2653501331806183 0.0206340067088604 0.027512008945147198
0 0.5883839130401611 0.26227501034736633 0.0206340067088604 0.027512008945147198
0 0.6511351466178894 0.25917473435401917 0.0206340067088604 0.027512008945147198
0 0.7144022583961487 0.25604894757270813 0.0206340067088604 0.027512008945147198
0 0.34904468059539795 0.2173081487417221 0.0206340067088604 0.027512008945147198
0 0.4074254035949707 0.2142041027545929 0.0206340067088604 0.027512008945147198
0 0.46625953912734985 0.21107594668865204 0.0206340067088604 0.027512008945147198
0 0.5255524516105652 0.20792339742183685 0.0206340067088604 0.027512008945147198
0 0.5853095054626465 0.20474617183208466 0.0206340067088604 0.027512008945147198
0 0.6455361247062683 0.20154397189617157 0.0206340067088604 0.027512008945147198
0 0.7062378525733948 0.1983165144920349 0.0206340067088604 0.027512008945147198