0 0.6938849687576294 0.15871861577033997 0.02303301614398758 0.03444189329942068
0 0.6190803050994873 0.1573011875152588 0.02303301614398758 0.03444189329942068
0 0.5434714555740356 0.1558685302734375 0.02303301614398758 0.03444189329942068
0 0.4670453667640686 0.1544203758239746 0.02303301614398758 0.03444189329942068
0 0.3897886872291565 0.15295648574829102 0.02303301614398758 0.03444189329942068
0 0.3116878271102905 0.15147660672664642 0.02303301614398758 0.03444189329942068
0 0.23272886872291565 0.14998047053813934 0.02303301614398758 0.03444189329942068
0 0.70572829246521 0.23824414610862732 0.02303301614398758 0.03444189329942068
0 0.6282473206520081 0.2372155338525772 0.02303301614398758 0.03444189329942068
0 0.5499026775360107 0.23617547750473022 0.02303301614398758 0.03444189329942068
0 0.47067975997924805 0.23512375354766846 0.02303301614398758 0.03444189329942068
0 0.39056381583213806 0.2340601682662964 0.02303301614398758 0.03444189329942068
0 0.3095396161079407 0.2329845279455185 0.02303301614398758 0.03444189329942068
0 0.2275916486978531 0.23189663887023926 0.02303301614398758 0.03444189329942068
0 0.7184678316116333 0.3237869441509247 0.02303301614398758 0.03444189329942068
0 0.63811194896698 0.3232114017009735 0.02303301614398758 0.03444189329942068
0 0.5568260550498962 0.3226291835308075 0.02303301614398758 0.03444189329942068
0 0.47459396719932556 0.3220401704311371 0.02303301614398758 0.03444189329942068
0 0.39139896631240845 0.3214442729949951 0.02303301614398758 0.03444189329942068
0 0.3072240948677063 0.32084134221076965 0.02303301614398758 0.03444189329942068
0 0.22205190360546112 0.32023128867149353 0.02303301614398758 0.03444189329942068
0 0.7322091460227966 0.41605687141418457 0.02303301614398758 0.03444189329942068
0 0.6487569808959961 0.41601040959358215 0.02303301614398758 0.03444189329942068
0 0.564300537109375 0.41596341133117676 0.02303301614398758 0.03444189329942068
0 0.4788215756416321 0.4159158170223236 0.02303301614398758 0.03444189329942068
0 0.39230138063430786 0.4158676862716675 0.02303301614398758 0.03444189329942068
0 0.3047208786010742 0.4158189296722412 0.02303301614398758 0.03444189329942068
0 0.21606040000915527 0.4157695770263672 0.02303301614398758 0.03444189329942068
0 0.7470753192901611 0.5158798694610596 0.02303301614398758 0.03444189329942068
0 0.6602787971496582 0.5164531469345093 0.02303301614398758 0.03444189329942068
0 0.5723944902420044 0.5170336365699768 0.02303301614398758 0.03444189329942068
0 0.4834017753601074 0.5176213979721069 0.02303301614398758 0.03444189329942068
0 0.3932795524597168 0.5182166695594788 0.02303301614398758 0.03444189329942068
0 0.30200621485710144 0.5188195109367371 0.02303301614398758 0.03444189329942068
0 0.20955951511859894 0.5194301009178162 0.02303301614398758 0.03444189329942068
0 0.7632103562355042 0.624222993850708 0.02303301614398758 0.03444189329942068
0 0.6727904677391052 0.6255245804786682 0.02303301614398758 0.03444189329942068
0 0.5811883211135864 0.6268432140350342 0.02303301614398758 0.03444189329942068
0 0.48838064074516296 0.6281791925430298 0.02303301614398758 0.03444189329942068
0 0.39434343576431274 0.6295328140258789 0.02303301614398758 0.03444189329942068
0 0.2990521192550659 0.6309045553207397 0.02303301614398758 0.03444189329942068
0 0.20248141884803772 0.6322946548461914 0.02303301614398758 0.03444189329942068
0 0.7807839512825012 0.742225706577301 0.02303301614398758 0.03444189329942068
0 0.6864251494407654 0.7443865537643433 0.02303301614398758 0.03444189329942068
0 0.5907769203186035 0.7465769052505493 0.02303301614398758 0.03444189329942068
0 0.49381256103515625 0.7487973570823669 0.02303301614398758 0.03444189329942068
0 0.39550480246543884 0.7510486245155334 0.02303301614398758 0.03444189329942068
0 0.29582545161247253 0.7533313035964966 0.02303301614398758 0.03444189329942068
0 0.19474565982818604 0.7556460499763489 0.02303301614398758 0.03444189329942068