0 0.6949828863143921 0.15949894487857819 0.022820534200097126 0.03412416328986486
0 0.6197471022605896 0.15897010266780853 0.022820534200097126 0.03412416328986486
0 0.5437384843826294 0.15843582153320312 0.022820534200097126 0.03412416328986486
0 0.466945081949234 0.157896026968956 0.022820534200097126 0.03412416328986486
0 0.3893547058105469 0.15735061466693878 0.022820534200097126 0.03412416328986486
0 0.31095483899116516 0.1567995250225067 0.022820534200097126 0.03412416328986486
0 0.2317327857017517 0.15624265372753143 0.022820534200097126 0.03412416328986486
0 0.7068012356758118 0.2387949377298355 0.022820534200097126 0.03412416328986486
0 0.6289414167404175 0.2386668622493744 0.022820534200097126 0.03412416328986486
0 0.55025315284729 0.23853740096092224 0.022820534200097126 0.03412416328986486
0 0.47072306275367737 0.23840656876564026 0.022820534200097126 0.03412416328986486
0 0.39033764600753784 0.23827433586120605 0.022820534200097126 0.03412416328986486
0 0.3090830147266388 0.23814065754413605 0.022820534200097126 0.03412416328986486
0 0.2269449681043625 0.23800553381443024 0.022820534200097126 0.03412416328986486
0 0.719490110874176 0.3239316940307617 0.022820534200097126 0.03412416328986486
0 0.6388167142868042 0.32426610589027405 0.022820534200097126 0.03412416328986486
0 0.5572529435157776 0.32460421323776245 0.022820534200097126 0.03412416328986486
0 0.4747839570045471 0.3249460756778717 0.022820534200097126 0.03412416328986486
0 0.39139461517333984 0.3252917528152466 0.022820534200097126 0.03412416328986486
0 0.30706942081451416 0.32564130425453186 0.022820534200097126 0.03412416328986486
0 0.2217925488948822 0.3259947896003723 0.022820534200097126 0.03412416328986486
0 0.7331494092941284 0.415579229593277 0.022820534200097126 0.03412416328986486
0 0.6494515538215637 0.41644883155822754 0.022820534200097126 0.03412416328986486
0 0.5647941827774048 0.4173283874988556 0.022820534200097126 0.03412416328986486
0 0.47916075587272644 0.41821807622909546 0.022820534200097126 0.03412416328986486
0 0.3925342857837677 0.41911807656288147 0.022820534200097126 0.03412416328986486
0 0.30489736795425415 0.42002859711647034 0.022820534200097126 0.03412416328986486
0 0.21623224020004272 0.420949786901474 0.022820534200097126 0.03412416328986486
0 0.7478947639465332 0.5145140886306763 0.022820534200097126 0.03412416328986486
0 0.6609369516372681 0.5160048604011536 0.022820534200097126 0.03412416328986486
0 0.5729422569274902 0.5175133943557739 0.022820534200097126 0.03412416328986486
0 0.4838918447494507 0.519040048122406 0.022820534200097126 0.03412416328986486
0 0.39376676082611084 0.5205850601196289 0.022820534200097126 0.03412416328986486
0 0.3025473654270172 0.5221489071846008 0.022820534200097126 0.03412416328986486
0 0.2102135866880417 0.5237318277359009 0.022820534200097126 0.03412416328986486
0 0.7638611793518066 0.6216413974761963 0.022820534200097126 0.03412416328986486
0 0.6733793616294861 0.623855710029602 0.022820534200097126 0.03412416328986486
0 0.5817733407020569 0.6260975003242493 0.022820534200097126 0.03412416328986486
0 0.48902207612991333 0.6283673048019409 0.022820534200097126 0.03412416328986486
0 0.3951038718223572 0.63066565990448 0.022820534200097126 0.03412416328986486
0 0.29999658465385437 0.6329931020736694 0.022820534200097126 0.03412416328986486
0 0.20367750525474548 0.635350227355957 0.022820534200097126 0.03412416328986486
0 0.7812067866325378 0.7380227446556091 0.022820534200097126 0.03412416328986486
0 0.6869034767150879 0.7410830855369568 0.022820534200097126 0.03412416328986486
0 0.5913772583007812 0.7441830635070801 0.022820534200097126 0.03412416328986486
0 0.49460411071777344 0.7473235130310059 0.022820534200097126 0.03412416328986486
0 0.3965595066547394 0.7505052089691162 0.022820534200097126 0.03412416328986486
0 0.2972181737422943 0.753728985786438 0.022820534200097126 0.03412416328986486
0 0.1965542733669281 0.7569957375526428 0.022820534200097126 0.03412416328986486