0 0.7050080895423889 0.18494689464569092 0.024661706760525703 0.032882275680700936
0 0.6390032172203064 0.18556173145771027 0.024661706760525703 0.032882275680700936
0 0.572772204875946 0.18617868423461914 0.024661706760525703 0.032882275680700936
0 0.5063138008117676 0.18679773807525635 0.024661706760525703 0.032882275680700936
0 0.4396268129348755 0.18741893768310547 0.024661706760525703 0.032882275680700936
0 0.37271007895469666 0.1880422681570053 0.024661706760525703 0.032882275680700936
0 0.30556243658065796 0.18866775929927826 0.024661706760525703 0.032882275680700936
0 0.716436505317688 0.24715153872966766 0.024661706760525703 0.032882275680700936
0 0.6472482681274414 0.24790780246257782 0.024661706760525703 0.032882275680700936
0 0.5778113603591919 0.24866677820682526 0.024661706760525703 0.032882275680700936
0 0.5081244707107544 0.24942849576473236 0.024661706760525703 0.032882275680700936
0 0.4381861686706543 0.2501929700374603 0.024661706760525703 0.032882275680700936
0 0.36799517273902893 0.25096020102500916 0.024661706760525703 0.032882275680700936
0 0.2975500822067261 0.25173017382621765 0.024661706760525703 0.032882275680700936
0 0.7290288805961609 0.3156912624835968 0.024661706760525703 0.032882275680700936
0 0.6563345789909363 0.31661534309387207 0.024661706760525703 0.032882275680700936
0 0.5833656787872314 0.3175428807735443 0.024661706760525703 0.032882275680700936
0 0.5101205706596375 0.3184739649295807 0.024661706760525703 0.032882275680700936
0 0.43659770488739014 0.3194085359573364 0.024661706760525703 0.032882275680700936
0 0.36279553174972534 0.3203466832637787 0.024661706760525703 0.032882275680700936
0 0.28871241211891174 0.32128840684890747 0.024661706760525703 0.032882275680700936
0 0.7429724931716919 0.3915857970714569 0.024661706760525703 0.032882275680700936
0 0.6663978695869446 0.39271029829978943 0.024661706760525703 0.032882275680700936
0 0.5895183086395264 0.3938392996788025 0.024661706760525703 0.032882275680700936
0 0.5123321413993835 0.3949728012084961 0.024661706760525703 0.032882275680700936
0 0.4348374307155609 0.39611080288887024 0.024661706760525703 0.032882275680700936
0 0.35703232884407043 0.3972533941268921 0.024661706760525703 0.032882275680700936
0 0.2789149880409241 0.39840057492256165 0.024661706760525703 0.032882275680700936
0 0.7584971785545349 0.4760860204696655 0.024661706760525703 0.032882275680700936
0 0.677604615688324 0.4774518311023712 0.024661706760525703 0.032882275680700936
0 0.596371591091156 0.47882339358329773 0.024661706760525703 0.032882275680700936
0 0.5147960782051086 0.48020073771476746 0.024661706760525703 0.032882275680700936
0 0.4328758418560028 0.4815838932991028 0.024661706760525703 0.032882275680700936
0 0.3506087064743042 0.4829729199409485 0.024661706760525703 0.032882275680700936
0 0.2679924964904785 0.48436784744262695 0.024661706760525703 0.032882275680700936
0 0.7758880257606506 0.5707436800003052 0.024661706760525703 0.032882275680700936
0 0.6901614665985107 0.5724024772644043 0.024661706760525703 0.032882275680700936
0 0.6040523648262024 0.5740686655044556 0.024661706760525703 0.032882275680700936
0 0.517558217048645 0.5757423043251038 0.024661706760525703 0.032882275680700936
0 0.4306763708591461 0.5774234533309937 0.024661706760525703 0.032882275680700936
0 0.34340429306030273 0.57911217212677 0.024661706760525703 0.032882275680700936
0 0.2557393014431 0.5808084607124329 0.024661706760525703 0.032882275680700936
0 0.7955030202865601 0.6775073409080505 0.024661706760525703 0.032882275680700936
0 0.7043280601501465 0.6795253753662109 0.024661706760525703 0.032882275680700936
0 0.6127200722694397 0.6815529465675354 0.024661706760525703 0.032882275680700936
0 0.5206760764122009 0.6835901737213135 0.024661706760525703 0.032882275680700936
0 0.4281929135322571 0.6856371164321899 0.024661706760525703 0.032882275680700936
0 0.33526745438575745 0.6876938939094543 0.024661706760525703 0.032882275680700936
0 0.24189648032188416 0.6897604465484619 0.024661706760525703 0.032882275680700936