0 0.7000774145126343 0.13375207781791687 0.022318903418878717 0.03337406118710836
0 0.6262630820274353 0.131316140294075 0.022318903418878717 0.03337406118710836
0 0.5518282055854797 0.128859743475914 0.022318903418878717 0.03337406118710836
0 0.47676488757133484 0.12638258934020996 0.022318903418878717 0.03337406118710836
0 0.4010652005672455 0.12388443946838379 0.022318903418878717 0.03337406118710836
0 0.32472100853919983 0.1213650181889534 0.022318903418878717 0.03337406118710836
0 0.2477240115404129 0.1188240572810173 0.022318903418878717 0.03337406118710836
0 0.7108257412910461 0.21056564152240753 0.022318903418878717 0.03337406118710836
0 0.6343731880187988 0.20837433636188507 0.022318903418878717 0.03337406118710836
0 0.557254433631897 0.2061639279127121 0.022318903418878717 0.03337406118710836
0 0.47946077585220337 0.2039341777563095 0.022318903418878717 0.03337406118710836
0 0.4009832441806793 0.201684832572937 0.022318903418878717 0.03337406118710836
0 0.32181280851364136 0.19941562414169312 0.022318903418878717 0.03337406118710836
0 0.24194025993347168 0.19712628424167633 0.022318903418878717 0.03337406118710836
0 0.7223818302154541 0.29315194487571716 0.022318903418878717 0.03337406118710836
0 0.6430955529212952 0.29124972224235535 0.022318903418878717 0.03337406118710836
0 0.5630922317504883 0.28933027386665344 0.022318903418878717 0.03337406118710836
0 0.4823620319366455 0.28739339113235474 0.022318903418878717 0.03337406118710836
0 0.40089502930641174 0.2854388356208801 0.022318903418878717 0.03337406118710836
0 0.3186810612678528 0.2834663689136505 0.022318903418878717 0.03337406118710836
0 0.23570983111858368 0.2814757227897644 0.022318903418878717 0.03337406118710836
0 0.7348402738571167 0.382187157869339 0.022318903418878717 0.03337406118710836
0 0.6525022387504578 0.3806268572807312 0.022318903418878717 0.03337406118710836
0 0.5693901181221008 0.3790518641471863 0.022318903418878717 0.03337406118710836
0 0.4854930341243744 0.3774620294570923 0.022318903418878717 0.03337406118710836
0 0.40079978108406067 0.37585708498954773 0.022318903418878717 0.03337406118710836
0 0.3152989149093628 0.3742368221282959 0.022318903418878717 0.03337406118710836
0 0.22897890210151672 0.37260106205940247 0.022318903418878717 0.03337406118710836
0 0.7483111023902893 0.47845733165740967 0.022318903418878717 0.03337406118710836
0 0.662676990032196 0.47730210423469543 0.022318903418878717 0.03337406118710836
0 0.5762048363685608 0.4761355519294739 0.022318903418878717 0.03337406118710836
0 0.48888224363327026 0.47495752573013306 0.022318903418878717 0.03337406118710836
0 0.40069663524627686 0.47376787662506104 0.022318903418878717 0.03337406118710836
0 0.3116351366043091 0.4725663959980011 0.022318903418878717 0.03337406118710836
0 0.22168464958667755 0.4713529348373413 0.022318903418878717 0.03337406118710836
0 0.7629229426383972 0.5828816294670105 0.022318903418878717 0.03337406118710836
0 0.6737179160118103 0.5822073817253113 0.022318903418878717 0.03337406118710836
0 0.5836026072502136 0.5815262198448181 0.022318903418878717 0.03337406118710836
0 0.4925629198551178 0.5808380246162415 0.022318903418878717 0.03337406118710836
0 0.4005845785140991 0.5801427960395813 0.022318903418878717 0.03337406118710836
0 0.3076529800891876 0.5794403553009033 0.022318903418878717 0.03337406118710836
0 0.21375325322151184 0.578730583190918 0.022318903418878717 0.03337406118710836
0 0.7788271307945251 0.696541965007782 0.022318903418878717 0.03337406118710836
0 0.68574059009552 0.6964403390884399 0.022318903418878717 0.03337406118710836
0 0.5916616916656494 0.6963376998901367 0.022318903418878717 0.03337406118710836
0 0.49657437205314636 0.6962339282035828 0.022318903418878717 0.03337406118710836
0 0.40046238899230957 0.6961290240287781 0.022318903418878717 0.03337406118710836
0 0.3033090829849243 0.6960229873657227 0.022318903418878717 0.03337406118710836
0 0.20509742200374603 0.6959158182144165 0.022318903418878717 0.03337406118710836