0 0.3351603150367737 0.3926847279071808 0.019214559346437458 0.025619412461916607
0 0.3297157883644104 0.4491942822933197 0.019214559346437458 0.025619412461916607
0 0.3239292800426483 0.5092532634735107 0.019214559346437458 0.025619412461916607
0 0.31776753067970276 0.5732068419456482 0.019214559346437458 0.025619412461916607
0 0.3111928403377533 0.641446590423584 0.019214559346437458 0.025619412461916607
0 0.30416223406791687 0.7144182920455933 0.019214559346437458 0.025619412461916607
0 0.29662656784057617 0.7926319241523743 0.019214559346437458 0.025619412461916607
0 0.39588090777397156 0.3937055468559265 0.019214559346437458 0.025619412461916607
0 0.3922828733921051 0.4502832889556885 0.019214559346437458 0.025619412461916607
0 0.3884587287902832 0.510417103767395 0.019214559346437458 0.025619412461916607
0 0.3843863904476166 0.5744531750679016 0.019214559346437458 0.025619412461916607
0 0.3800409436225891 0.6427839994430542 0.019214559346437458 0.025619412461916607
0 0.37539395689964294 0.715856671333313 0.019214559346437458 0.025619412461916607
0 0.3704128861427307 0.794182538986206 0.019214559346437458 0.025619412461916607
0 0.4566788673400879 0.3947276771068573 0.019214559346437458 0.025619412461916607
0 0.45493215322494507 0.45137375593185425 0.019214559346437458 0.025619412461916607
0 0.4530755579471588 0.511582612991333 0.019214559346437458 0.025619412461916607
0 0.4510984420776367 0.5757012367248535 0.019214559346437458 0.025619412461916607
0 0.44898858666419983 0.644123375415802 0.019214559346437458 0.025619412461916607
0 0.4467322528362274 0.7172971963882446 0.019214559346437458 0.025619412461916607
0 0.44431355595588684 0.7957355380058289 0.019214559346437458 0.025619412461916607
0 0.5175543427467346 0.39575111865997314 0.019214559346437458 0.025619412461916607
0 0.5176637172698975 0.45246562361717224 0.019214559346437458 0.025619412461916607
0 0.5177800059318542 0.5127496123313904 0.019214559346437458 0.025619412461916607
0 0.5179038047790527 0.5769510865211487 0.019214559346437458 0.025619412461916607
0 0.5180359482765198 0.6454646587371826 0.019214559346437458 0.025619412461916607
0 0.518177330493927 0.7187398672103882 0.019214559346437458 0.025619412461916607
0 0.5183287858963013 0.7972909808158875 0.019214559346437458 0.025619412461916607
0 0.5785075426101685 0.39677584171295166 0.019214559346437458 0.025619412461916607
0 0.5804778337478638 0.45355892181396484 0.019214559346437458 0.025619412461916607
0 0.5825722217559814 0.5139182806015015 0.019214559346437458 0.025619412461916607
0 0.5848028063774109 0.5782026648521423 0.019214559346437458 0.025619412461916607
0 0.5871832966804504 0.6468079090118408 0.019214559346437458 0.025619412461916607
0 0.589729368686676 0.7201846837997437 0.019214559346437458 0.025619412461916607
0 0.5924589037895203 0.7988488674163818 0.019214559346437458 0.025619412461916607
0 0.6395385265350342 0.39780187606811523 0.019214559346437458 0.025619412461916607
0 0.6433745622634888 0.45465368032455444 0.019214559346437458 0.025619412461916607
0 0.6474524140357971 0.5150884985923767 0.019214559346437458 0.025619412461916607
0 0.6517955660820007 0.5794560313224792 0.019214559346437458 0.025619412461916607
0 0.6564308404922485 0.6481530666351318 0.019214559346437458 0.025619412461916607
0 0.6613887548446655 0.7216317057609558 0.019214559346437458 0.025619412461916607
0 0.6667041778564453 0.8004090785980225 0.019214559346437458 0.025619412461916607
0 0.7006475329399109 0.39882925152778625 0.019214559346437458 0.025619412461916607
0 0.7063541412353516 0.45574986934661865 0.019214559346437458 0.025619412461916607
0 0.7124207019805908 0.5162602663040161 0.019214559346437458 0.025619412461916607
0 0.7188822627067566 0.5807111263275146 0.019214559346437458 0.025619412461916607
0 0.7257787585258484 0.6495002508163452 0.019214559346437458 0.025619412461916607
0 0.7331556081771851 0.7230808734893799 0.019214559346437458 0.025619412461916607
0 0.7410648465156555 0.8019717931747437 0.019214559346437458 0.025619412461916607