0 0.29610612988471985 0.19002151489257812 0.018920411355793476 0.03363628685474396
0 0.29060104489326477 0.2716740667819977 0.018920411355793476 0.03363628685474396
0 0.284694105386734 0.3592865765094757 0.018920411355793476 0.03363628685474396
0 0.278339684009552 0.4535363018512726 0.018920411355793476 0.03363628685474396
0 0.271484911441803 0.5552071928977966 0.018920411355793476 0.03363628685474396
0 0.2640683054924011 0.6652116179466248 0.018920411355793476 0.03363628685474396
0 0.2560177743434906 0.7846179604530334 0.018920411355793476 0.03363628685474396
0 0.3568958044052124 0.1914142519235611 0.018920411355793476 0.03363628685474396
0 0.3535422086715698 0.27284717559814453 0.018920411355793476 0.03363628685474396
0 0.3499446511268616 0.3602038025856018 0.018920411355793476 0.03363628685474396
0 0.34607553482055664 0.4541548192501068 0.018920411355793476 0.03363628685474396
0 0.3419029116630554 0.5554762482643127 0.018920411355793476 0.03363628685474396
0 0.3373895585536957 0.6650708913803101 0.018920411355793476 0.03363628685474396
0 0.33249199390411377 0.7839950323104858 0.018920411355793476 0.03363628685474396
0 0.41730043292045593 0.1927981823682785 0.018920411355793476 0.03363628685474396
0 0.4160707890987396 0.27401262521743774 0.018920411355793476 0.03363628685474396
0 0.4147520065307617 0.3611147701740265 0.018920411355793476 0.03363628685474396
0 0.4133340120315552 0.45476895570755005 0.018920411355793476 0.03363628685474396
0 0.4118051826953888 0.555743396282196 0.018920411355793476 0.03363628685474396
0 0.41015198826789856 0.6649312376976013 0.018920411355793476 0.03363628685474396
0 0.408358633518219 0.7833770513534546 0.018920411355793476 0.03363628685474396
0 0.4773236811161041 0.19417336583137512 0.018920411355793476 0.03363628685474396
0 0.4781908094882965 0.2751704454421997 0.018920411355793476 0.03363628685474396
0 0.4791205823421478 0.3620195984840393 0.018920411355793476 0.03363628685474396
0 0.48012006282806396 0.45537880063056946 0.018920411355793476 0.03363628685474396
0 0.4811973571777344 0.5560085773468018 0.018920411355793476 0.03363628685474396
0 0.48236197233200073 0.6647926568984985 0.018920411355793476 0.03363628685474396
0 0.4836249351501465 0.7827639579772949 0.018920411355793476 0.03363628685474396
0 0.5369691848754883 0.1955399066209793 0.018920411355793476 0.03363628685474396
0 0.5399063229560852 0.2763207256793976 0.018920411355793476 0.03363628685474396
0 0.5430548787117004 0.36291828751564026 0.018920411355793476 0.03363628685474396
0 0.5464386940002441 0.4559843838214874 0.018920411355793476 0.03363628685474396
0 0.5500850677490234 0.5562718510627747 0.018920411355793476 0.03363628685474396
0 0.5540257692337036 0.6646550893783569 0.018920411355793476 0.03363628685474396
0 0.5582979917526245 0.7821556925773621 0.018920411355793476 0.03363628685474396
0 0.5962404608726501 0.19689786434173584 0.018920411355793476 0.03363628685474396
0 0.6012211441993713 0.27746352553367615 0.018920411355793476 0.03363628685474396
0 0.6065592765808105 0.3638109564781189 0.018920411355793476 0.03363628685474396
0 0.6122947931289673 0.45658570528030396 0.018920411355793476 0.03363628685474396
0 0.6184737086296082 0.55653315782547 0.018920411355793476 0.03363628685474396
0 0.6251495480537415 0.6645185947418213 0.018920411355793476 0.03363628685474396
0 0.6323847770690918 0.781552255153656 0.018920411355793476 0.03363628685474396
0 0.6551410555839539 0.19824732840061188 0.018920411355793476 0.03363628685474396
0 0.6621392965316772 0.27859893441200256 0.018920411355793476 0.03363628685474396
0 0.6696380972862244 0.3646976351737976 0.018920411355793476 0.03363628685474396
0 0.6776931881904602 0.4571828842163086 0.018920411355793476 0.03363628685474396
0 0.6863687634468079 0.5567926168441772 0.018920411355793476 0.03363628685474396
0 0.6957393884658813 0.6643831133842468 0.018920411355793476 0.03363628685474396
0 0.7058921456336975 0.7809534668922424 0.018920411355793476 0.03363628685474396