0 0.7012856006622314 0.18914039433002472 0.025076787918806076 0.03343571722507477
0 0.6328948140144348 0.18882839381694794 0.025076787918806076 0.03343571722507477
0 0.5646185278892517 0.18851692974567413 0.025076787918806076 0.03343571722507477
0 0.4964565634727478 0.18820597231388092 0.025076787918806076 0.03343571722507477
0 0.42840853333473206 0.1878955364227295 0.025076787918806076 0.03343571722507477
0 0.36047419905662537 0.18758562207221985 0.025076787918806076 0.03343571722507477
0 0.29265323281288147 0.187276229262352 0.025076787918806076 0.03343571722507477
0 0.7114661931991577 0.25453895330429077 0.025076787918806076 0.03343571722507477
0 0.6397743821144104 0.2541545033454895 0.025076787918806076 0.03343571722507477
0 0.5682084560394287 0.25377070903778076 0.025076787918806076 0.03343571722507477
0 0.4967679977416992 0.25338757038116455 0.025076787918806076 0.03343571722507477
0 0.42545270919799805 0.25300514698028564 0.025076787918806076 0.03343571722507477
0 0.3542622923851013 0.2526233494281769 0.025076787918806076 0.03343571722507477
0 0.28319641947746277 0.2522422671318054 0.025076787918806076 0.03343571722507477
0 0.72267746925354 0.32655811309814453 0.025076787918806076 0.03343571722507477
0 0.6473498344421387 0.32608774304389954 0.025076787918806076 0.03343571722507477
0 0.572161078453064 0.3256182372570038 0.025076787918806076 0.03343571722507477
0 0.49711084365844727 0.3251495957374573 0.025076787918806076 0.03343571722507477
0 0.4221987724304199 0.32468181848526 0.025076787918806076 0.03343571722507477
0 0.3474244475364685 0.324214905500412 0.025076787918806076 0.03343571722507477
0 0.27278751134872437 0.3237488567829132 0.025076787918806076 0.03343571722507477
0 0.7350841760635376 0.4062568247318268 0.025076787918806076 0.03343571722507477
0 0.6557322144508362 0.4056839346885681 0.025076787918806076 0.03343571722507477
0 0.5765343904495239 0.4051121473312378 0.025076787918806076 0.03343571722507477
0 0.49749016761779785 0.4045414626598358 0.025076787918806076 0.03343571722507477
0 0.4185991883277893 0.40397191047668457 0.025076787918806076 0.03343571722507477
0 0.3398610055446625 0.4034034311771393 0.025076787918806076 0.03343571722507477
0 0.26127511262893677 0.4028360843658447 0.025076787918806076 0.03343571722507477
0 0.748888373374939 0.4949325621128082 0.025076787918806076 0.03343571722507477
0 0.6650578379631042 0.49423640966415405 0.025076787918806076 0.03343571722507477
0 0.5813992619514465 0.4935416579246521 0.025076787918806076 0.03343571722507477
0 0.49791207909584045 0.49284833669662476 0.025076787918806076 0.03343571722507477
0 0.4145958423614502 0.492156445980072 0.025076787918806076 0.03343571722507477
0 0.331449955701828 0.4914659559726715 0.025076787918806076 0.03343571722507477
0 0.24847394227981567 0.4907768964767456 0.025076787918806076 0.03343571722507477
0 0.7643402814865112 0.594192624092102 0.025076787918806076 0.03343571722507477
0 0.6754953265190125 0.5933469533920288 0.025076787918806076 0.03343571722507477
0 0.5868435502052307 0.5925031304359436 0.025076787918806076 0.03343571722507477
0 0.4983842074871063 0.5916611552238464 0.025076787918806076 0.03343571722507477
0 0.41011670231819153 0.5908210277557373 0.025076787918806076 0.03343571722507477
0 0.3220404386520386 0.5899826884269714 0.025076787918806076 0.03343571722507477
0 0.23415476083755493 0.5891461372375488 0.025076787918806076 0.03343571722507477
0 0.7817534804344177 0.7060522437095642 0.025076787918806076 0.03343571722507477
0 0.6872562170028687 0.7050235867500305 0.025076787918806076 0.03343571722507477
0 0.5929772853851318 0.7039973139762878 0.025076787918806076 0.03343571722507477
0 0.49891602993011475 0.7029733657836914 0.025076787918806076 0.03343571722507477
0 0.4050716459751129 0.701951801776886 0.025076787918806076 0.03343571722507477
0 0.31144335865974426 0.7009325623512268 0.025076787918806076 0.03343571722507477
0 0.21803049743175507 0.6999157071113586 0.025076787918806076 0.03343571722507477