0 0.6712319254875183 0.15806186199188232 0.025042263790965084 0.03338968505462011
0 0.6029132008552551 0.16226772964000702 0.025042263790965084 0.03338968505462011
0 0.5344743132591248 0.16648098826408386 0.025042263790965084 0.03338968505462011
0 0.46591487526893616 0.17070166766643524 0.025042263790965084 0.03338968505462011
0 0.39723461866378784 0.17492979764938354 0.025042263790965084 0.03338968505462011
0 0.32843321561813354 0.17916537821292877 0.025042263790965084 0.03338968505462011
0 0.259510338306427 0.1834084391593933 0.025042263790965084 0.03338968505462011
0 0.6826902031898499 0.22397851943969727 0.025042263790965084 0.03338968505462011
0 0.6111854910850525 0.22844181954860687 0.025042263790965084 0.03338968505462011
0 0.5395491123199463 0.2329133301973343 0.025042263790965084 0.03338968505462011
0 0.4677806794643402 0.2373930960893631 0.025042263790965084 0.03338968505462011
0 0.3958798348903656 0.2418811172246933 0.025042263790965084 0.03338968505462011
0 0.3238461911678314 0.24637743830680847 0.025042263790965084 0.03338968505462011
0 0.25167936086654663 0.2508820593357086 0.025042263790965084 0.03338968505462011
0 0.6952722668647766 0.29635998606681824 0.025042263790965084 0.03338968505462011
0 0.6202698945999146 0.30111220479011536 0.025042263790965084 0.03338968505462011
0 0.5451226234436035 0.3058736324310303 0.025042263790965084 0.03338968505462011
0 0.4698300361633301 0.310644268989563 0.025042263790965084 0.03338968505462011
0 0.39439165592193604 0.3154241442680359 0.025042263790965084 0.03338968505462011
0 0.31880709528923035 0.320213258266449 0.025042263790965084 0.03338968505462011
0 0.2430759221315384 0.325011670589447 0.025042263790965084 0.03338968505462011
0 0.7091519236564636 0.37620633840560913 0.025042263790965084 0.03338968505462011
0 0.6302921175956726 0.3812849223613739 0.025042263790965084 0.03338968505462011
0 0.5512721538543701 0.3863738179206848 0.025042263790965084 0.03338968505462011
0 0.4720913767814636 0.39147308468818665 0.025042263790965084 0.03338968505462011
0 0.3927493691444397 0.3965827226638794 0.025042263790965084 0.03338968505462011
0 0.31324565410614014 0.40170279145240784 0.025042263790965084 0.03338968505462011
0 0.23357972502708435 0.406833291053772 0.025042263790965084 0.03338968505462011
0 0.7245408892631531 0.46473515033721924 0.025042263790965084 0.03338968505462011
0 0.6414054036140442 0.47018489241600037 0.025042263790965084 0.03338968505462011
0 0.5580917596817017 0.47564634680747986 0.025042263790965084 0.03338968505462011
0 0.4745993912220001 0.4811194837093353 0.025042263790965084 0.03338968505462011
0 0.3909277319908142 0.48660439252853394 0.025042263790965084 0.03338968505462011
0 0.30707621574401855 0.4921010732650757 0.025042263790965084 0.03338968505462011
0 0.2230442613363266 0.49760961532592773 0.025042263790965084 0.03338968505462011
0 0.7416993975639343 0.5634440779685974 0.025042263790965084 0.03338968505462011
0 0.65379798412323 0.5693192481994629 0.025042263790965084 0.03338968505462011
0 0.5656973123550415 0.5752077698707581 0.025042263790965084 0.03338968505462011
0 0.47739678621292114 0.5811095833778381 0.025042263790965084 0.03338968505462011
0 0.3888956904411316 0.5870248675346375 0.025042263790965084 0.03338968505462011
0 0.30019330978393555 0.5929535627365112 0.025042263790965084 0.03338968505462011
0 0.21128901839256287 0.598895788192749 0.025042263790965084 0.03338968505462011
0 0.7609514594078064 0.674196183681488 0.025042263790965084 0.03338968505462011
0 0.6677044034004211 0.68056321144104 0.025042263790965084 0.03338968505462011
0 0.5742331147193909 0.6869455575942993 0.025042263790965084 0.03338968505462011
0 0.48053672909736633 0.6933432817459106 0.025042263790965084 0.03338968505462011
0 0.38661450147628784 0.699756383895874 0.025042263790965084 0.03338968505462011
0 0.29246559739112854 0.706184983253479 0.025042263790965084 0.03338968505462011
0 0.19808915257453918 0.7126291394233704 0.025042263790965084 0.03338968505462011