0 0.30580589175224304 0.650279700756073 0.02030467800796032 0.027072904010613758
0 0.3809979557991028 0.6507168412208557 0.02030467800796032 0.027072904010613758
0 0.4569619596004486 0.6511584520339966 0.02030467800796032 0.027072904010613758
0 0.5337098240852356 0.6516045928001404 0.02030467800796032 0.027072904010613758
0 0.6112537384033203 0.6520554423332214 0.02030467800796032 0.027072904010613758
0 0.689606249332428 0.652510941028595 0.02030467800796032 0.027072904010613758
0 0.7687799334526062 0.6529712080955505 0.02030467800796032 0.027072904010613758
0 0.3167423605918884 0.5639662742614746 0.02030467800796032 0.027072904010613758
0 0.3884640038013458 0.5639628171920776 0.02030467800796032 0.027072904010613758
0 0.46088728308677673 0.5639593005180359 0.02030467800796032 0.027072904010613758
0 0.5340225100517273 0.5639557242393494 0.02030467800796032 0.027072904010613758
0 0.6078802943229675 0.5639521479606628 0.02030467800796032 0.027072904010613758
0 0.6824713349342346 0.5639485120773315 0.02030467800796032 0.027072904010613758
0 0.757806658744812 0.5639448761940002 0.02030467800796032 0.027072904010613758
0 0.3267042636871338 0.48534464836120605 0.02030467800796032 0.027072904010613758
0 0.39526164531707764 0.48497575521469116 0.02030467800796032 0.027072904010613758
0 0.46445953845977783 0.4846034348011017 0.02030467800796032 0.027072904010613758
0 0.5343070030212402 0.48422759771347046 0.02030467800796032 0.027072904010613758
0 0.6048131585121155 0.4838482141494751 0.02030467800796032 0.027072904010613758
0 0.6759873628616333 0.4834652543067932 0.02030467800796032 0.027072904010613758
0 0.7478392124176025 0.48307862877845764 0.02030467800796032 0.027072904010613758
0 0.33581626415252686 0.41343048214912415 0.02030467800796032 0.027072904010613758
0 0.40147677063941956 0.41275733709335327 0.02030467800796032 0.027072904010613758
0 0.4677243232727051 0.4120781719684601 0.02030467800796032 0.027072904010613758
0 0.5345668196678162 0.4113929271697998 0.02030467800796032 0.027072904010613758
0 0.6020123362541199 0.4107014834880829 0.02030467800796032 0.027072904010613758
0 0.6700690984725952 0.41000381112098694 0.02030467800796032 0.027072904010613758
0 0.7387453317642212 0.40929973125457764 0.02030467800796032 0.027072904010613758
0 0.34418269991874695 0.3474004864692688 0.02030467800796032 0.027072904010613758
0 0.4071812033653259 0.34647321701049805 0.02030467800796032 0.027072904010613758
0 0.47071969509124756 0.34553802013397217 0.02030467800796032 0.027072904010613758
0 0.534805178642273 0.3445947468280792 0.02030467800796032 0.027072904010613758
0 0.5994446873664856 0.34364333748817444 0.02030467800796032 0.027072904010613758
0 0.6646455526351929 0.3426836431026459 0.02030467800796032 0.027072904010613758
0 0.7304149866104126 0.34171560406684875 0.02030467800796032 0.027072904010613758
0 0.35189148783683777 0.28656092286109924 0.02030467800796032 0.027072904010613758
0 0.4124353528022766 0.28542086482048035 0.02030467800796032 0.027072904010613758
0 0.47347766160964966 0.2842714190483093 0.02030467800796032 0.027072904010613758
0 0.5350245237350464 0.28311246633529663 0.02030467800796032 0.027072904010613758
0 0.597082257270813 0.2819438874721527 0.02030467800796032 0.027072904010613758
0 0.6596572399139404 0.2807655930519104 0.02030467800796032 0.027072904010613758
0 0.7227559685707092 0.2795774042606354 0.02030467800796032 0.027072904010613758
0 0.3590172231197357 0.23032288253307343 0.02030467800796032 0.027072904010613758
0 0.4172905683517456 0.22900433838367462 0.02030467800796032 0.027072904010613758
0 0.47602537274360657 0.22767533361911774 0.02030467800796032 0.027072904010613758
0 0.5352270603179932 0.2263357788324356 0.02030467800796032 0.027072904010613758
0 0.5949013233184814 0.2249855250120163 0.02030467800796032 0.027072904010613758
0 0.6550537347793579 0.22362445294857025 0.02030467800796032 0.027072904010613758
0 0.7156901359558105 0.22225242853164673 0.02030467800796032 0.027072904010613758