0 0.7279738187789917 0.17556969821453094 0.02498510107398033 0.03331346809864044
0 0.6614813208580017 0.1731044501066208 0.02498510107398033 0.03331346809864044
0 0.5947137475013733 0.17062900960445404 0.02498510107398033 0.03331346809864044
0 0.527669370174408 0.16814330220222473 0.02498510107398033 0.03331346809864044
0 0.46034643054008484 0.16564726829528809 0.02498510107398033 0.03331346809864044
0 0.39274322986602783 0.16314084827899933 0.02498510107398033 0.03331346809864044
0 0.32485800981521606 0.1606239676475525 0.02498510107398033 0.03331346809864044
0 0.7387704849243164 0.23952743411064148 0.02498510107398033 0.03331346809864044
0 0.669049084186554 0.23708009719848633 0.02498510107398033 0.03331346809864044
0 0.5990250706672668 0.23462213575839996 0.02498510107398033 0.03331346809864044
0 0.5286964774131775 0.2321534901857376 0.02498510107398033 0.03331346809864044
0 0.4580613672733307 0.2296740859746933 0.02498510107398033 0.03331346809864044
0 0.3871176838874817 0.22718384861946106 0.02498510107398033 0.03331346809864044
0 0.31586340069770813 0.22468270361423492 0.02498510107398033 0.03331346809864044
0 0.7506750822067261 0.3100486099720001 0.02498510107398033 0.03331346809864044
0 0.6773951649665833 0.30763596296310425 0.02498510107398033 0.03331346809864044
0 0.6037808060646057 0.3052123188972473 0.02498510107398033 0.03331346809864044
0 0.529829740524292 0.30277755856513977 0.02498510107398033 0.03331346809864044
0 0.45553964376449585 0.3003316819667816 0.02498510107398033 0.03331346809864044
0 0.38090819120407104 0.2978745400905609 0.02498510107398033 0.03331346809864044
0 0.3059329688549042 0.2954060733318329 0.02498510107398033 0.03331346809864044
0 0.7638673782348633 0.38819819688796997 0.02498510107398033 0.03331346809864044
0 0.6866462230682373 0.38584229350090027 0.02498510107398033 0.03331346809864044
0 0.6090534925460815 0.38347509503364563 0.02498510107398033 0.03331346809864044
0 0.5310865044593811 0.3810964524745941 0.02498510107398033 0.03331346809864044
0 0.4527425169944763 0.37870630621910095 0.02498510107398033 0.03331346809864044
0 0.3740188479423523 0.37630459666252136 0.02498510107398033 0.03331346809864044
0 0.2949126958847046 0.3738912045955658 0.02498510107398033 0.03331346809864044
0 0.7785683274269104 0.47528472542762756 0.02498510107398033 0.03331346809864044
0 0.6969578862190247 0.473014771938324 0.02498510107398033 0.03331346809864044
0 0.6149321794509888 0.47073328495025635 0.02498510107398033 0.03331346809864044
0 0.5324880480766296 0.4684401750564575 0.02498510107398033 0.03331346809864044
0 0.449622243642807 0.46613532304763794 0.02498510107398033 0.03331346809864044
0 0.3663315773010254 0.46381866931915283 0.02498510107398033 0.03331346809864044
0 0.28261274099349976 0.46149009466171265 0.02498510107398033 0.03331346809864044
0 0.7950524091720581 0.5729341506958008 0.02498510107398033 0.03331346809864044
0 0.708523690700531 0.5707890391349792 0.02498510107398033 0.03331346809864044
0 0.6215277910232544 0.5686323642730713 0.02498510107398033 0.03331346809864044
0 0.5340609550476074 0.5664640665054321 0.02498510107398033 0.03331346809864044
0 0.44611939787864685 0.5642839074134827 0.02498510107398033 0.03331346809864044
0 0.3576992154121399 0.5620919466018677 0.02498510107398033 0.03331346809864044
0 0.26879647374153137 0.5598880052566528 0.02498510107398033 0.03331346809864044
0 0.813664972782135 0.6831923723220825 0.02498510107398033 0.03331346809864044
0 0.7215871214866638 0.6812244653701782 0.02498510107398033 0.03331346809864044
0 0.6289799213409424 0.6792451739311218 0.02498510107398033 0.03331346809864044
0 0.535838782787323 0.6772544980049133 0.02498510107398033 0.03331346809864044
0 0.4421590268611908 0.6752523183822632 0.02498510107398033 0.03331346809864044
0 0.34793606400489807 0.6732385158538818 0.02498510107398033 0.03331346809864044
0 0.2531650960445404 0.6712130308151245 0.02498510107398033 0.03331346809864044