0 0.25854581594467163 0.1964801400899887 0.03624665488799413 0.03624665488799413
0 0.3382778465747833 0.1934647113084793 0.03624665488799413 0.03624665488799413
0 0.4179612994194031 0.19045111536979675 0.03624665488799413 0.03624665488799413
0 0.49759626388549805 0.18743935227394104 0.03624665488799413 0.03624665488799413
0 0.5771828293800354 0.18442943692207336 0.03624665488799413 0.03624665488799413
0 0.6567209362983704 0.18142133951187134 0.03624665488799413 0.03624665488799413
0 0.7362106442451477 0.17841507494449615 0.03624665488799413 0.03624665488799413
0 0.24917706847190857 0.2539266049861908 0.03624665488799413 0.03624665488799413
0 0.33207955956459045 0.25077319145202637 0.03624665488799413 0.03624665488799413
0 0.4149295687675476 0.24762175977230072 0.03624665488799413 0.03624665488799413
0 0.4977271556854248 0.24447235465049744 0.03624665488799413 0.03624665488799413
0 0.5804723501205444 0.24132491648197174 0.03624665488799413 0.03624665488799413
0 0.663165271282196 0.23817948997020721 0.03624665488799413 0.03624665488799413
0 0.7458058595657349 0.23503603041172028 0.03624665488799413 0.03624665488799413
0 0.23903286457061768 0.3161277770996094 0.03624665488799413 0.03624665488799413
0 0.3253684341907501 0.31282341480255127 0.03624665488799413 0.03624665488799413
0 0.41164708137512207 0.30952122807502747 0.03624665488799413 0.03624665488799413
0 0.4978688657283783 0.3062211871147156 0.03624665488799413 0.03624665488799413
0 0.5840338468551636 0.3029233515262604 0.03624665488799413 0.03624665488799413
0 0.6701421141624451 0.2996276915073395 0.03624665488799413 0.03624665488799413
0 0.7561936974525452 0.2963341772556305 0.03624665488799413 0.03624665488799413
0 0.2280128002166748 0.38369953632354736 0.03624665488799413 0.03624665488799413
0 0.31807804107666016 0.38022932410240173 0.03624665488799413 0.03624665488799413
0 0.4080813527107239 0.3767614960670471 0.03624665488799413 0.03624665488799413
0 0.49802279472351074 0.3732960522174835 0.03624665488799413 0.03624665488799413
0 0.5879024267196655 0.36983299255371094 0.03624665488799413 0.03624665488799413
0 0.6777203679084778 0.366372287273407 0.03624665488799413 0.03624665488799413
0 0.7674765586853027 0.36291396617889404 0.03624665488799413 0.03624665488799413
0 0.2159983217716217 0.45736876130104065 0.03624665488799413 0.03624665488799413
0 0.3101300299167633 0.45371556282043457 0.03624665488799413 0.03624665488799413
0 0.40419408679008484 0.4500649571418762 0.03624665488799413 0.03624665488799413
0 0.49819058179855347 0.4464170038700104 0.03624665488799413 0.03624665488799413
0 0.592119574546814 0.44277167320251465 0.03624665488799413 0.03624665488799413
0 0.6859811544418335 0.43912893533706665 0.03624665488799413 0.03624665488799413
0 0.7797753810882568 0.43548882007598877 0.03624665488799413 0.03624665488799413
0 0.20284846425056458 0.5379998087882996 0.03624665488799413 0.03624665488799413
0 0.30143120884895325 0.5341436862945557 0.03624665488799413 0.03624665488799413
0 0.39993977546691895 0.5302904844284058 0.03624665488799413 0.03624665488799413
0 0.49837422370910645 0.5264401435852051 0.03624665488799413 0.03624665488799413
0 0.5967347025871277 0.5225927233695984 0.03624665488799413 0.03624665488799413
0 0.6950211524963379 0.5187482237815857 0.03624665488799413 0.03624665488799413
0 0.7932338118553162 0.5149065852165222 0.03624665488799413 0.03624665488799413
0 0.18839430809020996 0.6266283988952637 0.03624665488799413 0.03624665488799413
0 0.2918699085712433 0.6225461363792419 0.03624665488799413 0.03624665488799413
0 0.39526382088661194 0.6184670925140381 0.03624665488799413 0.03624665488799413
0 0.4985760748386383 0.6143912076950073 0.03624665488799413 0.03624665488799413
0 0.6018068194389343 0.6103186011314392 0.03624665488799413 0.03624665488799413
0 0.7049560546875 0.606249213218689 0.03624665488799413 0.03624665488799413
0 0.8080240488052368 0.6021829843521118 0.03624665488799413 0.03624665488799413