0 0.2931797504425049 0.6486625075340271 0.020725023001432422 0.027633364001909893
0 0.36992067098617554 0.6474752426147461 0.020725023001432422 0.027633364001909893
0 0.4474317729473114 0.6462759971618652 0.020725023001432422 0.027633364001909893
0 0.5257246494293213 0.6450647115707397 0.020725023001432422 0.027633364001909893
0 0.6048113107681274 0.6438410878181458 0.020725023001432422 0.027633364001909893
0 0.6847037076950073 0.6426050066947937 0.020725023001432422 0.027633364001909893
0 0.7654144167900085 0.6413562893867493 0.020725023001432422 0.027633364001909893
0 0.303340882062912 0.5589003562927246 0.020725023001432422 0.027633364001909893
0 0.37649062275886536 0.5573424100875854 0.020725023001432422 0.027633364001909893
0 0.45033952593803406 0.5557696223258972 0.020725023001432422 0.027633364001909893
0 0.5248976349830627 0.554181694984436 0.020725023001432422 0.027633364001909893
0 0.6001752018928528 0.5525785088539124 0.020725023001432422 0.027633364001909893
0 0.6761826872825623 0.5509597063064575 0.020725023001432422 0.027633364001909893
0 0.7529308199882507 0.549325168132782 0.020725023001432422 0.027633364001909893
0 0.3125860095024109 0.477230042219162 0.020725023001432422 0.027633364001909893
0 0.3824656307697296 0.4753718078136444 0.020725023001432422 0.027633364001909893
0 0.45298275351524353 0.4734966456890106 0.020725023001432422 0.027633364001909893
0 0.5241461396217346 0.47160428762435913 0.020725023001432422 0.027633364001909893
0 0.5959647297859192 0.46969449520111084 0.020725023001432422 0.027633364001909893
0 0.6684476137161255 0.46776705980300903 0.020725023001432422 0.027633364001909893
0 0.7416040301322937 0.46582168340682983 0.020725023001432422 0.027633364001909893
0 0.32103365659713745 0.4026045501232147 0.020725023001432422 0.027633364001909893
0 0.387923002243042 0.40050265192985535 0.020725023001432422 0.027633364001909893
0 0.45539599657058716 0.39838239550590515 0.020725023001432422 0.027633364001909893
0 0.523460328578949 0.3962435722351074 0.020725023001432422 0.027633364001909893
0 0.5921238660812378 0.39408591389656067 0.020725023001432422 0.027633364001909893
0 0.661394476890564 0.3919091820716858 0.020725023001432422 0.027633364001909893
0 0.7312802672386169 0.3897131085395813 0.020725023001432422 0.027633364001909893
0 0.3287827670574188 0.334150105714798 0.020725023001432422 0.027633364001909893
0 0.3929271697998047 0.33185043931007385 0.020725023001432422 0.027633364001909893
0 0.4576079845428467 0.32953155040740967 0.020725023001432422 0.027633364001909893
0 0.5228319764137268 0.32719317078590393 0.020725023001432422 0.027633364001909893
0 0.5886059403419495 0.3248350918292999 0.020725023001432422 0.027633364001909893
0 0.6549369096755981 0.32245704531669617 0.020725023001432422 0.027633364001909893
0 0.7218320369720459 0.32005876302719116 0.020725023001432422 0.027633364001909893
0 0.3359164893627167 0.27113160490989685 0.020725023001432422 0.027633364001909893
0 0.3975324034690857 0.2686716914176941 0.020725023001432422 0.027633364001909893
0 0.4596429467201233 0.2661920189857483 0.020725023001432422 0.027633364001909893
0 0.5222541093826294 0.26369234919548035 0.020725023001432422 0.027633364001909893
0 0.5853719115257263 0.26117247343063354 0.020725023001432422 0.027633364001909893
0 0.6490026116371155 0.2586321234703064 0.020725023001432422 0.027633364001909893
0 0.7131524085998535 0.2560710310935974 0.020725023001432422 0.027633364001909893
0 0.3425053656101227 0.21292628347873688 0.020725023001432422 0.027633364001909893
0 0.4017845392227173 0.21033689379692078 0.020725023001432422 0.027633364001909893
0 0.4615212678909302 0.20772752165794373 0.020725023001432422 0.027633364001909893
0 0.5217208862304688 0.20509792864322662 0.020725023001432422 0.027633364001909893
0 0.5823887586593628 0.20244789123535156 0.020725023001432422 0.027633364001909893
0 0.6435303688049316 0.19977714121341705 0.020725023001432422 0.027633364001909893
0 0.7051513195037842 0.19708546996116638 0.020725023001432422 0.027633364001909893