0 0.7064310312271118 0.16264086961746216 0.02290472312209507 0.03425005326668421
0 0.630174994468689 0.16195723414421082 0.02290472312209507 0.03425005326668421
0 0.5534422397613525 0.16126932203769684 0.02290472312209507 0.03425005326668421
0 0.476228266954422 0.16057710349559784 0.02290472312209507 0.03425005326668421
0 0.398528516292572 0.15988051891326904 0.02290472312209507 0.03425005326668421
0 0.3203383982181549 0.15917953848838806 0.02290472312209507 0.03425005326668421
0 0.24165324866771698 0.1584741175174713 0.02290472312209507 0.03425005326668421
0 0.7180528044700623 0.24284504354000092 0.02290472312209507 0.03425005326668421
0 0.6390665173530579 0.24239559471607208 0.02290472312209507 0.03425005326668421
0 0.5595684051513672 0.24194324016571045 0.02290472312209507 0.03425005326668421
0 0.4795535206794739 0.24148793518543243 0.02290472312209507 0.03425005326668421
0 0.399016797542572 0.24102966487407684 0.02290472312209507 0.03425005326668421
0 0.31795310974121094 0.2405683994293213 0.02290472312209507 0.03425005326668421
0 0.23635725677013397 0.2401040941476822 0.02290472312209507 0.03425005326668421
0 0.7305471897125244 0.3290705978870392 0.02290472312209507 0.03425005326668421
0 0.6486278176307678 0.32889315485954285 0.02290472312209507 0.03425005326668421
0 0.5661576390266418 0.328714519739151 0.02290472312209507 0.03425005326668421
0 0.48313096165657043 0.32853469252586365 0.02290472312209507 0.03425005326668421
0 0.3995422422885895 0.328353613615036 0.02290472312209507 0.03425005326668421
0 0.31538569927215576 0.32817134261131287 0.02290472312209507 0.03425005326668421
0 0.23065553605556488 0.32798781991004944 0.02290472312209507 0.03425005326668421
0 0.7440161108970642 0.4220220446586609 0.02290472312209507 0.03425005326668421
0 0.6589375138282776 0.422161340713501 0.02290472312209507 0.03425005326668421
0 0.5732643604278564 0.42230159044265747 0.02290472312209507 0.03425005326668421
0 0.48699039220809937 0.42244282364845276 0.02290472312209507 0.03425005326668421
0 0.40010926127433777 0.42258507013320923 0.02290472312209507 0.03425005326668421
0 0.3126145005226135 0.4227283000946045 0.02290472312209507 0.03425005326668421
0 0.22449961304664612 0.42287254333496094 0.02290472312209507 0.03425005326668421
0 0.7585783004760742 0.5225183367729187 0.02290472312209507 0.03425005326668421
0 0.6700870990753174 0.5230274796485901 0.02290472312209507 0.03425005326668421
0 0.5809521675109863 0.5235403180122375 0.02290472312209507 0.03425005326668421
0 0.49116653203964233 0.5240569114685059 0.02290472312209507 0.03425005326668421
0 0.4007229506969452 0.5245773196220398 0.02290472312209507 0.03425005326668421
0 0.3096142113208771 0.5251014828681946 0.02290472312209507 0.03425005326668421
0 0.21783295273780823 0.5256295800209045 0.02290472312209507 0.03425005326668421
0 0.7743725180625916 0.6315169334411621 0.02290472312209507 0.03425005326668421
0 0.6821835041046143 0.6324594616889954 0.02290472312209507 0.03425005326668421
0 0.5892953276634216 0.6334091424942017 0.02290472312209507 0.03425005326668421
0 0.49570000171661377 0.6343660354614258 0.02290472312209507 0.03425005326668421
0 0.40138936042785645 0.635330319404602 0.02290472312209507 0.03425005326668421
0 0.30635523796081543 0.6363019347190857 0.02290472312209507 0.03425005326668421
0 0.2105892300605774 0.637281060218811 0.02290472312209507 0.03425005326668421
0 0.791562020778656 0.7501444220542908 0.02290472312209507 0.03425005326668421
0 0.6953527927398682 0.7515968084335327 0.02290472312209507 0.03425005326668421
0 0.5983814001083374 0.7530606389045715 0.02290472312209507 0.03425005326668421
0 0.5006387233734131 0.7545361518859863 0.02290472312209507 0.03425005326668421
0 0.4021155834197998 0.7560234665870667 0.02290472312209507 0.03425005326668421
0 0.30280256271362305 0.7575226426124573 0.02290472312209507 0.03425005326668421
0 0.20269013941287994 0.7590339779853821 0.02290472312209507 0.03425005326668421