0 0.6468640565872192 0.24027696251869202 0.015309384092688562 0.02721668283144633
0 0.5963835120201111 0.23916225135326385 0.015309384092688562 0.02721668283144633
0 0.5457598567008972 0.2380443811416626 0.015309384092688562 0.02721668283144633
0 0.49499255418777466 0.23692333698272705 0.015309384092688562 0.02721668283144633
0 0.44408100843429565 0.23579910397529602 0.015309384092688562 0.02721668283144633
0 0.39302459359169006 0.2346716821193695 0.015309384092688562 0.02721668283144633
0 0.34182268381118774 0.23354104161262512 0.015309384092688562 0.02721668283144633
0 0.651462733745575 0.30540651082992554 0.015309384092688562 0.02721668283144633
0 0.5991660356521606 0.3043470084667206 0.015309384092688562 0.02721668283144633
0 0.5467157959938049 0.3032844066619873 0.015309384092688562 0.02721668283144633
0 0.4941112995147705 0.3022186756134033 0.015309384092688562 0.02721668283144633
0 0.44135189056396484 0.30114981532096863 0.015309384092688562 0.02721668283144633
0 0.3884369432926178 0.30007776618003845 0.015309384092688562 0.02721668283144633
0 0.3353656828403473 0.29900258779525757 0.015309384092688562 0.02721668283144633
0 0.6564054489135742 0.37540850043296814 0.015309384092688562 0.02721668283144633
0 0.6021570563316345 0.374415785074234 0.015309384092688562 0.02721668283144633
0 0.5477434396743774 0.37342002987861633 0.015309384092688562 0.02721668283144633
0 0.4931637942790985 0.3724212348461151 0.015309384092688562 0.02721668283144633
0 0.43841737508773804 0.37141939997673035 0.015309384092688562 0.02721668283144633
0 0.38350343704223633 0.37041449546813965 0.015309384092688562 0.02721668283144633
0 0.3284211754798889 0.36940649151802063 0.015309384092688562 0.02721668283144633
0 0.6617323160171509 0.4508510231971741 0.015309384092688562 0.02721668283144633
0 0.6053809523582458 0.4499388337135315 0.015309384092688562 0.02721668283144633
0 0.5488511919975281 0.4490237832069397 0.015309384092688562 0.02721668283144633
0 0.49214228987693787 0.4481058418750763 0.015309384092688562 0.02721668283144633
0 0.4352533221244812 0.4471849501132965 0.015309384092688562 0.02721668283144633
0 0.3781834542751312 0.4462611675262451 0.015309384092688562 0.02721668283144633
0 0.3209318220615387 0.44533440470695496 0.015309384092688562 0.02721668283144633
0 0.6674898862838745 0.5323939323425293 0.015309384092688562 0.02721668283144633
0 0.6088659167289734 0.5315788388252258 0.015309384092688562 0.02721668283144633
0 0.5500488877296448 0.5307611227035522 0.015309384092688562 0.02721668283144633
0 0.4910377860069275 0.529940664768219 0.015309384092688562 0.02721668283144633
0 0.4318317472934723 0.5291175246238708 0.015309384092688562 0.02721668283144633
0 0.3724297285079956 0.528291642665863 0.015309384092688562 0.02721668283144633
0 0.3128308057785034 0.5274630188941956 0.015309384092688562 0.02721668283144633
0 0.6737326383590698 0.6208083033561707 0.015309384092688562 0.02721668283144633
0 0.6126450896263123 0.6201103329658508 0.015309384092688562 0.02721668283144633
0 0.5513477921485901 0.61940997838974 0.015309384092688562 0.02721668283144633
0 0.48983973264694214 0.6187071800231934 0.015309384092688562 0.02721668283144633
0 0.42811983823776245 0.6180019974708557 0.015309384092688562 0.02721668283144633
0 0.3661869764328003 0.6172943115234375 0.015309384092688562 0.02721668283144633
0 0.3040400743484497 0.6165842413902283 0.015309384092688562 0.02721668283144633
0 0.6805246472358704 0.7170009613037109 0.015309384092688562 0.02721668283144633
0 0.6167572736740112 0.7164443135261536 0.015309384092688562 0.02721668283144633
0 0.5527613759040833 0.7158856391906738 0.015309384092688562 0.02721668283144633
0 0.48853573203086853 0.7153249979019165 0.015309384092688562 0.02721668283144633
0 0.424079030752182 0.7147623300552368 0.015309384092688562 0.02721668283144633
0 0.3593900799751282 0.71419757604599 0.015309384092688562 0.02721668283144633
0 0.29446759819984436 0.7136308550834656 0.015309384092688562 0.02721668283144633