0 0.7047510147094727 0.1980903297662735 0.025121942162513736 0.033495922883351646
0 0.6370300650596619 0.1973472386598587 0.025121942162513736 0.033495922883351646
0 0.5692228674888611 0.1966031938791275 0.025121942162513736 0.033495922883351646
0 0.501329243183136 0.1958582103252411 0.025121942162513736 0.033495922883351646
0 0.4333491027355194 0.19511227309703827 0.025121942162513736 0.033495922883351646
0 0.36528217792510986 0.19436538219451904 0.025121942162513736 0.033495922883351646
0 0.2971283495426178 0.1936175376176834 0.025121942162513736 0.033495922883351646
0 0.7145439386367798 0.2629301846027374 0.025121942162513736 0.033495922883351646
0 0.6435482501983643 0.26219433546066284 0.025121942162513736 0.033495922883351646
0 0.5724577903747559 0.26145753264427185 0.025121942162513736 0.033495922883351646
0 0.5012723207473755 0.2607197165489197 0.025121942162513736 0.033495922883351646
0 0.4299916625022888 0.2599809169769287 0.025121942162513736 0.033495922883351646
0 0.3586156368255615 0.25924113392829895 0.025121942162513736 0.033495922883351646
0 0.2871440649032593 0.2585003674030304 0.025121942162513736 0.033495922883351646
0 0.7253334522247314 0.3343687057495117 0.025121942162513736 0.033495922883351646
0 0.6507302522659302 0.3336454927921295 0.025121942162513736 0.033495922883351646
0 0.5760223269462585 0.33292123675346375 0.025121942162513736 0.033495922883351646
0 0.5012094974517822 0.3321959972381592 0.025121942162513736 0.033495922883351646
0 0.4262915551662445 0.33146974444389343 0.025121942162513736 0.033495922883351646
0 0.3512682616710663 0.3307424485683441 0.025121942162513736 0.033495922883351646
0 0.27613937854766846 0.3300141394138336 0.025121942162513736 0.033495922883351646
0 0.7372798919677734 0.4134671688079834 0.025121942162513736 0.033495922883351646
0 0.6586828827857971 0.4127635955810547 0.025121942162513736 0.033495922883351646
0 0.5799697041511536 0.4120589792728424 0.025121942162513736 0.033495922883351646
0 0.5011399984359741 0.41135331988334656 0.025121942162513736 0.033495922883351646
0 0.4221935570240021 0.41064661741256714 0.025121942162513736 0.033495922883351646
0 0.3431301414966583 0.40993887186050415 0.025121942162513736 0.033495922883351646
0 0.263949453830719 0.4092300534248352 0.025121942162513736 0.033495922883351646
0 0.7505798935890198 0.5015274286270142 0.025121942162513736 0.033495922883351646
0 0.667537271976471 0.5008527040481567 0.025121942162513736 0.033495922883351646
0 0.5843649506568909 0.5001769661903381 0.025121942162513736 0.033495922883351646
0 0.5010625720024109 0.4995001256465912 0.025121942162513736 0.033495922883351646
0 0.41762980818748474 0.4988222122192383 0.025121942162513736 0.033495922883351646
0 0.33406639099121094 0.4981432855129242 0.025121942162513736 0.033495922883351646
0 0.2503719627857208 0.49746325612068176 0.025121942162513736 0.033495922883351646
0 0.765477180480957 0.600163996219635 0.025121942162513736 0.033495922883351646
0 0.6774560213088989 0.5995303392410278 0.025121942162513736 0.033495922883351646
0 0.5892890095710754 0.5988956689834595 0.025121942162513736 0.033495922883351646
0 0.5009758472442627 0.5982599258422852 0.025121942162513736 0.033495922883351646
0 0.41251611709594727 0.5976231098175049 0.025121942162513736 0.033495922883351646
0 0.3239095211029053 0.5969852805137634 0.025121942162513736 0.033495922883351646
0 0.2351556271314621 0.5963463187217712 0.025121942162513736 0.033495922883351646
0 0.7822780609130859 0.7114039063453674 0.025121942162513736 0.033495922883351646
0 0.688643217086792 0.7108277082443237 0.025121942162513736 0.033495922883351646
0 0.594843327999115 0.7102504372596741 0.025121942162513736 0.033495922883351646
0 0.5008779764175415 0.709672212600708 0.025121942162513736 0.033495922883351646
0 0.4067467153072357 0.709092915058136 0.025121942162513736 0.033495922883351646
0 0.3124490976333618 0.7085126638412476 0.025121942162513736 0.033495922883351646
0 0.21798469126224518 0.7079313397407532 0.025121942162513736 0.033495922883351646