0 0.7481846213340759 0.22335782647132874 0.03653881202141444 0.03653881202141444
0 0.6713048219680786 0.2236158698797226 0.03653881202141444 0.03653881202141444
0 0.5944006443023682 0.22387398779392242 0.03653881202141444 0.03653881202141444
0 0.5174722075462341 0.22413218021392822 0.03653881202141444 0.03653881202141444
0 0.44051939249038696 0.22439046204090118 0.03653881202141444 0.03653881202141444
0 0.36354225873947144 0.22464881837368011 0.03653881202141444 0.03653881202141444
0 0.2865407466888428 0.2249072641134262 0.03653881202141444 0.03653881202141444
0 0.7594722509384155 0.2757539451122284 0.03653881202141444 0.03653881202141444
0 0.679175853729248 0.27603209018707275 0.03653881202141444 0.03653881202141444
0 0.5988528728485107 0.27631035447120667 0.03653881202141444 0.03653881202141444
0 0.5185033679008484 0.27658870816230774 0.03653881202141444 0.03653881202141444
0 0.438127338886261 0.2768671214580536 0.03653881202141444 0.03653881202141444
0 0.35772475600242615 0.277145653963089 0.03653881202141444 0.03653881202141444
0 0.2772955596446991 0.27742427587509155 0.03653881202141444 0.03653881202141444
0 0.7718102335929871 0.33302563428878784 0.03653881202141444 0.03653881202141444
0 0.687779426574707 0.33332663774490356 0.03653881202141444 0.03653881202141444
0 0.6037195324897766 0.33362773060798645 0.03653881202141444 0.03653881202141444
0 0.5196306109428406 0.3339289426803589 0.03653881202141444 0.03653881202141444
0 0.43551257252693176 0.3342302739620209 0.03653881202141444 0.03653881202141444
0 0.35136544704437256 0.33453166484832764 0.03653881202141444 0.03653881202141444
0 0.2671892046928406 0.33483320474624634 0.03653881202141444 0.03653881202141444
0 0.785352349281311 0.39588662981987 0.03653881202141444 0.03653881202141444
0 0.6972227692604065 0.39621371030807495 0.03653881202141444 0.03653881202141444
0 0.6090613007545471 0.39654093980789185 0.03653881202141444 0.03653881202141444
0 0.5208678245544434 0.3968682587146759 0.03653881202141444 0.03653881202141444
0 0.43264240026474 0.3971956968307495 0.03653881202141444 0.03653881202141444
0 0.34438496828079224 0.39752325415611267 0.03653881202141444 0.03653881202141444
0 0.2560954988002777 0.3978509306907654 0.03653881202141444 0.03653881202141444
0 0.8002838492393494 0.4651971459388733 0.03653881202141444 0.03653881202141444
0 0.707635223865509 0.46555423736572266 0.03653881202141444 0.03653881202141444
0 0.6149513721466064 0.4659114480018616 0.03653881202141444 0.03653881202141444
0 0.5222321152687073 0.46626877784729004 0.03653881202141444 0.03653881202141444
0 0.4294775426387787 0.46662625670433044 0.03653881202141444 0.03653881202141444
0 0.3366875946521759 0.4669838845729828 0.03653881202141444 0.03653881202141444
0 0.24386224150657654 0.46734166145324707 0.03653881202141444 0.03653881202141444
0 0.8168300986289978 0.5420034527778625 0.03653881202141444 0.03653881202141444
0 0.7191739678382874 0.5423952341079712 0.03653881202141444 0.03653881202141444
0 0.6214786171913147 0.5427871942520142 0.03653881202141444 0.03653881202141444
0 0.5237440466880798 0.5431793332099915 0.03653881202141444 0.03653881202141444
0 0.4259701371192932 0.5435716509819031 0.03653881202141444 0.03653881202141444
0 0.3281569182872772 0.5439640879631042 0.03653881202141444 0.03653881202141444
0 0.23030440509319305 0.5443567037582397 0.03653881202141444 0.03653881202141444
0 0.8352681398391724 0.6275909543037415 0.03653881202141444 0.03653881202141444
0 0.7320322394371033 0.6280233263969421 0.03653881202141444 0.03653881202141444
0 0.6287525296211243 0.6284559369087219 0.03653881202141444 0.03653881202141444
0 0.5254288911819458 0.6288886666297913 0.03653881202141444 0.03653881202141444
0 0.42206138372421265 0.6293215751647949 0.03653881202141444 0.03653881202141444
0 0.31864994764328003 0.6297547221183777 0.03653881202141444 0.03653881202141444
0 0.21519452333450317 0.6301880478858948 0.03653881202141444 0.03653881202141444