0 0.6939626336097717 0.1573295295238495 0.024710128083825115 0.03294683744510015
0 0.6258783936500549 0.15867778658866882 0.024710128083825115 0.03294683744510015
0 0.55767822265625 0.160028338432312 0.024710128083825115 0.03294683744510015
0 0.48936185240745544 0.16138118505477905 0.024710128083825115 0.03294683744510015
0 0.4209290146827698 0.16273634135723114 0.024710128083825115 0.03294683744510015
0 0.35237938165664673 0.16409380733966827 0.024710128083825115 0.03294683744510015
0 0.2837126553058624 0.16545359790325165 0.024710128083825115 0.03294683744510015
0 0.7038800120353699 0.22314421832561493 0.024710128083825115 0.03294683744510015
0 0.6326766014099121 0.22461296617984772 0.024710128083825115 0.03294683744510015
0 0.5613464713096619 0.22608432173728943 0.024710128083825115 0.03294683744510015
0 0.48988914489746094 0.22755828499794006 0.024710128083825115 0.03294683744510015
0 0.4183044135570526 0.2290349006652832 0.024710128083825115 0.03294683744510015
0 0.34659186005592346 0.23051413893699646 0.024710128083825115 0.03294683744510015
0 0.2747511565685272 0.23199601471424103 0.024710128083825115 0.03294683744510015
0 0.7147516012191772 0.29529157280921936 0.024710128083825115 0.03294683744510015
0 0.640129566192627 0.2968983054161072 0.024710128083825115 0.03294683744510015
0 0.5653682947158813 0.29850801825523376 0.024710128083825115 0.03294683744510015
0 0.4904673397541046 0.3001207709312439 0.024710128083825115 0.03294683744510015
0 0.4154263138771057 0.3017365336418152 0.024710128083825115 0.03294683744510015
0 0.340244859457016 0.30335530638694763 0.024710128083825115 0.03294683744510015
0 0.264922559261322 0.30497708916664124 0.024710128083825115 0.03294683744510015
0 0.7267221212387085 0.37473174929618835 0.024710128083825115 0.03294683744510015
0 0.64833664894104 0.3764975965023041 0.024710128083825115 0.03294683744510015
0 0.5697974562644958 0.3782668709754944 0.024710128083825115 0.03294683744510015
0 0.4911041259765625 0.38003963232040405 0.024710128083825115 0.03294683744510015
0 0.4122561514377594 0.3818158805370331 0.024710128083825115 0.03294683744510015
0 0.3332531154155731 0.38359561562538147 0.024710128083825115 0.03294683744510015
0 0.25409457087516785 0.3853788673877716 0.024710128083825115 0.03294683744510015
0 0.7399671077728271 0.46262940764427185 0.024710128083825115 0.03294683744510015
0 0.6574183702468872 0.4645800292491913 0.024710128083825115 0.03294683744510015
0 0.5746991634368896 0.46653464436531067 0.024710128083825115 0.03294683744510015
0 0.4918089210987091 0.46849334239959717 0.024710128083825115 0.03294683744510015
0 0.4087471067905426 0.470456063747406 0.024710128083825115 0.03294683744510015
0 0.32551318407058716 0.47242286801338196 0.024710128083825115 0.03294683744510015
0 0.242106631398201 0.47439372539520264 0.024710128083825115 0.03294683744510015
0 0.7547014355659485 0.5604110956192017 0.024710128083825115 0.03294683744510015
0 0.6675224304199219 0.562578022480011 0.024710128083825115 0.03294683744510015
0 0.580153226852417 0.5647497177124023 0.024710128083825115 0.03294683744510015
0 0.4925932288169861 0.5669261813163757 0.024710128083825115 0.03294683744510015
0 0.40484172105789185 0.5691073536872864 0.024710128083825115 0.03294683744510015
0 0.3168981373310089 0.571293294429779 0.024710128083825115 0.03294683744510015
0 0.22876180708408356 0.5734840631484985 0.024710128083825115 0.03294683744510015
0 0.7711913585662842 0.6698432564735413 0.024710128083825115 0.03294683744510015
0 0.6788317561149597 0.6722658276557922 0.024710128083825115 0.03294683744510015
0 0.5862587094306946 0.6746940016746521 0.024710128083825115 0.03294683744510015
0 0.49347129464149475 0.6771278381347656 0.024710128083825115 0.03294683744510015
0 0.4004688560962677 0.6795672178268433 0.024710128083825115 0.03294683744510015
0 0.30725064873695374 0.6820123195648193 0.024710128083825115 0.03294683744510015
0 0.21381588280200958 0.6844630837440491 0.024710128083825115 0.03294683744510015