0 0.7178041934967041 0.3531832993030548 0.0296906183163325 0.0296906183163325
0 0.6512793302536011 0.3536547124385834 0.0296906183163325 0.0296906183163325
0 0.584879457950592 0.3541252613067627 0.0296906183163325 0.0296906183163325
0 0.5186043381690979 0.3545949161052704 0.0296906183163325 0.0296906183163325
0 0.4524535536766052 0.35506367683410645 0.0296906183163325 0.0296906183163325
0 0.38642677664756775 0.35553157329559326 0.0296906183163325 0.0296906183163325
0 0.32052361965179443 0.35599860548973083 0.0296906183163325 0.0296906183163325
0 0.7260180711746216 0.4083808958530426 0.0296906183163325 0.0296906183163325
0 0.6569492220878601 0.408816397190094 0.0296906183163325 0.0296906183163325
0 0.5880151987075806 0.40925103425979614 0.0296906183163325 0.0296906183163325
0 0.5192155241966248 0.40968480706214905 0.0296906183163325 0.0296906183163325
0 0.450549840927124 0.4101177752017975 0.0296906183163325 0.0296906183163325
0 0.3820177912712097 0.4105498790740967 0.0296906183163325 0.0296906183163325
0 0.313618928194046 0.41098111867904663 0.0296906183163325 0.0296906183163325
0 0.7348836064338684 0.4679579734802246 0.0296906183163325 0.0296906183163325
0 0.6630685329437256 0.46835023164749146 0.0296906183163325 0.0296906183163325
0 0.5913991928100586 0.46874168515205383 0.0296906183163325 0.0296906183163325
0 0.5198750495910645 0.46913236379623413 0.0296906183163325 0.0296906183163325
0 0.4484957158565521 0.46952223777770996 0.0296906183163325 0.0296906183163325
0 0.3772607445716858 0.4699113070964813 0.0296906183163325 0.0296906183163325
0 0.30616968870162964 0.470299631357193 0.0296906183163325 0.0296906183163325
0 0.74448162317276 0.5324572324752808 0.0296906183163325 0.0296906183163325
0 0.6696929335594177 0.5327975153923035 0.0296906183163325 0.0296906183163325
0 0.5950621366500854 0.5331370234489441 0.0296906183163325 0.0296906183163325
0 0.5205888748168945 0.5334758758544922 0.0296906183163325 0.0296906183163325
0 0.4462725818157196 0.5338139533996582 0.0296906183163325 0.0296906183163325
0 0.3721127510070801 0.5341513752937317 0.0296906183163325 0.0296906183163325
0 0.29810890555381775 0.5344880223274231 0.0296906183163325 0.0296906183163325
0 0.7549067735671997 0.6025150418281555 0.0296906183163325 0.0296906183163325
0 0.6768875122070312 0.6027926802635193 0.0296906183163325 0.0296906183163325
0 0.599040150642395 0.6030697226524353 0.0296906183163325 0.0296906183163325
0 0.5213640332221985 0.6033461093902588 0.0296906183163325 0.0296906183163325
0 0.44385871291160583 0.6036219596862793 0.0296906183163325 0.0296906183163325
0 0.3665235638618469 0.6038971543312073 0.0296906183163325 0.0296906183163325
0 0.2893580496311188 0.6041717529296875 0.0296906183163325 0.0296906183163325
0 0.7662708163261414 0.6788821816444397 0.0296906183163325 0.0296906183163325
0 0.6847293376922607 0.679084300994873 0.0296906183163325 0.0296906183163325
0 0.6033754944801331 0.679286003112793 0.0296906183163325 0.0296906183163325
0 0.5222087502479553 0.6794871687889099 0.0296906183163325 0.0296906183163325
0 0.441228449344635 0.6796879172325134 0.0296906183163325 0.0296906183163325
0 0.3604338765144348 0.6798881888389587 0.0296906183163325 0.0296906183163325
0 0.27982446551322937 0.6800880432128906 0.0296906183163325 0.0296906183163325
0 0.7787066102027893 0.7624512314796448 0.0296906183163325 0.0296906183163325
0 0.6933097839355469 0.762562096118927 0.0296906183163325 0.0296906183163325
0 0.6081187725067139 0.7626726031303406 0.0296906183163325 0.0296906183163325
0 0.523132860660553 0.762782871723175 0.0296906183163325 0.0296906183163325
0 0.4383513033390045 0.7628929018974304 0.0296906183163325 0.0296906183163325
0 0.3537733554840088 0.7630026936531067 0.0296906183163325 0.0296906183163325
0 0.2693983018398285 0.7631121277809143 0.0296906183163325 0.0296906183163325