0 0.8027652502059937 0.15095801651477814 0.02030326611258917 0.03407541165749232
0 0.7303198575973511 0.150795117020607 0.02030326611258917 0.03407541165749232
0 0.6581926345825195 0.15063293278217316 0.02030326611258917 0.03407541165749232
0 0.5863813757896423 0.15047144889831543 0.02030326611258917 0.03407541165749232
0 0.5148841142654419 0.150310680270195 0.02030326611258917 0.03407541165749232
0 0.4436987042427063 0.1501506119966507 0.02030326611258917 0.03407541165749232
0 0.37282314896583557 0.1499912440776825 0.02030326611258917 0.03407541165749232
0 0.8030658960342407 0.23092079162597656 0.02030326611258917 0.03407541165749232
0 0.7277262210845947 0.23056840896606445 0.02030326611258917 0.03407541165749232
0 0.6527305245399475 0.23021763563156128 0.02030326611258917 0.03407541165749232
0 0.5780764818191528 0.22986845672130585 0.02030326611258917 0.03407541165749232
0 0.5037617087364197 0.22952087223529816 0.02030326611258917 0.03407541165749232
0 0.42978402972221375 0.22917485237121582 0.02030326611258917 0.03407541165749232
0 0.35614103078842163 0.22883041203022003 0.02030326611258917 0.03407541165749232
0 0.8033916354179382 0.3175530433654785 0.02030326611258917 0.03407541165749232
0 0.7249166965484619 0.3169794976711273 0.02030326611258917 0.03407541165749232
0 0.6468149423599243 0.3164087235927582 0.02030326611258917 0.03407541165749232
0 0.5690837502479553 0.31584063172340393 0.02030326611258917 0.03407541165749232
0 0.4917204678058624 0.3152752220630646 0.02030326611258917 0.03407541165749232
0 0.4147224724292755 0.3147124946117401 0.02030326611258917 0.03407541165749232
0 0.33808717131614685 0.31415241956710815 0.02030326611258917 0.03407541165749232
0 0.803745687007904 0.4117254912853241 0.02030326611258917 0.03407541165749232
0 0.7218632698059082 0.41089287400245667 0.02030326611258917 0.03407541165749232
0 0.6403871178627014 0.41006436944007874 0.02030326611258917 0.03407541165749232
0 0.5593141913414001 0.4092400074005127 0.02030326611258917 0.03407541165749232
0 0.4786415100097656 0.408419668674469 0.02030326611258917 0.03407541165749232
0 0.39836612343788147 0.4076034128665924 0.02030326611258917 0.03407541165749232
0 0.3184851109981537 0.4067911207675934 0.02030326611258917 0.03407541165749232
0 0.8041319847106934 0.5144673585891724 0.02030326611258917 0.03407541165749232
0 0.7185326814651489 0.5133298635482788 0.02030326611258917 0.03407541165749232
0 0.6333773732185364 0.512198269367218 0.02030326611258917 0.03407541165749232
0 0.5486624836921692 0.5110725164413452 0.02030326611258917 0.03407541165749232
0 0.46438467502593994 0.5099525451660156 0.02030326611258917 0.03407541165749232
0 0.38054054975509644 0.5088383555412292 0.02030326611258917 0.03407541165749232
0 0.29712679982185364 0.5077298879623413 0.02030326611258917 0.03407541165749232
0 0.8045551180839539 0.627004086971283 0.02030326611258917 0.03407541165749232
0 0.7148854732513428 0.6255060434341431 0.02030326611258917 0.03407541165749232
0 0.625702977180481 0.6240161061286926 0.02030326611258917 0.03407541165749232
0 0.5370035767555237 0.6225342750549316 0.02030326611258917 0.03407541165749232
0 0.44878336787223816 0.6210604310035706 0.02030326611258917 0.03407541165749232
0 0.3610385060310364 0.6195945143699646 0.02030326611258917 0.03407541165749232
0 0.27376511693000793 0.6181365251541138 0.02030326611258917 0.03407541165749232
0 0.8050205707550049 0.750806450843811 0.02030326611258917 0.03407541165749232
0 0.7108741998672485 0.7488796710968018 0.02030326611258917 0.03407541165749232
0 0.6172647476196289 0.7469638586044312 0.02030326611258917 0.03407541165749232
0 0.5241875052452087 0.7450588941574097 0.02030326611258917 0.03407541165749232
0 0.4316379725933075 0.7431647777557373 0.02030326611258917 0.03407541165749232
0 0.3396117389202118 0.7412813901901245 0.02030326611258917 0.03407541165749232
0 0.24810433387756348 0.739408552646637 0.02030326611258917 0.03407541165749232