0 0.3041830062866211 0.3750021159648895 0.019841631874442104 0.026455509165922802
0 0.2988479733467102 0.43908026814460754 0.019841631874442104 0.026455509165922802
0 0.293194979429245 0.5069774985313416 0.019841631874442104 0.026455509165922802
0 0.28719469904899597 0.5790457725524902 0.019841631874442104 0.026455509165922802
0 0.28081414103507996 0.6556815505027771 0.019841631874442104 0.026455509165922802
0 0.27401596307754517 0.737333357334137 0.019841631874442104 0.026455509165922802
0 0.2667577862739563 0.8245102167129517 0.019841631874442104 0.026455509165922802
0 0.3682909905910492 0.37593474984169006 0.019841631874442104 0.026455509165922802
0 0.3648146986961365 0.4399738013744354 0.019841631874442104 0.026455509165922802
0 0.3611314594745636 0.5078255534172058 0.019841631874442104 0.026455509165922802
0 0.35722216963768005 0.5798409581184387 0.019841631874442104 0.026455509165922802
0 0.3530654013156891 0.6564153432846069 0.019841631874442104 0.026455509165922802
0 0.3486368954181671 0.7379959225654602 0.019841631874442104 0.026455509165922802
0 0.3439090847969055 0.8250901103019714 0.019841631874442104 0.026455509165922802
0 0.4322705864906311 0.37686553597450256 0.019841631874442104 0.026455509165922802
0 0.43064549565315247 0.44086548686027527 0.019841631874442104 0.026455509165922802
0 0.4289237856864929 0.508671760559082 0.019841631874442104 0.026455509165922802
0 0.42709651589393616 0.580634355545044 0.019841631874442104 0.026455509165922802
0 0.4251537024974823 0.6571475267410278 0.019841631874442104 0.026455509165922802
0 0.423084020614624 0.7386569380760193 0.019841631874442104 0.026455509165922802
0 0.42087462544441223 0.8256685733795166 0.019841631874442104 0.026455509165922802
0 0.49612218141555786 0.377794474363327 0.019841631874442104 0.026455509165922802
0 0.496340811252594 0.44175535440444946 0.019841631874442104 0.026455509165922802
0 0.4965724050998688 0.509516179561615 0.019841631874442104 0.026455509165922802
0 0.4968182146549225 0.5814260840415955 0.019841631874442104 0.026455509165922802
0 0.4970795214176178 0.6578779816627502 0.019841631874442104 0.026455509165922802
0 0.49735787510871887 0.739316463470459 0.019841631874442104 0.026455509165922802
0 0.4976550042629242 0.8262456655502319 0.019841631874442104 0.026455509165922802
0 0.5598461627960205 0.37872153520584106 0.019841631874442104 0.026455509165922802
0 0.5619010329246521 0.4426433742046356 0.019841631874442104 0.026455509165922802
0 0.5640778541564941 0.5103588700294495 0.019841631874442104 0.026455509165922802
0 0.5663877725601196 0.5822160243988037 0.019841631874442104 0.026455509165922802
0 0.5688434839248657 0.6586068868637085 0.019841631874442104 0.026455509165922802
0 0.571459174156189 0.7399743795394897 0.019841631874442104 0.026455509165922802
0 0.5742509365081787 0.8268213868141174 0.019841631874442104 0.026455509165922802
0 0.6234429478645325 0.37964674830436707 0.019841631874442104 0.026455509165922802
0 0.6273266077041626 0.44352957606315613 0.019841631874442104 0.026455509165922802
0 0.6314404606819153 0.5111997127532959 0.019841631874442104 0.026455509165922802
0 0.6358057260513306 0.5830042958259583 0.019841631874442104 0.026455509165922802
0 0.6404460668563843 0.6593340635299683 0.019841631874442104 0.026455509165922802
0 0.6453883647918701 0.7406308650970459 0.019841631874442104 0.026455509165922802
0 0.6506631374359131 0.8273956775665283 0.019841631874442104 0.026455509165922802
0 0.6869128346443176 0.3805701434612274 0.019841631874442104 0.026455509165922802
0 0.6926178932189941 0.444413959980011 0.019841631874442104 0.026455509165922802
0 0.6986607909202576 0.5120388269424438 0.019841631874442104 0.026455509165922802
0 0.7050725221633911 0.5837907791137695 0.019841631874442104 0.026455509165922802
0 0.7118878960609436 0.6600596308708191 0.019841631874442104 0.026455509165922802
0 0.719146192073822 0.7412857413291931 0.019841631874442104 0.026455509165922802
0 0.7268921732902527 0.8279685974121094 0.019841631874442104 0.026455509165922802