0 0.29484254121780396 0.3264180123806 0.031026750802993774 0.031026750802993774
0 0.288260817527771 0.38079673051834106 0.031026750802993774 0.031026750802993774
0 0.2811848819255829 0.439258873462677 0.031026750802993774 0.031026750802993774
0 0.2735568583011627 0.5022823214530945 0.031026750802993774 0.031026750802993774
0 0.26530951261520386 0.5704225301742554 0.031026750802993774 0.031026750802993774
0 0.25636425614356995 0.6443290114402771 0.031026750802993774 0.031026750802993774
0 0.24662858247756958 0.7247661352157593 0.031026750802993774 0.031026750802993774
0 0.36476442217826843 0.32466456294059753 0.031026750802993774 0.031026750802993774
0 0.36070916056632996 0.3790310025215149 0.031026750802993774 0.031026750802993774
0 0.3563491106033325 0.43748393654823303 0.031026750802993774 0.031026750802993774
0 0.3516485393047333 0.5005021095275879 0.031026750802993774 0.031026750802993774
0 0.3465659022331238 0.5686420202255249 0.031026750802993774 0.031026750802993774
0 0.34105271100997925 0.6425545811653137 0.031026750802993774 0.031026750802993774
0 0.3350517749786377 0.7230058312416077 0.031026750802993774 0.031026750802993774
0 0.43481361865997314 0.32290786504745483 0.031026750802993774 0.031026750802993774
0 0.43329423666000366 0.3772619366645813 0.031026750802993774 0.031026750802993774
0 0.4316605031490326 0.4357055425643921 0.031026750802993774 0.031026750802993774
0 0.42989906668663025 0.4987182915210724 0.031026750802993774 0.031026750802993774
0 0.42799434065818787 0.5668578147888184 0.031026750802993774 0.031026750802993774
0 0.4259280562400818 0.6407762765884399 0.031026750802993774 0.031026750802993774
0 0.42367875576019287 0.7212414145469666 0.031026750802993774 0.031026750802993774
0 0.5049904584884644 0.32114800810813904 0.031026750802993774 0.031026750802993774
0 0.5060163736343384 0.3754895329475403 0.031026750802993774 0.031026750802993774
0 0.5071194767951965 0.4339236617088318 0.031026750802993774 0.031026750802993774
0 0.508309006690979 0.496930867433548 0.031026750802993774 0.031026750802993774
0 0.5095953345298767 0.5650697946548462 0.031026750802993774 0.031026750802993774
0 0.5109909176826477 0.6389939785003662 0.031026750802993774 0.031026750802993774
0 0.5125102400779724 0.7194729447364807 0.031026750802993774 0.031026750802993774
0 0.5752953886985779 0.31938493251800537 0.031026750802993774 0.031026750802993774
0 0.5788759589195251 0.37371376156806946 0.031026750802993774 0.031026750802993774
0 0.5827265381813049 0.4321382939815521 0.031026750802993774 0.031026750802993774
0 0.5868787169456482 0.4951397776603699 0.031026750802993774 0.031026750802993774
0 0.5913694500923157 0.5632779598236084 0.031026750802993774 0.031026750802993774
0 0.5962419509887695 0.6372077465057373 0.031026750802993774 0.031026750802993774
0 0.6015468835830688 0.7177004218101501 0.031026750802993774 0.031026750802993774
0 0.645728588104248 0.31761863827705383 0.031026750802993774 0.031026750802993774
0 0.6518734693527222 0.3719346523284912 0.031026750802993774 0.031026750802993774
0 0.658482015132904 0.4303494095802307 0.031026750802993774 0.031026750802993774
0 0.665608823299408 0.4933450222015381 0.031026750802993774 0.031026750802993774
0 0.6733173131942749 0.561482310295105 0.031026750802993774 0.031026750802993774
0 0.6816816926002502 0.6354175806045532 0.031026750802993774 0.031026750802993774
0 0.690789520740509 0.7159237861633301 0.031026750802993774 0.031026750802993774
0 0.7162905931472778 0.31584909558296204 0.031026750802993774 0.031026750802993774
0 0.7250092029571533 0.37015217542648315 0.031026750802993774 0.031026750802993774
0 0.7343864440917969 0.42855700850486755 0.031026750802993774 0.031026750802993774
0 0.7444997429847717 0.491546630859375 0.031026750802993774 0.031026750802993774
0 0.7554393410682678 0.5596829056739807 0.031026750802993774 0.031026750802993774
0 0.7673109173774719 0.633623480796814 0.031026750802993774 0.031026750802993774
0 0.780238687992096 0.7141430377960205 0.031026750802993774 0.031026750802993774