0 0.22560027241706848 0.23849867284297943 0.036257018645604454 0.036257018645604454
0 0.30475589632987976 0.24247655272483826 0.036257018645604454 0.036257018645604454
0 0.383821040391922 0.24644988775253296 0.036257018645604454 0.036257018645604454
0 0.4627958834171295 0.25041869282722473 0.036257018645604454 0.036257018645604454
0 0.5416805744171143 0.2543829381465912 0.036257018645604454 0.036257018645604454
0 0.6204752326011658 0.2583426833152771 0.036257018645604454 0.036257018645604454
0 0.6991800665855408 0.26229792833328247 0.036257018645604454 0.036257018645604454
0 0.21449431777000427 0.29467564821243286 0.036257018645604454 0.036257018645604454
0 0.29687872529029846 0.2987820506095886 0.036257018645604454 0.036257018645604454
0 0.3791651427745819 0.3028835356235504 0.036257018645604454 0.036257018645604454
0 0.46135374903678894 0.306980162858963 0.036257018645604454 0.036257018645604454
0 0.5434446930885315 0.31107190251350403 0.036257018645604454 0.036257018645604454
0 0.6254382133483887 0.31515881419181824 0.036257018645604454 0.036257018645604454
0 0.7073343992233276 0.31924083828926086 0.036257018645604454 0.036257018645604454
0 0.20244522392749786 0.3556232452392578 0.036257018645604454 0.036257018645604454
0 0.2883330285549164 0.35986608266830444 0.036257018645604454 0.036257018645604454
0 0.37411433458328247 0.36410364508628845 0.036257018645604454 0.036257018645604454
0 0.45978936553001404 0.3683359622955322 0.036257018645604454 0.036257018645604454
0 0.5453583002090454 0.37256303429603577 0.036257018645604454 0.036257018645604454
0 0.6308213472366333 0.3767848610877991 0.036257018645604454 0.036257018645604454
0 0.7161786556243896 0.3810015022754669 0.036257018645604454 0.036257018645604454
0 0.18932753801345825 0.42197608947753906 0.036257018645604454 0.036257018645604454
0 0.2790299355983734 0.4263639748096466 0.036257018645604454 0.036257018645604454
0 0.36861616373062134 0.4307461380958557 0.036257018645604454 0.036257018645604454
0 0.4580864906311035 0.43512263894081116 0.036257018645604454 0.036257018645604454
0 0.5474411249160767 0.4394935071468353 0.036257018645604454 0.036257018645604454
0 0.6366803050041199 0.44385871291160583 0.036257018645604454 0.036257018645604454
0 0.7258042097091675 0.44821828603744507 0.036257018645604454 0.036257018645604454
0 0.17499251663684845 0.49448662996292114 0.036257018645604454 0.036257018645604454
0 0.26886406540870667 0.4990288019180298 0.036257018645604454 0.036257018645604454
0 0.3626084625720978 0.5035648345947266 0.036257018645604454 0.036257018645604454
0 0.4562259316444397 0.5080947279930115 0.036257018645604454 0.036257018645604454
0 0.5497167706489563 0.5126184225082397 0.036257018645604454 0.036257018645604454
0 0.6430811882019043 0.5171360969543457 0.036257018645604454 0.036257018645604454
0 0.7363194823265076 0.5216476321220398 0.036257018645604454 0.036257018645604454
0 0.15926243364810944 0.5740537047386169 0.036257018645604454 0.036257018645604454
0 0.2577095925807953 0.5787602066993713 0.036257018645604454 0.036257018645604454
0 0.35601693391799927 0.5834599733352661 0.036257018645604454 0.036257018645604454
0 0.45418471097946167 0.5881531238555908 0.036257018645604454 0.036257018645604454
0 0.552213191986084 0.5928395390510559 0.036257018645604454 0.036257018645604454
0 0.6501027941703796 0.5975193977355957 0.036257018645604454 0.036257018645604454
0 0.7478536367416382 0.6021925806999207 0.036257018645604454 0.036257018645604454
0 0.1419232338666916 0.6617600917816162 0.036257018645604454 0.036257018645604454
0 0.24541492760181427 0.6666415929794312 0.036257018645604454 0.036257018645604454
0 0.34875211119651794 0.6715158224105835 0.036257018645604454 0.036257018645604454
0 0.4519351124763489 0.6763827204704285 0.036257018645604454 0.036257018645604454
0 0.5549643039703369 0.6812424063682556 0.036257018645604454 0.036257018645604454
0 0.6578399538993835 0.6860948801040649 0.036257018645604454 0.036257018645604454
0 0.7605624794960022 0.6909400820732117 0.036257018645604454 0.036257018645604454