0 0.7031083106994629 0.18564258515834808 0.02489272877573967 0.03319030503431956
0 0.6367985010147095 0.1867096871137619 0.02489272877573967 0.03319030503431956
0 0.5704331994056702 0.18777768313884735 0.02489272877573967 0.03319030503431956
0 0.5040122866630554 0.18884657323360443 0.02489272877573967 0.03319030503431956
0 0.43753567337989807 0.18991637229919434 0.02489272877573967 0.03319030503431956
0 0.3710033595561981 0.19098705053329468 0.02489272877573967 0.03319030503431956
0 0.304415225982666 0.19205863773822784 0.02489272877573967 0.03319030503431956
0 0.7145209312438965 0.24821463227272034 0.02489272877573967 0.03319030503431956
0 0.6449114680290222 0.24936240911483765 0.02489272877573967 0.03319030503431956
0 0.5752408504486084 0.25051119923591614 0.02489272877573967 0.03319030503431956
0 0.5055089592933655 0.2516610026359558 0.02489272877573967 0.03319030503431956
0 0.4357156753540039 0.25281181931495667 0.02489272877573967 0.03319030503431956
0 0.3658609688282013 0.2539636194705963 0.02489272877573967 0.03319030503431956
0 0.2959447503089905 0.25511646270751953 0.02489272877573967 0.03319030503431956
0 0.7271301746368408 0.31734752655029297 0.02489272877573967 0.03319030503431956
0 0.6538755297660828 0.31858745217323303 0.02489272877573967 0.03319030503431956
0 0.5805530548095703 0.3198285698890686 0.02489272877573967 0.03319030503431956
0 0.5071627497673035 0.3210708200931549 0.02489272877573967 0.03319030503431956
0 0.4337044954299927 0.32231420278549194 0.02489272877573967 0.03319030503431956
0 0.3601781725883484 0.3235587477684021 0.02489272877573967 0.03319030503431956
0 0.28658366203308105 0.3248044550418854 0.02489272877573967 0.03319030503431956
0 0.7411346435546875 0.3941302001476288 0.02489272877573967 0.03319030503431956
0 0.6638319492340088 0.39547625184059143 0.02489272877573967 0.03319030503431956
0 0.5864536762237549 0.39682361483573914 0.02489272877573967 0.03319030503431956
0 0.5089998841285706 0.3981723189353943 0.02489272877573967 0.03319030503431956
0 0.4314703345298767 0.3995223343372345 0.02489272877573967 0.03319030503431956
0 0.35386496782302856 0.4008736312389374 0.02489272877573967 0.03319030503431956
0 0.27618369460105896 0.4022262990474701 0.02489272877573967 0.03319030503431956
0 0.7567795515060425 0.47990676760673523 0.02489272877573967 0.03319030503431956
0 0.6749551892280579 0.4813760221004486 0.02489272877573967 0.03319030503431956
0 0.5930461883544922 0.48284676671028137 0.02489272877573967 0.03319030503431956
0 0.5110524892807007 0.4843190610408783 0.02489272877573967 0.03319030503431956
0 0.4289739429950714 0.485792875289917 0.02489272877573967 0.03319030503431956
0 0.34681040048599243 0.48726820945739746 0.02489272877573967 0.03319030503431956
0 0.2645617425441742 0.4887450635433197 0.02489272877573967 0.03319030503431956
0 0.7743710279464722 0.5763557553291321 0.02489272877573967 0.03319030503431956
0 0.6874631643295288 0.5779693722724915 0.02489272877573967 0.03319030503431956
0 0.6004598140716553 0.5795847773551941 0.02489272877573967 0.03319030503431956
0 0.5133609175682068 0.58120197057724 0.02489272877573967 0.03319030503431956
0 0.42616623640060425 0.5828208923339844 0.02489272877573967 0.03319030503431956
0 0.3388756513595581 0.5844416618347168 0.02489272877573967 0.03319030503431956
0 0.2514890134334564 0.5860641598701477 0.02489272877573967 0.03319030503431956
0 0.7942964434623718 0.6856011748313904 0.02489272877573967 0.03319030503431956
0 0.7016316056251526 0.6873857975006104 0.02489272877573967 0.03319030503431956
0 0.6088582277297974 0.6891725659370422 0.02489272877573967 0.03319030503431956
0 0.5159761309623718 0.6909614205360413 0.02489272877573967 0.03319030503431956
0 0.42298516631126404 0.6927523612976074 0.02489272877573967 0.03319030503431956
0 0.3298850953578949 0.6945453882217407 0.02489272877573967 0.03319030503431956
0 0.23667573928833008 0.6963405609130859 0.02489272877573967 0.03319030503431956