0 0.7848259806632996 0.14867225289344788 0.036539251605669655 0.036539251605669655
0 0.7047168016433716 0.14917393028736115 0.036539251605669655 0.036539251605669655
0 0.624599814414978 0.149675652384758 0.036539251605669655 0.036539251605669655
0 0.5444750189781189 0.15017741918563843 0.036539251605669655 0.036539251605669655
0 0.4643423557281494 0.15067924559116364 0.036539251605669655 0.036539251605669655
0 0.3842018246650696 0.15118111670017242 0.036539251605669655 0.036539251605669655
0 0.3040534555912018 0.1516830325126648 0.036539251605669655 0.036539251605669655
0 0.7956693172454834 0.20486882328987122 0.036539251605669655 0.036539251605669655
0 0.7123594880104065 0.20539340376853943 0.036539251605669655 0.036539251605669655
0 0.6290411353111267 0.20591804385185242 0.036539251605669655 0.036539251605669655
0 0.5457143187522888 0.206442728638649 0.036539251605669655 0.036539251605669655
0 0.4623790383338928 0.20696747303009033 0.036539251605669655 0.036539251605669655
0 0.37903526425361633 0.20749226212501526 0.036539251605669655 0.036539251605669655
0 0.29568299651145935 0.20801711082458496 0.036539251605669655 0.036539251605669655
0 0.8074153065681458 0.2657434642314911 0.036539251605669655 0.036539251605669655
0 0.7206383347511292 0.26629310846328735 0.036539251605669655 0.036539251605669655
0 0.6338521838188171 0.2668428122997284 0.036539251605669655 0.036539251605669655
0 0.5470568537712097 0.2673925757408142 0.036539251605669655 0.036539251605669655
0 0.4602522850036621 0.2679423987865448 0.036539251605669655 0.036539251605669655
0 0.3734385073184967 0.26849228143692017 0.036539251605669655 0.036539251605669655
0 0.2866155207157135 0.2690421938896179 0.036539251605669655 0.036539251605669655
0 0.8201815485954285 0.33190566301345825 0.036539251605669655 0.036539251605669655
0 0.7296363711357117 0.33248284459114075 0.036539251605669655 0.036539251605669655
0 0.6390811800956726 0.333060085773468 0.036539251605669655 0.036539251605669655
0 0.5485159754753113 0.33363738656044006 0.036539251605669655 0.036539251605669655
0 0.4579407274723053 0.3342147767543793 0.036539251605669655 0.036539251605669655
0 0.36735546588897705 0.33479219675064087 0.036539251605669655 0.036539251605669655
0 0.27676016092300415 0.33536970615386963 0.036539251605669655 0.036539251605669655
0 0.8341070413589478 0.40407565236091614 0.036539251605669655 0.036539251605669655
0 0.73945152759552 0.4046832025051117 0.036539251605669655 0.036539251605669655
0 0.6447850465774536 0.4052908420562744 0.036539251605669655 0.036539251605669655
0 0.5501076579093933 0.4058985412120819 0.036539251605669655 0.036539251605669655
0 0.45541924238204956 0.4065062999725342 0.036539251605669655 0.036539251605669655
0 0.3607198894023895 0.4071141481399536 0.036539251605669655 0.036539251605669655
0 0.2660095989704132 0.4077220559120178 0.036539251605669655 0.036539251605669655
0 0.8493571877479553 0.48311060667037964 0.036539251605669655 0.036539251605669655
0 0.7502003908157349 0.4837518632411957 0.036539251605669655 0.036539251605669655
0 0.6510315537452698 0.4843931794166565 0.036539251605669655 0.036539251605669655
0 0.5518507361412048 0.4850345849990845 0.036539251605669655 0.036539251605669655
0 0.4526578485965729 0.4856760501861572 0.036539251605669655 0.036539251605669655
0 0.3534529507160187 0.48631763458251953 0.036539251605669655 0.036539251605669655
0 0.25423604249954224 0.4869592487812042 0.036539251605669655 0.036539251605669655
0 0.8661303520202637 0.5700389742851257 0.036539251605669655 0.036539251605669655
0 0.7620227932929993 0.5707177519798279 0.036539251605669655 0.036539251605669655
0 0.65790194272995 0.5713966488838196 0.036539251605669655 0.036539251605669655
0 0.5537679195404053 0.5720756649971008 0.036539251605669655 0.036539251605669655
0 0.4496206045150757 0.5727546811103821 0.036539251605669655 0.036539251605669655
0 0.34546002745628357 0.5734338164329529 0.036539251605669655 0.036539251605669655
0 0.24128618836402893 0.5741130709648132 0.036539251605669655 0.036539251605669655