0 0.7065620422363281 0.24379636347293854 0.02536113891336653 0.0380417083700498
0 0.6368122100830078 0.2435780018568039 0.02536113891336653 0.0380417083700498
0 0.5671496391296387 0.24335992336273193 0.02536113891336653 0.0380417083700498
0 0.4975742697715759 0.24314211308956146 0.02536113891336653 0.0380417083700498
0 0.4280858635902405 0.24292457103729248 0.02536113891336653 0.0380417083700498
0 0.3586843013763428 0.242707297205925 0.02536113891336653 0.0380417083700498
0 0.2893694043159485 0.24249030649662018 0.02536113891336653 0.0380417083700498
0 0.7184795141220093 0.30540385842323303 0.02536113891336653 0.0380417083700498
0 0.6445927619934082 0.3051317036151886 0.02536113891336653 0.0380417083700498
0 0.5708039402961731 0.3048599064350128 0.02536113891336653 0.0380417083700498
0 0.4971129298210144 0.3045884966850281 0.02536113891336653 0.0380417083700498
0 0.423519492149353 0.3043174147605896 0.02536113891336653 0.0380417083700498
0 0.35002341866493225 0.3040466904640198 0.02536113891336653 0.0380417083700498
0 0.27662456035614014 0.3037763237953186 0.02536113891336653 0.0380417083700498
0 0.73189777135849 0.37476977705955505 0.02536113891336653 0.0380417083700498
0 0.6533524394035339 0.3744315803050995 0.02536113891336653 0.0380417083700498
0 0.5749177932739258 0.3740938603878021 0.02536113891336653 0.0380417083700498
0 0.4965936243534088 0.37375664710998535 0.02536113891336653 0.0380417083700498
0 0.41837966442108154 0.3734198808670044 0.02536113891336653 0.0380417083700498
0 0.34027570486068726 0.37308359146118164 0.02536113891336653 0.0380417083700498
0 0.26228153705596924 0.3727477490901947 0.02536113891336653 0.0380417083700498
0 0.7471193671226501 0.45345816016197205 0.02536113891336653 0.0380417083700498
0 0.6632884740829468 0.4530380368232727 0.02536113891336653 0.0380417083700498
0 0.5795837044715881 0.4526185393333435 0.02536113891336653 0.0380417083700498
0 0.4960046708583832 0.45219969749450684 0.02536113891336653 0.0380417083700498
0 0.4125511646270752 0.4517814815044403 0.02536113891336653 0.0380417083700498
0 0.3292228579521179 0.4513638913631439 0.02536113891336653 0.0380417083700498
0 0.24601951241493225 0.4509469270706177 0.02536113891336653 0.0380417083700498
0 0.764534056186676 0.5434836745262146 0.02536113891336653 0.0380417083700498
0 0.6746549606323242 0.5429607033729553 0.02536113891336653 0.0380417083700498
0 0.5849207639694214 0.5424385666847229 0.02536113891336653 0.0380417083700498
0 0.4953310787677765 0.5419172644615173 0.02536113891336653 0.0380417083700498
0 0.40588557720184326 0.5413968563079834 0.02536113891336653 0.0380417083700498
0 0.3165839612483978 0.5408772230148315 0.02536113891336653 0.0380417083700498
0 0.22742581367492676 0.5403584241867065 0.02536113891336653 0.0380417083700498
0 0.7846525311470032 0.6474867463111877 0.02536113891336653 0.0380417083700498
0 0.6877846717834473 0.6468328237533569 0.02536113891336653 0.0380417083700498
0 0.5910850167274475 0.6461799740791321 0.02536113891336653 0.0380417083700498
0 0.4945531487464905 0.6455283164978027 0.02536113891336653 0.0380417083700498
0 0.3981887102127075 0.6448777914047241 0.02536113891336653 0.0380417083700498
0 0.30199119448661804 0.6442283391952515 0.02536113891336653 0.0380417083700498
0 0.205960214138031 0.6435800790786743 0.02536113891336653 0.0380417083700498
0 0.8081576228141785 0.76899653673172 0.02536113891336653 0.0380417083700498
0 0.7031223773956299 0.768173098564148 0.02536113891336653 0.0380417083700498
0 0.598284900188446 0.7673512697219849 0.02536113891336653 0.0380417083700498
0 0.49364468455314636 0.7665309309959412 0.02536113891336653 0.0380417083700498
0 0.3892010748386383 0.7657121419906616 0.02536113891336653 0.0380417083700498
0 0.28495359420776367 0.7648948431015015 0.02536113891336653 0.0380417083700498
0 0.1809016615152359 0.7640791535377502 0.02536113891336653 0.0380417083700498