0 0.7123927474021912 0.20497512817382812 0.025183301832940843 0.03777495274941126
0 0.6450291275978088 0.20188985764980316 0.025183301832940843 0.03777495274941126
0 0.5779986381530762 0.1988198459148407 0.025183301832940843 0.03777495274941126
0 0.5112987160682678 0.19576495885849 0.025183301832940843 0.03777495274941126
0 0.44492703676223755 0.19272512197494507 0.025183301832940843 0.03777495274941126
0 0.3788810968399048 0.189700186252594 0.025183301832940843 0.03777495274941126
0 0.3131585419178009 0.1866900771856308 0.025183301832940843 0.03777495274941126
0 0.7221665382385254 0.2544223368167877 0.025183301832940843 0.03777495274941126
0 0.6505407094955444 0.25101274251937866 0.025183301832940843 0.03777495274941126
0 0.5792912244796753 0.2476211041212082 0.025183301832940843 0.03777495274941126
0 0.508415162563324 0.2442472279071808 0.025183301832940843 0.03777495274941126
0 0.4379095733165741 0.2408909797668457 0.025183301832940843 0.03777495274941126
0 0.36777159571647644 0.2375522404909134 0.025183301832940843 0.03777495274941126
0 0.2979983687400818 0.2342308610677719 0.025183301832940843 0.03777495274941126
0 0.733255922794342 0.310525119304657 0.025183301832940843 0.03777495274941126
0 0.6567919850349426 0.3067290186882019 0.025183301832940843 0.03777495274941126
0 0.5807567834854126 0.30295419692993164 0.025183301832940843 0.03777495274941126
0 0.5051466822624207 0.29920047521591187 0.025183301832940843 0.03777495274941126
0 0.4299581050872803 0.29546767473220825 0.025183301832940843 0.03777495274941126
0 0.3551875650882721 0.29175564646720886 0.025183301832940843 0.03777495274941126
0 0.28083157539367676 0.28806421160697937 0.025183301832940843 0.03777495274941126
0 0.7459455728530884 0.37472420930862427 0.025183301832940843 0.03777495274941126
0 0.6639427542686462 0.3704615533351898 0.025183301832940843 0.03777495274941126
0 0.5824325680732727 0.3662245273590088 0.025183301832940843 0.03777495274941126
0 0.501410722732544 0.3620128929615021 0.025183301832940843 0.03777495274941126
0 0.42087283730506897 0.3578263819217682 0.025183301832940843 0.03777495274941126
0 0.3408145308494568 0.3536648154258728 0.025183301832940843 0.03777495274941126
0 0.26123154163360596 0.3495279550552368 0.025183301832940843 0.03777495274941126
0 0.760608971118927 0.4489085078239441 0.025183301832940843 0.03777495274941126
0 0.6722020506858826 0.4440745711326599 0.025183301832940843 0.03777495274941126
0 0.5843673348426819 0.4392719268798828 0.025183301832940843 0.03777495274941126
0 0.4970993995666504 0.43450024724006653 0.025183301832940843 0.03777495274941126
0 0.4103926718235016 0.42975929379463196 0.025183301832940843 0.03777495274941126
0 0.3242417871952057 0.42504870891571045 0.025183301832940843 0.03777495274941126
0 0.23864144086837769 0.4203682243824005 0.025183301832940843 0.03777495274941126
0 0.7777453064918518 0.5356040000915527 0.025183301832940843 0.03777495274941126
0 0.6818493604660034 0.530058741569519 0.025183301832940843 0.03777495274941126
0 0.5866261720657349 0.5245524048805237 0.025183301832940843 0.03777495274941126
0 0.4920685589313507 0.5190845131874084 0.025183301832940843 0.03777495274941126
0 0.3981696367263794 0.5136547088623047 0.025183301832940843 0.03777495274941126
0 0.30492258071899414 0.508262574672699 0.025183301832940843 0.03777495274941126
0 0.21232058107852936 0.5029078125953674 0.025183301832940843 0.03777495274941126
0 0.7980378866195679 0.6382672786712646 0.025183301832940843 0.03777495274941126
0 0.693266749382019 0.6318187713623047 0.025183301832940843 0.03777495274941126
0 0.5892977714538574 0.6254196763038635 0.025183301832940843 0.03777495274941126
0 0.4861217141151428 0.6190693378448486 0.025183301832940843 0.03777495274941126
0 0.38372957706451416 0.6127672791481018 0.025183301832940843 0.03777495274941126
0 0.2821124494075775 0.6065129637718201 0.025183301832940843 0.03777495274941126
0 0.1812615692615509 0.6003057360649109 0.025183301832940843 0.03777495274941126