0 0.7321231961250305 0.20607809722423553 0.026765512095557317 0.040148268143335976
0 0.6566807627677917 0.20132304728031158 0.026765512095557317 0.040148268143335976
0 0.5815557241439819 0.19658799469470978 0.026765512095557317 0.040148268143335976
0 0.5067460536956787 0.19187282025814056 0.026765512095557317 0.040148268143335976
0 0.43224984407424927 0.1871773898601532 0.026765512095557317 0.040148268143335976
0 0.35806506872177124 0.18250159919261932 0.026765512095557317 0.040148268143335976
0 0.2841898202896118 0.1778453290462494 0.026765512095557317 0.040148268143335976
0 0.7406582236289978 0.27661997079849243 0.026765512095557317 0.040148268143335976
0 0.660862386226654 0.271434485912323 0.026765512095557317 0.040148268143335976
0 0.581421434879303 0.26627203822135925 0.026765512095557317 0.040148268143335976
0 0.5023331642150879 0.26113253831863403 0.026765512095557317 0.040148268143335976
0 0.4235951006412506 0.2560157775878906 0.026765512095557317 0.040148268143335976
0 0.3452049791812897 0.2509216368198395 0.026765512095557317 0.040148268143335976
0 0.26716047525405884 0.24584993720054626 0.026765512095557317 0.040148268143335976
0 0.7502362728118896 0.35578203201293945 0.026765512095557317 0.040148268143335976
0 0.6655537486076355 0.35009321570396423 0.026765512095557317 0.040148268143335976
0 0.5812708735466003 0.3444312512874603 0.026765512095557317 0.040148268143335976
0 0.49738478660583496 0.3387959599494934 0.026765512095557317 0.040148268143335976
0 0.4138926565647125 0.33318713307380676 0.026765512095557317 0.040148268143335976
0 0.33079177141189575 0.3276045620441437 0.026765512095557317 0.040148268143335976
0 0.2480793595314026 0.3220481276512146 0.026765512095557317 0.040148268143335976
0 0.7610608339309692 0.4452471137046814 0.026765512095557317 0.040148268143335976
0 0.6708542108535767 0.43896371126174927 0.026765512095557317 0.040148268143335976
0 0.5811007618904114 0.4327118992805481 0.026765512095557317 0.040148268143335976
0 0.49179720878601074 0.4264914095401764 0.026765512095557317 0.040148268143335976
0 0.4029400646686554 0.42030200362205505 0.026765512095557317 0.040148268143335976
0 0.3145260512828827 0.41414347290992737 0.026765512095557317 0.040148268143335976
0 0.2265518605709076 0.4080156087875366 0.026765512095557317 0.040148268143335976
0 0.7733923196792603 0.5471667051315308 0.026765512095557317 0.040148268143335976
0 0.67689049243927 0.5401726365089417 0.026765512095557317 0.040148268143335976
0 0.5809071660041809 0.533216118812561 0.026765512095557317 0.040148268143335976
0 0.4854380190372467 0.526296854019165 0.026765512095557317 0.040148268143335976
0 0.39047905802726746 0.5194146037101746 0.026765512095557317 0.040148268143335976
0 0.29602617025375366 0.512569010257721 0.026765512095557317 0.040148268143335976
0 0.2020753026008606 0.5057598352432251 0.026765512095557317 0.040148268143335976
0 0.7875689268112183 0.6643360257148743 0.026765512095557317 0.040148268143335976
0 0.6838274002075195 0.6564810872077942 0.026765512095557317 0.040148268143335976
0 0.5806846618652344 0.6486715078353882 0.026765512095557317 0.040148268143335976
0 0.4781355857849121 0.6409068703651428 0.026765512095557317 0.040148268143335976
0 0.3761749863624573 0.6331867575645447 0.026765512095557317 0.040148268143335976
0 0.27479782700538635 0.6255108714103699 0.026765512095557317 0.040148268143335976
0 0.1739991158246994 0.6178787350654602 0.026765512095557317 0.040148268143335976
0 0.8040382266044617 0.8004544973373413 0.026765512095557317 0.040148268143335976
0 0.6918826699256897 0.7915406823158264 0.026765512095557317 0.040148268143335976
0 0.5804265141487122 0.7826824188232422 0.026765512095557317 0.040148268143335976
0 0.469663143157959 0.7738792300224304 0.026765512095557317 0.040148268143335976
0 0.359586238861084 0.7651305794715881 0.026765512095557317 0.040148268143335976
0 0.2501893639564514 0.7564359903335571 0.026765512095557317 0.040148268143335976
0 0.14146623015403748 0.7477949857711792 0.026765512095557317 0.040148268143335976