0 0.8821003437042236 0.26590678095817566 0.02849335450058182 0.04260688523451487
0 0.8018709421157837 0.24194566905498505 0.02849335450058182 0.04260688523451487
0 0.7257298231124878 0.2192055732011795 0.02849335450058182 0.04260688523451487
0 0.6533722877502441 0.19759546220302582 0.02849335450058182 0.04260688523451487
0 0.5845231413841248 0.17703315615653992 0.02849335450058182 0.04260688523451487
0 0.5189332365989685 0.15744425356388092 0.02849335450058182 0.04260688523451487
0 0.4563765525817871 0.1387612372636795 0.02849335450058182 0.04260688523451487
0 0.8737838268280029 0.32108497619628906 0.02849335450058182 0.04260688523451487
0 0.7884741425514221 0.29399922490119934 0.02849335450058182 0.04260688523451487
0 0.7077916860580444 0.26838260889053345 0.02849335450058182 0.04260688523451487
0 0.6313698887825012 0.24411875009536743 0.02849335450058182 0.04260688523451487
0 0.5588799715042114 0.2211032509803772 0.02849335450058182 0.04260688523451487
0 0.49002605676651 0.19924220442771912 0.02849335450058182 0.04260688523451487
0 0.4245413541793823 0.17845085263252258 0.02849335450058182 0.04260688523451487
0 0.8642516136169434 0.3843289017677307 0.02849335450058182 0.04260688523451487
0 0.7731775045394897 0.35343459248542786 0.02849335450058182 0.04260688523451487
0 0.6873834133148193 0.3243314027786255 0.02849335450058182 0.04260688523451487
0 0.6064230799674988 0.29686787724494934 0.02849335450058182 0.04260688523451487
0 0.5298991799354553 0.2709093391895294 0.02849335450058182 0.04260688523451487
0 0.4574567973613739 0.24633531272411346 0.02849335450058182 0.04260688523451487
0 0.38877785205841064 0.2230379283428192 0.02849335450058182 0.04260688523451487
0 0.8532161712646484 0.45754653215408325 0.02849335450058182 0.04260688523451487
0 0.7555460929870605 0.4219419062137604 0.02849335450058182 0.04260688523451487
0 0.6639571189880371 0.38855406641960144 0.02849335450058182 0.04260688523451487
0 0.5778984427452087 0.35718223452568054 0.02849335450058182 0.04260688523451487
0 0.4968838095664978 0.32764917612075806 0.02849335450058182 0.04260688523451487
0 0.42048245668411255 0.29979783296585083 0.02849335450058182 0.04260688523451487
0 0.348311185836792 0.2734885513782501 0.02849335450058182 0.04260688523451487
0 0.8402913808822632 0.5432990789413452 0.02849335450058182 0.04260688523451487
0 0.7350011467933655 0.5017697215080261 0.02849335450058182 0.04260688523451487
0 0.636789858341217 0.4630325138568878 0.02849335450058182 0.04260688523451487
0 0.5449667572975159 0.426815003156662 0.02849335450058182 0.04260688523451487
0 0.45892834663391113 0.39287906885147095 0.02849335450058182 0.04260688523451487
0 0.3781445622444153 0.3610157370567322 0.02849335450058182 0.04260688523451487
0 0.30214831233024597 0.33104076981544495 0.02849335450058182 0.04260688523451487
0 0.8249467611312866 0.6451069712638855 0.02849335450058182 0.04260688523451487
0 0.710755467414856 0.5959768891334534 0.02849335450058182 0.04260688523451487
0 0.604907751083374 0.5504365563392639 0.02849335450058182 0.04260688523451487
0 0.5065213441848755 0.5081064701080322 0.02849335450058182 0.04260688523451487
0 0.41483429074287415 0.4686586558818817 0.02849335450058182 0.04260688523451487
0 0.32918474078178406 0.4318085014820099 0.02849335450058182 0.04260688523451487
0 0.24899543821811676 0.39730754494667053 0.02849335450058182 0.04260688523451487
0 0.8064324855804443 0.767944872379303 0.02849335450058182 0.04260688523451487
0 0.6817101240158081 0.7088330388069153 0.02849335450058182 0.04260688523451487
0 0.5669668316841125 0.6544507741928101 0.02849335450058182 0.04260688523451487
0 0.4610508680343628 0.6042521595954895 0.02849335450058182 0.04260688523451487
0 0.3629814386367798 0.5577723979949951 0.02849335450058182 0.04260688523451487
0 0.2719177007675171 0.5146130323410034 0.02849335450058182 0.04260688523451487
0 0.18713486194610596 0.4744304120540619 0.02849335450058182 0.04260688523451487