0 0.1956605762243271 0.531811535358429 0.026230533586608037 0.04253600041071574
0 0.28923770785331726 0.5669812560081482 0.026230533586608037 0.04253600041071574
0 0.3874673545360565 0.6038995981216431 0.026230533586608037 0.04253600041071574
0 0.49070534110069275 0.6427001953125 0.026230533586608037 0.04253600041071574
0 0.5993447303771973 0.683530867099762 0.026230533586608037 0.04253600041071574
0 0.7138208150863647 0.7265551686286926 0.026230533586608037 0.04253600041071574
0 0.8346169590950012 0.7719547748565674 0.026230533586608037 0.04253600041071574
0 0.2571965157985687 0.4416430592536926 0.026230533586608037 0.04253600041071574
0 0.343904048204422 0.4717245101928711 0.026230533586608037 0.04253600041071574
0 0.43453481793403625 0.5031670331954956 0.026230533586608037 0.04253600041071574
0 0.5293611884117126 0.5360651612281799 0.026230533586608037 0.04253600041071574
0 0.628681480884552 0.5705223679542542 0.026230533586608037 0.04253600041071574
0 0.7328228950500488 0.6066522002220154 0.026230533586608037 0.04253600041071574
0 0.8421451449394226 0.6445793509483337 0.026230533586608037 0.04253600041071574
0 0.30898070335388184 0.3657638132572174 0.026230533586608037 0.04253600041071574
0 0.38973113894462585 0.39187031984329224 0.026230533586608037 0.04253600041071574
0 0.47383373975753784 0.4190605580806732 0.026230533586608037 0.04253600041071574
0 0.5615016222000122 0.4474034607410431 0.026230533586608037 0.04253600041071574
0 0.6529664993286133 0.47697392106056213 0.026230533586608037 0.04253600041071574
0 0.7484803795814514 0.5078534483909607 0.026230533586608037 0.04253600041071574
0 0.848318338394165 0.5401309132575989 0.026230533586608037 0.04253600041071574
0 0.3531610071659088 0.30102649331092834 0.026230533586608037 0.04253600041071574
0 0.4287025034427643 0.32396233081817627 0.026230533586608037 0.04253600041071574
0 0.5071408152580261 0.34777766466140747 0.026230533586608037 0.04253600041071574
0 0.588645875453949 0.3725241422653198 0.026230533586608037 0.04253600041071574
0 0.6734011173248291 0.39825743436813354 0.026230533586608037 0.04253600041071574
0 0.761604905128479 0.42503777146339417 0.026230533586608037 0.04253600041071574
0 0.853472113609314 0.45293039083480835 0.026230533586608037 0.04253600041071574
0 0.39129769802093506 0.24514490365982056 0.026230533586608037 0.04253600041071574
0 0.4622494578361511 0.2655063569545746 0.026230533586608037 0.04253600041071574
0 0.5357293486595154 0.28659334778785706 0.026230533586608037 0.04253600041071574
0 0.6118748784065247 0.3084453046321869 0.026230533586608037 0.04253600041071574
0 0.6908338665962219 0.33110466599464417 0.026230533586608037 0.04253600041071574
0 0.7727651000022888 0.3546169698238373 0.026230533586608037 0.04253600041071574
0 0.8578397035598755 0.37903136014938354 0.026230533586608037 0.04253600041071574
0 0.42455148696899414 0.19641821086406708 0.026230533586608037 0.04253600041071574
0 0.4914308786392212 0.21465741097927094 0.026230533586608037 0.04253600041071574
0 0.5605356693267822 0.2335035353899002 0.026230533586608037 0.04253600041071574
0 0.6319787502288818 0.2529873549938202 0.026230533586608037 0.04253600041071574
0 0.705880880355835 0.2731418013572693 0.026230533586608037 0.04253600041071574
0 0.7823712825775146 0.29400208592414856 0.026230533586608037 0.04253600041071574
0 0.8615882992744446 0.3156059980392456 0.026230533586608037 0.04253600041071574
0 0.45380374789237976 0.15355496108531952 0.026230533586608037 0.04253600041071574
0 0.5170468688011169 0.17002132534980774 0.026230533586608037 0.04253600041071574
0 0.5822637677192688 0.18700158596038818 0.026230533586608037 0.04253600041071574
0 0.6495484113693237 0.20452021062374115 0.026230533586608037 0.04253600041071574
0 0.7190005779266357 0.2226032018661499 0.026230533586608037 0.04253600041071574
0 0.790726900100708 0.2412782907485962 0.026230533586608037 0.04253600041071574
0 0.8648408055305481 0.2605750262737274 0.026230533586608037 0.04253600041071574