0 0.7021713852882385 0.18408328294754028 0.019946811938037476 0.03892060865958532
0 0.6419488191604614 0.18410475552082062 0.019946811938037476 0.03892060865958532
0 0.5816794037818909 0.18412624299526215 0.019946811938037476 0.03892060865958532
0 0.5213630795478821 0.18414774537086487 0.019946811938037476 0.03892060865958532
0 0.4609997570514679 0.18416927754878998 0.019946811938037476 0.03892060865958532
0 0.4005894362926483 0.1841908097267151 0.019946811938037476 0.03892060865958532
0 0.3401319980621338 0.18421237170696259 0.019946811938037476 0.03892060865958532
0 0.7139785289764404 0.2474776804447174 0.019946811938037476 0.03892060865958532
0 0.6492998600006104 0.24752722680568695 0.019946811938037476 0.03892060865958532
0 0.584567129611969 0.24757681787014008 0.019946811938037476 0.03892060865958532
0 0.5197803378105164 0.2476264387369156 0.019946811938037476 0.03892060865958532
0 0.4549392759799957 0.24767610430717468 0.019946811938037476 0.03892060865958532
0 0.3900440037250519 0.24772581458091736 0.019946811938037476 0.03892060865958532
0 0.3250943720340729 0.24777556955814362 0.019946811938037476 0.03892060865958532
0 0.7276740074157715 0.32101085782051086 0.019946811938037476 0.03892060865958532
0 0.6578271389007568 0.3210975229740143 0.019946811938037476 0.03892060865958532
0 0.587917149066925 0.32118427753448486 0.019946811938037476 0.03892060865958532
0 0.5179440975189209 0.3212711215019226 0.019946811938037476 0.03892060865958532
0 0.44790780544281006 0.3213580548763275 0.019946811938037476 0.03892060865958532
0 0.37780821323394775 0.3214450478553772 0.019946811938037476 0.03892060865958532
0 0.30764520168304443 0.32153210043907166 0.019946811938037476 0.03892060865958532
0 0.7437502145767212 0.40732645988464355 0.019946811938037476 0.03892060865958532
0 0.667837381362915 0.4074629843235016 0.019946811938037476 0.03892060865958532
0 0.5918501019477844 0.40759965777397156 0.019946811938037476 0.03892060865958532
0 0.515788197517395 0.40773648023605347 0.019946811938037476 0.03892060865958532
0 0.43965160846710205 0.4078734219074249 0.019946811938037476 0.03892060865958532
0 0.36344021558761597 0.4080105125904083 0.019946811938037476 0.03892060865958532
0 0.28715386986732483 0.4081477224826813 0.019946811938037476 0.03892060865958532
0 0.7628869414329529 0.5100747346878052 0.019946811938037476 0.03892060865958532
0 0.6797544360160828 0.5102794766426086 0.019946811938037476 0.03892060865958532
0 0.5965325832366943 0.5104843974113464 0.019946811938037476 0.03892060865958532
0 0.5132212042808533 0.5106896162033081 0.019946811938037476 0.03892060865958532
0 0.4298202395439148 0.5108949542045593 0.019946811938037476 0.03892060865958532
0 0.3463294804096222 0.5111005902290344 0.019946811938037476 0.03892060865958532
0 0.2627488076686859 0.5113064050674438 0.019946811938037476 0.03892060865958532
0 0.7860502004623413 0.6344420909881592 0.019946811938037476 0.03892060865958532
0 0.694180428981781 0.6347422003746033 0.019946811938037476 0.03892060865958532
0 0.6022014617919922 0.635042667388916 0.019946811938037476 0.03892060865958532
0 0.5101131796836853 0.6353434324264526 0.019946811938037476 0.03892060865958532
0 0.41791534423828125 0.6356446146965027 0.019946811938037476 0.03892060865958532
0 0.3256078362464905 0.6359461545944214 0.019946811938037476 0.03892060865958532
0 0.2331904023885727 0.6362480521202087 0.019946811938037476 0.03892060865958532
0 0.8146602511405945 0.7880539298057556 0.019946811938037476 0.03892060865958532
0 0.712000846862793 0.7884912490844727 0.019946811938037476 0.03892060865958532
0 0.6092051267623901 0.7889291048049927 0.019946811938037476 0.03892060865958532
0 0.5062727928161621 0.7893676161766052 0.019946811938037476 0.03892060865958532
0 0.4032036364078522 0.7898066639900208 0.019946811938037476 0.03892060865958532
0 0.29999735951423645 0.790246307849884 0.019946811938037476 0.03892060865958532
0 0.19665367901325226 0.7906865477561951 0.019946811938037476 0.03892060865958532