0 0.6778587698936462 0.20374880731105804 0.02310981076831619 0.02759380390246709
0 0.6093984246253967 0.20366837084293365 0.02310981076831619 0.02759380390246709
0 0.5410942435264587 0.2035881131887436 0.02310981076831619 0.02759380390246709
0 0.47294560074806213 0.20350803434848785 0.02310981076831619 0.02759380390246709
0 0.40495195984840393 0.20342814922332764 0.02310981076831619 0.02759380390246709
0 0.3371128439903259 0.20334842801094055 0.02310981076831619 0.02759380390246709
0 0.26942771673202515 0.203268900513649 0.02310981076831619 0.02759380390246709
0 0.6842489242553711 0.2771608233451843 0.02310981076831619 0.02759380390246709
0 0.61435866355896 0.27699318528175354 0.02310981076831619 0.02759380390246709
0 0.5446311235427856 0.2768259346485138 0.02310981076831619 0.02759380390246709
0 0.475065678358078 0.2766591012477875 0.02310981076831619 0.02759380390246709
0 0.40566176176071167 0.2764926254749298 0.02310981076831619 0.02759380390246709
0 0.3364187777042389 0.2763265371322632 0.02310981076831619 0.02759380390246709
0 0.2673362195491791 0.2761608362197876 0.02310981076831619 0.02759380390246709
0 0.6909105181694031 0.3536919951438904 0.02310981076831619 0.02759380390246709
0 0.6195294260978699 0.35342976450920105 0.02310981076831619 0.02759380390246709
0 0.5483179688453674 0.3531681299209595 0.02310981076831619 0.02759380390246709
0 0.4772755205631256 0.35290712118148804 0.02310981076831619 0.02759380390246709
0 0.40640154480934143 0.35264673829078674 0.02310981076831619 0.02759380390246709
0 0.33569541573524475 0.3523869812488556 0.02310981076831619 0.02759380390246709
0 0.2651565372943878 0.3521278202533722 0.02310981076831619 0.02759380390246709
0 0.69786137342453 0.43354544043540955 0.02310981076831619 0.02759380390246709
0 0.62492436170578 0.43318042159080505 0.02310981076831619 0.02759380390246709
0 0.5521644353866577 0.4328163266181946 0.02310981076831619 0.02759380390246709
0 0.47958093881607056 0.43245309591293335 0.02310981076831619 0.02759380390246709
0 0.4071733057498932 0.43209072947502136 0.02310981076831619 0.02759380390246709
0 0.3349408209323883 0.431729257106781 0.02310981076831619 0.02759380390246709
0 0.26288288831710815 0.4313686490058899 0.02310981076831619 0.02759380390246709
0 0.7051206231117249 0.5169422626495361 0.02310981076831619 0.02759380390246709
0 0.6305583715438843 0.5164655447006226 0.02310981076831619 0.02759380390246709
0 0.5561811327934265 0.5159900188446045 0.02310981076831619 0.02759380390246709
0 0.4819883108139038 0.5155156254768372 0.02310981076831619 0.02759380390246709
0 0.4079791307449341 0.5150424838066101 0.02310981076831619 0.02759380390246709
0 0.3341529667377472 0.5145704746246338 0.02310981076831619 0.02759380390246709
0 0.26050910353660583 0.514099657535553 0.02310981076831619 0.02759380390246709
0 0.712709367275238 0.604123592376709 0.02310981076831619 0.02759380390246709
0 0.6364477276802063 0.6035253405570984 0.02310981076831619 0.02759380390246709
0 0.560379683971405 0.6029285788536072 0.02310981076831619 0.02759380390246709
0 0.48450446128845215 0.6023333072662354 0.02310981076831619 0.02759380390246709
0 0.40882134437561035 0.6017395257949829 0.02310981076831619 0.02759380390246709
0 0.33332955837249756 0.6011472940444946 0.02310981076831619 0.02759380390246709
0 0.25802841782569885 0.6005565524101257 0.02310981076831619 0.02759380390246709
0 0.7206504344940186 0.6953531503677368 0.02310981076831619 0.02759380390246709
0 0.6426102519035339 0.6946223974227905 0.02310981076831619 0.02759380390246709
0 0.5647726655006409 0.693893551826477 0.02310981076831619 0.02759380390246709
0 0.4871370196342468 0.6931665539741516 0.02310981076831619 0.02759380390246709
0 0.40970245003700256 0.692441463470459 0.02310981076831619 0.02759380390246709
0 0.332468181848526 0.6917182207107544 0.02310981076831619 0.02759380390246709
0 0.25543344020843506 0.6909968852996826 0.02310981076831619 0.02759380390246709