0 0.7320042252540588 0.16852563619613647 0.012661982162131205 0.034532678623994194
0 0.6616226434707642 0.165438711643219 0.012661982162131205 0.034532678623994194
0 0.5913385152816772 0.16235607862472534 0.012661982162131205 0.034532678623994194
0 0.521151602268219 0.15927769243717194 0.012661982162131205 0.034532678623994194
0 0.4510616660118103 0.15620356798171997 0.012661982162131205 0.034532678623994194
0 0.38106852769851685 0.15313369035720825 0.012661982162131205 0.034532678623994194
0 0.3111720085144043 0.15006804466247559 0.012661982162131205 0.034532678623994194
0 0.7380465865135193 0.250264972448349 0.012661982162131205 0.034532678623994194
0 0.6649264097213745 0.2469993233680725 0.012661982162131205 0.034532678623994194
0 0.5919113159179688 0.24373836815357208 0.012661982162131205 0.034532678623994194
0 0.5190011262893677 0.24048210680484772 0.012661982162131205 0.034532678623994194
0 0.4461956322193146 0.23723052442073822 0.012661982162131205 0.034532678623994194
0 0.37349456548690796 0.2339835911989212 0.012661982162131205 0.034532678623994194
0 0.3008977472782135 0.23074132204055786 0.012661982162131205 0.034532678623994194
0 0.7445778846740723 0.33861708641052246 0.012661982162131205 0.034532678623994194
0 0.6684972047805786 0.3351533114910126 0.012661982162131205 0.034532678623994194
0 0.592530369758606 0.33169472217559814 0.012661982162131205 0.034532678623994194
0 0.5166770815849304 0.3282413184642792 0.012661982162131205 0.034532678623994194
0 0.4409371316432953 0.3247930407524109 0.012661982162131205 0.034532678623994194
0 0.3653101623058319 0.3213499188423157 0.012661982162131205 0.034532678623994194
0 0.28979599475860596 0.31791195273399353 0.012661982162131205 0.034532678623994194
0 0.7516597509384155 0.43441832065582275 0.012661982162131205 0.034532678623994194
0 0.6723688840866089 0.43073391914367676 0.012661982162131205 0.034532678623994194
0 0.5932015776634216 0.4270552396774292 0.012661982162131205 0.034532678623994194
0 0.5141575932502747 0.42338231205940247 0.012661982162131205 0.034532678623994194
0 0.4352366328239441 0.41971510648727417 0.012661982162131205 0.034532678623994194
0 0.35643839836120605 0.4160535931587219 0.012661982162131205 0.034532678623994194
0 0.27776262164115906 0.4123977720737457 0.012661982162131205 0.034532678623994194
0 0.7593650221824646 0.5386521220207214 0.012661982162131205 0.034532678623994194
0 0.6765810251235962 0.5347208380699158 0.012661982162131205 0.034532678623994194
0 0.5939317345619202 0.5307959318161011 0.012661982162131205 0.034532678623994194
0 0.5114168524742126 0.5268774032592773 0.012661982162131205 0.034532678623994194
0 0.429036021232605 0.5229652523994446 0.012661982162131205 0.034532678623994194
0 0.3467889130115509 0.5190594792366028 0.012661982162131205 0.034532678623994194
0 0.26467519998550415 0.5151599645614624 0.012661982162131205 0.034532678623994194
0 0.7677797675132751 0.6524832248687744 0.012661982162131205 0.034532678623994194
0 0.6811807155609131 0.6482741236686707 0.012661982162131205 0.034532678623994194
0 0.5947290658950806 0.6440722346305847 0.012661982162131205 0.034532678623994194
0 0.5084244012832642 0.639877438545227 0.012661982162131205 0.034532678623994194
0 0.42226642370224 0.6356897950172424 0.012661982162131205 0.034532678623994194
0 0.33625468611717224 0.6315092444419861 0.012661982162131205 0.034532678623994194
0 0.25038886070251465 0.627335786819458 0.012661982162131205 0.034532678623994194
0 0.7770066261291504 0.7773010730743408 0.012661982162131205 0.034532678623994194
0 0.6862239241600037 0.7727775573730469 0.012661982162131205 0.034532678623994194
0 0.5956031680107117 0.7682621479034424 0.012661982162131205 0.034532678623994194
0 0.5051438808441162 0.7637548446655273 0.012661982162131205 0.034532678623994194
0 0.4148457646369934 0.7592554688453674 0.012661982162131205 0.034532678623994194
0 0.3247082829475403 0.754764199256897 0.012661982162131205 0.034532678623994194
0 0.2347310334444046 0.7502808570861816 0.012661982162131205 0.034532678623994194