0 0.6783019304275513 0.16918326914310455 0.014209041320201423 0.031722510854403176
0 0.6117061972618103 0.16408321261405945 0.014209041320201423 0.031722510854403176
0 0.5448141098022461 0.15896044671535492 0.014209041320201423 0.031722510854403176
0 0.4776236414909363 0.15381483733654022 0.014209041320201423 0.031722510854403176
0 0.4101327955722809 0.14864623546600342 0.014209041320201423 0.031722510854403176
0 0.3423396050930023 0.14345446228981018 0.014209041320201423 0.031722510854403176
0 0.27424195408821106 0.13823938369750977 0.014209041320201423 0.031722510854403176
0 0.6894679665565491 0.24173890054225922 0.014209041320201423 0.031722510854403176
0 0.6200722455978394 0.23659037053585052 0.014209041320201423 0.031722510854403176
0 0.5503545999526978 0.2314179390668869 0.014209041320201423 0.031722510854403176
0 0.48031267523765564 0.2262214571237564 0.014209041320201423 0.031722510854403176
0 0.4099442660808563 0.2210007607936859 0.014209041320201423 0.031722510854403176
0 0.33924707770347595 0.2157556712627411 0.014209041320201423 0.031722510854403176
0 0.2682188153266907 0.2104860097169876 0.014209041320201423 0.031722510854403176
0 0.7016212344169617 0.32070934772491455 0.014209041320201423 0.031722510854403176
0 0.6291797757148743 0.31552353501319885 0.014209041320201423 0.031722510854403176
0 0.5563872456550598 0.3103125989437103 0.014209041320201423 0.031722510854403176
0 0.48324117064476013 0.30507636070251465 0.014209041320201423 0.031722510854403176
0 0.4097388982772827 0.2998146116733551 0.014209041320201423 0.031722510854403176
0 0.33587780594825745 0.29452717304229736 0.014209041320201423 0.031722510854403176
0 0.261655330657959 0.2892138659954071 0.014209041320201423 0.031722510854403176
0 0.7148987054824829 0.40698468685150146 0.014209041320201423 0.031722510854403176
0 0.6391318440437317 0.40177661180496216 0.014209041320201423 0.031722510854403176
0 0.5629808306694031 0.39654216170310974 0.014209041320201423 0.031722510854403176
0 0.4864426255226135 0.3912810683250427 0.014209041320201423 0.031722510854403176
0 0.40951430797576904 0.38599318265914917 0.014209041320201423 0.031722510854403176
0 0.33219289779663086 0.38067826628685 0.014209041320201423 0.031722510854403176
0 0.25447535514831543 0.3753361105918884 0.014209041320201423 0.031722510854403176
0 0.7294638752937317 0.5016276240348816 0.014209041320201423 0.031722510854403176
0 0.6500517725944519 0.4964173138141632 0.014209041320201423 0.031722510854403176
0 0.5702172517776489 0.49117931723594666 0.014209041320201423 0.031722510854403176
0 0.4899570643901825 0.48591339588165283 0.014209041320201423 0.031722510854403176
0 0.40926772356033325 0.480619341135025 0.014209041320201423 0.031722510854403176
0 0.328145831823349 0.47529688477516174 0.014209041320201423 0.031722510854403176
0 0.2465878278017044 0.4699457883834839 0.014209041320201423 0.031722510854403176
0 0.7455137372016907 0.6059174537658691 0.014209041320201423 0.031722510854403176
0 0.6620877981185913 0.6007316708564758 0.014209041320201423 0.031722510854403176
0 0.5781954526901245 0.5955168008804321 0.014209041320201423 0.031722510854403176
0 0.4938327670097351 0.5902727246284485 0.014209041320201423 0.031722510854403176
0 0.40899574756622314 0.5849992036819458 0.014209041320201423 0.031722510854403176
0 0.32368040084838867 0.5796958804130554 0.014209041320201423 0.031722510854403176
0 0.23788267374038696 0.5743626356124878 0.014209041320201423 0.031722510854403176
0 0.763287365436554 0.721408486366272 0.014209041320201423 0.031722510854403176
0 0.6754204034805298 0.7162826657295227 0.014209041320201423 0.031722510854403176
0 0.587035596370697 0.7111265659332275 0.014209041320201423 0.031722510854403176
0 0.49812838435173035 0.7059400677680969 0.014209041320201423 0.031722510854403176
0 0.40869417786598206 0.7007227540016174 0.014209041320201423 0.031722510854403176
0 0.3187282383441925 0.6954744458198547 0.014209041320201423 0.031722510854403176
0 0.22822581231594086 0.6901949048042297 0.014209041320201423 0.031722510854403176