0 0.598035991191864 0.21861644089221954 0.019624756493916113 0.03528046111265818
0 0.5225827693939209 0.24308694899082184 0.019624756493916113 0.03528046111265818
0 0.44556158781051636 0.2680659890174866 0.019624756493916113 0.03528046111265818
0 0.3669230341911316 0.29356956481933594 0.019624756493916113 0.03528046111265818
0 0.2866155803203583 0.31961438059806824 0.019624756493916113 0.03528046111265818
0 0.20458555221557617 0.3462178409099579 0.019624756493916113 0.03528046111265818
0 0.12077692896127701 0.3733981251716614 0.019624756493916113 0.03528046111265818
0 0.6324154138565063 0.27147895097732544 0.019624756493916113 0.03528046111265818
0 0.5549916625022888 0.29726719856262207 0.019624756493916113 0.03528046111265818
0 0.4759086072444916 0.3236081004142761 0.019624756493916113 0.03528046111265818
0 0.39511239528656006 0.35051965713500977 0.019624756493916113 0.03528046111265818
0 0.3125467002391815 0.3780205547809601 0.019624756493916113 0.03528046111265818
0 0.22815275192260742 0.40613043308258057 0.019624756493916113 0.03528046111265818
0 0.14186915755271912 0.4348697066307068 0.019624756493916113 0.03528046111265818
0 0.6689669489860535 0.3276812732219696 0.019624756493916113 0.03528046111265818
0 0.5894705057144165 0.35490795969963074 0.019624756493916113 0.03528046111265818
0 0.5082153677940369 0.3827369809150696 0.019624756493916113 0.03528046111265818
0 0.4251425266265869 0.4111885726451874 0.019624756493916113 0.03528046111265818
0 0.34019026160240173 0.44028380513191223 0.019624756493916113 0.03528046111265818
0 0.25329411029815674 0.4700448215007782 0.019624756493916113 0.03528046111265818
0 0.16438652575016022 0.5004947185516357 0.019624756493916113 0.03528046111265818
0 0.7079030871391296 0.3875502645969391 0.019624756493916113 0.03528046111265818
0 0.6262242197990417 0.4163517355918884 0.019624756493916113 0.03528046111265818
0 0.5426780581474304 0.4458116590976715 0.019624756493916113 0.03528046111265818
0 0.4571998119354248 0.4759528338909149 0.019624756493916113 0.03528046111265818
0 0.3697217106819153 0.5067992210388184 0.019624756493916113 0.03528046111265818
0 0.28017276525497437 0.5383757948875427 0.019624756493916113 0.03528046111265818
0 0.1884785294532776 0.5707088708877563 0.019624756493916113 0.03528046111265818
0 0.7494651079177856 0.45145687460899353 0.019624756493916113 0.03528046111265818
0 0.6654855608940125 0.48198774456977844 0.019624756493916113 0.03528046111265818
0 0.5795198082923889 0.5132406949996948 0.019624756493916113 0.03528046111265818
0 0.49149665236473083 0.54524165391922 0.019624756493916113 0.03528046111265818
0 0.4013412594795227 0.5780177712440491 0.019624756493916113 0.03528046111265818
0 0.3089752495288849 0.6115975379943848 0.019624756493916113 0.03528046111265818
0 0.21431630849838257 0.6460109353065491 0.019624756493916113 0.03528046111265818
0 0.7939279675483704 0.5198237299919128 0.019624756493916113 0.03528046111265818
0 0.7075202465057373 0.5522602200508118 0.019624756493916113 0.03528046111265818
0 0.6189959645271301 0.5854911804199219 0.019624756493916113 0.03528046111265818
0 0.528276264667511 0.6195462942123413 0.019624756493916113 0.03528046111265818
0 0.4352785050868988 0.654456615447998 0.019624756493916113 0.03528046111265818
0 0.33991581201553345 0.6902546286582947 0.019624756493916113 0.03528046111265818
0 0.24209675192832947 0.7269747853279114 0.019624756493916113 0.03528046111265818
0 0.8416061997413635 0.5931347608566284 0.019624756493916113 0.03528046111265818
0 0.7526329755783081 0.6276783347129822 0.019624756493916113 0.03528046111265818
0 0.6613994240760803 0.6630994081497192 0.019624756493916113 0.03528046111265818
0 0.5678183436393738 0.6994318962097168 0.019624756493916113 0.03528046111265818
0 0.4717979431152344 0.7367114424705505 0.019624756493916113 0.03528046111265818
0 0.3732416033744812 0.774975597858429 0.019624756493916113 0.03528046111265818
0 0.2720475196838379 0.8142638206481934 0.019624756493916113 0.03528046111265818