0 0.7797444462776184 0.24346323311328888 0.01023708920304974 0.02586212009191513
0 0.7158105373382568 0.233152374625206 0.01023708920304974 0.02586212009191513
0 0.6532755494117737 0.22306711971759796 0.01023708920304974 0.02586212009191513
0 0.5920939445495605 0.2132001519203186 0.01023708920304974 0.02586212009191513
0 0.5322223901748657 0.20354443788528442 0.01023708920304974 0.02586212009191513
0 0.47361913323402405 0.1940932720899582 0.01023708920304974 0.02586212009191513
0 0.41624435782432556 0.18484023213386536 0.01023708920304974 0.02586212009191513
0 0.7677709460258484 0.30905044078826904 0.01023708920304974 0.02586212009191513
0 0.7023915648460388 0.29774120450019836 0.01023708920304974 0.02586212009191513
0 0.6384777426719666 0.28668543696403503 0.01023708920304974 0.02586212009191513
0 0.5759806036949158 0.2758747637271881 0.01023708920304974 0.02586212009191513
0 0.5148536562919617 0.26530107855796814 0.01023708920304974 0.02586212009191513
0 0.4550522565841675 0.2549566924571991 0.01023708920304974 0.02586212009191513
0 0.3965337872505188 0.24483421444892883 0.01023708920304974 0.02586212009191513
0 0.7551830410957336 0.37800315022468567 0.01023708920304974 0.02586212009191513
0 0.6882920861244202 0.36560577154159546 0.01023708920304974 0.02586212009191513
0 0.6229380369186401 0.35349321365356445 0.01023708920304974 0.02586212009191513
0 0.5590686202049255 0.34165582060813904 0.01023708920304974 0.02586212009191513
0 0.49663370847702026 0.33008429408073425 0.01023708920304974 0.02586212009191513
0 0.43558555841445923 0.31876978278160095 0.01023708920304974 0.02586212009191513
0 0.3758784532546997 0.30770382285118103 0.01023708920304974 0.02586212009191513
0 0.741932213306427 0.4505872428417206 0.01023708920304974 0.02586212009191513
0 0.6734588742256165 0.4370017647743225 0.01023708920304974 0.02586212009191513
0 0.6065992712974548 0.42373648285865784 0.01023708920304974 0.02586212009191513
0 0.5412970781326294 0.4107801616191864 0.01023708920304974 0.02586212009191513
0 0.4774984121322632 0.3981221914291382 0.01023708920304974 0.02586212009191513
0 0.415151983499527 0.3857523202896118 0.01023708920304974 0.02586212009191513
0 0.354208767414093 0.3736608624458313 0.01023708920304974 0.02586212009191513
0 0.7279646396636963 0.5270972847938538 0.01023708920304974 0.02586212009191513
0 0.6578331589698792 0.5122122168540955 0.01023708920304974 0.02586212009191513
0 0.5893981456756592 0.4976871907711029 0.01023708920304974 0.02586212009191513
0 0.5225987434387207 0.4835093319416046 0.01023708920304974 0.02586212009191513
0 0.45737698674201965 0.4696663022041321 0.01023708920304974 0.02586212009191513
0 0.393677681684494 0.4561464488506317 0.01023708920304974 0.02586212009191513
0 0.33144813776016235 0.44293850660324097 0.01023708920304974 0.02586212009191513
0 0.7132206559181213 0.6078606843948364 0.01023708920304974 0.02586212009191513
0 0.641349732875824 0.5915511846542358 0.01023708920304974 0.02586212009191513
0 0.5712645053863525 0.5756468772888184 0.01023708920304974 0.02586212009191513
0 0.502899169921875 0.5601328015327454 0.01023708920304974 0.02586212009191513
0 0.436191201210022 0.5449948906898499 0.01023708920304974 0.02586212009191513
0 0.37108108401298523 0.530219554901123 0.01023708920304974 0.02586212009191513
0 0.3075120151042938 0.5157939791679382 0.01023708920304974 0.02586212009191513
0 0.6976335048675537 0.6932423114776611 0.01023708920304974 0.02586212009191513
0 0.6239359378814697 0.6753681898117065 0.01023708920304974 0.02586212009191513
0 0.5521204471588135 0.6579505205154419 0.01023708920304974 0.02586212009191513
0 0.482115775346756 0.6409720778465271 0.01023708920304974 0.02586212009191513
0 0.41385433077812195 0.6244164109230042 0.01023708920304974 0.02586212009191513
0 0.34727180004119873 0.6082679033279419 0.01023708920304974 0.02586212009191513
0 0.282306969165802 0.592511773109436 0.01023708920304974 0.02586212009191513