0 0.8367668986320496 0.23213423788547516 0.014644472176829975 0.030830467740694683
0 0.7621662020683289 0.2169574797153473 0.014644472176829975 0.030830467740694683
0 0.6885536313056946 0.20198172330856323 0.014644472176829975 0.030830467740694683
0 0.6159095764160156 0.18720301985740662 0.014644472176829975 0.030830467740694683
0 0.5442151427268982 0.17261750996112823 0.014644472176829975 0.030830467740694683
0 0.4734518229961395 0.15822142362594604 0.014644472176829975 0.030830467740694683
0 0.40360158681869507 0.14401109516620636 0.014644472176829975 0.030830467740694683
0 0.8261866569519043 0.3022940158843994 0.014644472176829975 0.030830467740694683
0 0.7493915557861328 0.28617408871650696 0.014644472176829975 0.030830467740694683
0 0.6736443638801575 0.2702741324901581 0.014644472176829975 0.030830467740694683
0 0.5989236831665039 0.25458964705467224 0.014644472176829975 0.030830467740694683
0 0.5252088308334351 0.23911629617214203 0.014644472176829975 0.030830467740694683
0 0.45247966051101685 0.2238498330116272 0.014644472176829975 0.030830467740694683
0 0.3807165026664734 0.20878615975379944 0.014644472176829975 0.030830467740694683
0 0.8149383664131165 0.37688300013542175 0.014644472176829975 0.030830467740694683
0 0.7358161211013794 0.35972943902015686 0.014644472176829975 0.030830467740694683
0 0.6578071117401123 0.34281718730926514 0.014644472176829975 0.030830467740694683
0 0.5808879137039185 0.32614123821258545 0.014644472176829975 0.030830467740694683
0 0.505035936832428 0.30969667434692383 0.014644472176829975 0.030830467740694683
0 0.430229127407074 0.29347866773605347 0.014644472176829975 0.030830467740694683
0 0.35644596815109253 0.2774825990200043 0.014644472176829975 0.030830467740694683
0 0.8029568791389465 0.45633429288864136 0.014644472176829975 0.030830467740694683
0 0.7213622331619263 0.43804460763931274 0.014644472176829975 0.030830467740694683
0 0.6409524083137512 0.42002052068710327 0.014644472176829975 0.030830467740694683
0 0.5617018938064575 0.4022562801837921 0.014644472176829975 0.030830467740694683
0 0.4835856854915619 0.3847463130950928 0.014644472176829975 0.030830467740694683
0 0.4065796434879303 0.3674851953983307 0.014644472176829975 0.030830467740694683
0 0.33066031336784363 0.35046765208244324 0.014644472176829975 0.030830467740694683
0 0.790168046951294 0.5411393046379089 0.014644472176829975 0.030830467740694683
0 0.7059417366981506 0.5215970873832703 0.014644472176829975 0.030830467740694683
0 0.6229791045188904 0.5023480653762817 0.014644472176829975 0.030830467740694683
0 0.5412518978118896 0.48338568210601807 0.014644472176829975 0.030830467740694683
0 0.46073272824287415 0.46470361948013306 0.014644472176829975 0.030830467740694683
0 0.38139504194259644 0.4462956488132477 0.014644472176829975 0.030830467740694683
0 0.3032130002975464 0.4281558096408844 0.014644472176829975 0.030830467740694683
0 0.776487410068512 0.6318581104278564 0.014644472176829975 0.030830467740694683
0 0.6894543170928955 0.6109304428100586 0.014644472176829975 0.030830467740694683
0 0.6037718057632446 0.5903275609016418 0.014644472176829975 0.030830467740694683
0 0.5194087624549866 0.5700418949127197 0.014644472176829975 0.030830467740694683
0 0.43633484840393066 0.5500662326812744 0.014644472176829975 0.030830467740694683
0 0.3545207977294922 0.5303934812545776 0.014644472176829975 0.030830467740694683
0 0.2739381194114685 0.511016845703125 0.014644472176829975 0.030830467740694683
0 0.7618182897567749 0.7291316390037537 0.014644472176829975 0.030830467740694683
0 0.6717852354049683 0.706666111946106 0.014644472176829975 0.030830467740694683
0 0.5831990838050842 0.6845616102218628 0.014644472176829975 0.030830467740694683
0 0.4960251450538635 0.6628094911575317 0.014644472176829975 0.030830467740694683
0 0.4102299213409424 0.6414014101028442 0.014644472176829975 0.030830467740694683
0 0.325780987739563 0.6203292608261108 0.014644472176829975 0.030830467740694683
0 0.24264685809612274 0.5995851755142212 0.014644472176829975 0.030830467740694683