0 0.6635656356811523 0.17242911458015442 0.011885374846557776 0.02796558787425359
0 0.6096334457397461 0.17416508495807648 0.011885374846557776 0.02796558787425359
0 0.5557889938354492 0.1758982390165329 0.011885374846557776 0.02796558787425359
0 0.5020321011543274 0.1776285618543625 0.011885374846557776 0.02796558787425359
0 0.4483625888824463 0.17935608327388763 0.011885374846557776 0.02796558787425359
0 0.3947802186012268 0.18108080327510834 0.011885374846557776 0.02796558787425359
0 0.34128478169441223 0.1828027218580246 0.011885374846557776 0.02796558787425359
0 0.6697899699211121 0.23742787539958954 0.011885374846557776 0.02796558787425359
0 0.613631010055542 0.23918023705482483 0.011885374846557776 0.02796558787425359
0 0.5575672388076782 0.24092961847782135 0.011885374846557776 0.02796558787425359
0 0.5015984177589417 0.2426760494709015 0.011885374846557776 0.02796558787425359
0 0.4457242488861084 0.24441951513290405 0.011885374846557776 0.02796558787425359
0 0.38994452357292175 0.24616004526615143 0.011885374846557776 0.02796558787425359
0 0.3342590034008026 0.24789762496948242 0.011885374846557776 0.02796558787425359
0 0.6765495538711548 0.3080161511898041 0.011885374846557776 0.02796558787425359
0 0.6179720759391785 0.30978134274482727 0.011885374846557776 0.02796558787425359
0 0.5594981908798218 0.31154343485832214 0.011885374846557776 0.02796558787425359
0 0.5011274814605713 0.3133023977279663 0.011885374846557776 0.02796558787425359
0 0.44285979866981506 0.31505829095840454 0.011885374846557776 0.02796558787425359
0 0.38469481468200684 0.31681105494499207 0.011885374846557776 0.02796558787425359
0 0.3266322612762451 0.31856074929237366 0.011885374846557776 0.02796558787425359
0 0.6839165687561035 0.3849472999572754 0.011885374846557776 0.02796558787425359
0 0.6227028965950012 0.3867206573486328 0.011885374846557776 0.02796558787425359
0 0.5616022944450378 0.3884907364845276 0.011885374846557776 0.02796558787425359
0 0.5006144046783447 0.3902575373649597 0.011885374846557776 0.02796558787425359
0 0.4397388994693756 0.3920210897922516 0.011885374846557776 0.02796558787425359
0 0.3789755403995514 0.3937813937664032 0.011885374846557776 0.02796558787425359
0 0.3183239698410034 0.39553844928741455 0.011885374846557776 0.02796558787425359
0 0.6919766664505005 0.46911653876304626 0.011885374846557776 0.02796558787425359
0 0.6278783679008484 0.4708918035030365 0.011885374846557776 0.02796558787425359
0 0.5639039874076843 0.47266361117362976 0.011885374846557776 0.02796558787425359
0 0.5000531673431396 0.47443199157714844 0.011885374846557776 0.02796558787425359
0 0.4363255500793457 0.4761969745159149 0.011885374846557776 0.02796558787425359
0 0.37272077798843384 0.4779585599899292 0.011885374846557776 0.02796558787425359
0 0.3092384934425354 0.4797167479991913 0.011885374846557776 0.02796558787425359
0 0.7008325457572937 0.5615957379341125 0.011885374846557776 0.02796558787425359
0 0.6335642337799072 0.5633646249771118 0.011885374846557776 0.02796558787425359
0 0.5664324164390564 0.5651299357414246 0.011885374846557776 0.02796558787425359
0 0.4994366765022278 0.5668916702270508 0.011885374846557776 0.02796558787425359
0 0.4325765073299408 0.5686498284339905 0.011885374846557776 0.02796558787425359
0 0.36585158109664917 0.5704044699668884 0.011885374846557776 0.02796558787425359
0 0.2992614805698395 0.5721555352210999 0.011885374846557776 0.02796558787425359
0 0.7106081247329712 0.6636794805526733 0.011885374846557776 0.02796558787425359
0 0.6398400664329529 0.6654311418533325 0.011885374846557776 0.02796558787425359
0 0.5692229270935059 0.6671789884567261 0.011885374846557776 0.02796558787425359
0 0.4987563490867615 0.6689231991767883 0.011885374846557776 0.02796558787425359
0 0.42843979597091675 0.6706636548042297 0.011885374846557776 0.02796558787425359
0 0.3582727909088135 0.6724004149436951 0.011885374846557776 0.02796558787425359
0 0.28825488686561584 0.6741334795951843 0.011885374846557776 0.02796558787425359